YSKX3,290,400,110,v016
YSKX3,283,400,117,v023
YSKX3,312,400,88,v025
YSKX3,283,400,117,v008
YSKX3,129,338,209,v026
T5ECU,7,216,209,v008
T5ECU,0,453,453,v031
T5ECU,84,744,660,v019
T5ECU,76,201,125,v022
T5ECU,0,752,752,v018
T5ECU,0,752,752,v008
T5ECU,0,100,100,v018
T5ECU,12,180,168,v004
T5ECU,172,319,147,v004
T5ECU,324,487,163,v004
T5ECU,129,752,623,v009
T5ECU,7,146,139,v023
T5ECU,110,213,103,v017
T5ECU,0,752,752,v008
AAH6R,84,178,94,v018
AAH6R,72,178,106,v018
AAH6R,0,178,178,v003
AAH6R,0,127,127,v031
AAH6R,0,127,127,v028
015XE,0,770,770,v008
015XE,14,770,756,v013
015XE,0,770,770,v014
015XE,0,763,763,v022
TJZ0P,206,331,125,v008
TJZ0P,165,285,120,v016
TJZ0P,0,426,426,v018
TJZ0P,184,376,192,v005
TJZ0P,283,426,143,v016
TJZ0P,0,283,283,v008
TJZ0P,67,249,182,v020
TJZ0P,0,426,426,v018
TJZ0P,0,283,283,v008
TJZ0P,0,105,105,v023
TJZ0P,244,426,182,v005
TJZ0P,204,340,136,v023
TJZ0P,201,343,142,v023
TJZ0P,160,276,116,v001
TJZ0P,26,168,142,v012
TJZ0P,12,292,280,v031
TJZ0P,220,426,206,v008
TJZ0P,314,426,112,v016
TJZ0P,0,100,100,v023
TJZ0P,184,288,104,v016
TJZ0P,148,276,128,v016
TJZ0P,7,280,273,v032
TJZ0P,160,273,113,v016
B82GJ,439,587,148,v008
B82GJ,424,540,116,v023
B82GJ,0,477,477,v002
B82GJ,439,587,148,v020
A1BS2,866,1003,137,v001
A1BS2,21,156,135,v030
A1BS2,336,482,146,v012
A1BS2,0,432,432,v031
A1BS2,295,424,129,v031
A1BS2,352,506,154,v016
A1BS2,448,590,142,v016
A1BS2,357,494,137,v012
A1BS2,919,1082,163,v029
A1BS2,14,403,389,v026
A1BS2,26,379,353,v008
A1BS2,21,146,125,v023
A1BS2,254,408,154,v016
A1BS2,902,1020,118,v027
A1BS2,427,590,163,v008
A1BS2,0,986,986,v026
ZBBOO,0,134,134,v004
ZBBOO,0,521,521,v008
ZBBOO,0,521,521,v004
ZBBOO,0,521,521,v008
ZBBOO,0,521,521,v008
AF8I2,628,816,188,v032
AF8I2,523,660,137,v016
AF8I2,0,566,566,v005
AF8I2,532,734,202,v023
AF8I2,0,93,93,v019
AF8I2,220,355,135,v019
AF8I2,532,734,202,v023
AF8I2,494,619,125,v016
AF8I2,552,816,264,v008
AF8I2,0,614,614,v008
AF8I2,0,600,600,v023
AF8I2,220,350,130,v009
AF8I2,0,816,816,v018
AF8I2,540,816,276,v008
AF8I2,540,753,213,v012
4WVTC,0,517,517,v008
4WVTC,0,517,517,v023
4WVTC,0,517,517,v023
4WVTC,0,266,266,v025
4WVTC,0,273,273,v014
4WVTC,0,517,517,v008
4WVTC,60,242,182,v016
4WVTC,148,273,125,v022
4WVTC,0,170,170,v008
4WVTC,160,316,156,v026
4WVTC,0,110,110,v001
T56KO,194,369,175,v016
T56KO,127,271,144,v026
T56KO,194,369,175,v023
T56KO,86,386,300,v008
T56KO,14,163,149,v023
T56KO,508,674,166,v028
T56KO,134,364,230,v008
T56KO,249,388,139,v016
T56KO,194,295,101,v026
T56KO,206,309,103,v008
T56KO,115,218,103,v023
DUZDL,156,309,153,v012
DUZDL,62,201,139,v000
DUZDL,0,168,168,v000
DUZDL,319,953,634,v026
DUZDL,309,953,644,v025
DUZDL,38,187,149,v018
DUZDL,156,285,129,v012
DUZDL,696,953,257,v023
DUZDL,0,153,153,v021
DUZDL,748,953,205,v016
DUZDL,890,953,63,v019
DUZDL,165,319,154,v007
DUZDL,86,201,115,v022
DUZDL,309,734,425,v008
DUZDL,561,734,173,v016
DUZDL,33,153,120,v025
DUZDL,775,885,110,v008
DUZDL,0,124,124,v010
DUZDL,175,624,449,v023
6H78U,0,309,309,v008
6H78U,283,448,165,v008
6H78U,352,470,118,v016
6H78U,266,470,204,v026
6H78U,374,544,170,v026
6H78U,276,772,496,v026
6H78U,276,470,194,v016
6H78U,398,590,192,v016
6H78U,278,777,499,v026
6H78U,700,828,128,v020
6H78U,266,384,118,v023
6H78U,324,698,374,v025
6H78U,204,333,129,v016
6H78U,0,304,304,v014
6H78U,489,614,125,v023
6H78U,578,686,108,v016
GL2JW,0,422,422,v004
GL2JW,338,535,197,v001
GL2JW,0,597,597,v008
GL2JW,0,729,729,v023
GL2JW,360,532,172,v012
GL2JW,0,588,588,v008
GL2JW,357,525,168,v001
GM3UK,304,554,250,v008
GM3UK,38,165,127,v016
GM3UK,0,391,391,v026
GM3UK,316,542,226,v013
GM3UK,72,196,124,v016
GM3UK,218,388,170,v016
GM3UK,288,554,266,v016
GM3UK,288,506,218,v023
GM3UK,0,237,237,v026
GM3UK,441,554,113,v016
GM3UK,415,554,139,v026
GM3UK,321,554,233,v016
GM3UK,0,316,316,v030
GM3UK,33,153,120,v030
WISO0,264,547,283,v008
WISO0,410,547,137,v025
WISO0,410,547,137,v025
WISO0,0,172,172,v018
WISO0,62,372,310,v023
WISO0,192,398,206,v031
WISO0,45,206,161,v020
WISO0,122,403,281,v026
WISO0,297,463,166,v001
WISO0,285,470,185,v012
WISO0,79,180,101,v022
WISO0,362,468,106,v018
WISO0,0,855,855,v018
WISO0,427,590,163,v016
YN3AA,158,733,575,v018
YN3AA,290,648,358,v005
YN3AA,290,648,358,v005
YN3AA,228,324,96,v027
YN3AA,230,386,156,v008
YN3AA,338,468,130,v031
YN3AA,0,139,139,v012
YN3AA,14,733,719,v023
YN3AA,213,733,520,v008
YN3AA,158,733,575,v018
YN3AA,132,249,117,v018
YN3AA,499,733,234,v016
YN3AA,213,381,168,v023
YN3AA,50,170,120,v012
YN3AA,0,115,115,v017
YN3AA,146,276,130,v018
YN3AA,96,235,139,v029
YN3AA,48,225,177,v023
YN3AA,48,225,177,v016
YN3AA,208,733,525,v008
YSE1G,561,688,127,v016
YSE1G,554,688,134,v025
YSE1G,0,112,112,v012
YSE1G,0,134,134,v029
YSE1G,0,688,688,v008
YSE1G,0,216,216,v023
YSE1G,14,213,199,v001
YSE1G,561,688,127,v025
YSE1G,564,688,124,v008
YSE1G,540,688,148,v022
YSE1G,0,124,124,v007
YSE1G,573,688,115,v025
YSE1G,573,688,115,v016
RS6EK,48,731,683,v018
RS6EK,156,376,220,v009
RS6EK,2,731,729,v008
RS6EK,14,731,717,v014
RS6EK,43,731,688,v018
RS6EK,0,180,180,v023
RS6EK,0,132,132,v018
RS6EK,43,731,688,v019
MAUMO,117,283,166,v016
MAUMO,0,72,72,v018
MAUMO,628,768,140,v022
MAUMO,0,230,230,v004
MAUMO,170,367,197,v019
MAUMO,0,266,266,v008
MAUMO,0,736,736,v018
MAUMO,177,715,538,v009
MAUMO,127,271,144,v016
MAUMO,0,460,460,v031
MAUMO,12,748,736,v018
MAUMO,0,230,230,v023
MAUMO,0,271,271,v008
MAUMO,0,810,810,v018
MAUMO,194,715,521,v009
5EEXF,141,280,139,v001
5EEXF,24,168,144,v012
5EEXF,76,537,461,v008
5EEXF,405,561,156,v016
5EEXF,403,631,228,v016
5EEXF,196,422,226,v026
5EEXF,518,744,226,v001
5EEXF,405,571,166,v016
5EEXF,57,208,151,v023
5EEXF,177,386,209,v026
5EEXF,100,559,459,v008
5EEXF,326,434,108,v007
5EEXF,52,184,132,v023
5EEXF,720,804,84,v018
5EEXF,434,566,132,v025
5EEXF,156,417,261,v026
5EEXF,417,561,144,v016
5EEXF,350,518,168,v012
L3ZRP,14,735,721,v008
L3ZRP,124,357,233,v016
L3ZRP,120,379,259,v005
L3ZRP,88,242,154,v023
L3ZRP,88,662,574,v031
L3ZRP,0,717,717,v018
L3ZRP,0,735,735,v018
L3ZRP,33,192,159,v016
L3ZRP,84,662,578,v014
L3ZRP,96,254,158,v008
L3ZRP,0,139,139,v023
VW4UD,0,326,326,v008
VW4UD,223,333,110,v016
VW4UD,489,646,157,v016
VW4UD,513,646,133,v030
VW4UD,352,465,113,v022
VW4UD,187,343,156,v016
VW4UD,396,646,250,v023
VW4UD,0,475,475,v018
VW4UD,391,646,255,v023
VW4UD,511,646,135,v030
VW4UD,0,451,451,v018
VW4UD,0,646,646,v008
VW4UD,0,321,321,v005
VW4UD,220,326,106,v016
VW4UD,0,302,302,v008
VW4UD,352,484,132,v016
VCYH8,436,571,135,v027
VCYH8,0,153,153,v008
VCYH8,74,172,98,v016
VCYH8,573,658,85,v029
CUSTU,705,821,116,v012
CUSTU,751,821,70,v031
CUSTU,0,705,705,v008
CUSTU,648,789,141,v018
CUSTU,643,801,158,v023
CUSTU,729,821,92,v014
CUSTU,0,636,636,v026
CUSTU,0,273,273,v026
CUSTU,660,821,161,v008
CUSTU,676,821,145,v018
CUSTU,585,727,142,v016
C10FA,136,475,339,v016
C10FA,216,525,309,v012
C10FA,297,468,171,v023
C10FA,393,772,379,v015
C10FA,326,883,557,v012
C10FA,216,552,336,v023
C10FA,429,573,144,v001
C10FA,667,883,216,v008
C10FA,0,883,883,v008
C10FA,0,883,883,v023
C10FA,0,883,883,v008
C10FA,508,636,128,v016
C10FA,398,525,127,v016
C10FA,684,799,115,v023
C10FA,0,117,117,v012
C10FA,636,777,141,v023
C10FA,451,578,127,v001
C10FA,662,883,221,v008
C10FA,110,290,180,v023
9SJZ9,0,729,729,v014
9SJZ9,0,729,729,v021
9SJZ9,0,729,729,v010
9SJZ9,0,729,729,v010
9SJZ9,0,729,729,v018
9SJZ9,0,729,729,v008
RNLTR,283,565,282,v018
RNLTR,280,565,285,v018
RNLTR,0,565,565,v028
RNLTR,254,379,125,v018
RNLTR,0,321,321,v016
RNLTR,278,393,115,v028
RNLTR,175,324,149,v025
RNLTR,278,393,115,v016
SBI6Z,283,494,211,v004
SBI6Z,168,297,129,v023
SBI6Z,0,648,648,v018
SBI6Z,156,264,108,v016
SBI6Z,0,648,648,v018
SBI6Z,204,350,146,v015
SBI6Z,194,513,319,v008
SBI6Z,237,372,135,v016
CDULZ,494,729,235,v008
CDULZ,0,729,729,v004
CDULZ,364,693,329,v008
CDULZ,487,686,199,v029
CDULZ,379,700,321,v023
CDULZ,0,729,729,v008
CDULZ,381,708,327,v016
CDULZ,0,729,729,v008
CDULZ,492,729,237,v016
1FX8Q,0,141,141,v012
1FX8Q,547,676,129,v029
1FX8Q,472,616,144,v022
1FX8Q,0,602,602,v018
1FX8Q,172,362,190,v019
1FX8Q,0,554,554,v026
1FX8Q,60,189,129,v014
1FX8Q,40,153,113,v016
1FX8Q,0,153,153,v008
1FX8Q,76,194,118,v025
1FX8Q,415,544,129,v025
1FX8Q,67,187,120,v016
1FX8Q,57,170,113,v008
1FX8Q,415,552,137,v023
GF6IX,0,800,800,v008
GF6IX,196,420,224,v008
GF6IX,163,511,348,v023
GF6IX,52,168,116,v020
GF6IX,19,160,141,v029
GF6IX,252,408,156,v012
GF6IX,160,424,264,v005
GF6IX,0,800,800,v022
3SKWW,0,863,863,v026
3SKWW,432,712,280,v020
3SKWW,0,112,112,v023
3SKWW,0,319,319,v026
3SKWW,194,324,130,v016
3SKWW,0,108,108,v023
3SKWW,0,324,324,v008
3SKWW,0,863,863,v018
3SKWW,0,863,863,v008
3SKWW,0,501,501,v023
3SKWW,76,355,279,v016
3SKWW,0,863,863,v026
HDHGT,100,388,288,v012
HDHGT,72,422,350,v023
HDHGT,276,468,192,v020
HDHGT,105,726,621,v008
HDHGT,21,244,223,v023
HDHGT,24,726,702,v022
HDHGT,0,127,127,v012
HDHGT,72,726,654,v023
HDHGT,0,103,103,v007
HDHGT,112,726,614,v008
HDHGT,0,223,223,v012
4ALLQ,0,590,590,v030
4ALLQ,0,616,616,v030
4ALLQ,511,871,360,v030
4ALLQ,554,871,317,v026
4ALLQ,506,645,139,v016
4ALLQ,0,564,564,v008
4ALLQ,506,655,149,v025
4ALLQ,0,619,619,v008
GFJ98,0,225,225,v029
GFJ98,0,427,427,v008
GFJ98,225,417,192,v016
GFJ98,0,280,280,v008
GFJ98,62,283,221,v016
GFJ98,103,280,177,v016
GFJ98,0,333,333,v031
JR6VG,266,384,118,v001
JR6VG,192,362,170,v012
JR6VG,0,538,538,v018
JR6VG,288,429,141,v017
JR6VG,237,384,147,v007
JR6VG,266,388,122,v029
10M0F,0,554,554,v008
10M0F,456,571,115,v016
10M0F,0,547,547,v031
10M0F,518,768,250,v020
10M0F,456,585,129,v001
10M0F,475,595,120,v025
10M0F,0,626,626,v032
10M0F,26,252,226,v012
10M0F,0,559,559,v008
10M0F,475,595,120,v016
10M0F,463,595,132,v025
ZHRPD,4,393,389,v008
ZHRPD,0,112,112,v023
ZHRPD,283,470,187,v016
ZHRPD,381,714,333,v014
ZHRPD,266,415,149,v016
ZHRPD,492,714,222,v008
ZHRPD,0,714,714,v018
ZHRPD,374,518,144,v023
ZHRPD,26,259,233,v026
ZHRPD,2,398,396,v026
ZHRPD,376,714,338,v023
ZHRPD,0,465,465,v026
ZHRPD,0,441,441,v008
ZHRPD,259,420,161,v016
ZHRPD,16,357,341,v026
VNQTH,38,158,120,v016
VNQTH,146,251,105,v014
VNQTH,33,160,127,v016
VNQTH,177,251,74,v009
VNQTH,153,251,98,v013
VNQTH,172,251,79,v019
VNQTH,64,220,156,v026
VNQTH,0,225,225,v016
VNQTH,172,251,79,v019
VNQTH,0,110,110,v029
VNQTH,0,187,187,v008
VNQTH,144,247,103,v023
VNQTH,148,251,103,v008
VNQTH,0,184,184,v008
BQA97,9,172,163,v012
BQA97,0,727,727,v018
BQA97,0,223,223,v019
BQA97,0,727,727,v014
BQA97,0,223,223,v009
BQA97,0,727,727,v008
BQA97,60,727,667,v031
MK16R,0,761,761,v008
MK16R,9,235,226,v016
MK16R,0,761,761,v008
MK16R,256,410,154,v019
MK16R,69,235,166,v016
MK16R,9,230,221,v016
MK16R,57,199,142,v012
MK16R,0,761,761,v008
MK16R,4,127,123,v023
MK16R,177,283,106,v023
MK16R,348,475,127,v023
MK16R,62,756,694,v012
MK16R,0,761,761,v023
MK16R,0,761,761,v016
MK16R,0,761,761,v016
Y79PC,460,612,152,v027
Y79PC,7,384,377,v031
Y79PC,288,511,223,v028
Y79PC,405,542,137,v025
E9UYZ,172,331,159,v016
E9UYZ,0,765,765,v008
E9UYZ,0,297,297,v008
E9UYZ,0,297,297,v016
E9UYZ,672,765,93,v025
E9UYZ,0,765,765,v008
E9UYZ,144,268,124,v020
E9UYZ,660,765,105,v025
YK49T,0,223,223,v016
YK49T,0,326,326,v028
YK49T,220,446,226,v023
YK49T,9,326,317,v023
YK49T,117,324,207,v025
YK49T,223,441,218,v008
YK49T,175,408,233,v023
YK49T,182,422,240,v016
YK49T,0,223,223,v008
YK49T,192,345,153,v016
YK49T,0,100,100,v023
YK49T,132,240,108,v001
YK49T,112,232,120,v022
YK49T,249,446,197,v008
YK49T,132,247,115,v007
YK49T,0,336,336,v003
S5KQ1,163,592,429,v008
S5KQ1,57,276,219,v023
S5KQ1,72,196,124,v012
S5KQ1,0,460,460,v016
S5KQ1,0,388,388,v026
S5KQ1,280,410,130,v025
S5KQ1,50,388,338,v008
S5KQ1,201,331,130,v001
S5KQ1,0,120,120,v008
S5KQ1,271,400,129,v016
WXXYY,74,475,401,v008
WXXYY,379,496,117,v016
WXXYY,672,847,175,v018
WXXYY,681,847,166,v006
WXXYY,384,501,117,v016
WXXYY,168,463,295,v014
WXXYY,633,847,214,v006
WXXYY,621,794,173,v018
WXXYY,105,273,168,v001
WXXYY,0,213,213,v012
WXXYY,0,220,220,v029
WXXYY,612,780,168,v007
LSCMZ,158,420,262,v008
LSCMZ,0,182,182,v008
LSCMZ,60,189,129,v016
LSCMZ,55,184,129,v016
LSCMZ,228,444,216,v026
LSCMZ,328,444,116,v023
LSCMZ,372,444,72,v008
K7Z6T,134,374,240,v008
K7Z6T,0,636,636,v008
K7Z6T,316,494,178,v026
K7Z6T,0,211,211,v008
K7Z6T,124,639,515,v026
K7Z6T,0,208,208,v012
K7Z6T,124,482,358,v016
K7Z6T,124,482,358,v016
08LOY,136,525,389,v006
08LOY,0,199,199,v017
08LOY,292,436,144,v023
08LOY,0,674,674,v022
08LOY,283,458,175,v026
KV6V8,0,340,340,v014
KV6V8,0,871,871,v022
KV6V8,0,300,300,v031
KV6V8,544,693,149,v009
KV6V8,544,693,149,v019
KV6V8,357,528,171,v012
KV6V8,175,336,161,v001
KV6V8,0,871,871,v008
REMG0,0,408,408,v006
REMG0,0,93,93,v031
REMG0,516,692,176,v026
REMG0,319,692,373,v026
REMG0,412,590,178,v016
REMG0,518,692,174,v026
REMG0,420,692,272,v030
6IOV0,0,733,733,v018
6IOV0,0,733,733,v008
6IOV0,535,733,198,v031
6IOV0,458,733,275,v023
6IOV0,48,494,446,v008
6IOV0,228,393,165,v004
6IOV0,0,314,314,v014
6IOV0,501,733,232,v008
6IOV0,0,326,326,v031
HA8S9,0,745,745,v008
HA8S9,216,350,134,v016
HA8S9,314,439,125,v018
HA8S9,182,309,127,v008
HA8S9,314,745,431,v018
HA8S9,196,357,161,v025
SJ51G,237,453,216,v012
SJ51G,0,523,523,v008
SJ51G,0,312,312,v021
SJ51G,331,520,189,v025
SJ51G,141,316,175,v026
SJ51G,0,523,523,v008
SJ51G,223,333,110,v007
SJ51G,343,513,170,v025
SJ51G,230,422,192,v012
SJ51G,153,523,370,v026
SJ51G,384,520,136,v016
SJ51G,458,703,245,v001
SJ51G,458,703,245,v001
5RWZF,0,617,617,v008
5RWZF,0,617,617,v008
5RWZF,0,617,617,v008
5RWZF,0,103,103,v029
5RWZF,0,617,617,v016
F75LG,535,771,236,v023
F75LG,410,631,221,v004
F75LG,0,410,410,v028
F75LG,568,696,128,v006
F75LG,180,525,345,v025
F75LG,48,302,254,v023
F75LG,568,771,203,v031
F75LG,427,614,187,v008
F75LG,230,448,218,v008
F75LG,592,771,179,v008
F75LG,403,544,141,v023
F75LG,261,468,207,v016
F75LG,506,691,185,v016
N56QO,50,175,125,v004
N56QO,141,230,89,v008
N56QO,19,134,115,v023
N56QO,0,110,110,v014
N56QO,0,230,230,v032
N56QO,31,230,199,v008
N56QO,0,230,230,v031
A7WU3,0,504,504,v008
A7WU3,420,571,151,v016
A7WU3,0,103,103,v026
A7WU3,566,743,177,v026
MZZ8Q,264,393,129,v016
MZZ8Q,0,120,120,v016
MZZ8Q,254,364,110,v023
MZZ8Q,91,261,170,v028
MZZ8Q,0,62,62,v016
MZZ8Q,0,112,112,v008
MZZ8Q,199,408,209,v016
MZZ8Q,232,400,168,v025
MZZ8Q,264,405,141,v026
MZZ8Q,261,391,130,v008
0PU21,264,434,170,v016
0PU21,14,348,334,v004
0PU21,0,422,422,v008
0PU21,319,420,101,v016
0PU21,0,420,420,v008
0PU21,400,501,101,v008
0PU21,326,427,101,v016
TE4PT,432,710,278,v008
TE4PT,0,504,504,v026
TE4PT,0,504,504,v008
TE4PT,434,710,276,v026
TE4PT,451,559,108,v023
TE4PT,458,710,252,v026
TE4PT,465,710,245,v008
TE4PT,0,504,504,v026
TE4PT,415,523,108,v016
TE4PT,468,576,108,v023
TE4PT,427,525,98,v029
6IL0C,777,939,162,v008
6IL0C,0,396,396,v016
6IL0C,398,643,245,v016
6IL0C,384,540,156,v016
6IL0C,0,391,391,v008
6IL0C,340,504,164,v023
6IL0C,69,208,139,v016
6IL0C,129,391,262,v026
6IL0C,304,451,147,v018
6IL0C,520,652,132,v022
6IL0C,751,892,141,v023
6IL0C,350,602,252,v026
6IL0C,0,165,165,v023
6UU5T,0,174,174,v021
6UU5T,0,174,174,v010
6UU5T,0,174,174,v031
6UU5T,0,174,174,v008
WZDXS,0,247,247,v003
WZDXS,172,866,694,v008
WZDXS,285,866,581,v005
WZDXS,285,866,581,v005
WZDXS,0,866,866,v031
WZDXS,324,484,160,v031
WZDXS,468,775,307,v031
WZDXS,0,165,165,v008
WZDXS,189,472,283,v023
WZDXS,249,866,617,v008
WZDXS,259,376,117,v023
WZDXS,268,866,598,v008
7XMBM,396,547,151,v010
7XMBM,228,388,160,v008
7XMBM,223,439,216,v005
7XMBM,228,554,326,v008
7XMBM,340,508,168,v018
7XMBM,196,326,130,v029
AYZS4,470,667,197,v008
AYZS4,607,852,245,v008
AYZS4,732,1192,460,v030
AYZS4,518,751,233,v016
AYZS4,357,631,274,v026
AYZS4,868,1192,324,v030
AYZS4,703,840,137,v023
AYZS4,100,429,329,v005
AYZS4,0,196,196,v018
AYZS4,0,108,108,v023
AYZS4,1012,1161,149,v031
AYZS4,405,746,341,v030
AYZS4,0,1192,1192,v018
AYZS4,0,530,530,v008
AYZS4,357,525,168,v016
IAEGA,170,393,223,v009
IAEGA,199,300,101,v019
IAEGA,55,153,98,v022
IAEGA,69,165,96,v008
IAEGA,384,431,47,v027
N1E7A,134,271,137,v001
N1E7A,223,499,276,v023
N1E7A,67,499,432,v008
N1E7A,26,127,101,v023
N1E7A,172,273,101,v023
N1E7A,182,283,101,v008
N1E7A,79,499,420,v008
N1E7A,76,499,423,v008
N1E7A,2,271,269,v012
6IHRD,0,136,136,v008
6IHRD,576,720,144,v016
6IHRD,609,727,118,v026
6IHRD,309,446,137,v008
6IHRD,540,693,153,v025
6IHRD,184,340,156,v016
6IHRD,276,727,451,v026
6IHRD,0,326,326,v008
6IHRD,0,340,340,v004
FLLUJ,309,643,334,v001
FLLUJ,0,664,664,v031
FLLUJ,0,735,735,v032
FLLUJ,276,412,136,v020
FLLUJ,0,735,735,v031
FLLUJ,40,201,161,v009
FLLUJ,0,735,735,v018
FLLUJ,316,735,419,v001
FLLUJ,0,735,735,v018
FLLUJ,0,735,735,v008
FLLUJ,0,735,735,v008
FLLUJ,0,735,735,v014
SU26P,300,746,446,v009
SU26P,0,352,352,v031
SU26P,722,771,49,v019
SU26P,722,771,49,v022
SU26P,722,771,49,v008
SU26P,722,771,49,v014
XHYA2,372,501,129,v012
XHYA2,400,547,147,v003
XHYA2,0,405,405,v004
XHYA2,499,724,225,v018
XHYA2,501,743,242,v018
XHYA2,391,561,170,v016
XHYA2,304,434,130,v016
XHYA2,386,516,130,v025
XHYA2,0,508,508,v008
XHYA2,386,537,151,v007
XHYA2,508,743,235,v010
XHYA2,451,554,103,v001
XHYA2,312,434,122,v016
XHYA2,446,564,118,v001
XHYA2,386,556,170,v012
DCSYP,184,357,173,v014
DCSYP,163,366,203,v008
DCSYP,170,366,196,v008
DCSYP,201,366,165,v008
DCSYP,177,366,189,v005
DCSYP,134,264,130,v029
DCSYP,194,312,118,v020
Q6290,0,199,199,v005
Q6290,0,411,411,v031
Q6290,0,411,411,v008
Q6290,0,411,411,v005
Q6290,0,411,411,v008
Q6290,0,411,411,v008
E6ZBZ,0,749,749,v014
E6ZBZ,0,749,749,v018
E6ZBZ,0,74,74,v019
E6ZBZ,0,749,749,v008
E6ZBZ,252,410,158,v020
E6ZBZ,0,749,749,v018
J56G6,0,887,887,v005
J56G6,0,887,887,v008
J56G6,0,887,887,v030
J56G6,0,887,887,v005
J56G6,0,887,887,v031
J56G6,0,887,887,v030
J56G6,0,887,887,v018
J56G6,0,887,887,v008
J56G6,0,887,887,v030
4GLAP,427,729,302,v007
4GLAP,592,729,137,v001
4GLAP,537,684,147,v012
4GLAP,386,496,110,v025
4GLAP,0,489,489,v008
4GLAP,585,729,144,v029
4GLAP,376,513,137,v016
4GLAP,391,508,117,v025
YB7MW,0,763,763,v004
YB7MW,0,763,763,v008
YB7MW,0,763,763,v010
YB7MW,0,763,763,v031
YB7MW,0,763,763,v018
CH41S,55,247,192,v016
CH41S,158,429,271,v019
CH41S,136,396,260,v026
CH41S,50,189,139,v008
CH41S,36,156,120,v026
CH41S,285,391,106,v016
CH41S,268,391,123,v016
A42EF,55,242,187,v001
A42EF,158,309,151,v006
A42EF,453,647,194,v004
A42EF,412,647,235,v008
A42EF,192,446,254,v023
A42EF,170,336,166,v007
A42EF,290,592,302,v015
A42EF,28,151,123,v017
A42EF,38,148,110,v029
YE6TZ,4,199,195,v016
YE6TZ,242,415,173,v004
YE6TZ,148,743,595,v008
YE6TZ,0,184,184,v008
YE6TZ,201,324,123,v023
YE6TZ,0,192,192,v031
YE6TZ,0,297,297,v026
YE6TZ,211,743,532,v023
UJVCW,0,144,144,v008
UJVCW,55,192,137,v014
UJVCW,96,247,151,v023
UJVCW,225,379,154,v023
UJVCW,112,254,142,v016
UJVCW,182,398,216,v008
QLGHA,79,240,161,v016
QLGHA,196,752,556,v008
QLGHA,225,752,527,v019
QLGHA,216,752,536,v019
QLGHA,192,752,560,v008
QLGHA,211,752,541,v031
QLGHA,223,752,529,v009
QLGHA,199,752,553,v008
QLGHA,0,69,69,v029
QLGHA,204,752,548,v009
QLGHA,172,304,132,v023
QLGHA,0,235,235,v008
QLGHA,196,314,118,v023
2CJC9,0,278,278,v019
2CJC9,0,283,283,v031
2CJC9,201,369,168,v012
2CJC9,283,720,437,v026
2CJC9,0,278,278,v019
2CJC9,216,372,156,v012
2CJC9,432,616,184,v008
2CJC9,0,206,206,v006
2CJC9,290,715,425,v026
K7VCU,292,525,233,v023
K7VCU,196,576,380,v030
K7VCU,319,628,309,v016
K7VCU,374,616,242,v016
K7VCU,292,470,178,v023
K7VCU,115,218,103,v005
K7VCU,182,288,106,v029
K7VCU,295,432,137,v016
K7VCU,422,552,130,v016
K7VCU,0,220,220,v008
K7VCU,0,218,218,v008
XO8NL,357,739,382,v019
XO8NL,331,739,408,v031
XO8NL,86,300,214,v025
XO8NL,153,278,125,v016
XO8NL,0,218,218,v008
XO8NL,127,273,146,v025
XO8NL,264,739,475,v008
XO8NL,156,300,144,v016
UE638,0,262,262,v008
UE638,0,262,262,v008
UE638,0,262,262,v014
UE638,0,262,262,v023
UE638,0,262,262,v008
UE638,0,100,100,v001
UE638,0,262,262,v029
UE638,0,100,100,v007
OY3LS,168,424,256,v001
OY3LS,60,242,182,v012
OY3LS,686,902,216,v016
OY3LS,676,933,257,v016
OY3LS,885,1079,194,v021
OY3LS,849,1079,230,v018
OY3LS,0,960,960,v008
OY3LS,530,837,307,v008
OY3LS,530,847,317,v023
OY3LS,816,1079,263,v008
OY3LS,172,566,394,v028
OY3LS,816,1079,263,v010
OY3LS,444,566,122,v008
OY3LS,832,1003,171,v023
OY3LS,28,259,231,v031
OY3LS,535,794,259,v014
OY3LS,892,1010,118,v016
OY3LS,444,571,127,v025
OY3LS,837,993,156,v018
W3NN2,516,633,117,v016
W3NN2,0,643,643,v018
W3NN2,0,64,64,v008
W3NN2,0,619,619,v018
W3NN2,398,532,134,v019
W3NN2,0,597,597,v014
W3NN2,496,633,137,v022
W3NN2,393,511,118,v013
W3NN2,0,636,636,v008
W3NN2,640,713,73,v027
X06Z6,0,434,434,v031
X06Z6,0,434,434,v014
X06Z6,0,559,559,v018
X06Z6,357,559,202,v031
X06Z6,19,254,235,v028
X06Z6,0,559,559,v018
X06Z6,110,264,154,v016
XF2ZM,484,735,251,v008
XF2ZM,487,619,132,v023
XF2ZM,398,735,337,v008
XF2ZM,398,568,170,v023
XF2ZM,252,480,228,v016
XF2ZM,21,350,329,v028
XF2ZM,213,412,199,v008
XF2ZM,283,432,149,v025
XF2ZM,609,732,123,v001
XF2ZM,348,472,124,v026
XF2ZM,547,705,158,v012
XF2ZM,480,735,255,v008
XF2ZM,480,735,255,v023
XF2ZM,513,735,222,v031
CLAWJ,194,333,139,v001
CLAWJ,237,374,137,v016
CLAWJ,331,779,448,v028
CLAWJ,278,405,127,v022
CLAWJ,568,779,211,v028
CLAWJ,232,391,159,v016
CLAWJ,0,372,372,v018
CLAWJ,0,302,302,v031
CLAWJ,0,333,333,v014
CLAWJ,0,379,379,v008
ALJ7B,62,731,669,v008
ALJ7B,50,235,185,v023
ALJ7B,391,731,340,v008
ALJ7B,2,388,386,v016
ALJ7B,14,319,305,v016
ALJ7B,302,496,194,v015
ALJ7B,420,731,311,v004
ALJ7B,0,84,84,v012
ALJ7B,681,731,50,v026
ALJ7B,259,372,113,v023
ALJ7B,0,88,88,v012
TR652,374,711,337,v010
TR652,208,374,166,v023
TR652,264,711,447,v021
TR652,0,278,278,v031
TR652,216,372,156,v016
TR652,216,364,148,v008
TR652,0,711,711,v008
TR652,0,400,400,v018
TR652,201,345,144,v023
LLRKS,0,259,259,v008
LLRKS,12,220,208,v015
LLRKS,460,609,149,v023
LLRKS,0,288,288,v008
LLRKS,0,136,136,v016
LLRKS,384,765,381,v026
LLRKS,482,765,283,v008
LLRKS,376,556,180,v023
LLRKS,388,765,377,v008
ZMY8M,612,734,122,v001
ZMY8M,475,612,137,v012
ZMY8M,194,331,137,v005
ZMY8M,208,405,197,v005
ZMY8M,153,283,130,v023
ZMY8M,220,331,111,v016
ZMY8M,48,192,144,v016
ZMY8M,170,336,166,v023
ZMY8M,158,336,178,v008
ZMY8M,40,192,152,v016
ZMY8M,165,331,166,v008
ZMY8M,0,232,232,v026
ZMY8M,0,734,734,v016
ZMY8M,0,420,420,v008
ZMY8M,0,427,427,v016
AWN1C,648,936,288,v004
AWN1C,624,984,360,v008
AWN1C,1008,1099,91,v010
AWN1C,0,696,696,v030
AWN1C,144,357,213,v008
AWN1C,684,984,300,v016
AWN1C,1010,1099,89,v019
AWN1C,0,192,192,v016
AWN1C,916,1084,168,v018
5T0NX,52,180,128,v008
5T0NX,76,180,104,v023
5T0NX,0,98,98,v017
5T0NX,55,180,125,v016
5T0NX,64,180,116,v023
5T0NX,55,180,125,v023
5T0NX,55,180,125,v008
5T0NX,0,74,74,v029
1GGRY,7,194,187,v023
1GGRY,19,146,127,v012
1GGRY,237,355,118,v020
1GGRY,14,348,334,v016
1GGRY,300,506,206,v006
1GGRY,220,364,144,v001
1GGRY,24,156,132,v012
1GGRY,213,343,130,v001
Y44TV,45,204,159,v008
Y44TV,242,475,233,v023
Y44TV,115,280,165,v008
Y44TV,213,487,274,v023
Y44TV,40,278,238,v009
Y44TV,103,564,461,v008
Y44TV,285,564,279,v019
3QL7J,458,619,161,v023
3QL7J,448,585,137,v012
3QL7J,619,758,139,v031
3QL7J,297,609,312,v012
3QL7J,501,667,166,v005
3QL7J,0,374,374,v002
3QL7J,43,357,314,v008
3QL7J,422,643,221,v008
3QL7J,472,597,125,v001
RG0KS,400,620,220,v008
RG0KS,384,607,223,v023
RG0KS,374,620,246,v008
RG0KS,400,597,197,v023
RG0KS,0,620,620,v008
RG0KS,0,182,182,v026
RG0KS,271,620,349,v021
RG0KS,0,600,600,v025
RG0KS,0,620,620,v022
RG0KS,417,620,203,v016
RG0KS,0,620,620,v016
RG0KS,355,516,161,v020
RG0KS,422,620,198,v026
QO4FV,0,127,127,v004
QO4FV,172,710,538,v009
QO4FV,0,710,710,v008
QO4FV,0,710,710,v008
QO4FV,24,453,429,v019
QO4FV,616,710,94,v016
QO4FV,0,710,710,v031
BLWIW,74,423,349,v028
BLWIW,0,423,423,v008
BLWIW,312,423,111,v031
BLWIW,225,393,168,v028
BLWIW,0,423,423,v018
BLWIW,24,180,156,v019
BLWIW,74,423,349,v028
BLWIW,0,423,423,v031
BLWIW,0,423,423,v018
BLWIW,0,423,423,v014
QF1Y0,326,470,144,v008
QF1Y0,0,400,400,v018
QF1Y0,333,489,156,v001
QF1Y0,249,448,199,v012
QF1Y0,314,592,278,v008
QF1Y0,170,348,178,v020
QF1Y0,0,742,742,v031
QF1Y0,283,441,158,v029
QF1Y0,326,607,281,v008
N5PLR,285,782,497,v018
N5PLR,182,333,151,v018
N5PLR,220,780,560,v014
N5PLR,33,259,226,v028
N5PLR,679,804,125,v022
N5PLR,134,247,113,v008
N5PLR,208,796,588,v018
N5PLR,38,254,216,v023
N5PLR,48,254,206,v016
N5PLR,208,770,562,v031
N5PLR,124,249,125,v025
ENOLD,158,312,154,v012
ENOLD,0,160,160,v031
ENOLD,144,273,129,v018
ENOLD,165,390,225,v018
ENOLD,100,213,113,v016
ENOLD,172,390,218,v018
ENOLD,160,390,230,v008
ENOLD,158,261,103,v023
ENOLD,180,390,210,v031
5SMU6,0,259,259,v008
5SMU6,235,556,321,v014
5SMU6,192,571,379,v008
5SMU6,0,261,261,v016
5SMU6,192,564,372,v023
B4XZD,0,367,367,v031
B4XZD,12,465,453,v008
B4XZD,122,230,108,v020
B4XZD,7,530,523,v008
B4XZD,0,148,148,v029
B4XZD,4,530,526,v008
8H570,0,739,739,v008
8H570,0,739,739,v031
8H570,0,511,511,v008
8H570,163,511,348,v008
8H570,0,518,518,v018
8H570,0,170,170,v005
8H570,165,576,411,v014
4QGP6,136,317,181,v028
4QGP6,0,189,189,v008
4QGP6,45,201,156,v018
4QGP6,165,317,152,v020
4QGP6,170,317,147,v023
4QGP6,103,208,105,v018
4QGP6,0,204,204,v008
4QGP6,26,153,127,v029
4QGP6,74,317,243,v018
4QGP6,0,98,98,v004
4QGP6,93,204,111,v016
P3CLM,698,984,286,v001
P3CLM,0,1001,1001,v008
P3CLM,0,1001,1001,v031
P3CLM,0,1001,1001,v008
P3CLM,813,948,135,v016
P3CLM,0,1001,1001,v008
P3CLM,0,1001,1001,v018
8UCK1,0,235,235,v016
8UCK1,0,235,235,v008
8UCK1,0,235,235,v016
8UCK1,0,228,228,v008
8UCK1,38,168,130,v012
8UCK1,40,156,116,v007
8UCK1,91,218,127,v016
8UCK1,208,333,125,v001
F3M1Q,28,153,125,v016
F3M1Q,26,153,127,v025
F3M1Q,225,386,161,v004
F3M1Q,300,386,86,v016
F3M1Q,0,144,144,v008
F3M1Q,0,84,84,v028
F3M1Q,79,290,211,v002
F3M1Q,213,386,173,v008
F3M1Q,213,328,115,v023
F3M1Q,208,386,178,v008
F3M1Q,0,213,213,v023
F3M1Q,0,213,213,v023
F3M1Q,208,386,178,v005
F3M1Q,16,144,128,v025
UEVVN,91,316,225,v001
UEVVN,309,427,118,v025
UEVVN,230,427,197,v008
UEVVN,312,427,115,v016
UEVVN,28,208,180,v017
UEVVN,93,314,221,v007
UEVVN,105,319,214,v001
UEVVN,232,427,195,v028
UEVVN,237,427,190,v028
02DPI,0,991,991,v008
02DPI,0,991,991,v008
02DPI,561,732,171,v004
02DPI,0,991,991,v018
02DPI,26,991,965,v009
02DPI,0,991,991,v005
02DPI,0,364,364,v031
02DPI,264,405,141,v019
02DPI,696,847,151,v016
02DPI,472,624,152,v031
02DPI,696,852,156,v008
02DPI,511,672,161,v023
02DPI,264,405,141,v009
8YK8Y,156,319,163,v016
8YK8Y,218,720,502,v008
8YK8Y,0,312,312,v016
8YK8Y,0,312,312,v008
8YK8Y,254,720,466,v005
8YK8Y,0,290,290,v008
8YK8Y,172,321,149,v016
8NEYJ,472,742,270,v031
8NEYJ,441,742,301,v008
8NEYJ,213,355,142,v028
8NEYJ,91,261,170,v007
8NEYJ,93,228,135,v029
8NEYJ,153,369,216,v003
8NEYJ,84,216,132,v012
81VSN,511,943,432,v029
81VSN,0,583,583,v016
DZ9UB,141,391,250,v001
DZ9UB,0,740,740,v008
DZ9UB,0,319,319,v031
RQ3AK,98,442,344,v008
RQ3AK,0,442,442,v021
RQ3AK,0,264,264,v023
RQ3AK,307,442,135,v016
RQ3AK,0,442,442,v008
RQ3AK,0,442,442,v031
Y89SO,0,333,333,v006
Y89SO,235,409,174,v008
Y89SO,0,409,409,v018
Y89SO,254,409,155,v030
Y89SO,240,409,169,v021
Y89SO,283,396,113,v008
Y89SO,0,333,333,v008
Y89SO,0,409,409,v018
Y89SO,0,338,338,v032
Y89SO,230,362,132,v023
Y89SO,218,328,110,v016
MUQBW,0,739,739,v032
MUQBW,302,427,125,v019
MUQBW,0,739,739,v018
MUQBW,532,664,132,v023
MUQBW,0,739,739,v018
MUQBW,542,739,197,v008
MUQBW,480,739,259,v026
MUQBW,0,158,158,v008
MUQBW,564,739,175,v023
MUQBW,0,739,739,v032
MUQBW,52,739,687,v014
MUQBW,0,739,739,v031
MUQBW,501,609,108,v012
MUQBW,556,686,130,v016
SM4AO,254,528,274,v008
SM4AO,60,182,122,v008
SM4AO,163,626,463,v018
SM4AO,571,691,120,v022
SM4AO,280,532,252,v019
SM4AO,312,436,124,v019
SM4AO,79,199,120,v016
SM4AO,139,259,120,v018
SM4AO,74,194,120,v016
SM4AO,158,679,521,v018
SM4AO,24,223,199,v016
SM4AO,163,655,492,v031
QH3WP,148,739,591,v008
QH3WP,86,739,653,v010
QH3WP,33,199,166,v018
QH3WP,108,739,631,v014
QH3WP,81,218,137,v023
S591U,204,372,168,v016
S591U,189,372,183,v016
S591U,175,333,158,v029
S591U,225,408,183,v001
S591U,232,494,262,v025
S591U,160,530,370,v008
S591U,0,355,355,v031
S591U,247,362,115,v025
S591U,86,355,269,v008
S591U,0,357,357,v008
S591U,0,720,720,v018
S591U,295,480,185,v025
S591U,0,336,336,v014
S591U,189,405,216,v025
E6DLK,74,283,209,v018
E6DLK,223,650,427,v031
E6DLK,0,165,165,v018
E6DLK,0,117,117,v022
E6DLK,223,345,122,v017
DJVKE,0,763,763,v032
DJVKE,338,636,298,v005
DJVKE,321,763,442,v008
DJVKE,273,456,183,v023
DJVKE,0,763,763,v018
DJVKE,0,763,763,v008
DJVKE,0,763,763,v008
PUA7P,403,590,187,v023
PUA7P,496,590,94,v022
PUA7P,374,590,216,v023
PUA7P,372,590,218,v016
PUA7P,300,434,134,v008
PUA7P,40,160,120,v023
PUA7P,232,367,135,v023
PUA7P,292,590,298,v026
PUA7P,396,590,194,v016
PUA7P,336,590,254,v016
PUA7P,0,590,590,v018
PUA7P,43,256,213,v008
PUA7P,0,403,403,v032
PUA7P,400,590,190,v008
IIL9C,552,776,224,v008
IIL9C,0,607,607,v008
IIL9C,0,776,776,v010
IIL9C,0,105,105,v023
IIL9C,444,626,182,v016
IIL9C,0,316,316,v005
IIL9C,0,583,583,v004
IIL9C,79,225,146,v016
IIL9C,0,79,79,v023
IIL9C,0,776,776,v018
IIL9C,0,175,175,v008
IIL9C,0,776,776,v018
7229M,595,831,236,v008
7229M,604,831,227,v023
7229M,0,412,412,v019
7229M,0,422,422,v008
7229M,616,780,164,v012
7229M,643,784,141,v031
7229M,343,496,153,v004
7229M,206,364,158,v003
7229M,616,734,118,v023
7229M,616,831,215,v008
7229M,700,831,131,v029
7229M,549,667,118,v023
B0XI9,278,758,480,v008
B0XI9,256,501,245,v004
B0XI9,446,758,312,v020
B0XI9,146,400,254,v023
B0XI9,122,530,408,v005
B0XI9,489,679,190,v005
B0XI9,0,112,112,v029
B0XI9,230,758,528,v008
B0XI9,4,196,192,v017
B0XI9,184,319,135,v023
B0XI9,103,244,141,v012
B0XI9,184,758,574,v008
KE5EM,115,237,122,v025
KE5EM,72,211,139,v012
KE5EM,33,163,130,v018
KE5EM,151,261,110,v020
KE5EM,21,170,149,v018
KE5EM,110,223,113,v023
KE5EM,0,288,288,v023
KE5EM,115,247,132,v008
KE5EM,139,254,115,v016
KE5EM,163,264,101,v025
KE5EM,0,298,298,v031
KE5EM,0,264,264,v008
BLLCM,0,769,769,v018
BLLCM,0,540,540,v031
BLLCM,720,769,49,v018
AKU63,7,223,216,v029
AKU63,177,384,207,v000
AKU63,14,256,242,v010
AKU63,508,838,330,v018
AKU63,362,633,271,v016
AKU63,463,698,235,v018
AKU63,170,374,204,v000
AKU63,177,441,264,v022
NUKJ0,249,427,178,v012
NUKJ0,547,727,180,v004
NUKJ0,465,638,173,v001
NUKJ0,542,657,115,v023
NUKJ0,542,734,192,v008
NUKJ0,271,576,305,v031
NUKJ0,276,609,333,v008
NUKJ0,0,735,735,v030
NUKJ0,264,422,158,v023
NUKJ0,276,614,338,v008
KQDX6,0,588,588,v014
KQDX6,96,242,146,v004
KQDX6,96,588,492,v008
KQDX6,0,588,588,v022
KQDX6,408,588,180,v012
KQDX6,0,588,588,v008
KQDX6,381,588,207,v007
EURF2,74,604,530,v016
EURF2,0,100,100,v029
EURF2,540,705,165,v018
EURF2,540,705,165,v018
EURF2,24,146,122,v026
EURF2,33,559,526,v008
EURF2,333,559,226,v026
EURF2,28,240,212,v023
26JZM,355,962,607,v031
26JZM,43,559,516,v008
26JZM,379,568,189,v016
26JZM,249,876,627,v006
26JZM,192,441,249,v030
26JZM,0,374,374,v026
26JZM,0,384,384,v008
26JZM,0,110,110,v029
26JZM,220,388,168,v016
D8ZZM,160,312,152,v016
D8ZZM,429,628,199,v008
D8ZZM,412,520,108,v023
TZ9FE,201,732,531,v026
TZ9FE,0,192,192,v017
TZ9FE,91,732,641,v016
TZ9FE,288,480,192,v016
TZ9FE,552,696,144,v016
TZ9FE,528,648,120,v012
TZ9FE,0,336,336,v008
TZ9FE,444,732,288,v026
TZ9FE,136,343,207,v016
TZ9FE,2,136,134,v029
TZ9FE,292,506,214,v016
TZ9FE,153,338,185,v025
TZ9FE,0,506,506,v008
TZ9FE,427,609,182,v023
TLDYG,204,472,268,v008
TLDYG,242,472,230,v009
TLDYG,218,472,254,v019
TLDYG,218,472,254,v009
TLDYG,237,472,235,v008
TLDYG,247,472,225,v019
TLDYG,139,340,201,v023
TLDYG,0,472,472,v031
TLDYG,247,472,225,v014
TLDYG,0,472,472,v022
FZAEP,67,614,547,v008
FZAEP,530,741,211,v012
FZAEP,9,175,166,v023
FZAEP,0,712,712,v026
R5O7F,189,434,245,v008
R5O7F,264,468,204,v012
R5O7F,684,934,250,v003
R5O7F,427,597,170,v016
R5O7F,427,597,170,v016
R5O7F,573,837,264,v023
R5O7F,194,537,343,v016
R5O7F,184,345,161,v026
R5O7F,326,571,245,v026
R5O7F,189,338,149,v008
R5O7F,180,338,158,v023
R5O7F,268,429,161,v012
R5O7F,415,571,156,v016
R5O7F,184,626,442,v008
R5O7F,184,345,161,v023
ZL3QP,50,223,173,v009
ZL3QP,0,144,144,v012
ZL3QP,249,492,243,v023
ZL3QP,0,136,136,v012
ZL3QP,300,735,435,v008
ZL3QP,0,105,105,v007
ZL3QP,230,340,110,v023
ZL3QP,57,290,233,v019
ZL3QP,252,735,483,v008
W1CG2,50,436,386,v008
W1CG2,36,192,156,v018
W1CG2,120,403,283,v005
W1CG2,36,192,156,v018
W1CG2,403,540,137,v022
W1CG2,321,458,137,v016
W1CG2,0,304,304,v023
W1CG2,297,422,125,v016
W1CG2,103,484,381,v031
W1CG2,62,511,449,v018
W1CG2,516,667,151,v023
W1CG2,528,734,206,v008
2RFLZ,184,312,128,v016
2RFLZ,72,249,177,v024
2RFLZ,192,302,110,v016
2RFLZ,55,297,242,v008
2RFLZ,57,165,108,v023
XOOTA,0,129,129,v021
XOOTA,74,186,112,v008
XOOTA,0,144,144,v000
XOOTA,0,144,144,v010
XOOTA,108,186,78,v018
XOOTA,0,186,186,v008
XOOTA,72,186,114,v008
QE4YE,132,1027,895,v026
QE4YE,100,232,132,v016
QE4YE,177,1027,850,v008
QE4YE,163,1027,864,v026
QE4YE,146,264,118,v023
QE4YE,0,196,196,v008
QE4YE,96,228,132,v016
QE4YE,0,84,84,v012
QI0EL,0,746,746,v018
QI0EL,0,537,537,v031
QI0EL,564,746,182,v031
QI0EL,0,626,626,v008
QI0EL,523,633,110,v016
QI0EL,518,633,115,v016
QI0EL,0,633,633,v012
QI0EL,0,566,566,v014
QI0EL,436,547,111,v001
GKH0F,194,696,502,v012
GKH0F,26,786,760,v018
GKH0F,604,763,159,v018
GKH0F,561,786,225,v023
GKH0F,0,786,786,v018
GKH0F,19,786,767,v018
GKH0F,168,786,618,v008
GKH0F,576,758,182,v016
GKH0F,168,312,144,v023
GKH0F,148,386,238,v019
GKH0F,187,681,494,v008
GKH0F,585,688,103,v025
GKH0F,604,786,182,v008
GKH0F,648,786,138,v014
9YLUH,48,742,694,v006
9YLUH,0,742,742,v014
9YLUH,0,742,742,v008
9YLUH,7,237,230,v013
9YLUH,0,742,742,v006
9YLUH,28,156,128,v022
L8CC0,0,877,877,v008
L8CC0,0,688,688,v031
L8CC0,799,877,78,v028
L8CC0,804,877,73,v019
L8CC0,645,877,232,v009
L8CC0,0,688,688,v008
L8CC0,614,877,263,v028
LV4U7,0,163,163,v008
LV4U7,67,259,192,v012
LV4U7,67,259,192,v012
LV4U7,424,726,302,v008
LV4U7,79,194,115,v007
LV4U7,276,424,148,v016
75M1Z,456,648,192,v023
75M1Z,537,740,203,v008
75M1Z,602,740,138,v012
75M1Z,456,648,192,v023
75M1Z,621,740,119,v031
75M1Z,566,705,139,v018
75M1Z,628,740,112,v019
75M1Z,470,616,146,v012
75M1Z,0,100,100,v025
75M1Z,36,148,112,v025
75M1Z,122,237,115,v025
75M1Z,568,698,130,v018
165K2,237,379,142,v008
165K2,0,120,120,v031
165K2,225,396,171,v023
165K2,9,168,159,v026
165K2,230,357,127,v022
165K2,225,410,185,v016
165K2,163,297,134,v016
165K2,163,295,132,v016
T63X2,0,846,846,v010
T63X2,84,846,762,v000
T63X2,79,645,566,v000
T63X2,532,846,314,v009
T63X2,465,846,381,v008
T63X2,439,693,254,v023
T63X2,657,846,189,v016
T63X2,0,846,846,v010
T63X2,554,846,292,v019
T63X2,194,456,262,v020
T63X2,532,846,314,v008
T63X2,736,846,110,v016
YVKIV,48,225,177,v008
YVKIV,105,220,115,v016
YVKIV,33,156,123,v023
YVKIV,177,767,590,v008
YVKIV,120,254,134,v016
YVKIV,79,321,242,v016
YVKIV,148,767,619,v016
YVKIV,151,328,177,v023
KNGRY,0,727,727,v008
KNGRY,316,547,231,v019
KNGRY,410,540,130,v023
KNGRY,0,81,81,v029
KNGRY,319,434,115,v009
KNGRY,369,506,137,v016
KNGRY,7,727,720,v008
KNGRY,0,727,727,v023
KNGRY,0,727,727,v016
KNGRY,540,660,120,v008
KNGRY,679,727,48,v023
KNGRY,679,727,48,v016
KNGRY,679,727,48,v029
KNGRY,679,727,48,v009
KNGRY,679,727,48,v016
KNGRY,679,727,48,v016
KNGRY,676,727,51,v016
ZDV60,33,273,240,v007
ZDV60,7,220,213,v012
ZDV60,552,703,151,v023
ZDV60,254,496,242,v003
ZDV60,609,737,128,v003
ZDV60,136,333,197,v025
ZDV60,225,374,149,v008
ZDV60,225,376,151,v023
ZDV60,585,710,125,v022
ZDV60,36,247,211,v012
XMYXI,633,967,334,v008
XMYXI,0,657,657,v008
XMYXI,0,381,381,v019
XMYXI,242,372,130,v009
XMYXI,338,549,211,v031
XMYXI,571,700,129,v022
XMYXI,0,168,168,v018
XMYXI,643,888,245,v023
XMYXI,523,681,158,v023
XMYXI,628,967,339,v026
XMYXI,0,633,633,v032
XMYXI,542,700,158,v016
XMYXI,0,652,652,v014
XMYXI,624,967,343,v026
XMYXI,542,753,211,v016
XMYXI,0,676,676,v018
Y2MGC,276,420,144,v001
Y2MGC,213,739,526,v008
Y2MGC,189,362,173,v012
Y2MGC,0,769,769,v018
Y2MGC,0,285,285,v008
Y2MGC,160,314,154,v016
Y2MGC,189,769,580,v023
Y2MGC,0,769,769,v018
Y2MGC,328,769,441,v016
Y2MGC,0,98,98,v019
Y2MGC,194,391,197,v023
Y2MGC,0,769,769,v018
Y2MGC,439,769,330,v005
Y2MGC,432,614,182,v008
Y2MGC,0,74,74,v031
Y2MGC,295,417,122,v023
Y2MGC,240,405,165,v023
Y2MGC,0,244,244,v001
V0WK7,0,744,744,v008
V0WK7,0,688,688,v003
V0WK7,0,712,712,v016
V0WK7,141,405,264,v009
V0WK7,146,386,240,v019
V0WK7,513,621,108,v019
V0WK7,0,76,76,v023
PAA7V,0,496,496,v004
PAA7V,0,573,573,v008
PAA7V,0,755,755,v018
PAA7V,480,600,120,v023
PAA7V,398,573,175,v016
PAA7V,0,755,755,v032
PAA7V,523,705,182,v016
PAA7V,0,755,755,v018
PAA7V,412,561,149,v016
PAA7V,0,566,566,v008
LBRYS,422,521,99,v007
LBRYS,132,405,273,v028
LBRYS,218,388,170,v025
LBRYS,213,321,108,v016
LBRYS,295,403,108,v016
LBRYS,187,369,182,v023
GA7SB,292,730,438,v008
GA7SB,439,580,141,v023
GA7SB,556,712,156,v028
GA7SB,0,408,408,v018
GA7SB,458,730,272,v008
GA7SB,336,583,247,v012
GA7SB,259,730,471,v018
GA7SB,458,730,272,v005
GA7SB,50,348,298,v028
GA7SB,196,333,137,v008
GA7SB,242,348,106,v016
GA7SB,290,388,98,v023
GA7SB,304,501,197,v016
SLAH4,0,93,93,v007
SLAH4,91,268,177,v026
SLAH4,141,372,231,v023
SLAH4,139,372,233,v008
SLAH4,67,372,305,v008
SLAH4,136,256,120,v023
SLAH4,74,216,142,v023
SLAH4,0,96,96,v006
SLAH4,240,367,127,v027
SLAH4,52,216,164,v023
NATEB,0,717,717,v008
NATEB,110,216,106,v026
NATEB,328,477,149,v001
NATEB,374,532,158,v012
NATEB,98,208,110,v023
NATEB,300,604,304,v001
NATEB,357,717,360,v012
NATEB,364,717,353,v007
CIWWB,0,723,723,v030
CIWWB,9,723,714,v002
CIWWB,564,723,159,v019
CIWWB,0,67,67,v031
CIWWB,0,723,723,v008
3IPI3,132,288,156,v016
3IPI3,240,381,141,v012
3IPI3,76,223,147,v004
3IPI3,206,338,132,v022
3IPI3,206,431,225,v023
3IPI3,0,69,69,v016
3IPI3,213,431,218,v008
3IPI3,0,285,285,v008
3IPI3,189,312,123,v005
3IPI3,206,309,103,v005
3IPI3,0,292,292,v023
3IPI3,220,431,211,v031
3IPI3,204,431,227,v008
T96JC,124,338,214,v008
T96JC,189,489,300,v008
T96JC,76,345,269,v001
T96JC,26,196,170,v016
T96JC,115,345,230,v023
T96JC,160,528,368,v012
T96JC,244,636,392,v016
T96JC,36,168,132,v017
T96JC,0,199,199,v007
T96JC,132,259,127,v025
T96JC,0,175,175,v029
L005N,0,732,732,v008
L005N,0,732,732,v031
L005N,0,732,732,v018
L005N,0,732,732,v018
L005N,0,732,732,v021
8TSU4,218,303,85,v001
8TSU4,151,303,152,v012
8TSU4,72,225,153,v020
8TSU4,201,303,102,v023
8TSU4,4,127,123,v016
8TSU4,223,303,80,v001
8TSU4,0,124,124,v008
8TSU4,0,132,132,v005
8TSU4,14,127,113,v016
8TSU4,146,285,139,v012
3G991,0,740,740,v008
3G991,108,537,429,v030
3G991,0,740,740,v008
3G991,76,559,483,v030
3G991,110,528,418,v031
3G991,0,220,220,v023
3G991,0,740,740,v008
3G991,0,740,740,v008
3G991,0,69,69,v026
SBM3M,244,480,236,v016
SBM3M,0,480,480,v004
SBM3M,0,321,321,v023
SBM3M,232,480,248,v023
SBM3M,0,230,230,v008
SBM3M,0,480,480,v008
SBM3M,297,480,183,v001
SBM3M,0,211,211,v016
SBM3M,247,480,233,v008
SBM3M,0,352,352,v026
SBM3M,0,480,480,v008
SBM3M,0,480,480,v018
SBM3M,0,480,480,v018
PTQE0,45,774,729,v008
PTQE0,0,774,774,v018
PTQE0,727,774,47,v016
PTQE0,0,122,122,v008
PTQE0,48,326,278,v016
PTQE0,0,774,774,v018
PTQE0,597,774,177,v019
PTQE0,585,774,189,v009
PTQE0,57,774,717,v026
PTQE0,33,307,274,v008
DO48Z,12,228,216,v023
DO48Z,136,393,257,v016
DO48Z,338,741,403,v022
DO48Z,151,396,245,v026
DO48Z,0,153,153,v023
DO48Z,57,468,411,v016
DO48Z,0,427,427,v026
DO48Z,112,429,317,v016
DO48Z,110,228,118,v008
DO48Z,19,216,197,v019
CC2VQ,0,355,355,v008
CC2VQ,124,254,130,v022
CC2VQ,362,530,168,v030
CC2VQ,304,530,226,v008
CC2VQ,0,271,271,v026
N2DZN,328,482,154,v016
N2DZN,331,436,105,v008
N2DZN,0,783,783,v008
N2DZN,0,768,768,v028
N2DZN,319,458,139,v025
KA09C,0,271,271,v030
KA09C,168,292,124,v016
KA09C,271,578,307,v023
KA09C,225,652,427,v028
KA09C,256,626,370,v028
KA09C,235,733,498,v026
KA09C,607,733,126,v029
KA09C,321,444,123,v016
KA09C,652,733,81,v027
KA09C,0,292,292,v008
AVL8A,74,806,732,v010
AVL8A,115,292,177,v019
AVL8A,74,806,732,v010
AVL8A,727,816,89,v008
AVL8A,691,806,115,v001
AVL8A,703,816,113,v022
AVL8A,16,146,130,v018
AVL8A,132,240,108,v019
AVL8A,40,816,776,v008
AVL8A,91,204,113,v012
AVL8A,40,148,108,v023
AVL8A,108,789,681,v031
MRTH4,110,221,111,v009
MRTH4,79,221,142,v014
MRTH4,110,221,111,v019
MRTH4,0,170,170,v003
MRTH4,0,221,221,v018
MRTH4,86,221,135,v023
MRTH4,74,220,146,v008
MRTH4,0,175,175,v003
H0L5S,52,571,519,v031
H0L5S,489,660,171,v023
H0L5S,559,705,146,v012
H0L5S,0,578,578,v018
H0L5S,0,115,115,v018
H0L5S,489,652,163,v022
H0L5S,559,696,137,v007
H0L5S,564,703,139,v008
H0L5S,600,715,115,v029
T7HZB,139,513,374,v003
T7HZB,0,122,122,v016
T7HZB,0,122,122,v016
T7HZB,487,614,127,v023
T7HZB,120,266,146,v023
T7HZB,50,160,110,v006
T7HZB,0,100,100,v028
ZXHCH,112,259,147,v012
ZXHCH,127,268,141,v016
ZXHCH,463,604,141,v018
ZXHCH,9,163,154,v012
ZXHCH,439,604,165,v018
ZXHCH,12,206,194,v023
ZXHCH,76,177,101,v023
ZXHCH,0,67,67,v016
ZXHCH,0,67,67,v008
ZXHCH,556,604,48,v031
ZXHCH,93,192,99,v008
ZXHCH,460,564,104,v018
ZXHCH,165,292,127,v023
ZXHCH,55,261,206,v016
ZXHCH,429,552,123,v016
ZXHCH,170,552,382,v014
ZXHCH,170,552,382,v008
W86WR,0,62,62,v018
W86WR,0,319,319,v028
W86WR,213,384,171,v022
W86WR,0,706,706,v018
W86WR,64,177,113,v016
W86WR,0,352,352,v018
W86WR,36,348,312,v031
W86WR,0,273,273,v028
W86WR,266,417,151,v016
3IMTV,508,698,190,v012
3IMTV,556,708,152,v023
3IMTV,628,856,228,v021
3IMTV,513,708,195,v023
3IMTV,0,573,573,v006
3IMTV,0,856,856,v018
3IMTV,585,693,108,v016
3IMTV,580,856,276,v008
3IMTV,520,660,140,v023
3IMTV,547,698,151,v008
3IMTV,0,856,856,v018
BD9UN,0,728,728,v008
BD9UN,417,710,293,v026
BD9UN,0,728,728,v009
BD9UN,0,728,728,v019
BD9UN,0,60,60,v023
H7WMW,0,726,726,v002
H7WMW,0,726,726,v024
H7WMW,0,726,726,v008
C46TD,268,748,480,v008
C46TD,0,360,360,v031
C46TD,640,756,116,v016
C46TD,268,458,190,v023
C46TD,0,290,290,v030
C46TD,621,761,140,v025
7MRKY,0,511,511,v026
7MRKY,405,564,159,v008
7MRKY,0,717,717,v026
7MRKY,717,866,149,v001
7MRKY,0,880,880,v022
7MRKY,818,880,62,v029
7MRKY,595,787,192,v016
U1DE4,398,657,259,v012
U1DE4,141,453,312,v028
U1DE4,0,184,184,v007
U1DE4,300,755,455,v023
U1DE4,506,708,202,v016
U1DE4,163,664,501,v008
U1DE4,482,708,226,v012
U1DE4,129,285,156,v031
U1DE4,513,688,175,v016
U1DE4,578,753,175,v001
K8MZH,40,192,152,v027
41A89,441,734,293,v001
41A89,590,734,144,v021
41A89,28,340,312,v008
41A89,43,367,324,v016
41A89,40,232,192,v023
41A89,26,290,264,v025
41A89,144,324,180,v025
41A89,410,734,324,v018
41A89,0,144,144,v026
41A89,76,264,188,v026
41A89,0,153,153,v016
41A89,96,271,175,v016
41A89,216,381,165,v016
41A89,91,256,165,v016
41A89,237,386,149,v016
41A89,451,662,211,v001
41A89,556,734,178,v010
41A89,0,153,153,v016
CUQYX,0,213,213,v010
CUQYX,105,686,581,v008
CUQYX,103,650,547,v016
CUQYX,549,715,166,v025
CUQYX,561,735,174,v025
CUQYX,81,607,526,v023
CUQYX,583,720,137,v016
CUQYX,158,590,432,v003
CUQYX,112,427,315,v028
CUQYX,333,436,103,v023
CUQYX,340,686,346,v008
CUQYX,362,511,149,v012
CUQYX,120,735,615,v018
CUQYX,36,158,122,v000
CUQYX,580,686,106,v025
CUQYX,686,735,49,v028
CUQYX,684,735,51,v023
CUQYX,686,735,49,v008
CUQYX,686,735,49,v012
3P055,708,938,230,v007
3P055,568,751,183,v031
3P055,180,664,484,v003
3P055,0,338,338,v008
3P055,712,960,248,v006
OETY6,0,280,280,v025
OETY6,206,434,228,v023
OETY6,206,434,228,v004
OETY6,228,456,228,v008
OETY6,336,465,129,v016
OETY6,688,737,49,v018
OETY6,688,737,49,v008
OETY6,688,737,49,v008
OETY6,688,737,49,v016
OETY6,688,737,49,v025
7HSZJ,360,601,241,v025
7HSZJ,0,338,338,v002
7HSZJ,412,528,116,v016
7HSZJ,468,585,117,v016
7HSZJ,367,516,149,v008
7HSZJ,460,576,116,v008
7HSZJ,364,482,118,v023
7HSZJ,453,561,108,v023
7HSZJ,408,601,193,v031
KHAH3,0,745,745,v008
2OHTZ,0,127,127,v012
2OHTZ,669,798,129,v031
2OHTZ,264,619,355,v014
2OHTZ,158,372,214,v004
2OHTZ,264,619,355,v008
2OHTZ,48,798,750,v008
2OHTZ,19,151,132,v023
2OHTZ,12,798,786,v032
H0Q6V,0,845,845,v031
H0Q6V,333,845,512,v010
H0Q6V,0,441,441,v018
H0Q6V,0,314,314,v028
H0Q6V,14,288,274,v008
H0Q6V,280,837,557,v021
H0Q6V,367,681,314,v010
H0Q6V,52,360,308,v016
H0Q6V,0,446,446,v018
H0Q6V,100,314,214,v025
H0Q6V,268,420,152,v016
H0Q6V,0,441,441,v018
GLSU2,314,463,149,v012
GLSU2,268,578,310,v005
GLSU2,362,626,264,v030
GLSU2,57,496,439,v005
GLSU2,0,372,372,v008
GLSU2,0,379,379,v023
GLSU2,0,391,391,v016
GLSU2,0,391,391,v011
GLSU2,0,372,372,v008
GLSU2,307,465,158,v007
GLSU2,571,700,129,v016
GLSU2,0,372,372,v008
GLSU2,355,691,336,v008
GLSU2,273,376,103,v016
GLSU2,340,472,132,v023
GLSU2,273,379,106,v016
GLSU2,360,465,105,v001
NRGQB,0,282,282,v008
NRGQB,146,278,132,v025
NRGQB,148,252,104,v025
NRGQB,98,278,180,v028
NRGQB,0,103,103,v029
JVLAZ,0,475,475,v010
JVLAZ,480,708,228,v008
JVLAZ,465,708,243,v004
JVLAZ,0,501,501,v000
JVLAZ,0,516,516,v000
JVLAZ,362,755,393,v018
JVLAZ,0,458,458,v010
JVLAZ,223,432,209,v020
JVLAZ,472,755,283,v008
JVLAZ,0,436,436,v021
JVLAZ,480,755,275,v008
JVLAZ,525,755,230,v005
MPN7K,0,588,588,v018
MPN7K,0,588,588,v008
MPN7K,0,588,588,v021
MPN7K,0,588,588,v018
MPN7K,0,588,588,v008
MPN7K,0,588,588,v026
SPF63,0,699,699,v018
SPF63,14,393,379,v031
SPF63,535,667,132,v001
SPF63,355,508,153,v012
SPF63,316,453,137,v023
SPF63,578,699,121,v025
SPF63,564,699,135,v025
SPF63,451,681,230,v008
SPF63,319,674,355,v008
SPF63,573,699,126,v016
SPF63,470,636,166,v023
SPF63,0,699,699,v018
SPF63,489,696,207,v014
SPF63,0,163,163,v010
SPF63,0,156,156,v010
FGRL2,472,739,267,v014
FGRL2,91,506,415,v008
FGRL2,0,739,739,v018
FGRL2,62,739,677,v008
FGRL2,0,739,739,v016
FGRL2,0,739,739,v032
FGRL2,0,739,739,v008
FGRL2,48,199,151,v023
FGRL2,0,417,417,v018
FGRL2,0,532,532,v031
FGRL2,0,499,499,v032
FGRL2,0,405,405,v008
FGRL2,446,739,293,v023
FGRL2,0,739,739,v018
DG179,7,737,730,v010
DG179,0,737,737,v018
DG179,0,737,737,v018
DG179,304,516,212,v019
TBRZ5,379,631,252,v008
TBRZ5,547,758,211,v014
TBRZ5,300,758,458,v018
TBRZ5,0,408,408,v018
TBRZ5,43,316,273,v008
TBRZ5,168,316,148,v025
TBRZ5,163,374,211,v016
4YBN9,520,705,185,v012
4YBN9,597,794,197,v029
4YBN9,64,376,312,v012
4YBN9,532,703,171,v012
GQ341,0,62,62,v018
GQ341,0,103,103,v018
GQ341,19,124,105,v015
GQ341,144,338,194,v009
GQ341,144,742,598,v019
GQ341,0,742,742,v018
GQ341,96,742,646,v008
GQ341,148,742,594,v014
GQ341,60,196,136,v016
GQ341,120,742,622,v031
GQ341,134,742,608,v009
3HLP7,0,110,110,v001
3HLP7,19,172,153,v023
3HLP7,199,741,542,v031
3HLP7,225,403,178,v020
3HLP7,21,240,219,v031
3HLP7,0,115,115,v007
3HLP7,0,108,108,v001
9UU4W,122,755,633,v008
9UU4W,52,755,703,v008
9UU4W,194,516,322,v016
9UU4W,196,755,559,v023
9UU4W,156,290,134,v008
9UU4W,96,230,134,v023
9UU4W,189,372,183,v016
9UU4W,62,180,118,v023
9UU4W,52,184,132,v023
9UU4W,484,626,142,v023
9UU4W,0,602,602,v026
9UU4W,348,516,168,v012
9UU4W,4,755,751,v008
9UU4W,240,755,515,v008
9ESSY,0,451,451,v008
9ESSY,0,735,735,v008
9ESSY,0,735,735,v014
9ESSY,0,451,451,v018
DGPAW,122,312,190,v016
DGPAW,285,398,113,v001
DGPAW,0,206,206,v031
DGPAW,252,398,146,v012
DGPAW,0,297,297,v008
DGPAW,244,357,113,v007
DGPAW,84,307,223,v016
DGPAW,247,398,151,v029
WD35N,213,343,130,v023
WD35N,93,232,139,v012
WD35N,220,532,312,v016
WD35N,199,585,386,v021
WD35N,556,722,166,v023
WD35N,127,444,317,v023
WD35N,600,728,128,v010
WD35N,580,728,148,v010
WD35N,79,204,125,v007
WD35N,91,230,139,v012
WD35N,184,525,341,v008
WD35N,297,532,235,v008
WD35N,93,216,123,v001
WD35N,290,448,158,v001
E002I,112,338,226,v010
E002I,309,472,163,v001
E002I,98,321,223,v021
E002I,343,472,129,v007
E002I,72,199,127,v023
E002I,0,98,98,v027
E002I,98,225,127,v016
E002I,62,196,134,v018
E002I,7,175,168,v017
E002I,225,364,139,v022
E002I,26,136,110,v029
E002I,91,348,257,v008
YIG5G,0,170,170,v004
YIG5G,0,280,280,v008
YIG5G,364,614,250,v015
YIG5G,280,417,137,v018
YIG5G,352,879,527,v023
YIG5G,312,772,460,v016
YIG5G,333,739,406,v008
YIG5G,0,408,408,v023
YIG5G,0,396,396,v023
YIG5G,31,879,848,v008
YIG5G,0,879,879,v018
YIG5G,237,376,139,v023
YIG5G,26,153,127,v029
YIG5G,31,879,848,v008
YIG5G,312,439,127,v016
YIG5G,168,302,134,v016
YIG5G,0,879,879,v018
YIG5G,295,879,584,v018
4H61U,456,731,275,v003
4H61U,285,427,142,v023
4H61U,0,357,357,v026
4H61U,0,357,357,v026
4H61U,36,314,278,v016
WX8N8,208,753,545,v008
WX8N8,208,456,248,v023
WX8N8,163,508,345,v003
WX8N8,148,516,368,v023
WX8N8,0,754,754,v008
WX8N8,0,754,754,v019
WX8N8,0,754,754,v023
WX8N8,0,754,754,v031
WX8N8,151,259,108,v025
WX8N8,184,754,570,v008
WX8N8,141,266,125,v016
WX8N8,0,240,240,v019
WX8N8,290,754,464,v021
WX8N8,62,237,175,v028
NUW9G,0,220,220,v008
NUW9G,0,156,156,v012
NUW9G,0,151,151,v008
NUW9G,0,163,163,v016
NUW9G,0,163,163,v016
NUW9G,0,244,244,v008
NUW9G,691,740,49,v016
NUW9G,691,740,49,v008
5B9XE,206,573,367,v014
5B9XE,448,696,248,v027
5B9XE,0,333,333,v017
5B9XE,72,252,180,v023
5B9XE,86,288,202,v008
5B9XE,156,271,115,v025
5B9XE,55,249,194,v028
5B9XE,187,602,415,v008
5B9XE,0,74,74,v029
5B9XE,160,271,111,v016
79VVK,362,585,223,v008
79VVK,362,585,223,v016
79VVK,362,489,127,v023
79VVK,580,919,339,v008
79VVK,741,900,159,v017
79VVK,372,566,194,v008
79VVK,362,513,151,v023
79VVK,408,561,153,v016
79VVK,408,561,153,v016
79VVK,432,566,134,v025
79VVK,432,566,134,v025
79VVK,585,963,378,v008
79VVK,388,561,173,v023
79VVK,4,134,130,v029
79VVK,417,547,130,v029
79VVK,504,652,148,v029
79VVK,24,468,444,v026
79VVK,403,571,168,v025
79VVK,760,963,203,v023
79VVK,0,963,963,v026
TU9K1,110,326,216,v031
TU9K1,393,583,190,v008
TU9K1,842,987,145,v007
TU9K1,26,225,199,v020
TU9K1,319,987,668,v003
TU9K1,388,987,599,v012
TU9K1,381,844,463,v026
TU9K1,818,979,161,v001
TU9K1,888,987,99,v012
TU9K1,381,849,468,v026
TU9K1,381,849,468,v026
TU9K1,864,987,123,v001
TU9K1,482,602,120,v016
TU9K1,376,504,128,v023
RON2M,187,374,187,v016
RON2M,208,396,188,v016
RON2M,120,429,309,v008
RON2M,244,468,224,v012
RON2M,0,732,732,v022
RON2M,0,732,732,v023
RON2M,530,712,182,v001
RON2M,146,417,271,v008
RON2M,0,168,168,v012
RON2M,391,556,165,v023
RON2M,0,153,153,v007
RON2M,537,717,180,v001
RON2M,139,384,245,v008
RON2M,0,158,158,v012
BDNMB,0,607,607,v008
BDNMB,0,607,607,v014
BDNMB,0,607,607,v022
BDNMB,0,607,607,v008
7177T,52,726,674,v008
7177T,357,487,130,v027
7177T,235,436,201,v012
7177T,292,726,434,v019
7177T,36,374,338,v023
7177T,364,726,362,v009
7177T,0,309,309,v026
7177T,292,468,176,v012
7177T,0,393,393,v026
0KTWY,151,555,404,v014
0KTWY,0,194,194,v004
0KTWY,165,307,142,v018
0KTWY,0,259,259,v016
0KTWY,0,261,261,v008
0KTWY,0,247,247,v005
0KTWY,0,256,256,v008
0KTWY,93,204,111,v016
0KTWY,0,112,112,v015
0KTWY,115,232,117,v023
0KTWY,40,177,137,v031
0KTWY,115,555,440,v008
0KTWY,0,201,201,v008
0KTWY,26,139,113,v016
MSACP,312,456,144,v004
MSACP,0,67,67,v023
MSACP,192,720,528,v018
MSACP,288,408,120,v023
MSACP,316,537,221,v019
MSACP,319,537,218,v008
MSACP,0,225,225,v012
MSACP,129,720,591,v014
MSACP,410,542,132,v016
MSACP,410,552,142,v016
MSACP,86,720,634,v008
MSACP,0,720,720,v018
PCNUP,261,567,306,v003
PCNUP,103,232,129,v016
PCNUP,33,177,144,v016
PCNUP,0,218,218,v008
PCNUP,156,324,168,v029
PCNUP,220,487,267,v008
PCNUP,223,331,108,v023
PCNUP,48,170,122,v027
PCNUP,324,567,243,v019
V6RRM,0,110,110,v000
V6RRM,266,362,96,v022
V6RRM,21,348,327,v018
V6RRM,146,300,154,v030
V6RRM,100,223,123,v023
V6RRM,158,288,130,v030
V6RRM,96,314,218,v026
V6RRM,0,362,362,v018
V6RRM,211,362,151,v028
V6RRM,129,295,166,v026
6CAZU,432,698,266,v005
6CAZU,285,470,185,v008
6CAZU,254,386,132,v023
6CAZU,0,117,117,v018
6CAZU,0,762,762,v003
6CAZU,132,532,400,v031
6CAZU,235,762,527,v008
6CAZU,508,669,161,v005
SH6MU,0,711,711,v008
SH6MU,0,711,711,v008
SH6MU,0,711,711,v004
SH6MU,0,711,711,v008
SH6MU,0,711,711,v016
SH6MU,0,711,711,v008
SH6MU,0,711,711,v016
SH6MU,0,624,624,v023
SH6MU,336,711,375,v016
SH6MU,276,496,220,v023
QLAS7,264,417,153,v001
QLAS7,225,374,149,v012
QLAS7,0,398,398,v008
QLAS7,0,295,295,v031
QLAS7,0,292,292,v032
QLAS7,264,417,153,v001
QLAS7,254,444,190,v026
QLAS7,252,410,158,v012
QLAS7,204,398,194,v016
QLAS7,280,396,116,v016
QLAS7,0,396,396,v008
OGX19,0,707,707,v014
OGX19,0,707,707,v018
OGX19,12,542,530,v009
OGX19,532,707,175,v019
OGX19,0,707,707,v008
AGGSE,0,511,511,v008
AGGSE,508,621,113,v018
AGGSE,388,528,140,v025
AGGSE,0,468,468,v018
AGGSE,362,523,161,v022
AGGSE,0,523,523,v008
AGGSE,213,360,147,v020
AGGSE,412,523,111,v016
QN7Y2,146,300,154,v012
QN7Y2,312,461,149,v031
QN7Y2,0,139,139,v008
QN7Y2,57,276,219,v012
QN7Y2,228,369,141,v001
QN7Y2,69,461,392,v018
QN7Y2,268,461,193,v031
QN7Y2,31,177,146,v018
QN7Y2,412,461,49,v008
0WYBK,0,312,312,v008
0WYBK,0,373,373,v018
0WYBK,43,211,168,v005
0WYBK,43,211,168,v008
0WYBK,0,373,373,v008
0WYBK,52,216,164,v016
0WYBK,256,373,117,v031
0WYBK,0,373,373,v018
0WYBK,0,112,112,v012
0WYBK,232,373,141,v008
0WYBK,0,302,302,v031
0WYBK,196,307,111,v016
0WYBK,180,290,110,v001
0WYBK,180,314,134,v016
0WYBK,50,223,173,v023
0WYBK,0,321,321,v008
0WYBK,26,220,194,v008
0WYBK,88,213,125,v016
0WYBK,45,177,132,v005
GMPHO,24,216,192,v012
GMPHO,0,957,957,v008
GMPHO,24,235,211,v012
GMPHO,0,957,957,v025
GMPHO,43,957,914,v026
GMPHO,38,957,919,v025
GMPHO,254,398,144,v016
GMPHO,326,840,514,v023
GMPHO,326,844,518,v016
GMPHO,67,244,177,v007
GMPHO,825,957,132,v029
GMPHO,187,369,182,v025
GMPHO,283,470,187,v025
GMPHO,408,547,139,v025
GMPHO,753,957,204,v016
GMPHO,753,957,204,v023
GMPHO,187,369,182,v016
GMPHO,283,470,187,v016
GMPHO,408,547,139,v016
GMPHO,14,129,115,v007
O1LMX,45,343,298,v008
O1LMX,50,340,290,v031
O1LMX,448,721,273,v032
O1LMX,453,721,268,v014
O1LMX,360,552,192,v018
O1LMX,417,721,304,v018
O1LMX,276,451,175,v012
O1LMX,0,721,721,v008
O1LMX,201,340,139,v016
O1LMX,381,516,135,v018
O1LMX,136,297,161,v019
FG9NT,331,655,324,v008
FG9NT,276,501,225,v005
FG9NT,180,595,415,v023
FG9NT,184,655,471,v008
FG9NT,180,312,132,v023
FG9NT,240,655,415,v008
FG9NT,112,280,168,v014
FG9NT,0,655,655,v018
FG9NT,204,655,451,v016
FG9NT,105,230,125,v023
RAGOI,148,263,115,v008
RAGOI,64,172,108,v022
RAGOI,139,263,124,v008
RAGOI,208,263,55,v025
RAGOI,177,263,86,v016
RAGOI,0,163,163,v018
RAGOI,120,263,143,v023
RAGOI,0,263,263,v031
RAGOI,0,144,144,v031
RAGOI,40,211,171,v020
HQ8K2,319,393,74,v008
HQ8K2,67,237,170,v020
HQ8K2,326,393,67,v023
HQ8K2,326,393,67,v023
DTNFC,9,470,461,v030
DTNFC,0,67,67,v031
DTNFC,0,478,478,v008
DTNFC,52,478,426,v020
DTNFC,0,478,478,v021
HHNTA,573,758,185,v016
HHNTA,0,352,352,v005
HHNTA,0,348,348,v005
HHNTA,597,746,149,v012
HHNTA,333,628,295,v028
HHNTA,0,340,340,v008
HHNTA,0,340,340,v008
HHNTA,288,657,369,v003
2P7A9,451,576,125,v016
2P7A9,645,801,156,v016
2P7A9,585,746,161,v018
2P7A9,0,549,549,v026
2P7A9,645,758,113,v031
2P7A9,0,103,103,v008
2P7A9,0,568,568,v026
2P7A9,501,727,226,v018
2P7A9,489,662,173,v013
2P7A9,636,859,223,v016
2P7A9,679,867,188,v018
2P7A9,537,784,247,v008
2P7A9,693,867,174,v026
2P7A9,528,640,112,v023
MXRF4,31,244,213,v026
CEZ4D,633,799,166,v023
CEZ4D,0,751,751,v008
CEZ4D,564,736,172,v016
CEZ4D,0,165,165,v023
CEZ4D,544,717,173,v025
CEZ4D,429,652,223,v028
CEZ4D,547,672,125,v016
CEZ4D,667,815,148,v008
CEZ4D,127,815,688,v021
CEZ4D,0,815,815,v018
KFLI0,72,451,379,v008
KFLI0,72,451,379,v008
KFLI0,120,216,96,v027
KFLI0,100,451,351,v008
KFLI0,278,451,173,v018
KFLI0,336,451,115,v021
KFLI0,362,451,89,v021
KFLI0,290,451,161,v016
KFLI0,216,451,235,v018
3DFOQ,0,735,735,v008
3DFOQ,124,735,611,v028
3DFOQ,0,735,735,v018
3DFOQ,0,132,132,v019
3DFOQ,379,735,356,v008
3DFOQ,0,735,735,v018
J48N6,0,487,487,v008
J48N6,441,738,297,v028
J48N6,590,738,148,v003
J48N6,350,508,158,v016
J48N6,612,738,126,v019
J48N6,516,633,117,v029
J48N6,350,508,158,v016
J48N6,0,738,738,v022
GTHNX,444,735,291,v031
GTHNX,0,542,542,v014
GTHNX,0,735,735,v018
GTHNX,501,735,234,v032
GTHNX,376,735,359,v012
GTHNX,0,735,735,v018
GTHNX,0,472,472,v031
GTHNX,0,735,735,v032
WZZPC,115,170,55,v007
WZZPC,122,170,48,v012
WZZPC,9,127,118,v020
WZZPC,0,170,170,v008
WZZPC,0,91,91,v029
3VT73,184,297,113,v001
3VT73,201,314,113,v025
3VT73,0,793,793,v018
3VT73,276,793,517,v008
3VT73,249,381,132,v023
3VT73,0,309,309,v008
3VT73,55,278,223,v031
3VT73,0,376,376,v032
3VT73,285,793,508,v014
3VT73,0,793,793,v018
3VT73,432,768,336,v012
3VT73,165,369,204,v025
3VT73,669,793,124,v019
VXXOU,0,113,113,v018
VXXOU,16,113,97,v021
VXXOU,0,113,113,v018
VXXOU,0,113,113,v031
VXXOU,0,113,113,v008
SUG5S,194,328,134,v031
SUG5S,91,228,137,v029
SUG5S,0,156,156,v018
SUG5S,252,735,483,v008
SUG5S,232,410,178,v030
SUG5S,0,88,88,v018
SUG5S,0,129,129,v022
DWIS8,556,771,215,v008
DWIS8,549,676,127,v023
DWIS8,573,771,198,v031
DWIS8,506,626,120,v016
DWIS8,225,441,216,v008
DWIS8,408,518,110,v023
DWIS8,0,338,338,v028
DWIS8,93,465,372,v023
DWIS8,415,614,199,v008
DWIS8,460,619,159,v016
DWIS8,290,465,175,v016
D1WYU,405,730,325,v018
D1WYU,172,345,173,v025
D1WYU,458,631,173,v018
D1WYU,542,717,175,v028
D1WYU,487,604,117,v016
D1WYU,194,331,137,v016
D1WYU,0,261,261,v025
D1WYU,0,110,110,v029
D1WYU,0,180,180,v008
MUE2B,0,134,134,v012
MUE2B,396,576,180,v031
MUE2B,43,160,117,v027
MUE2B,16,213,197,v029
NO443,24,261,237,v031
NO443,0,72,72,v022
NO443,216,336,120,v018
NO443,0,225,225,v031
NO443,504,712,208,v018
NO443,247,710,463,v003
NO443,259,712,453,v018
JBFPI,0,223,223,v014
JBFPI,146,369,223,v008
JBFPI,182,333,151,v004
JBFPI,0,732,732,v032
JBFPI,264,436,172,v016
JBFPI,0,732,732,v031
JBFPI,134,292,158,v023
0J1BT,228,364,136,v016
0J1BT,228,364,136,v025
0J1BT,256,379,123,v016
0J1BT,108,314,206,v028
0J1BT,206,402,196,v019
0J1BT,244,350,106,v019
AOK1L,441,571,130,v016
AOK1L,492,631,139,v008
AOK1L,424,583,159,v028
AOK1L,732,844,112,v004
AOK1L,508,688,180,v015
AOK1L,252,415,163,v029
AOK1L,242,844,602,v008
AOK1L,398,844,446,v030
AOK1L,451,844,393,v008
AOK1L,230,348,118,v012
AOK1L,463,576,113,v023
AOK1L,770,844,74,v026
RXQEJ,93,220,127,v025
RXQEJ,645,805,160,v008
RXQEJ,0,619,619,v008
RXQEJ,532,652,120,v023
RXQEJ,516,636,120,v016
RXQEJ,528,660,132,v025
8AR3Q,120,386,266,v013
8AR3Q,48,400,352,v008
8AR3Q,31,139,108,v025
8AR3Q,127,400,273,v031
8AR3Q,103,235,132,v018
VIN5T,0,108,108,v008
VIN5T,81,314,233,v008
VIN5T,76,345,269,v014
VIN5T,0,480,480,v018
VIN5T,48,211,163,v025
VIN5T,96,480,384,v023
VIN5T,33,144,111,v016
VIN5T,36,148,112,v025
BVDIM,468,631,163,v029
BVDIM,542,700,158,v016
BVDIM,0,688,688,v008
BVDIM,0,686,686,v005
BVDIM,463,669,206,v016
BVDIM,0,352,352,v023
BVDIM,384,735,351,v023
BVDIM,0,735,735,v008
BVDIM,0,735,735,v005
BVDIM,542,674,132,v016
BVDIM,597,717,120,v023
SRTX6,326,714,388,v008
SRTX6,0,714,714,v008
SRTX6,597,714,117,v016
SRTX6,552,714,162,v023
SRTX6,48,201,153,v020
SRTX6,616,714,98,v016
SRTX6,0,283,283,v008
SRTX6,0,714,714,v008
SRTX6,602,714,112,v016
SRTX6,602,714,112,v016
SRTX6,48,612,564,v026
SRTX6,559,714,155,v008
SRTX6,544,691,147,v023
SRTX6,326,633,307,v023
SRTX6,612,714,102,v026
ZAN58,0,336,336,v008
ZAN58,314,688,374,v020
ZAN58,146,319,173,v012
ZAN58,69,324,255,v016
ZAN58,177,302,125,v016
ZAN58,290,816,526,v007
ZAN58,180,352,172,v016
JTXAM,0,465,465,v031
JTXAM,398,570,172,v027
JTXAM,0,465,465,v018
JTXAM,297,468,171,v020
JTXAM,355,523,168,v022
JTXAM,0,444,444,v010
JTXAM,0,427,427,v008
JTXAM,331,458,127,v001
JTXAM,312,427,115,v019
RBQ9Y,1276,1401,125,v016
RBQ9Y,0,314,314,v028
RBQ9Y,940,1245,305,v003
RBQ9Y,386,1245,859,v003
RBQ9Y,1149,1317,168,v022
RBQ9Y,926,1245,319,v018
RBQ9Y,904,1120,216,v018
RBQ9Y,204,350,146,v025
RBQ9Y,189,328,139,v008
SUJWY,0,782,782,v018
SUJWY,0,782,782,v031
SUJWY,410,712,302,v009
SUJWY,0,782,782,v008
SUJWY,0,782,782,v018
SUJWY,0,782,782,v018
SUJWY,0,782,782,v014
SUJWY,393,739,346,v019
MXATD,0,144,144,v023
MXATD,168,427,259,v002
MXATD,127,259,132,v012
MXATD,4,144,140,v016
MXATD,0,232,232,v008
MXATD,134,271,137,v012
MXATD,14,216,202,v030
H608V,21,189,168,v005
H608V,278,496,218,v017
H608V,273,496,223,v031
H608V,208,369,161,v016
H608V,148,312,164,v004
H608V,115,338,223,v023
H608V,242,369,127,v016
H608V,38,192,154,v008
H608V,24,153,129,v023
H608V,62,180,118,v005
H608V,74,201,127,v016
H608V,117,357,240,v008
N9KNS,0,778,778,v031
N9KNS,0,192,192,v008
N9KNS,139,448,309,v012
N9KNS,115,778,663,v026
N9KNS,108,778,670,v026
CIUVA,0,729,729,v030
CIUVA,1010,1297,287,v016
CIUVA,1005,1296,291,v008
CIUVA,0,945,945,v030
CIUVA,1173,1297,124,v016
CIUVA,1185,1297,112,v016
CIUVA,880,1132,252,v014
CIUVA,0,691,691,v030
CIUVA,160,703,543,v023
CIUVA,36,691,655,v008
CIUVA,614,782,168,v023
CIUVA,796,931,135,v025
CIUVA,679,892,213,v008
CIUVA,153,288,135,v023
CIUVA,43,664,621,v016
CIUVA,1116,1297,181,v012
CIUVA,621,919,298,v030
CIUVA,1250,1297,47,v016
CIUVA,1250,1297,47,v016
CIUVA,1250,1297,47,v012
CIUVA,1250,1297,47,v031
CIUVA,115,1297,1182,v030
DLFPX,0,184,184,v008
DLFPX,0,638,638,v023
DLFPX,278,415,137,v029
YB67Z,328,453,125,v001
YB67Z,0,577,577,v018
YB67Z,0,577,577,v018
YB67Z,343,504,161,v023
YB67Z,285,458,173,v026
YB67Z,129,451,322,v012
YB67Z,304,535,231,v016
YB67Z,0,532,532,v008
S7OTQ,0,444,444,v018
S7OTQ,28,172,144,v012
S7OTQ,36,429,393,v031
S7OTQ,328,489,161,v022
S7OTQ,319,496,177,v001
S7OTQ,321,518,197,v016
S7OTQ,0,132,132,v018
S7OTQ,0,189,189,v023
S7OTQ,0,436,436,v008
YMJ6E,189,623,434,v008
YMJ6E,24,172,148,v007
YMJ6E,33,225,192,v012
YMJ6E,249,420,171,v016
YMJ6E,264,417,153,v029
YMJ6E,196,451,255,v023
OHNUQ,156,324,168,v005
OHNUQ,0,228,228,v008
OHNUQ,0,228,228,v031
OHNUQ,28,187,159,v023
OHNUQ,172,324,152,v023
OHNUQ,0,896,896,v008
OHNUQ,0,896,896,v023
OHNUQ,0,896,896,v016
U5QJR,16,490,474,v018
U5QJR,136,292,156,v025
U5QJR,0,124,124,v018
U5QJR,93,304,211,v025
U5QJR,127,300,173,v025
U5QJR,28,490,462,v018
U5QJR,115,304,189,v023
U5QJR,117,300,183,v016
U5QJR,112,266,154,v008
11L5M,0,482,482,v008
11L5M,372,489,117,v025
11L5M,393,702,309,v017
11L5M,0,494,494,v026
11L5M,376,525,149,v016
11L5M,0,504,504,v026
X9M5B,283,544,261,v010
X9M5B,0,381,381,v018
X9M5B,0,775,775,v008
X9M5B,0,775,775,v031
X9M5B,0,775,775,v014
X9M5B,0,734,734,v008
X9M5B,0,775,775,v018
1O1JS,36,724,688,v030
1O1JS,0,729,729,v008
1O1JS,14,729,715,v019
1O1JS,0,364,364,v031
1O1JS,0,88,88,v023
1O1JS,628,729,101,v016
1O1JS,7,151,144,v009
1O1JS,141,355,214,v009
FRGXE,50,206,156,v004
FRGXE,261,517,256,v018
FRGXE,9,194,185,v020
FRGXE,230,463,233,v018
FRGXE,470,517,47,v012
FRGXE,470,517,47,v023
FRGXE,259,374,115,v016
FRGXE,21,338,317,v008
FRGXE,28,175,147,v029
W0J8C,16,741,725,v004
W0J8C,170,732,562,v005
W0J8C,650,811,161,v016
W0J8C,0,787,787,v008
W0J8C,832,928,96,v025
W0J8C,0,792,792,v008
W0J8C,0,928,928,v022
W0J8C,748,885,137,v012
W0J8C,0,928,928,v008
W0J8C,837,928,91,v016
W0J8C,763,928,165,v029
XACI3,0,710,710,v031
XACI3,0,710,710,v016
XACI3,0,710,710,v030
XACI3,537,710,173,v001
XACI3,72,631,559,v008
XACI3,93,624,531,v025
XACI3,62,621,559,v023
XACI3,50,626,576,v016
GFPDD,0,242,242,v008
GFPDD,141,321,180,v023
GFPDD,208,528,320,v016
GFPDD,0,249,249,v016
GFPDD,0,105,105,v029
GFPDD,187,717,530,v008
GFPDD,175,312,137,v023
GFPDD,501,696,195,v016
OHOFG,40,832,792,v018
OHOFG,535,792,257,v005
OHOFG,746,842,96,v022
OHOFG,48,842,794,v032
OHOFG,24,842,818,v032
OHOFG,24,225,201,v018
OHOFG,24,180,156,v018
OHOFG,213,376,163,v008
OHOFG,31,842,811,v018
OHOFG,206,355,149,v023
9VF2C,290,432,142,v008
9VF2C,0,367,367,v021
9VF2C,153,470,317,v000
9VF2C,338,506,168,v022
9VF2C,396,523,127,v017
9VF2C,0,475,475,v010
9VF2C,153,484,331,v000
9VF2C,0,295,295,v021
9VF2C,0,451,451,v010
9VF2C,348,468,120,v025
9VF2C,350,465,115,v016
YNWMW,237,381,144,v023
YNWMW,0,124,124,v005
YNWMW,0,100,100,v023
YNWMW,38,264,226,v004
YNWMW,24,168,144,v023
YNWMW,165,307,142,v016
YNWMW,48,165,117,v008
YNWMW,206,333,127,v016
YNWMW,0,321,321,v018
YNWMW,211,316,105,v008
YNWMW,230,355,125,v022
YNWMW,316,392,76,v029
YNWMW,153,307,154,v016
YNWMW,242,392,150,v008
YNWMW,40,172,132,v023
YNWMW,211,326,115,v016
YNWMW,0,110,110,v008
AWR2R,220,405,185,v008
AWR2R,64,280,216,v008
AWR2R,12,175,163,v023
AWR2R,175,326,151,v023
AWR2R,175,843,668,v008
AWR2R,736,843,107,v029
AWR2R,187,343,156,v023
AWR2R,12,213,201,v026
8BGE9,0,745,745,v008
8BGE9,0,648,648,v009
8BGE9,0,745,745,v008
8BGE9,0,640,640,v019
9IST8,254,422,168,v004
9IST8,0,755,755,v031
9IST8,0,755,755,v018
9IST8,0,755,755,v018
9IST8,0,755,755,v008
YE47Y,0,276,276,v021
YE47Y,163,865,702,v014
YE47Y,292,865,573,v010
YE47Y,0,355,355,v018
YE47Y,134,268,134,v023
YE47Y,674,865,191,v013
YE47Y,0,295,295,v021
YE47Y,0,865,865,v018
YE47Y,91,199,108,v023
YE47Y,336,865,529,v010
YE47Y,0,290,290,v018
YE47Y,0,273,273,v008
YE47Y,184,295,111,v016
YE47Y,0,865,865,v008
D61NH,182,292,110,v004
D61NH,0,740,740,v008
D61NH,0,740,740,v014
D61NH,328,470,142,v019
D61NH,0,300,300,v008
D61NH,336,532,196,v009
D61NH,0,740,740,v018
13XM4,172,679,507,v008
13XM4,0,271,271,v008
13XM4,153,276,123,v016
13XM4,0,268,268,v008
13XM4,153,276,123,v016
13XM4,156,285,129,v016
13XM4,31,180,149,v008
13XM4,355,580,225,v019
13XM4,432,532,100,v009
13XM4,223,326,103,v023
13XM4,170,276,106,v016
2B8ML,264,460,196,v008
2B8ML,218,357,139,v023
2B8ML,278,432,154,v019
2B8ML,264,711,447,v031
2B8ML,115,230,115,v012
2B8ML,585,711,126,v019
2B8ML,196,350,154,v023
LUTIO,199,460,261,v022
LUTIO,290,737,447,v008
LUTIO,338,528,190,v000
LUTIO,0,249,249,v010
LUTIO,0,737,737,v018
LUTIO,295,737,442,v023
E0OJ8,108,324,216,v016
E0OJ8,0,304,304,v016
E0OJ8,0,468,468,v031
E0OJ8,0,814,814,v018
E0OJ8,0,814,814,v018
E0OJ8,0,814,814,v032
E0OJ8,0,814,814,v008
E0OJ8,0,814,814,v018
E0OJ8,0,283,283,v026
E0OJ8,336,814,478,v008
Z3H4P,480,710,230,v016
Z3H4P,67,206,139,v004
Z3H4P,223,362,139,v016
Z3H4P,285,432,147,v016
Z3H4P,364,482,118,v016
Z3H4P,208,722,514,v023
Z3H4P,280,420,140,v008
Z3H4P,36,722,686,v008
Z3H4P,31,141,110,v023
Z3H4P,295,434,139,v023
Z3H4P,45,722,677,v016
Z3H4P,0,722,722,v002
Z3H4P,0,722,722,v016
LE7PM,0,98,98,v025
LE7PM,969,1135,166,v027
LE7PM,0,98,98,v016
LE7PM,0,117,117,v016
LE7PM,0,93,93,v008
LE7PM,0,105,105,v016
JKGTN,0,799,799,v008
JKGTN,91,799,708,v021
JKGTN,132,787,655,v004
JKGTN,424,576,152,v019
JKGTN,156,256,100,v023
JKGTN,0,91,91,v023
JKGTN,427,715,288,v009
JKGTN,708,799,91,v016
JKGTN,136,240,104,v008
120YL,631,1020,389,v023
120YL,840,1020,180,v018
120YL,14,283,269,v012
120YL,888,1020,132,v005
120YL,784,962,178,v018
120YL,165,292,127,v023
120YL,888,1020,132,v008
120YL,739,890,151,v016
120YL,206,319,113,v008
120YL,753,876,123,v016
120YL,115,232,117,v012
120YL,688,799,111,v016
120YL,852,1020,168,v018
120YL,626,871,245,v008
120YL,355,492,137,v023
1440M,420,648,228,v001
1440M,0,518,518,v008
1440M,0,456,456,v021
1440M,381,511,130,v001
1440M,266,405,139,v022
1440M,348,484,136,v026
1440M,259,391,132,v016
1440M,520,678,158,v023
1440M,429,624,195,v001
A2X7Q,163,336,173,v012
A2X7Q,266,448,182,v016
A2X7Q,256,455,199,v023
A2X7Q,240,455,215,v023
A2X7Q,72,264,192,v012
A2X7Q,139,455,316,v008
A2X7Q,91,244,153,v012
A2X7Q,132,256,124,v023
DL6HP,0,927,927,v026
DL6HP,0,927,927,v016
DL6HP,0,927,927,v016
DL6HP,0,927,927,v026
YAFX0,148,357,209,v016
YAFX0,220,645,425,v031
YAFX0,2,259,257,v029
YAFX0,144,578,434,v008
YAFX0,420,712,292,v025
YAFX0,451,708,257,v030
YAFX0,631,763,132,v025
YAFX0,0,213,213,v008
YAFX0,360,501,141,v023
YAFX0,100,223,123,v016
NO1GJ,393,608,215,v025
NO1GJ,204,324,120,v008
NO1GJ,120,283,163,v008
NO1GJ,0,244,244,v028
NO1GJ,192,386,194,v023
NO1GJ,328,542,214,v008
NO1GJ,328,465,137,v023
NO1GJ,381,608,227,v030
NO1GJ,381,608,227,v016
NO1GJ,0,608,608,v001
NO1GJ,410,518,108,v016
NO1GJ,360,608,248,v025
MPHFU,247,614,367,v030
MPHFU,0,292,292,v008
MPHFU,518,727,209,v008
MPHFU,0,254,254,v013
MPHFU,523,727,204,v023
MPHFU,136,300,164,v016
MPHFU,544,727,183,v030
MPHFU,0,268,268,v031
SLT0S,0,360,360,v032
SLT0S,0,751,751,v018
SLT0S,0,96,96,v026
SLT0S,165,348,183,v016
SLT0S,165,312,147,v008
SLT0S,439,566,127,v005
SLT0S,156,319,163,v008
SLT0S,0,141,141,v031
SLT0S,444,554,110,v016
SLT0S,410,751,341,v005
SLT0S,0,751,751,v018
SLT0S,156,307,151,v001
SLT0S,204,328,124,v016
43ODF,0,723,723,v006
43ODF,396,578,182,v018
43ODF,0,175,175,v007
43ODF,153,723,570,v006
3XL0K,0,132,132,v001
3XL0K,0,163,163,v008
3XL0K,7,108,101,v001
1L5D3,45,439,394,v008
1L5D3,60,403,343,v021
1L5D3,100,436,336,v025
1L5D3,326,518,192,v016
1L5D3,69,240,171,v023
1L5D3,436,737,301,v008
1L5D3,432,655,223,v018
1L5D3,391,737,346,v023
1L5D3,0,415,415,v026
1L5D3,444,737,293,v014
1L5D3,388,737,349,v018
L5YHH,446,758,312,v012
L5YHH,412,684,272,v007
L5YHH,14,875,861,v005
L5YHH,14,875,861,v008
L5YHH,14,136,122,v027
L5YHH,415,849,434,v012
L5YHH,398,669,271,v006
L5YHH,115,249,134,v016
L5YHH,0,86,86,v025
L5YHH,801,875,74,v029
UUPJS,151,379,228,v008
UUPJS,158,314,156,v012
UUPJS,0,218,218,v008
UUPJS,256,737,481,v008
UUPJS,261,379,118,v023
UUPJS,225,328,103,v019
UUPJS,264,737,473,v008
UUPJS,415,530,115,v016
UUPJS,434,573,139,v001
UUPJS,62,218,156,v016
UUPJS,619,737,118,v029
UUPJS,328,482,154,v012
9ZE0J,0,225,225,v017
9ZE0J,74,456,382,v003
9ZE0J,300,456,156,v016
9ZE0J,141,494,353,v008
IKK13,9,230,221,v011
IKK13,0,770,770,v019
IKK13,0,781,781,v023
IKK13,144,708,564,v009
IKK13,144,781,637,v008
IKK13,144,781,637,v008
IKK13,0,122,122,v023
IKK13,88,302,214,v009
C7R3J,0,127,127,v012
C7R3J,0,309,309,v018
C7R3J,170,309,139,v016
C7R3J,62,216,154,v023
C7R3J,120,242,122,v016
W019T,223,398,175,v008
W019T,0,744,744,v031
W019T,72,340,268,v008
W019T,182,408,226,v016
W019T,0,744,744,v014
W019T,338,643,305,v002
W019T,278,499,221,v016
W019T,38,398,360,v008
W019T,0,744,744,v032
W019T,0,151,151,v029
W019T,148,271,123,v012
W019T,249,405,156,v016
W019T,228,446,218,v016
B32CU,0,789,789,v016
B32CU,225,760,535,v030
B32CU,0,607,607,v023
B32CU,693,789,96,v016
B32CU,141,746,605,v030
B32CU,0,256,256,v008
B32CU,688,789,101,v023
FXU6S,0,739,739,v014
FXU6S,0,739,739,v008
ETDTU,0,112,112,v008
ETDTU,60,232,172,v031
ETDTU,79,235,156,v002
MB281,21,199,178,v015
MB281,468,687,219,v027
MB281,103,295,192,v005
MB281,355,571,216,v023
MB281,470,687,217,v023
MB281,343,475,132,v016
MB281,343,475,132,v016
MB281,48,182,134,v023
MB281,69,475,406,v008
MB281,463,687,224,v008
MB281,588,687,99,v029
MB281,64,475,411,v008
MB281,436,580,144,v023
Y4GHN,0,722,722,v002
Y4GHN,168,475,307,v001
Y4GHN,74,232,158,v012
Y4GHN,0,460,460,v008
Y4GHN,0,148,148,v008
Y4GHN,194,374,180,v016
Y4GHN,139,247,108,v023
Y4GHN,189,328,139,v016
92WXO,0,120,120,v031
92WXO,40,770,730,v003
92WXO,21,163,142,v023
92WXO,28,225,197,v008
0QAZ7,607,728,121,v001
0QAZ7,261,595,334,v008
0QAZ7,259,609,350,v026
0QAZ7,561,700,139,v012
0QAZ7,268,595,327,v030
0QAZ7,597,728,131,v029
0QAZ7,252,372,120,v016
39I5H,12,786,774,v008
39I5H,0,786,786,v005
39I5H,0,786,786,v008
39I5H,0,786,786,v008
39I5H,0,786,786,v008
39I5H,0,786,786,v005
39I5H,0,786,786,v026
3N1I2,273,410,137,v001
3N1I2,160,316,156,v012
3N1I2,69,230,161,v008
3N1I2,189,362,173,v016
3N1I2,340,520,180,v008
3N1I2,348,475,127,v026
3N1I2,175,410,235,v007
3N1I2,0,355,355,v008
3N1I2,156,391,235,v016
3N1I2,273,408,135,v001
3N1I2,175,396,221,v016
3N1I2,340,487,147,v023
3N1I2,0,400,400,v008
3N1I2,168,345,177,v012
3N1I2,194,372,178,v016
PMJKO,0,249,249,v008
PMJKO,124,789,665,v008
PMJKO,424,765,341,v019
PMJKO,86,264,178,v025
PMJKO,0,151,151,v017
S572F,0,242,242,v008
S572F,0,168,168,v023
S572F,355,705,350,v008
S572F,312,504,192,v023
S572F,0,249,249,v016
S572F,153,398,245,v030
S572F,386,705,319,v021
S572F,355,638,283,v026
S572F,417,705,288,v019
S572F,0,252,252,v008
S572F,14,249,235,v016
73ZXZ,0,249,249,v008
73ZXZ,165,283,118,v016
73ZXZ,180,307,127,v001
73ZXZ,194,312,118,v001
73ZXZ,153,285,132,v016
73ZXZ,153,285,132,v016
73ZXZ,134,237,103,v012
73ZXZ,153,283,130,v016
73ZXZ,0,252,252,v008
73ZXZ,112,326,214,v012
X817Z,386,777,391,v011
X817Z,0,338,338,v008
X817Z,0,160,160,v018
X817Z,57,192,135,v022
X817Z,0,175,175,v018
X817Z,216,338,122,v016
X817Z,530,777,247,v016
X817Z,220,338,118,v016
X817Z,0,331,331,v008
X817Z,316,444,128,v029
X817Z,410,777,367,v008
X817Z,0,184,184,v018
X817Z,403,506,103,v008
X817Z,417,520,103,v023
X817Z,0,218,218,v031
X817Z,729,777,48,v008
DSZYT,0,199,199,v004
DSZYT,0,528,528,v008
DSZYT,93,739,646,v002
DSZYT,0,103,103,v008
DSZYT,376,506,130,v005
DSZYT,48,170,122,v016
ATV2F,304,496,192,v012
ATV2F,0,242,242,v003
ATV2F,216,364,148,v018
ATV2F,187,348,161,v025
ATV2F,0,528,528,v023
ATV2F,235,734,499,v018
ATV2F,252,734,482,v031
ATV2F,175,333,158,v016
ATV2F,261,465,204,v016
ATV2F,244,734,490,v008
ATV2F,0,96,96,v029
ATV2F,408,734,326,v014
DUSJO,360,528,168,v031
DUSJO,165,302,137,v016
DUSJO,266,600,334,v028
DUSJO,0,302,302,v028
DUSJO,141,283,142,v023
DUSJO,36,156,120,v025
DUSJO,36,156,120,v025
DUSJO,295,544,249,v031
DUSJO,0,345,345,v016
DUSJO,165,290,125,v025
DUSJO,276,388,112,v023
DUSJO,0,280,280,v025
DUSJO,276,590,314,v008
DUSJO,256,379,123,v006
EXYY8,0,168,168,v008
EXYY8,338,464,126,v001
EXYY8,124,314,190,v031
EXYY8,0,144,144,v017
EXYY8,52,163,111,v025
EXYY8,273,436,163,v029
EXYY8,33,175,142,v016
GOPZI,206,412,206,v008
GOPZI,144,309,165,v023
GOPZI,324,465,141,v012
GOPZI,684,767,83,v019
GOPZI,201,554,353,v016
GOPZI,336,734,398,v008
GOPZI,650,767,117,v009
GOPZI,451,662,211,v029
OKIVH,0,741,741,v008
OKIVH,0,741,741,v008
OKIVH,4,741,737,v019
OKIVH,0,741,741,v031
OKIVH,619,741,122,v009
OKIVH,0,223,223,v019
OKIVH,0,124,124,v012
OKIVH,492,741,249,v019
OKIVH,21,141,120,v001
OKIVH,0,741,741,v008
OKIVH,0,117,117,v031
OKIVH,148,259,111,v006
36T5X,576,795,219,v028
36T5X,0,96,96,v012
36T5X,672,795,123,v020
36T5X,0,616,616,v031
36T5X,0,640,640,v018
36T5X,0,297,297,v029
36T5X,340,573,233,v007
36T5X,340,552,212,v001
36T5X,0,636,636,v032
36T5X,604,795,191,v031
5P284,14,602,588,v008
5P284,477,602,125,v016
5P284,492,792,300,v031
5P284,14,612,598,v018
5P284,4,568,564,v014
5P284,0,100,100,v023
5P284,477,597,120,v016
5P284,0,120,120,v018
5P284,487,607,120,v022
5P284,14,607,593,v018
5P284,583,909,326,v012
5P284,583,909,326,v001
5P284,24,583,559,v032
L0HDB,136,331,195,v016
L0HDB,403,728,325,v026
L0HDB,108,444,336,v023
L0HDB,144,264,120,v008
L0HDB,120,259,139,v023
L0HDB,62,187,125,v012
L0HDB,100,360,260,v016
L0HDB,93,728,635,v026
L0HDB,367,518,151,v016
L0HDB,520,681,161,v016
L0HDB,7,141,134,v029
L0HDB,374,728,354,v016
L0HDB,57,194,137,v012
IWTWJ,0,194,194,v008
IWTWJ,103,228,125,v025
IWTWJ,316,471,155,v018
IWTWJ,139,367,228,v009
IWTWJ,278,415,137,v017
IWTWJ,278,471,193,v018
IWTWJ,184,319,135,v020
IWTWJ,105,230,125,v025
IWTWJ,96,232,136,v016
IWTWJ,100,228,128,v026
IWTWJ,2,117,115,v023
IWTWJ,2,112,110,v008
IWTWJ,98,228,130,v025
K7NRW,0,110,110,v012
K7NRW,489,738,249,v019
K7NRW,139,357,218,v005
K7NRW,316,568,252,v006
K7NRW,206,712,506,v005
K7NRW,0,110,110,v008
K7NRW,283,738,455,v006
K7NRW,7,362,355,v008
K7NRW,0,129,129,v023
K7NRW,508,736,228,v009
K7NRW,0,357,357,v018
K7NRW,0,129,129,v023
K7NRW,7,362,355,v008
ST7MR,0,64,64,v029
ST7MR,0,194,194,v001
ST7MR,679,856,177,v025
ST7MR,86,722,636,v028
ST7MR,813,960,147,v016
ST7MR,876,1048,172,v026
ST7MR,974,1147,173,v026
ST7MR,655,808,153,v016
ST7MR,1096,1163,67,v025
ST7MR,945,1163,218,v008
ST7MR,933,1163,230,v023
FVINY,156,552,396,v004
FVINY,0,740,740,v008
FVINY,441,684,243,v012
FVINY,0,740,740,v018
FVINY,0,432,432,v032
FVINY,691,740,49,v023
FVINY,691,740,49,v012
FVINY,691,740,49,v023
FVINY,691,740,49,v008
FVINY,691,740,49,v032
FVINY,429,547,118,v016
FVINY,376,715,339,v008
FVINY,429,559,130,v016
FVINY,340,456,116,v016
FVINY,230,540,310,v008
FVINY,0,350,350,v031
FVINY,496,616,120,v023
FVINY,0,740,740,v018
FVINY,595,703,108,v023
FVINY,602,710,108,v016
VE6GK,592,745,153,v018
VE6GK,146,499,353,v031
VE6GK,0,160,160,v016
VE6GK,374,506,132,v022
VE6GK,578,745,167,v032
VE6GK,0,360,360,v008
VE6GK,55,360,305,v021
VE6GK,592,745,153,v018
VE6GK,590,708,118,v023
VE6GK,612,736,124,v008
VE6GK,592,745,153,v031
VE6GK,254,384,130,v025
VE6GK,297,477,180,v003
VE6GK,268,472,204,v018
VE6GK,24,148,124,v010
VE6GK,19,360,341,v010
VE6GK,288,492,204,v018
DH4UX,0,170,170,v008
DH4UX,139,264,125,v008
DH4UX,81,225,144,v020
DH4UX,0,264,264,v018
DH4UX,0,175,175,v026
AZPOX,336,460,124,v025
AZPOX,0,86,86,v008
AZPOX,31,184,153,v026
AZPOX,710,785,75,v032
AZPOX,0,158,158,v008
AZPOX,57,259,202,v016
AZPOX,62,264,202,v025
CUHT0,264,398,134,v013
CUHT0,319,520,201,v016
CUHT0,0,199,199,v016
CUHT0,0,206,206,v023
CUHT0,388,518,130,v016
CUHT0,170,451,281,v008
CUHT0,170,295,125,v023
CUHT0,0,84,84,v029
CUHT0,0,189,189,v008
VJ0LT,60,540,480,v016
VJ0LT,309,513,204,v004
VJ0LT,554,766,212,v001
VJ0LT,0,592,592,v008
VJ0LT,0,597,597,v016
VJ0LT,0,604,604,v008
VJ0LT,60,321,261,v015
VJ0LT,55,196,141,v023
VJ0LT,631,766,135,v007
VJ0LT,216,348,132,v016
VJ0LT,14,559,545,v008
4CAB5,0,348,348,v002
4CAB5,374,520,146,v001
4CAB5,160,312,152,v027
4CAB5,312,484,172,v012
4CAB5,374,733,359,v008
4CAB5,528,733,205,v004
4CAB5,345,518,173,v023
HLB3J,208,369,161,v008
HLB3J,360,489,129,v008
HLB3J,120,268,148,v000
HLB3J,175,338,163,v021
HLB3J,0,100,100,v010
HLB3J,292,681,389,v019
HLB3J,636,746,110,v022
HLB3J,0,746,746,v018
HLB3J,0,746,746,v008
HLB3J,0,556,556,v026
VG7S6,300,490,190,v023
VG7S6,21,259,238,v020
VG7S6,76,204,128,v029
VG7S6,0,108,108,v018
VG7S6,79,187,108,v018
VG7S6,0,490,490,v018
VG7S6,384,490,106,v008
YNF6O,0,144,144,v016
YNF6O,0,394,394,v018
YNF6O,0,394,394,v026
YNF6O,0,120,120,v012
YNF6O,0,394,394,v008
YNF6O,124,302,178,v008
YNF6O,117,225,108,v023
YNF6O,134,309,175,v016
2S9LB,0,763,763,v008
2S9LB,0,763,763,v024
2S9LB,0,763,763,v018
2S9LB,0,429,429,v018
2S9LB,0,254,254,v018
2S9LB,0,434,434,v008
2S9LB,0,434,434,v008
UX0YW,583,740,157,v025
UX0YW,189,410,221,v004
UX0YW,0,740,740,v008
UX0YW,340,740,400,v025
UX0YW,518,740,222,v009
UX0YW,0,427,427,v008
UX0YW,348,740,392,v019
UX0YW,429,580,151,v009
IKJGO,1020,1100,80,v001
IKJGO,573,753,180,v001
IKJGO,0,252,252,v012
IKJGO,0,604,604,v031
IKJGO,981,1100,119,v012
IKJGO,0,636,636,v008
IKJGO,540,681,141,v016
IKJGO,585,712,127,v022
IKJGO,672,801,129,v029
IKJGO,727,1070,343,v030
IKJGO,974,1100,126,v012
IKJGO,331,477,146,v006
IKJGO,0,669,669,v008
IKJGO,1053,1100,47,v008
IKJGO,1046,1100,54,v023
B50MB,0,650,650,v005
B50MB,554,679,125,v022
B50MB,0,657,657,v008
B50MB,0,676,676,v010
B50MB,0,664,664,v018
B50MB,0,723,723,v008
B50MB,0,628,628,v016
B50MB,0,619,619,v023
29R4M,237,550,313,v008
29R4M,0,271,271,v016
29R4M,0,364,364,v014
29R4M,0,364,364,v008
29R4M,504,550,46,v016
29R4M,504,550,46,v026
FVOU0,0,525,525,v004
FVOU0,0,747,747,v030
FVOU0,0,747,747,v018
FVOU0,434,576,142,v016
FVOU0,0,537,537,v008
FVOU0,0,747,747,v018
FVOU0,0,74,74,v023
FVOU0,434,571,137,v016
MWPZ1,331,523,192,v016
MWPZ1,12,432,420,v026
MWPZ1,362,482,120,v025
MWPZ1,112,537,425,v008
MWPZ1,117,547,430,v008
MWPZ1,280,441,161,v016
MWPZ1,336,487,151,v025
MWPZ1,357,492,135,v016
MWPZ1,0,482,482,v026
MWPZ1,117,316,199,v008
MWPZ1,26,492,466,v026
MWPZ1,21,492,471,v008
XOWBN,88,307,219,v008
XOWBN,160,326,166,v016
XOWBN,386,742,356,v008
XOWBN,388,544,156,v016
XOWBN,494,742,248,v004
XOWBN,388,742,354,v023
XOWBN,62,292,230,v008
XOWBN,141,292,151,v016
XOWBN,388,532,144,v023
XOWBN,55,204,149,v029
XOWBN,141,292,151,v016
CG83G,7,499,492,v008
CG83G,331,559,228,v016
CG83G,0,504,504,v026
CG83G,396,542,146,v016
CG83G,403,544,141,v025
4VJDU,0,738,738,v026
4VJDU,0,319,319,v003
4VJDU,0,324,324,v003
4VJDU,336,472,136,v020
4VJDU,0,738,738,v008
4VJDU,0,738,738,v026
4VJDU,115,271,156,v022
4VJDU,0,326,326,v008
QSVXJ,0,777,777,v014
QSVXJ,136,420,284,v008
QSVXJ,304,444,140,v025
QSVXJ,0,777,777,v008
QSVXJ,194,408,214,v016
QSVXJ,268,463,195,v025
TKAUR,0,468,468,v008
TKAUR,136,307,171,v004
TKAUR,648,967,319,v003
TKAUR,412,662,250,v023
TKAUR,477,662,185,v016
TKAUR,648,997,349,v016
TKAUR,460,633,173,v008
TKAUR,127,312,185,v019
TKAUR,648,758,110,v023
TKAUR,657,792,135,v008
TKAUR,0,448,448,v031
TKAUR,357,472,115,v016
TKAUR,362,477,115,v016
TKAUR,336,458,122,v001
TKAUR,441,607,166,v015
TKAUR,96,768,672,v008
TKAUR,76,213,137,v023
NJANX,273,417,144,v026
NJANX,72,232,160,v016
NJANX,424,514,90,v030
NJANX,424,514,90,v030
NJANX,160,470,310,v016
NJANX,55,228,173,v025
NJANX,0,514,514,v026
NJANX,57,230,173,v023
NJANX,57,230,173,v008
NJANX,372,514,142,v020
NJANX,468,514,46,v001
NJANX,468,514,46,v008
URK3G,0,170,170,v012
URK3G,165,420,255,v019
URK3G,256,746,490,v031
URK3G,228,602,374,v009
URK3G,180,746,566,v008
URK3G,141,278,137,v017
URK3G,132,256,124,v029
URK3G,559,674,115,v019
URK3G,348,499,151,v012
URK3G,0,69,69,v008
URK3G,88,446,358,v004
URK3G,180,746,566,v008
GV0L7,2,302,300,v018
GV0L7,79,240,161,v027
GV0L7,268,511,243,v032
GV0L7,69,256,187,v020
GV0L7,232,652,420,v018
GV0L7,213,729,516,v008
GV0L7,213,729,516,v008
GV0L7,141,280,139,v028
GV0L7,213,338,125,v023
GV0L7,211,348,137,v023
GV0L7,98,729,631,v010
GV0L7,319,729,410,v031
GV0L7,259,422,163,v012
TRHT1,0,98,98,v018
TRHT1,2,129,127,v022
TRHT1,62,213,151,v028
TRHT1,0,96,96,v031
TRHT1,0,139,139,v008
TRHT1,45,151,106,v025
TRHT1,0,100,100,v018
TRHT1,50,153,103,v025
TRHT1,50,153,103,v016
1NJOQ,405,561,156,v001
1NJOQ,350,496,146,v012
1NJOQ,271,840,569,v018
1NJOQ,208,379,171,v018
1NJOQ,0,141,141,v029
1NJOQ,364,496,132,v012
1NJOQ,736,840,104,v008
1NJOQ,758,840,82,v008
1NJOQ,405,552,147,v001
1NJOQ,736,840,104,v023
CXNYW,398,648,250,v005
CXNYW,398,657,259,v008
CXNYW,0,345,345,v018
CXNYW,379,686,307,v018
CXNYW,422,650,228,v005
CXNYW,225,374,149,v022
CXNYW,0,367,367,v032
CXNYW,223,369,146,v018
CXNYW,379,542,163,v023
CXNYW,391,585,194,v008
CXNYW,0,321,321,v018
CXNYW,559,681,122,v016
EHS68,0,156,156,v008
EHS68,26,153,127,v025
EHS68,16,413,397,v028
EHS68,24,413,389,v025
EHS68,218,413,195,v026
EHS68,40,413,373,v016
EHS68,213,413,200,v008
EHS68,0,413,413,v023
EHS68,0,408,408,v025
EHS68,4,403,399,v023
EHS68,40,413,373,v025
1AA3I,7,786,779,v031
1AA3I,624,780,156,v001
1AA3I,0,786,786,v008
1AA3I,136,283,147,v012
1AA3I,0,786,786,v031
1AA3I,0,786,786,v008
E5ZF5,0,355,355,v008
E5ZF5,0,856,856,v018
E5ZF5,542,856,314,v021
E5ZF5,328,501,173,v004
E5ZF5,312,429,117,v023
E5ZF5,252,412,160,v016
E5ZF5,537,746,209,v008
E5ZF5,513,686,173,v023
E5ZF5,302,432,130,v008
E5ZF5,144,295,151,v005
E5ZF5,552,710,158,v016
E5ZF5,0,64,64,v018
E5ZF5,2,172,170,v023
61IVZ,62,220,158,v001
61IVZ,232,475,243,v028
61IVZ,139,319,180,v016
61IVZ,0,127,127,v012
61IVZ,0,168,168,v029
61IVZ,177,292,115,v025
61IVZ,2,216,214,v007
61IVZ,408,540,132,v025
61IVZ,324,540,216,v008
61IVZ,408,540,132,v016
61IVZ,0,288,288,v008
0J471,177,412,235,v022
0J471,312,522,210,v017
0J471,0,249,249,v010
0J471,0,259,259,v000
0J471,432,522,90,v009
0J471,432,522,90,v019
E0YEK,175,369,194,v016
E0YEK,268,396,128,v018
E0YEK,285,962,677,v018
E0YEK,331,796,465,v031
E0YEK,304,823,519,v008
E0YEK,175,369,194,v026
E0YEK,170,364,194,v023
E0YEK,300,1039,739,v018
E0YEK,228,343,115,v008
E0YEK,180,369,189,v025
W5ZY8,0,805,805,v008
W5ZY8,520,684,164,v019
W5ZY8,0,805,805,v008
SW5TC,499,698,199,v008
SW5TC,0,338,338,v010
SW5TC,242,595,353,v000
SW5TC,314,453,139,v009
SW5TC,292,698,406,v031
SW5TC,465,698,233,v023
SW5TC,0,580,580,v021
SW5TC,0,410,410,v021
SW5TC,477,698,221,v003
SW5TC,242,415,173,v000
SW5TC,321,698,377,v018
SW5TC,321,424,103,v019
3MZZI,21,225,204,v020
3MZZI,295,939,644,v017
3MZZI,144,343,199,v023
3MZZI,36,156,120,v025
3MZZI,139,324,185,v023
3MZZI,192,338,146,v016
3MZZI,0,151,151,v008
3MZZI,163,316,153,v016
3MZZI,859,939,80,v029
3MZZI,40,151,111,v025
3YQE2,592,720,128,v027
3YQE2,0,679,679,v008
3YQE2,427,710,283,v020
3YQE2,0,220,220,v026
MA6GY,0,801,801,v008
MA6GY,0,801,801,v008
MA6GY,0,163,163,v012
MA6GY,0,67,67,v023
MA6GY,4,235,231,v023
MA6GY,163,328,165,v023
MA6GY,201,612,411,v008
MA6GY,261,801,540,v005
MA6GY,228,384,156,v005
MA6GY,405,532,127,v016
MA6GY,369,501,132,v001
MA6GY,441,576,135,v023
MA6GY,16,184,168,v008
MA6GY,60,180,120,v008
MA6GY,0,801,801,v018
7O6FK,96,230,134,v025
7O6FK,74,247,173,v025
7O6FK,223,348,125,v013
7O6FK,0,228,228,v025
7O6FK,0,223,223,v025
7O6FK,230,457,227,v008
7O6FK,201,321,120,v023
7O6FK,0,213,213,v008
7O6FK,266,457,191,v017
XJE7I,201,328,127,v027
XJE7I,283,576,293,v012
XJE7I,484,669,185,v023
XJE7I,52,189,137,v007
XJE7I,592,689,97,v001
XJE7I,69,230,161,v012
XJE7I,345,535,190,v031
XJE7I,134,355,221,v029
XJE7I,487,667,180,v008
T42IZ,297,542,245,v016
T42IZ,0,705,705,v022
T42IZ,295,559,264,v016
T42IZ,302,552,250,v016
T42IZ,0,444,444,v008
T42IZ,96,297,201,v012
T42IZ,96,297,201,v012
T42IZ,268,422,154,v016
T42IZ,477,645,168,v001
T42IZ,201,369,168,v016
T42IZ,475,657,182,v001
T42IZ,2,136,134,v012
6HT0J,196,482,286,v008
6HT0J,31,348,317,v001
6HT0J,120,307,187,v012
6HT0J,316,734,418,v019
6HT0J,163,468,305,v031
6HT0J,304,750,446,v016
6HT0J,67,216,149,v016
6HT0J,196,561,365,v008
6HT0J,465,607,142,v016
6HT0J,127,276,149,v023
6HT0J,0,160,160,v008
6HT0J,420,612,192,v016
6HT0J,132,266,134,v019
6HT0J,0,750,750,v018
6X6Y0,621,755,134,v019
6X6Y0,0,755,755,v022
6X6Y0,0,755,755,v032
WKPQ3,218,372,154,v012
WKPQ3,379,688,309,v024
WKPQ3,345,475,130,v016
WKPQ3,122,264,142,v027
WKPQ3,40,156,116,v025
WKPQ3,600,748,148,v001
WKPQ3,607,741,134,v001
WKPQ3,218,360,142,v012
OT35M,184,332,148,v008
OT35M,105,235,130,v016
OT35M,105,235,130,v025
OT35M,230,332,102,v013
OT35M,271,332,61,v019
OT35M,0,172,172,v008
OT35M,96,216,120,v025
OT35M,0,216,216,v016
OT35M,192,332,140,v014
OT35M,120,240,120,v028
OT35M,165,288,123,v023
OT35M,0,110,110,v008
OT35M,110,223,113,v025
OT35M,110,230,120,v025
7R44Z,424,705,281,v008
7R44Z,374,532,158,v023
7R44Z,444,643,199,v020
7R44Z,0,86,86,v008
7R44Z,19,182,163,v008
7R44Z,117,264,147,v016
7R44Z,0,434,434,v023
7R44Z,0,458,458,v030
7R44Z,350,489,139,v029
W0QSB,621,815,194,v016
W0QSB,0,345,345,v002
W0QSB,254,815,561,v008
W0QSB,614,815,201,v023
W0QSB,355,815,460,v030
UMTLM,348,452,104,v001
UMTLM,0,391,391,v030
UPT25,477,655,178,v010
UPT25,103,302,199,v018
UPT25,93,240,147,v018
UPT25,0,110,110,v016
UPT25,220,590,370,v014
UPT25,144,602,458,v008
UPT25,213,338,125,v012
UPT25,566,724,158,v031
UPT25,640,724,84,v009
UPT25,124,724,600,v018
UPT25,64,319,255,v023
C83CH,0,309,309,v031
C83CH,189,382,193,v028
C83CH,288,382,94,v016
C83CH,0,252,252,v003
C83CH,285,382,97,v016
C83CH,0,120,120,v008
C83CH,285,382,97,v025
KWJ5O,619,813,194,v016
KWJ5O,739,827,88,v031
KWJ5O,0,710,710,v008
KWJ5O,633,744,111,v022
KWJ5O,0,784,784,v008
KWJ5O,573,827,254,v023
KWJ5O,0,739,739,v005
KWJ5O,0,746,746,v005
KWJ5O,0,746,746,v008
KWJ5O,631,806,175,v016
KWJ5O,0,727,727,v018
5NG6Q,429,672,243,v008
5NG6Q,249,614,365,v030
5NG6Q,0,103,103,v016
5NG6Q,237,434,197,v023
5NG6Q,331,504,173,v016
5NG6Q,261,532,271,v015
5NG6Q,0,735,735,v032
5NG6Q,424,609,185,v030
5NG6Q,26,679,653,v008
5NG6Q,252,357,105,v002
5NG6Q,422,614,192,v026
5NG6Q,684,735,51,v002
5NG6Q,686,735,49,v026
9LRJZ,40,820,780,v008
9LRJZ,458,727,269,v012
9LRJZ,50,871,821,v009
9LRJZ,129,271,142,v019
9LRJZ,0,931,931,v008
9LRJZ,0,931,931,v008
9LRJZ,36,801,765,v008
6OQYV,0,127,127,v008
6OQYV,21,228,207,v016
6OQYV,0,117,117,v023
6OQYV,132,316,184,v030
6OQYV,148,309,161,v001
6OQYV,33,220,187,v016
6OQYV,0,187,187,v008
6OQYV,33,187,154,v025
6OQYV,144,283,139,v001
6OQYV,144,280,136,v007
6OQYV,0,103,103,v017
6OQYV,259,372,113,v027
6OQYV,0,60,60,v029
6OQYV,127,292,165,v012
6OQYV,141,252,111,v012
6OQYV,127,280,153,v006
LKH9A,552,700,148,v016
LKH9A,242,648,406,v031
LKH9A,564,708,144,v022
LKH9A,600,795,195,v007
LKH9A,146,684,538,v008
LKH9A,194,684,490,v008
LKH9A,96,271,175,v026
LKH9A,153,285,132,v023
LKH9A,153,261,108,v023
LKH9A,24,156,132,v029
LKH9A,580,715,135,v025
LKH9A,588,727,139,v025
LKH9A,268,436,168,v012
LKH9A,595,795,200,v001
LKH9A,576,691,115,v016
LKH9A,223,357,134,v018
LKH9A,0,144,144,v027
LKH9A,247,667,420,v018
LKH9A,535,648,113,v001
LKH9A,722,795,73,v027
LKH9A,604,795,191,v001
FOP0L,0,425,425,v031
FOP0L,0,425,425,v008
FOP0L,0,425,425,v004
SUE5L,4,612,608,v004
SUE5L,384,624,240,v008
SUE5L,4,523,519,v018
SUE5L,391,552,161,v022
SUE5L,0,638,638,v008
SUE5L,324,602,278,v008
SUE5L,364,566,202,v023
SUE5L,0,151,151,v018
SUE5L,403,511,108,v008
SUE5L,9,532,523,v008
SUE5L,391,612,221,v023
SUE5L,391,604,213,v008
SUE5L,384,759,375,v016
SUE5L,0,88,88,v017
QQGU3,184,360,176,v008
QQGU3,26,254,228,v023
QQGU3,168,285,117,v008
QQGU3,0,434,434,v018
QQGU3,0,127,127,v012
QQGU3,247,434,187,v012
QQGU3,0,127,127,v012
QQGU3,100,338,238,v016
QQGU3,0,372,372,v023
QQGU3,55,434,379,v016
QQGU3,74,434,360,v008
QQGU3,0,434,434,v026
QQGU3,62,249,187,v023
QQGU3,0,124,124,v007
QQGU3,189,345,156,v016
QQGU3,364,434,70,v023
DK9PH,0,199,199,v012
DK9PH,48,266,218,v008
DK9PH,48,266,218,v016
DK9PH,43,280,237,v016
DK9PH,156,296,140,v023
DK9PH,28,216,188,v016
DK9PH,21,124,103,v023
DK9PH,146,296,150,v016
DK9PH,24,129,105,v008
DK9PH,163,296,133,v022
DK9PH,0,256,256,v026
DK9PH,0,259,259,v026
DK9PH,144,296,152,v025
IQA16,38,352,314,v016
IQA16,0,201,201,v012
IQA16,268,470,202,v027
IQA16,19,326,307,v016
IQA16,0,285,285,v008
IQA16,0,194,194,v019
IQA16,0,266,266,v023
IQA16,12,112,100,v008
IQA16,45,165,120,v016
JP5NM,333,568,235,v008
JP5NM,235,568,333,v008
JP5NM,12,228,216,v028
JP5NM,0,187,187,v023
JP5NM,0,568,568,v022
JP5NM,165,568,403,v016
JP5NM,309,568,259,v016
JP5NM,304,568,264,v005
JP5NM,151,367,216,v008
JP5NM,302,568,266,v005
JP5NM,103,211,108,v025
JP5NM,312,420,108,v023
JP5NM,268,568,300,v021
JP5NM,148,340,192,v023
JP5NM,69,199,130,v008
JP5NM,295,422,127,v023
JP5NM,328,568,240,v008
JP5NM,84,208,124,v016
PJDUN,0,103,103,v010
PJDUN,0,141,141,v000
PJDUN,0,115,115,v000
PJDUN,196,360,164,v026
PJDUN,0,182,182,v022
PJDUN,444,744,300,v016
PJDUN,264,417,153,v008
PJDUN,189,350,161,v023
PJDUN,465,744,279,v018
PJDUN,460,744,284,v032
PJDUN,271,386,115,v012
PJDUN,312,420,108,v001
PJDUN,429,566,137,v016
PJDUN,544,681,137,v023
PJDUN,588,744,156,v032
PJDUN,230,566,336,v008
PJDUN,412,556,144,v018
PJDUN,470,744,274,v031
PJDUN,460,744,284,v018
82QZP,21,314,293,v016
82QZP,0,771,771,v023
82QZP,0,771,771,v008
82QZP,0,771,771,v018
82QZP,703,771,68,v019
82QZP,592,771,179,v031
NDDHA,0,72,72,v023
NDDHA,283,410,127,v023
NDDHA,480,623,143,v017
NDDHA,283,583,300,v003
NDDHA,292,576,284,v003
NDDHA,0,98,98,v016
NDDHA,0,367,367,v030
NDDHA,0,79,79,v016
NDDHA,0,360,360,v008
NDDHA,285,559,274,v008
NDDHA,302,432,130,v016
C1DK7,100,244,144,v001
C1DK7,540,658,118,v001
C1DK7,0,518,518,v008
C1DK7,0,252,252,v014
C1DK7,494,621,127,v012
C1DK7,424,552,128,v022
C1DK7,0,525,525,v018
C1DK7,494,621,127,v007
C1DK7,446,650,204,v017
C1DK7,0,535,535,v018
C1DK7,410,518,108,v016
C1DK7,148,516,368,v014
C1DK7,0,542,542,v032
C1DK7,0,240,240,v031
C1DK7,412,520,108,v016
C1DK7,518,657,139,v029
T06AT,0,742,742,v008
T06AT,33,156,123,v012
T06AT,192,720,528,v019
T06AT,122,742,620,v008
T06AT,120,321,201,v008
T06AT,0,60,60,v023
T06AT,40,182,142,v029
T06AT,393,674,281,v009
T06AT,0,321,321,v017
T06AT,26,134,108,v007
3LIGG,0,295,295,v008
3LIGG,247,508,261,v019
3LIGG,100,355,255,v009
3LIGG,0,69,69,v023
3LIGG,84,254,170,v016
3LIGG,36,208,172,v029
WPU76,249,763,514,v026
WPU76,0,223,223,v023
WPU76,254,895,641,v026
WPU76,429,549,120,v016
WPU76,0,261,261,v008
WPU76,24,242,218,v008
WPU76,50,223,173,v017
WPU76,259,715,456,v008
WPU76,127,252,125,v016
WPU76,0,129,129,v023
WPU76,273,417,144,v003
WPU76,340,715,375,v025
WPU76,60,355,295,v029
WPU76,0,160,160,v026
WPU76,244,854,610,v023
WPU76,340,484,144,v008
WPU76,340,484,144,v016
WPU76,38,271,233,v016
WPU76,340,484,144,v026
WPU76,336,888,552,v016
DYWLL,0,745,745,v018
DYWLL,0,745,745,v019
DYWLL,0,745,745,v031
DYWLL,0,745,745,v009
DYWLL,0,127,127,v008
DYWLL,86,264,178,v008
DYWLL,216,376,160,v005
DYWLL,31,182,151,v019
DYWLL,189,316,127,v019
DYWLL,348,487,139,v019
DYWLL,0,745,745,v008
LXEPT,417,741,324,v023
LXEPT,148,350,202,v016
LXEPT,7,168,161,v018
LXEPT,0,163,163,v018
LXEPT,206,350,144,v016
LXEPT,410,746,336,v008
LXEPT,4,196,192,v023
LXEPT,52,477,425,v008
LXEPT,391,746,355,v031
LXEPT,355,480,125,v025
LXEPT,350,477,127,v025
LXEPT,72,746,674,v018
LXEPT,216,338,122,v008
LXEPT,105,278,173,v012
LXEPT,456,746,290,v032
LXEPT,355,484,129,v016
LXEPT,408,746,338,v032
LXEPT,208,350,142,v016
LXEPT,213,328,115,v023
LXEPT,403,532,129,v012
WTIQ3,268,775,507,v026
WTIQ3,247,782,535,v026
WTIQ3,127,259,132,v016
WTIQ3,0,67,67,v029
WTIQ3,211,777,566,v008
WTIQ3,156,266,110,v025
WTIQ3,0,264,264,v008
WTIQ3,669,782,113,v016
WTIQ3,129,264,135,v025
WTIQ3,216,357,141,v023
WTIQ3,129,264,135,v016
2AIP4,871,1072,201,v027
2AIP4,619,871,252,v005
2AIP4,818,1005,187,v022
2AIP4,0,914,914,v005
2AIP4,0,972,972,v018
2AIP4,0,129,129,v016
2AIP4,48,151,103,v023
2AIP4,38,460,422,v008
2AIP4,156,412,256,v015
2AIP4,333,468,135,v016
2AIP4,0,972,972,v018
2AIP4,866,1015,149,v018
2AIP4,0,139,139,v008
2AIP4,840,1072,232,v008
2AIP4,0,967,967,v018
2AIP4,688,880,192,v004
1HYO4,0,794,794,v008
1HYO4,0,794,794,v008
1HYO4,26,794,768,v024
1HYO4,0,794,794,v014
1HYO4,24,794,770,v023
30I35,36,199,163,v004
30I35,216,350,134,v015
30I35,36,218,182,v023
30I35,14,136,122,v008
30I35,324,572,248,v008
30I35,324,572,248,v023
30I35,21,420,399,v016
30I35,127,410,283,v016
30I35,38,420,382,v008
30I35,326,451,125,v023
30I35,144,266,122,v016
30I35,374,572,198,v014
30I35,141,254,113,v016
BPZ55,0,740,740,v004
BPZ55,0,740,740,v008
BPZ55,0,740,740,v026
BPZ55,0,740,740,v018
BPZ55,0,740,740,v026
BPZ55,0,740,740,v026
BPZ55,0,740,740,v008
1E1EN,254,744,490,v016
1E1EN,0,108,108,v016
1E1EN,69,206,137,v022
1E1EN,50,165,115,v025
1E1EN,273,391,118,v025
1E1EN,50,165,115,v025
1E1EN,0,100,100,v023
1E1EN,9,165,156,v008
1E1EN,201,343,142,v016
1E1EN,640,756,116,v023
1E1EN,36,165,129,v026
1E1EN,0,115,115,v008
1E1EN,31,160,129,v008
1E1EN,31,165,134,v016
1E1EN,242,391,149,v016
1E1EN,88,194,106,v023
1E1EN,254,355,101,v016
1E1EN,0,158,158,v026
1E1EN,0,165,165,v026
1E1EN,0,172,172,v023
1E1EN,81,343,262,v008
1E1EN,31,165,134,v023
1E1EN,117,304,187,v004
1E1EN,0,100,100,v008
1E1EN,0,165,165,v025
1E1EN,280,384,104,v025
1E1EN,391,532,141,v025
1E1EN,36,168,132,v026
FJYZH,0,268,268,v008
FJYZH,290,426,136,v005
FJYZH,134,268,134,v016
FJYZH,0,235,235,v031
FJYZH,115,220,105,v001
FJYZH,0,264,264,v008
FJYZH,240,360,120,v023
FJYZH,0,225,225,v019
FJYZH,271,426,155,v008
FJYZH,271,426,155,v016
FJYZH,0,223,223,v019
FJYZH,0,223,223,v009
FJYZH,134,264,130,v016
Y50QF,439,830,391,v008
Y50QF,765,897,132,v012
Y50QF,384,525,141,v022
Y50QF,0,484,484,v018
Y50QF,523,741,218,v015
Y50QF,0,484,484,v005
Y50QF,0,484,484,v018
Y50QF,403,525,122,v018
Y50QF,69,463,394,v016
Y50QF,434,840,406,v023
Y50QF,69,463,394,v023
Y50QF,712,859,147,v016
Y50QF,672,849,177,v016
ECW3E,242,952,710,v008
ECW3E,242,952,710,v031
ECW3E,568,952,384,v006
ECW3E,33,249,216,v012
ECW3E,33,249,216,v012
ECW3E,266,952,686,v014
ECW3E,352,492,140,v012
ECW3E,223,391,168,v023
L39A4,110,816,706,v032
L39A4,100,372,272,v012
L39A4,7,151,144,v018
L39A4,0,115,115,v017
L39A4,724,847,123,v025
L39A4,0,124,124,v029
L39A4,691,837,146,v016
L39A4,691,837,146,v016
L39A4,74,837,763,v008
L39A4,736,883,147,v022
L39A4,69,837,768,v008
L39A4,674,792,118,v001
L39A4,14,187,173,v018
L39A4,724,888,164,v025
L39A4,69,216,147,v023
L39A4,542,708,166,v019
L39A4,86,806,720,v031
L39A4,535,679,144,v009
L39A4,60,206,146,v023
L39A4,547,688,141,v019
874F1,132,784,652,v021
874F1,105,244,139,v023
874F1,175,290,115,v023
874F1,96,266,170,v008
874F1,112,264,152,v008
874F1,0,127,127,v023
874F1,0,172,172,v005
874F1,105,244,139,v023
874F1,180,290,110,v023
874F1,182,784,602,v008
874F1,62,170,108,v020
874F1,93,201,108,v016
874F1,0,86,86,v004
874F1,148,784,636,v008
874F1,168,784,616,v008
874F1,0,182,182,v008
874F1,62,182,120,v016
COFJV,208,420,212,v005
COFJV,0,98,98,v012
COFJV,206,420,214,v005
COFJV,316,472,156,v022
COFJV,170,314,144,v016
COFJV,165,336,171,v016
COFJV,165,348,183,v008
COFJV,0,427,427,v018
COFJV,160,319,159,v023
COFJV,160,319,159,v023
COFJV,180,532,352,v008
COFJV,0,319,319,v008
COFJV,357,532,175,v017
COFJV,223,532,309,v008
U8M2P,0,786,786,v008
U8M2P,38,319,281,v020
U8M2P,0,786,786,v008
U8M2P,0,786,786,v026
U8M2P,0,786,786,v026
U8M2P,0,786,786,v008
U8M2P,0,786,786,v026
D8FTI,72,218,146,v016
D8FTI,0,163,163,v008
D8FTI,0,218,218,v016
D8FTI,33,168,135,v012
D8FTI,127,648,521,v026
D8FTI,127,633,506,v008
D8FTI,45,182,137,v007
D8FTI,132,616,484,v030
D8FTI,88,633,545,v026
D8FTI,48,175,127,v012
D8FTI,132,249,117,v023
D8FTI,81,228,147,v016
D8FTI,134,580,446,v026
D8FTI,492,643,151,v016
D8FTI,0,204,204,v008
3VH9O,129,343,214,v023
3VH9O,0,727,727,v031
3VH9O,136,352,216,v005
3VH9O,141,302,161,v023
3VH9O,38,218,180,v019
3VH9O,38,218,180,v019
3VH9O,204,727,523,v008
3VH9O,79,189,110,v009
3VH9O,0,727,727,v008
3VH9O,218,343,125,v016
3VH9O,0,727,727,v018
WF89D,542,728,186,v016
WF89D,158,302,144,v004
WF89D,319,499,180,v008
WF89D,43,180,137,v019
WF89D,513,728,215,v023
WF89D,141,244,103,v008
WF89D,206,309,103,v008
WF89D,309,496,187,v019
WF89D,144,309,165,v008
WF89D,84,252,168,v023
WF89D,309,504,195,v031
WF89D,84,252,168,v023
WF89D,24,172,148,v009
WF89D,148,564,416,v016
N0NLE,0,709,709,v008
N0NLE,564,709,145,v009
N0NLE,40,144,104,v019
N0NLE,0,660,660,v014
5R7VN,170,340,170,v001
5R7VN,0,259,259,v028
5R7VN,0,304,304,v028
5R7VN,33,220,187,v016
5R7VN,26,235,209,v025
5R7VN,2,132,130,v008
5R7VN,21,256,235,v025
V0ZD9,556,905,349,v016
V0ZD9,0,592,592,v008
V0ZD9,410,556,146,v015
V0ZD9,7,578,571,v030
V0ZD9,564,684,120,v023
V0ZD9,588,724,136,v008
V0ZD9,633,905,272,v003
V0ZD9,182,905,723,v019
V0ZD9,0,288,288,v023
V0ZD9,307,573,266,v030
V0ZD9,180,328,148,v009
V0ZD9,12,384,372,v030
V0ZD9,110,393,283,v016
W292V,158,338,180,v004
W292V,0,451,451,v018
W292V,348,508,160,v022
W292V,292,475,183,v012
W292V,0,472,472,v018
W292V,312,434,122,v019
W292V,242,362,120,v016
W292V,242,362,120,v016
W292V,165,343,178,v008
W292V,285,451,166,v012
W292V,153,367,214,v023
W292V,0,254,254,v000
W292V,237,372,135,v016
W292V,295,511,216,v007
G7K5A,0,72,72,v008
G7K5A,141,265,124,v008
G7K5A,62,230,168,v023
G7K5A,112,232,120,v025
G7K5A,76,265,189,v016
G7K5A,0,151,151,v016
G7K5A,31,148,117,v025
G7K5A,117,240,123,v025
G7K5A,60,182,122,v026
G7K5A,31,148,117,v025
G7K5A,0,182,182,v018
G7K5A,180,265,85,v029
G7K5A,0,62,62,v023
G7K5A,62,228,166,v023
G7K5A,52,265,213,v008
G7K5A,79,201,122,v022
R4SJJ,753,1063,310,v001
R4SJJ,108,295,187,v016
R4SJJ,1017,1121,104,v012
R4SJJ,1044,1121,77,v031
R4SJJ,7,160,153,v001
R4SJJ,271,866,595,v026
R4SJJ,0,254,254,v008
R4SJJ,86,254,168,v023
R4SJJ,1010,1121,111,v008
R4SJJ,148,261,113,v025
R4SJJ,91,283,192,v023
R4SJJ,237,816,579,v026
R4SJJ,1005,1121,116,v008
R4SJJ,52,187,135,v012
R4SJJ,388,518,130,v016
R4SJJ,0,127,127,v029
R4SJJ,417,580,163,v023
R4SJJ,0,86,86,v023
R4SJJ,175,321,146,v016
R4SJJ,669,816,147,v025
R4SJJ,98,261,163,v008
R4SJJ,276,799,523,v026
R4SJJ,86,261,175,v016
R4SJJ,405,518,113,v016
R4SJJ,595,703,108,v016
R4SJJ,0,136,136,v007
R4SJJ,0,312,312,v008
R4SJJ,1010,1121,111,v023
FYHTC,376,585,209,v014
FYHTC,556,684,128,v012
FYHTC,242,458,216,v018
FYHTC,420,585,165,v022
FYHTC,26,223,197,v001
FYHTC,184,304,120,v016
FYHTC,324,456,132,v010
FYHTC,578,684,106,v029
FYHTC,0,136,136,v007
FYHTC,55,264,209,v007
FYHTC,26,175,149,v004
FYHTC,475,619,144,v016
FYHTC,0,98,98,v023
FYHTC,0,288,288,v008
FYHTC,360,592,232,v008
FYHTC,7,264,257,v006
FYHTC,177,288,111,v016
FYHTC,266,547,281,v018
FYHTC,372,513,141,v023
690SL,0,831,831,v008
690SL,0,422,422,v019
690SL,0,235,235,v031
690SL,0,93,93,v019
YDWIW,0,259,259,v018
YDWIW,0,132,132,v008
YDWIW,120,304,184,v031
YDWIW,0,387,387,v008
YDWIW,0,387,387,v008
YDWIW,0,225,225,v013
YDWIW,0,387,387,v008
YDWIW,0,387,387,v018
YDWIW,0,387,387,v014
ZX37G,43,187,144,v016
ZX37G,182,312,130,v012
ZX37G,0,81,81,v029
ZX37G,64,194,130,v018
ZX37G,67,182,115,v016
ZX37G,213,417,204,v031
ZX37G,62,177,115,v016
ZX37G,67,417,350,v032
ZX37G,98,417,319,v018
ZX37G,69,417,348,v018
ZX37G,52,172,120,v016
ZX37G,189,417,228,v014
ZX37G,0,228,228,v008
ZX37G,0,194,194,v023
LA6AA,52,283,231,v008
LA6AA,0,175,175,v029
LA6AA,0,307,307,v023
LA6AA,624,669,45,v031
LA6AA,624,669,45,v016
LA6AA,624,669,45,v026
LA6AA,624,669,45,v023
YHXU9,360,568,208,v023
YHXU9,422,571,149,v032
YHXU9,0,456,456,v028
YHXU9,304,484,180,v023
YHXU9,326,444,118,v008
YHXU9,340,444,104,v025
YHXU9,415,585,170,v008
YHXU9,352,460,108,v026
YHXU9,326,448,122,v016
YHXU9,340,448,108,v025
YHXU9,463,600,137,v025
YHXU9,482,597,115,v016
YHXU9,475,619,144,v016
YHXU9,448,564,116,v020
YHXU9,420,597,177,v008
YHXU9,393,523,130,v023
7RA0M,28,376,348,v016
7RA0M,273,381,108,v022
7RA0M,105,362,257,v016
7RA0M,0,223,223,v012
7RA0M,196,369,173,v026
7RA0M,0,367,367,v008
7RA0M,0,256,256,v008
7RA0M,0,136,136,v031
7RA0M,36,187,151,v001
A6R12,40,744,704,v031
A6R12,40,744,704,v021
A6R12,0,744,744,v031
A6R12,45,744,699,v008
A6R12,38,744,706,v008
A6R12,31,744,713,v010
A6R12,31,744,713,v021
A6R12,31,744,713,v010
YJ1KW,211,343,132,v018
YJ1KW,0,755,755,v031
YJ1KW,204,333,129,v018
YJ1KW,0,100,100,v016
YJ1KW,256,379,123,v016
YJ1KW,228,755,527,v018
YJ1KW,645,755,110,v009
YJ1KW,412,739,327,v023
YJ1KW,0,139,139,v029
YJ1KW,0,755,755,v005
YJ1KW,0,755,755,v008
YJ1KW,0,755,755,v018
YJ1KW,0,755,755,v008
YJ1KW,0,755,755,v014
YJ1KW,0,755,755,v008
YJ1KW,652,755,103,v019
PH5VU,444,672,228,v012
PH5VU,698,912,214,v008
PH5VU,708,926,218,v023
PH5VU,660,883,223,v031
PH5VU,732,897,165,v012
PH5VU,290,554,264,v003
PH5VU,835,972,137,v016
PH5VU,669,804,135,v001
PH5VU,12,765,753,v008
PH5VU,825,967,142,v016
PH5VU,820,972,152,v016
PH5VU,722,960,238,v008
PH5VU,679,813,134,v007
PH5VU,448,672,224,v016
PH5VU,679,813,134,v001
PH5VU,741,864,123,v023
PH5VU,830,972,142,v016
PH5VU,717,931,214,v023
PH5VU,369,667,298,v023
WUTHF,14,136,122,v008
WUTHF,14,127,113,v016
WUTHF,288,398,110,v007
WUTHF,626,758,132,v012
WUTHF,160,266,106,v025
WUTHF,124,235,111,v008
WUTHF,19,153,134,v017
WUTHF,124,266,142,v025
VJG6E,216,415,199,v012
VJG6E,0,168,168,v008
VJG6E,72,240,168,v016
VJG6E,144,264,120,v018
VJG6E,168,415,247,v018
VJG6E,297,415,118,v031
VJG6E,283,415,132,v031
VJG6E,0,228,228,v008
VJG6E,62,242,180,v016
VJG6E,64,225,161,v025
VJG6E,72,240,168,v026
VJG6E,264,415,151,v032
VJG6E,182,415,233,v018
VJG6E,314,415,101,v014
VJG6E,0,120,120,v017
7KHIH,0,252,252,v006
7KHIH,148,255,107,v023
7KHIH,129,255,126,v023
7KHIH,177,255,78,v017
7KHIH,184,255,71,v029
RUKXT,0,237,237,v008
RUKXT,0,391,391,v014
RUKXT,105,391,286,v018
RUKXT,33,158,125,v018
RUKXT,0,391,391,v031
RUKXT,86,295,209,v016
RUKXT,86,391,305,v010
ZND9F,0,493,493,v008
ZND9F,0,280,280,v008
ZND9F,249,372,123,v029
ZND9F,0,304,304,v008
WF7P3,232,385,153,v007
WF7P3,0,385,385,v008
WF7P3,336,385,49,v012
TKJCI,304,484,180,v031
TKJCI,391,727,336,v010
TKJCI,0,492,492,v008
TKJCI,0,408,408,v013
TKJCI,0,513,513,v018
TKJCI,0,727,727,v014
8V8HC,38,192,154,v025
8V8HC,0,146,146,v017
8V8HC,0,223,223,v009
8V8HC,79,187,108,v025
8V8HC,0,216,216,v019
8V8HC,40,170,130,v023
8V8HC,55,182,127,v008
9JZO2,21,319,298,v008
9JZO2,0,237,237,v008
9JZO2,626,859,233,v003
9JZO2,0,362,362,v005
9JZO2,360,482,122,v016
9JZO2,0,302,302,v005
9JZO2,549,715,166,v003
9JZO2,472,835,363,v016
9JZO2,468,852,384,v008
9JZO2,249,369,120,v029
9JZO2,0,444,444,v008
9JZO2,338,487,149,v016
9JZO2,429,655,226,v023
9JZO2,278,499,221,v016
9JZO2,348,499,151,v016
9JZO2,811,859,48,v016
9JZO2,811,859,48,v008
9JZO2,811,859,48,v016
0UK3H,192,591,399,v012
0UK3H,0,591,591,v018
0UK3H,0,591,591,v018
0UK3H,50,196,146,v001
I7AS7,338,540,202,v008
I7AS7,331,468,137,v023
I7AS7,12,153,141,v012
I7AS7,0,122,122,v017
I7AS7,364,496,132,v005
I7AS7,96,232,136,v016
I7AS7,213,319,106,v016
I7AS7,312,540,228,v008
I7AS7,331,441,110,v023
I7AS7,110,422,312,v016
I7AS7,0,88,88,v029
I7AS7,199,312,113,v023
I7AS7,139,264,125,v012
JKWJ6,331,554,223,v005
JKWJ6,338,556,218,v005
JKWJ6,465,616,151,v022
JKWJ6,0,228,228,v031
JKWJ6,0,242,242,v010
JKWJ6,184,580,396,v023
JKWJ6,206,477,271,v023
JKWJ6,124,333,209,v000
JKWJ6,494,650,156,v016
JKWJ6,204,648,444,v008
JKWJ6,218,530,312,v008
JKWJ6,331,460,129,v023
JKWJ6,501,650,149,v025
JKWJ6,345,636,291,v008
JKWJ6,237,475,238,v023
JKWJ6,458,669,211,v016
JFBTV,516,726,210,v004
JFBTV,84,465,381,v026
JFBTV,0,139,139,v012
JFBTV,28,480,452,v026
JFBTV,24,168,144,v029
JFBTV,475,726,251,v008
JFBTV,470,590,120,v023
JFBTV,0,139,139,v012
JFBTV,384,487,103,v027
JFBTV,0,112,112,v007
JFBTV,0,76,76,v027
JFBTV,403,542,139,v001
JFBTV,403,542,139,v001
5C4EK,0,230,230,v032
5C4EK,0,375,375,v018
5C4EK,0,151,151,v012
5C4EK,136,375,239,v005
5C4EK,129,273,144,v023
5C4EK,0,375,375,v008
5C4EK,0,148,148,v031
5C4EK,0,375,375,v008
5C4EK,52,204,152,v001
W8P6Q,364,801,437,v010
W8P6Q,0,386,386,v031
W8P6Q,0,127,127,v009
W8P6Q,698,834,136,v022
W8P6Q,9,369,360,v018
W8P6Q,0,244,244,v019
W8P6Q,0,115,115,v018
W8P6Q,686,816,130,v000
W8P6Q,331,816,485,v018
W8P6Q,26,336,310,v019
KZ36U,319,506,187,v031
KZ36U,50,261,211,v023
KZ36U,72,735,663,v008
KZ36U,69,192,123,v017
KZ36U,72,735,663,v014
KZ36U,216,372,156,v013
4NHRT,74,213,139,v008
4NHRT,67,220,153,v016
4NHRT,247,367,120,v029
4NHRT,45,208,163,v023
4NHRT,129,312,183,v017
I87SH,0,194,194,v010
I87SH,26,254,228,v022
I87SH,0,204,204,v018
I87SH,451,746,295,v012
I87SH,456,746,290,v031
I87SH,0,88,88,v000
I87SH,220,422,202,v003
U5RYN,0,67,67,v027
U5RYN,0,86,86,v025
U5RYN,0,96,96,v019
U5RYN,0,84,84,v008
U5RYN,0,86,86,v025
U5RYN,297,432,135,v016
KVXJ9,0,739,739,v026
KVXJ9,24,264,240,v017
KVXJ9,0,739,739,v026
KVXJ9,14,237,223,v008
KVXJ9,0,739,739,v008
MX6X6,0,405,405,v008
MX6X6,0,722,722,v018
MX6X6,0,722,722,v018
QMIKJ,0,163,163,v008
QMIKJ,192,719,527,v010
QMIKJ,38,223,185,v016
QMIKJ,0,223,223,v031
QMIKJ,177,343,166,v018
QMIKJ,261,566,305,v016
QMIKJ,204,475,271,v021
QMIKJ,16,235,219,v016
QMIKJ,199,561,362,v010
QMIKJ,326,552,226,v008
P8G2P,0,698,698,v008
P8G2P,0,684,684,v031
P8G2P,0,727,727,v012
P8G2P,148,352,204,v023
P8G2P,607,727,120,v008
P8G2P,588,727,139,v023
P8G2P,0,727,727,v023
P8G2P,0,705,705,v016
P8G2P,0,691,691,v008
4KK20,576,737,161,v025
4KK20,0,696,696,v008
4KK20,585,737,152,v025
4KK20,43,328,285,v024
4KK20,324,501,177,v001
4KK20,439,729,290,v012
4KK20,235,513,278,v019
4KK20,338,480,142,v014
4KK20,590,729,139,v025
4KK20,0,715,715,v008
4KK20,302,737,435,v008
4KK20,288,417,129,v023
62AC0,0,216,216,v018
62AC0,24,216,192,v023
62AC0,0,216,216,v018
62AC0,0,98,98,v031
62AC0,33,216,183,v008
62AC0,40,216,176,v008
62AC0,0,216,216,v031
62AC0,120,216,96,v016
62AC0,120,216,96,v016
62AC0,79,213,134,v004
62AC0,0,216,216,v032
NW0KT,206,600,394,v008
NW0KT,837,1099,262,v016
NW0KT,230,576,346,v031
NW0KT,1022,1185,163,v030
NW0KT,1015,1130,115,v008
NW0KT,1039,1185,146,v030
NW0KT,112,225,113,v012
NW0KT,117,232,115,v012
NW0KT,189,451,262,v023
NW0KT,1046,1185,139,v026
NW0KT,736,849,113,v031
NW0KT,1015,1159,144,v023
NW0KT,112,225,113,v012
NW0KT,48,302,254,v031
NW0KT,206,333,127,v023
NW0KT,439,564,125,v019
NW0KT,189,808,619,v008
NW0KT,326,446,120,v001
NW0KT,422,552,130,v019
ZM7BR,408,536,128,v029
ZM7BR,0,536,536,v022
VSLJG,372,592,220,v023
VSLJG,0,592,592,v031
VSLJG,0,592,592,v010
VSLJG,302,439,137,v018
VSLJG,0,564,564,v010
VSLJG,324,549,225,v018
VSLJG,408,592,184,v008
VSLJG,316,592,276,v018
V8IGX,484,647,163,v018
V8IGX,0,194,194,v012
V8IGX,379,547,168,v016
V8IGX,386,556,170,v016
V8IGX,0,232,232,v029
V8IGX,100,249,149,v001
V8IGX,91,542,451,v008
V8IGX,16,170,154,v007
V8IGX,134,268,134,v007
V8IGX,499,647,148,v018
V8IGX,499,616,117,v018
41F2M,199,340,141,v016
41F2M,108,256,148,v023
41F2M,271,530,259,v030
41F2M,0,127,127,v031
41F2M,117,304,187,v016
41F2M,122,297,175,v008
W5YUE,420,741,321,v030
W5YUE,189,388,199,v023
W5YUE,280,492,212,v025
W5YUE,744,789,45,v008
W5YUE,744,789,45,v023
W5YUE,571,693,122,v016
W5YUE,535,667,132,v015
W5YUE,232,372,140,v016
W5YUE,134,348,214,v008
W5YUE,364,789,425,v030
W5YUE,189,372,183,v025
HNDA6,460,696,236,v005
HNDA6,0,727,727,v031
HNDA6,516,712,196,v005
HNDA6,304,444,140,v008
HNDA6,304,727,423,v008
HNDA6,84,252,168,v030
HNDA6,667,727,60,v016
HNDA6,307,436,129,v023
4H935,108,244,136,v027
4H935,254,465,211,v004
4H935,0,153,153,v000
4H935,489,655,166,v022
4H935,559,773,214,v003
4H935,326,451,125,v008
4H935,0,103,103,v021
4H935,477,691,214,v008
4H935,324,504,180,v023
4H935,494,773,279,v016
4H935,376,542,166,v016
4H935,0,124,124,v010
4H935,0,175,175,v025
4H935,247,528,281,v016
4H935,0,204,204,v000
4H935,0,60,60,v010
4H935,465,590,125,v023
4H935,187,554,367,v018
EFUTW,189,331,142,v001
EFUTW,12,184,172,v012
EFUTW,300,411,111,v030
EFUTW,170,411,241,v023
EFUTW,88,266,178,v023
EFUTW,285,411,126,v030
EFUTW,177,319,142,v023
EFUTW,225,328,103,v001
EFUTW,302,400,98,v030
EFUTW,16,115,99,v012
EFUTW,160,266,106,v023
M6HAF,0,100,100,v012
M6HAF,172,274,102,v016
M6HAF,139,274,135,v023
M6HAF,156,274,118,v008
F9VSQ,0,175,175,v019
F9VSQ,12,144,132,v009
F9VSQ,168,376,208,v020
F9VSQ,7,845,838,v008
8D4ZT,36,256,220,v008
8D4ZT,148,307,159,v016
8D4ZT,160,333,173,v008
8D4ZT,36,256,220,v016
8D4ZT,523,733,210,v026
8D4ZT,304,733,429,v016
8D4ZT,0,74,74,v012
8D4ZT,28,271,243,v023
8D4ZT,228,410,182,v023
8D4ZT,156,307,151,v008
8D4ZT,528,729,201,v025
8D4ZT,7,124,117,v008
8D4ZT,36,192,156,v008
8D4ZT,0,733,733,v026
8D4ZT,0,733,733,v032
8D4ZT,0,733,733,v023
8D4ZT,36,724,688,v008
8D4ZT,0,271,271,v025
8D4ZT,0,733,733,v008
8D4ZT,328,547,219,v008
8D4ZT,117,278,161,v016
DZUR7,0,933,933,v006
DZUR7,0,933,933,v008
DZUR7,0,933,933,v026
DZUR7,0,933,933,v008
DZUR7,0,933,933,v006
DZUR7,0,933,933,v008
DZUR7,0,933,933,v030
IMLN5,134,372,238,v004
IMLN5,129,379,250,v008
IMLN5,268,453,185,v016
IMLN5,237,456,219,v023
IMLN5,0,711,711,v008
IMLN5,0,711,711,v008
IMLN5,439,595,156,v016
IMLN5,0,711,711,v014
NYHD7,0,645,645,v008
NYHD7,84,588,504,v024
NYHD7,76,588,512,v009
NYHD7,0,112,112,v018
NYHD7,432,645,213,v023
NYHD7,621,729,108,v029
NYHD7,136,300,164,v019
NYHD7,537,652,115,v016
977PN,0,467,467,v018
977PN,0,467,467,v020
FJYWX,547,842,295,v028
FJYWX,492,638,146,v016
FJYWX,583,806,223,v023
FJYWX,88,256,168,v023
FJYWX,715,847,132,v008
FJYWX,720,847,127,v016
FJYWX,492,638,146,v016
FJYWX,0,648,648,v008
JEB7V,0,743,743,v018
JEB7V,100,276,176,v005
JEB7V,696,743,47,v001
JEB7V,592,743,151,v005
JEB7V,580,743,163,v008
JEB7V,0,115,115,v031
JEB7V,0,676,676,v008
JEB7V,554,676,122,v016
JEB7V,0,743,743,v008
JEB7V,578,710,132,v016
JEB7V,0,743,743,v018
JEB7V,585,743,158,v008
RSRK7,0,76,76,v007
RSRK7,0,76,76,v031
RSRK7,0,76,76,v008
51RLB,0,483,483,v008
51RLB,64,247,183,v004
51RLB,48,456,408,v008
51RLB,0,483,483,v031
51RLB,72,456,384,v016
51RLB,48,144,96,v023
51RLB,0,483,483,v018
51RLB,0,483,483,v014
81R72,0,779,779,v008
81R72,530,739,209,v007
81R72,0,779,779,v019
81R72,549,715,166,v001
81R72,2,741,739,v009
BEJVY,177,360,183,v008
BEJVY,100,237,137,v025
BEJVY,112,264,152,v016
BEJVY,0,360,360,v018
BEJVY,0,204,204,v008
BEJVY,0,360,360,v018
BEJVY,136,271,135,v016
BEJVY,0,175,175,v012
BEJVY,139,360,221,v032
BEJVY,182,302,120,v016
BEJVY,0,230,230,v008
BEJVY,163,290,127,v023
BEJVY,96,244,148,v016
BEJVY,57,194,137,v005
GFK4S,345,468,123,v012
GFK4S,0,302,302,v010
GFK4S,232,376,144,v022
GFK4S,340,866,526,v026
GFK4S,0,316,316,v010
GFK4S,338,494,156,v012
GFK4S,0,324,324,v008
GFK4S,0,321,321,v021
GFK4S,98,312,214,v000
VNUPE,597,734,137,v026
VNUPE,417,616,199,v002
VNUPE,0,194,194,v008
VNUPE,0,499,499,v023
VNUPE,0,470,470,v026
VNUPE,124,424,300,v025
VNUPE,578,734,156,v008
VNUPE,0,652,652,v016
VNUPE,0,652,652,v016
VNUPE,0,652,652,v008
HSWPR,314,456,142,v027
HSWPR,153,307,154,v027
HSWPR,55,158,103,v016
HSWPR,0,79,79,v023
HSWPR,0,794,794,v018
HSWPR,151,794,643,v006
HSWPR,0,132,132,v004
HSWPR,36,199,163,v016
HSWPR,0,79,79,v008
HSWPR,0,794,794,v018
HSWPR,0,72,72,v023
HSWPR,26,211,185,v016
C6INR,412,846,434,v010
C6INR,408,846,438,v013
C6INR,0,403,403,v008
C6INR,302,846,544,v008
C6INR,384,520,136,v018
C6INR,400,846,446,v014
C6INR,422,520,98,v018
C6INR,780,846,66,v016
C6INR,0,307,307,v026
C6INR,0,91,91,v023
C6INR,0,324,324,v026
C6INR,230,396,166,v016
C6INR,340,465,125,v023
93HQR,0,756,756,v008
93HQR,549,756,207,v014
93HQR,549,710,161,v023
93HQR,564,756,192,v008
93HQR,0,756,756,v008
MNNJS,451,607,156,v023
MNNJS,511,736,225,v015
MNNJS,0,456,456,v030
MNNJS,439,607,168,v016
MNNJS,0,456,456,v030
MNNJS,297,580,283,v023
MNNJS,492,761,269,v032
MNNJS,444,576,132,v016
MNNJS,453,580,127,v008
MNNJS,472,614,142,v016
MNNJS,525,744,219,v008
MNNJS,0,542,542,v030
MNNJS,664,761,97,v026
WT46G,326,789,463,v004
WT46G,225,780,555,v009
WT46G,513,823,310,v019
WT46G,705,813,108,v022
WT46G,21,172,151,v008
WT46G,117,398,281,v031
WT46G,132,801,669,v031
WT46G,19,165,146,v018
WT46G,48,833,785,v008
WT46G,26,180,154,v018
WT46G,38,184,146,v008
WT46G,693,833,140,v016
WT46G,21,165,144,v023
WT46G,55,796,741,v018
WT46G,230,763,533,v009
WT46G,0,833,833,v010
WT46G,110,268,158,v016
WT46G,110,314,204,v000
WT46G,48,180,132,v018
3LMTS,388,728,340,v024
3LMTS,0,728,728,v002
3LMTS,391,728,337,v008
3LMTS,331,496,165,v023
1LBUG,115,732,617,v008
1LBUG,24,160,136,v020
1LBUG,708,756,48,v022
1LBUG,115,213,98,v008
URAIM,0,748,748,v021
URAIM,0,748,748,v010
URAIM,352,739,387,v008
URAIM,328,489,161,v013
URAIM,19,242,223,v000
URAIM,616,748,132,v016
URAIM,396,523,127,v019
URAIM,0,748,748,v008
URAIM,288,434,146,v023
URAIM,609,748,139,v016
URAIM,0,748,748,v021
URAIM,636,739,103,v016
URAIM,319,739,420,v008
URAIM,211,523,312,v009
URAIM,328,748,420,v031
URAIM,288,748,460,v023
TRVEA,0,180,180,v008
TRVEA,151,266,115,v008
TRVEA,132,266,134,v023
TRVEA,225,645,420,v014
TRVEA,0,86,86,v018
TRVEA,86,220,134,v025
TRVEA,160,309,149,v012
TRVEA,206,352,146,v031
TRVEA,86,194,108,v016
TRVEA,0,766,766,v018
TRVEA,86,194,108,v025
BO12I,0,743,743,v025
BO12I,74,424,350,v001
BO12I,0,364,364,v012
BO12I,424,743,319,v019
BO12I,52,338,286,v001
BO12I,0,151,151,v008
8QWE4,518,699,181,v031
8QWE4,0,192,192,v008
8QWE4,220,506,286,v030
8QWE4,0,187,187,v016
8QWE4,218,568,350,v030
8QWE4,0,699,699,v022
8QWE4,280,628,348,v008
8QWE4,0,199,199,v008
8QWE4,199,316,117,v008
8QWE4,81,187,106,v016
8QWE4,0,122,122,v029
8QWE4,72,211,139,v016
8QWE4,0,192,192,v008
8QWE4,84,192,108,v016
TBEV0,376,727,351,v008
TBEV0,254,408,154,v016
TBEV0,360,727,367,v018
TBEV0,391,727,336,v021
TBEV0,348,465,117,v018
TBEV0,0,230,230,v028
TBEV0,184,393,209,v026
TBEV0,0,105,105,v029
TBEV0,105,420,315,v008
TBEV0,432,705,273,v019
TBEV0,360,470,110,v023
TBEV0,331,727,396,v018
5HPZ1,501,808,307,v014
5HPZ1,288,480,192,v032
5HPZ1,0,808,808,v018
5HPZ1,0,208,208,v031
5HPZ1,388,542,154,v001
5HPZ1,0,542,542,v008
5HPZ1,571,808,237,v019
5HPZ1,465,619,154,v023
5HPZ1,499,768,269,v008
5HPZ1,393,554,161,v027
5HPZ1,0,554,554,v008
5HPZ1,448,561,113,v016
5HPZ1,0,808,808,v032
5HPZ1,381,489,108,v016
5HPZ1,717,808,91,v016
5HPZ1,0,768,768,v012
5HPZ1,0,808,808,v018
NI15V,0,735,735,v026
NI15V,309,511,202,v025
NI15V,0,735,735,v026
NI15V,0,735,735,v008
NI15V,0,735,735,v008
NI15V,444,609,165,v029
NI15V,316,475,159,v023
NI15V,324,468,144,v008
NI15V,0,88,88,v009
NI15V,0,573,573,v019
I6TPS,412,735,323,v002
3Q6N1,0,105,105,v012
3Q6N1,38,206,168,v005
3Q6N1,28,208,180,v005
3Q6N1,156,320,164,v020
3Q6N1,0,320,320,v018
3Q6N1,0,320,320,v018
3Q6N1,12,228,216,v016
3Q6N1,218,320,102,v031
3Q6N1,28,225,197,v016
3Q6N1,14,225,211,v008
3Q6N1,273,320,47,v014
3Q6N1,273,320,47,v032
3Q6N1,273,320,47,v004
69R8T,0,580,580,v008
69R8T,0,585,585,v008
69R8T,0,499,499,v018
69R8T,552,782,230,v004
69R8T,484,648,164,v023
69R8T,597,791,194,v005
69R8T,525,645,120,v016
69R8T,0,791,791,v018
69R8T,484,628,144,v016
69R8T,530,791,261,v008
69R8T,0,585,585,v016
69R8T,520,645,125,v023
69R8T,496,640,144,v023
S2FUO,0,201,201,v024
S2FUO,0,136,136,v016
S2FUO,184,333,149,v022
S2FUO,57,180,123,v023
S2FUO,0,136,136,v016
S2FUO,156,328,172,v001
S2FUO,0,136,136,v016
S2FUO,0,254,254,v014
S2FUO,0,300,300,v018
S2FUO,28,285,257,v026
S2FUO,127,259,132,v016
S2FUO,0,235,235,v026
S2FUO,16,117,101,v026
S2FUO,64,165,101,v008
S2FUO,98,201,103,v016
S2FUO,319,537,218,v015
S2FUO,52,192,140,v023
S2FUO,0,242,242,v008
S2FUO,144,254,110,v016
S2FUO,290,573,283,v002
5OV3M,0,259,259,v032
5OV3M,0,784,784,v018
5OV3M,436,600,164,v004
5OV3M,117,523,406,v005
5OV3M,0,784,784,v008
5OV3M,552,679,127,v019
5OV3M,427,542,115,v008
5OV3M,552,679,127,v019
5OV3M,403,564,161,v023
5OV3M,0,244,244,v008
5OV3M,0,784,784,v018
5OV3M,480,643,163,v016
1BGZ0,0,220,220,v008
1BGZ0,228,364,136,v001
1BGZ0,100,225,125,v012
1BGZ0,0,220,220,v008
1BGZ0,0,148,148,v017
1BGZ0,0,372,372,v023
1BGZ0,0,369,369,v023
1BGZ0,0,364,364,v008
1BGZ0,120,283,163,v029
1BGZ0,0,302,302,v023
1BGZ0,0,261,261,v016
1BGZ0,50,213,163,v007
T7ST5,211,517,306,v031
T7ST5,0,208,208,v005
T7ST5,127,259,132,v030
T7ST5,170,290,120,v016
T7ST5,163,278,115,v025
T7ST5,86,223,137,v016
T7ST5,0,216,216,v008
T7ST5,0,204,204,v008
8YD0O,0,842,842,v031
8YD0O,326,842,516,v005
8YD0O,0,842,842,v018
8YD0O,348,842,494,v005
8YD0O,0,842,842,v018
8YD0O,316,842,526,v008
8YD0O,280,489,209,v023
8YD0O,0,396,396,v014
8YD0O,355,842,487,v008
8YD0O,343,472,129,v023
8YD0O,343,472,129,v023
EMXAG,115,208,93,v025
EMXAG,0,88,88,v007
EMXAG,0,105,105,v012
EMXAG,88,208,120,v016
EMXAG,0,144,144,v029
EMXAG,62,208,146,v008
35LUV,516,824,308,v012
35LUV,0,674,674,v030
35LUV,326,576,250,v030
35LUV,0,824,824,v008
35LUV,0,112,112,v019
35LUV,0,612,612,v030
35LUV,0,612,612,v008
35LUV,0,612,612,v030
JZZH6,379,516,137,v008
JZZH6,408,609,201,v008
JZZH6,345,489,144,v012
JZZH6,352,633,281,v029
JZZH6,403,537,134,v023
JZZH6,307,417,110,v027
JZZH6,403,684,281,v023
JZZH6,362,484,122,v012
JZZH6,544,684,140,v003
JZZH6,513,684,171,v016
JZZH6,499,684,185,v029
PS7XK,0,739,739,v008
PS7XK,0,739,739,v031
PS7XK,0,739,739,v008
PS7XK,0,739,739,v022
PS7XK,0,739,739,v014
PS7XK,624,739,115,v019
PS7XK,652,739,87,v009
SJ4IG,235,405,170,v008
SJ4IG,0,405,405,v008
SJ4IG,0,405,405,v014
SJ4IG,26,343,317,v013
SJ4IG,208,355,147,v023
SJ4IG,0,405,405,v018
SVIXG,0,716,716,v008
SVIXG,33,314,281,v012
SVIXG,211,403,192,v023
SVIXG,324,583,259,v008
SVIXG,415,655,240,v016
SVIXG,256,513,257,v023
SVIXG,396,672,276,v005
SVIXG,0,716,716,v018
SVIXG,0,716,716,v008
SVIXG,0,716,716,v008
SVIXG,0,716,716,v018
BIQGN,379,508,129,v016
BIQGN,376,511,135,v016
BIQGN,300,427,127,v001
BIQGN,259,403,144,v012
BIQGN,393,573,180,v025
BIQGN,0,731,731,v022
BIQGN,280,432,152,v029
BIQGN,369,508,139,v008
BIQGN,0,110,110,v009
BIQGN,379,508,129,v025
BIQGN,0,129,129,v019
BIQGN,0,511,511,v023
XJA7Z,177,384,207,v004
XJA7Z,170,276,106,v008
XJA7Z,26,225,199,v015
XJA7Z,537,667,130,v008
XJA7Z,0,733,733,v008
XJA7Z,0,151,151,v023
XJA7Z,110,249,139,v016
XJA7Z,105,235,130,v016
JIUH7,0,240,240,v004
JIUH7,576,670,94,v001
JIUH7,528,648,120,v012
JIUH7,0,670,670,v008
JIUH7,393,544,151,v025
JIUH7,0,477,477,v008
JIUH7,364,523,159,v016
JIUH7,537,670,133,v029
JIUH7,525,670,145,v007
GHOR6,0,612,612,v016
GHOR6,0,612,612,v008
GHOR6,0,612,612,v025
GHOR6,0,612,612,v026
GHOR6,0,612,612,v023
GHOR6,0,612,612,v023
QUXYH,432,619,187,v008
QUXYH,362,549,187,v023
QUXYH,0,240,240,v021
QUXYH,331,602,271,v023
QUXYH,0,734,734,v016
QUXYH,324,734,410,v016
QUXYH,0,734,734,v008
QUXYH,336,453,117,v012
QUXYH,523,734,211,v005
QUXYH,0,261,261,v009
QUXYH,84,338,254,v019
Q0IHP,544,780,236,v004
Q0IHP,0,568,568,v002
Q0IHP,492,631,139,v016
Q0IHP,384,525,141,v005
Q0IHP,544,657,113,v023
Q0IHP,696,808,112,v016
Q0IHP,691,813,122,v016
Q0IHP,547,820,273,v008
OIL1V,266,371,105,v004
OIL1V,0,288,288,v006
OIL1V,223,333,110,v023
OIL1V,283,371,88,v005
OIL1V,223,371,148,v008
OIL1V,235,371,136,v022
OIL1V,225,333,108,v023
OIL1V,208,362,154,v023
OIL1V,240,371,131,v008
OWCJT,182,285,103,v004
OWCJT,141,336,195,v008
OWCJT,0,201,201,v028
OWCJT,240,368,128,v015
OWCJT,0,124,124,v023
OWCJT,45,223,178,v008
OWCJT,108,244,136,v016
OWCJT,136,266,130,v023
8SDK5,400,521,121,v018
8SDK5,0,521,521,v008
8SDK5,141,400,259,v009
8SDK5,360,521,161,v018
8SDK5,144,422,278,v019
8SDK5,369,521,152,v018
X11CU,96,321,225,v031
X11CU,0,757,757,v018
X11CU,0,757,757,v008
X11CU,0,757,757,v005
X11CU,312,434,122,v016
X11CU,160,295,135,v016
X11CU,312,448,136,v016
X11CU,312,448,136,v008
X11CU,0,757,757,v018
X11CU,76,316,240,v012
PLJIZ,0,424,424,v008
PLJIZ,340,736,396,v021
PLJIZ,336,736,400,v023
PLJIZ,0,405,405,v008
PLJIZ,237,420,183,v025
PLJIZ,672,736,64,v029
PLJIZ,240,355,115,v016
PLJIZ,240,369,129,v016
PLJIZ,76,321,245,v012
PLJIZ,76,321,245,v012
PLJIZ,74,199,125,v007
PLJIZ,0,343,343,v008
PLJIZ,0,103,103,v023
SS3IL,216,515,299,v008
SS3IL,151,506,355,v018
SS3IL,93,244,151,v018
SS3IL,0,515,515,v022
SS3IL,146,506,360,v018
SS3IL,31,223,192,v023
SS3IL,103,225,122,v016
SS3IL,103,225,122,v025
SS3IL,28,223,195,v016
SS3IL,43,223,180,v016
SS3IL,338,515,177,v019
SS3IL,235,515,280,v014
SS3IL,0,88,88,v031
SS3IL,201,321,120,v023
SS3IL,14,141,127,v023
SS3IL,40,211,171,v008
SS3IL,36,206,170,v008
HY4FS,9,220,211,v008
HY4FS,55,208,153,v016
HY4FS,100,708,608,v008
HY4FS,4,204,200,v016
HY4FS,393,732,339,v015
HY4FS,640,770,130,v022
HY4FS,0,196,196,v023
HY4FS,76,201,125,v019
HY4FS,117,278,161,v012
LQMXW,268,441,173,v016
LQMXW,124,360,236,v020
LQMXW,0,393,393,v016
LQMXW,0,398,398,v008
LQMXW,268,398,130,v016
LQMXW,0,386,386,v008
LQMXW,259,398,139,v025
LQMXW,172,350,178,v030
LQMXW,446,866,420,v008
LQMXW,429,580,151,v023
LQMXW,451,866,415,v008
LQMXW,0,403,403,v008
LQMXW,516,866,350,v026
1VF27,264,388,124,v008
1VF27,0,493,493,v018
1VF27,352,493,141,v008
1VF27,0,439,439,v032
1VF27,91,237,146,v023
1VF27,352,493,141,v004
1VF27,0,343,343,v008
1VF27,264,432,168,v005
1VF27,0,493,493,v012
1VF27,348,493,145,v016
1VF27,364,493,129,v023
1VF27,0,493,493,v032
1VF27,0,493,493,v008
1VF27,0,493,493,v018
1VF27,0,477,477,v031
4ZJXR,0,761,761,v010
4ZJXR,4,761,757,v008
4ZJXR,57,254,197,v012
4ZJXR,321,746,425,v005
4ZJXR,0,761,761,v021
4ZJXR,650,761,111,v023
4ZJXR,0,444,444,v016
4ZJXR,0,98,98,v023
4ZJXR,0,761,761,v010
4ZJXR,314,444,130,v008
4ZJXR,672,761,89,v008
4ZJXR,0,86,86,v023
4ZJXR,0,761,761,v018
4ZJXR,715,761,46,v004
4ZJXR,57,165,108,v023
STHIK,31,216,185,v008
STHIK,31,216,185,v008
STHIK,31,216,185,v017
STHIK,31,211,180,v008
STHIK,84,208,124,v029
STHIK,45,172,127,v004
STHIK,98,201,103,v005
MA4YN,0,117,117,v008
MA4YN,0,685,685,v023
MA4YN,0,685,685,v016
MA4YN,0,685,685,v026
MA4YN,0,685,685,v026
9PXI9,386,537,151,v016
9PXI9,523,657,134,v012
9PXI9,350,482,132,v023
9PXI9,441,590,149,v018
9PXI9,252,393,141,v022
9PXI9,0,345,345,v018
9PXI9,0,348,348,v018
9PXI9,412,537,125,v016
9PXI9,516,740,224,v032
9PXI9,609,740,131,v031
9PXI9,367,501,134,v008
9PXI9,616,740,124,v014
3W1GP,288,842,554,v028
3W1GP,0,62,62,v012
3W1GP,336,744,408,v012
3W1GP,696,842,146,v008
3W1GP,0,60,60,v029
3W1GP,69,208,139,v001
3W1GP,302,842,540,v008
3W1GP,772,842,70,v016
3W1GP,626,842,216,v008
3W1GP,621,789,168,v023
3W1GP,604,751,147,v023
3W1GP,187,388,201,v016
3W1GP,187,376,189,v028
3W1GP,108,225,117,v007
3W1GP,196,393,197,v025
3W1GP,439,842,403,v023
3W1GP,772,842,70,v025
BIB6C,110,295,185,v031
BIB6C,55,170,115,v022
BIB6C,0,151,151,v018
BIB6C,0,144,144,v014
BIB6C,67,175,108,v016
BIB6C,0,156,156,v019
BIB6C,0,151,151,v013
BIB6C,0,172,172,v018
BIB6C,0,177,177,v008
YGL6R,638,779,141,v008
YGL6R,115,355,240,v026
YGL6R,144,316,172,v008
YGL6R,144,364,220,v023
YGL6R,127,360,233,v023
YGL6R,127,379,252,v016
YGL6R,0,146,146,v016
YGL6R,0,779,779,v016
YGL6R,0,91,91,v023
YGL6R,187,314,127,v016
YGL6R,134,367,233,v016
YGL6R,506,691,185,v012
YGL6R,0,146,146,v017
YGL6R,0,134,134,v008
YGL6R,0,122,122,v016
YGL6R,0,127,127,v008
YGL6R,151,278,127,v023
YGL6R,144,484,340,v016
YGL6R,0,127,127,v023
YGL6R,151,278,127,v008
TJIK7,129,976,847,v018
TJIK7,230,448,218,v004
TJIK7,134,321,187,v015
TJIK7,93,225,132,v023
TJIK7,88,225,137,v018
TJIK7,156,463,307,v008
TJIK7,393,556,163,v016
TJIK7,398,590,192,v016
TJIK7,799,1015,216,v022
TJIK7,494,652,158,v001
TJIK7,124,981,857,v018
TJIK7,144,463,319,v005
TJIK7,494,652,158,v001
TJIK7,139,1015,876,v005
LSFJG,31,237,206,v008
LSFJG,285,470,185,v008
LSFJG,336,511,175,v019
LSFJG,319,494,175,v031
LSFJG,496,592,96,v017
LSFJG,43,225,182,v003
LSFJG,484,590,106,v016
LSFJG,393,528,135,v006
U9KYC,549,751,202,v008
U9KYC,273,751,478,v008
U9KYC,523,751,228,v026
U9KYC,172,415,243,v023
U9KYC,511,705,194,v023
ZKSR1,40,159,119,v008
ZKSR1,28,159,131,v023
ZKSR1,69,159,90,v031
ZKSR1,0,159,159,v008
ZKSR1,0,159,159,v031
ZKSR1,0,88,88,v023
ZKSR1,0,159,159,v008
ZKSR1,31,159,128,v023
ZKSR1,31,159,128,v008
ZKSR1,72,159,87,v019
ZKSR1,0,117,117,v023
9MNZ5,1032,1259,227,v031
9MNZ5,0,288,288,v031
9MNZ5,645,988,343,v005
9MNZ5,0,1259,1259,v018
9MNZ5,981,1259,278,v023
9MNZ5,242,660,418,v023
9MNZ5,1056,1259,203,v008
9MNZ5,506,652,146,v001
9MNZ5,993,1259,266,v008
9MNZ5,216,679,463,v008
9MNZ5,552,679,127,v016
9MNZ5,216,331,115,v023
9MNZ5,249,427,178,v012
9MNZ5,386,559,173,v016
9MNZ5,0,1259,1259,v018
9MNZ5,962,1202,240,v012
448J4,14,403,389,v008
448J4,168,511,343,v008
448J4,295,540,245,v016
448J4,415,679,264,v016
448J4,314,544,230,v016
448J4,168,309,141,v022
448J4,0,477,477,v023
448J4,331,525,194,v016
448J4,160,295,135,v026
448J4,168,302,134,v023
448J4,31,175,144,v029
448J4,0,525,525,v008
H032R,19,163,144,v025
H032R,0,175,175,v008
H032R,4,156,152,v025
H032R,297,472,175,v018
H032R,0,266,266,v029
H032R,0,108,108,v023
H032R,247,408,161,v026
H032R,297,535,238,v018
H032R,0,127,127,v029
H032R,31,160,129,v016
JHB0M,0,487,487,v018
JHB0M,0,487,487,v018
JHB0M,168,487,319,v008
JHB0M,184,357,173,v015
JHB0M,0,148,148,v005
JHB0M,120,268,148,v023
JHB0M,0,148,148,v008
HI75B,93,249,156,v012
HI75B,120,240,120,v027
HI75B,237,403,166,v022
HI75B,220,398,178,v001
HI75B,69,189,120,v007
HI75B,69,206,137,v012
HI75B,216,386,170,v001
2ADJI,0,194,194,v004
2ADJI,105,292,187,v008
2ADJI,110,264,154,v023
2ADJI,237,523,286,v008
2ADJI,240,525,285,v016
2ADJI,213,333,120,v023
2ADJI,0,393,393,v008
2ADJI,542,590,48,v016
2ADJI,124,228,104,v011
2ADJI,285,388,103,v016
38B3F,0,372,372,v005
38B3F,0,372,372,v008
38B3F,314,409,95,v008
38B3F,0,367,367,v005
38B3F,336,409,73,v019
38B3F,0,409,409,v008
38B3F,321,409,88,v019
1RD2K,0,132,132,v001
1RD2K,48,477,429,v008
1RD2K,31,292,261,v007
1RD2K,24,206,182,v017
1RD2K,0,132,132,v012
1RD2K,45,266,221,v006
1RD2K,24,477,453,v008
1RD2K,228,396,168,v006
PUY34,0,105,105,v012
PUY34,86,241,155,v023
PUY34,50,170,120,v022
PUY34,24,146,122,v001
PUY34,0,146,146,v007
PUY34,96,241,145,v008
G6K7T,326,470,144,v023
G6K7T,607,876,269,v030
G6K7T,722,957,235,v025
G6K7T,732,957,225,v016
G6K7T,331,933,602,v008
G6K7T,463,900,437,v030
G6K7T,914,962,48,v016
G6K7T,268,369,101,v016
J1MMG,0,650,650,v018
J1MMG,0,528,528,v008
J1MMG,79,364,285,v008
J1MMG,501,705,204,v022
J1MMG,0,576,576,v023
J1MMG,0,348,348,v026
J1MMG,0,249,249,v030
J1MMG,0,626,626,v016
J1MMG,0,566,566,v008
J1MMG,187,331,144,v020
J1MMG,732,844,112,v016
QACLT,213,345,132,v023
QACLT,309,453,144,v001
QACLT,24,629,605,v022
QACLT,84,211,127,v012
QACLT,141,254,113,v012
QACLT,86,240,154,v007
QACLT,532,629,97,v019
QACLT,213,434,221,v023
QACLT,86,211,125,v012
QACLT,141,249,108,v012
QACLT,153,264,111,v001
QACLT,496,629,133,v024
QACLT,446,629,183,v008
GF7DV,0,744,744,v008
GF7DV,0,744,744,v021
GF7DV,0,744,744,v031
GF7DV,0,744,744,v008
GF7DV,0,744,744,v008
GF7DV,0,744,744,v021
GF7DV,0,744,744,v008
9UPC6,201,805,604,v008
9UPC6,158,326,168,v023
9UPC6,321,805,484,v004
9UPC6,194,805,611,v008
9UPC6,321,805,484,v031
SBBJG,0,268,268,v008
SBBJG,213,731,518,v016
SBBJG,213,731,518,v008
SBBJG,206,731,525,v023
SBBJG,0,290,290,v008
SBBJG,206,731,525,v026
SBBJG,0,151,151,v029
SBBJG,146,285,139,v016
SBBJG,213,731,518,v023
SBBJG,124,264,140,v018
J3Y7L,115,645,530,v008
J3Y7L,0,714,714,v008
J3Y7L,0,714,714,v009
J3Y7L,537,714,177,v001
J3Y7L,0,218,218,v012
J3Y7L,98,640,542,v016
J3Y7L,444,602,158,v016
J3Y7L,0,714,714,v019
EJY5V,412,507,95,v031
EJY5V,0,504,504,v014
EJY5V,122,302,180,v022
EJY5V,0,278,278,v018
EJY5V,446,507,61,v012
EJY5V,295,415,120,v019
OE243,165,544,379,v026
OE243,470,715,245,v026
OE243,19,273,254,v008
OE243,177,312,135,v016
OE243,0,93,93,v023
OE243,319,501,182,v016
OE243,410,612,202,v022
OE243,165,273,108,v025
OE243,405,715,310,v008
OE243,88,223,135,v029
OE243,396,513,117,v023
OE243,338,444,106,v026
GY8P2,206,409,203,v008
GY8P2,204,331,127,v023
GY8P2,228,357,129,v020
GY8P2,0,409,409,v026
GY8P2,0,409,409,v026
4FX6G,187,446,259,v012
4FX6G,448,907,459,v016
4FX6G,115,362,247,v007
4FX6G,412,878,466,v026
4FX6G,561,912,351,v016
4FX6G,393,652,259,v008
4FX6G,393,652,259,v023
4FX6G,600,710,110,v016
4FX6G,571,691,120,v023
4FX6G,585,691,106,v008
4FX6G,412,544,132,v012
4FX6G,331,456,125,v029
N3U9S,144,357,213,v008
N3U9S,105,223,118,v022
N3U9S,60,199,139,v001
N3U9S,0,148,148,v008
N3U9S,266,357,91,v004
N3U9S,144,357,213,v023
N3U9S,0,199,199,v012
N3U9S,0,158,158,v016
N3U9S,170,357,187,v008
N3U9S,163,357,194,v016
N3U9S,0,153,153,v018
N3U9S,76,206,130,v001
N3U9S,0,115,115,v012
N3U9S,0,115,115,v007
NWMAP,0,606,606,v002
99B6U,398,571,173,v016
99B6U,206,420,214,v016
99B6U,105,276,171,v012
99B6U,340,624,284,v025
99B6U,28,537,509,v008
99B6U,273,671,398,v008
99B6U,237,372,135,v023
99B6U,21,340,319,v017
99B6U,21,523,502,v008
99B6U,405,540,135,v016
DR7K0,0,482,482,v008
DR7K0,333,496,163,v016
DR7K0,415,753,338,v003
DR7K0,415,578,163,v003
DR7K0,0,456,456,v009
DR7K0,412,544,132,v023
DR7K0,0,225,225,v019
HGXRQ,0,746,746,v008
HGXRQ,81,417,336,v016
HGXRQ,86,746,660,v031
HGXRQ,0,746,746,v031
HGXRQ,48,182,134,v023
HGXRQ,0,746,746,v032
HGXRQ,0,746,746,v008
28BVI,600,825,225,v004
28BVI,273,552,279,v016
28BVI,456,820,364,v005
28BVI,67,369,302,v028
28BVI,86,254,168,v016
28BVI,0,151,151,v008
28BVI,880,1034,154,v008
28BVI,403,664,261,v023
28BVI,868,1017,149,v016
28BVI,854,1034,180,v026
28BVI,746,986,240,v016
28BVI,283,717,434,v008
28BVI,398,696,298,v008
28BVI,264,830,566,v016
TJJKK,0,69,69,v018
TJJKK,110,223,113,v005
TJJKK,0,98,98,v008
TJJKK,7,112,105,v013
TJJKK,69,223,154,v008
TJJKK,0,132,132,v019
TJJKK,0,223,223,v014
TJJKK,98,223,125,v005
TJJKK,60,223,163,v008
TJJKK,57,192,135,v023
TJJKK,146,223,77,v016
D6J8Q,345,552,207,v008
D6J8Q,333,561,228,v023
D6J8Q,172,386,214,v026
D6J8Q,28,429,401,v026
D6J8Q,295,410,115,v022
BAZWG,72,679,607,v008
BAZWG,40,544,504,v026
S06H3,177,328,151,v016
S06H3,295,527,232,v008
S06H3,0,309,309,v016
S06H3,295,527,232,v024
S06H3,396,527,131,v029
JXTAD,427,792,365,v008
JXTAD,571,792,221,v027
JXTAD,0,487,487,v008
JXTAD,432,554,122,v023
15RTV,74,316,242,v016
15RTV,0,796,796,v024
15RTV,290,482,192,v005
15RTV,105,264,159,v007
15RTV,33,182,149,v023
15RTV,103,271,168,v012
15RTV,98,283,185,v012
15RTV,237,369,132,v001
15RTV,26,307,281,v008
15RTV,0,813,813,v008
15RTV,285,813,528,v008
SW8VM,0,730,730,v008
SW8VM,0,730,730,v008
SW8VM,0,228,228,v019
SW8VM,271,730,459,v009
SW8VM,0,730,730,v008
Y80PJ,69,201,132,v001
Y80PJ,0,136,136,v012
Y80PJ,50,732,682,v008
Y80PJ,16,256,240,v023
Y80PJ,57,732,675,v008
Y80PJ,388,732,344,v019
Y80PJ,84,201,117,v001
Y80PJ,40,160,120,v023
Y80PJ,0,139,139,v012
2TAT3,415,609,194,v008
2TAT3,511,645,134,v016
2TAT3,184,391,207,v004
2TAT3,415,592,177,v019
2TAT3,357,516,159,v023
2TAT3,513,638,125,v025
2TAT3,7,153,146,v029
2TAT3,415,607,192,v031
2TAT3,0,729,729,v008
2TAT3,357,516,159,v023
XVI3M,0,504,504,v008
XVI3M,0,460,460,v014
XVI3M,422,597,175,v022
XVI3M,0,556,556,v018
XVI3M,422,537,115,v016
XVI3M,0,511,511,v031
XVI3M,492,616,124,v019
XVI3M,0,544,544,v018
XVI3M,355,501,146,v016
XVI3M,484,616,132,v009
DSI0N,81,256,175,v001
DSI0N,172,285,113,v024
DSI0N,0,803,803,v008
DSI0N,4,803,799,v016
DSI0N,475,633,158,v019
DSI0N,302,518,216,v028
DSI0N,0,168,168,v012
DSI0N,60,803,743,v008
DSI0N,24,184,160,v029
DSI0N,28,168,140,v007
QLEN3,410,595,185,v005
QLEN3,0,843,843,v006
QLEN3,0,843,843,v031
QLEN3,381,710,329,v008
QLEN3,600,727,127,v001
QLEN3,376,696,320,v008
QLEN3,376,506,130,v023
QLEN3,336,456,120,v012
QLEN3,564,693,129,v016
BRQBD,0,98,98,v010
BRQBD,247,787,540,v008
BRQBD,2,201,199,v000
BRQBD,652,787,135,v016
BRQBD,254,379,125,v023
BRQBD,165,741,576,v018
BRQBD,278,744,466,v031
BRQBD,672,787,115,v016
BRQBD,2,232,230,v000
BRQBD,199,362,163,v023
DU416,0,237,237,v007
DU416,189,432,243,v008
DU416,0,735,735,v006
DU416,0,735,735,v006
DU416,336,480,144,v029
X9LP4,333,742,409,v008
X9LP4,300,468,168,v023
X9LP4,256,396,140,v012
X9LP4,204,736,532,v018
X9LP4,388,578,190,v012
X9LP4,400,736,336,v031
X9LP4,0,319,319,v008
X9LP4,0,74,74,v023
X9LP4,640,742,102,v001
X9LP4,660,742,82,v022
X9LP4,242,369,127,v018
1W6YY,84,698,614,v003
1W6YY,19,158,139,v012
1W6YY,55,175,120,v023
1W6YY,12,124,112,v007
1W6YY,0,707,707,v019
1W6YY,84,235,151,v008
1W6YY,84,189,105,v001
LR0L8,28,247,219,v010
LR0L8,703,897,194,v019
LR0L8,9,199,190,v018
LR0L8,189,907,718,v031
LR0L8,84,892,808,v008
LR0L8,708,847,139,v009
LR0L8,770,926,156,v022
LR0L8,712,842,130,v009
LR0L8,0,62,62,v016
LR0L8,48,921,873,v021
LR0L8,48,912,864,v018
L8RW8,0,91,91,v022
L8RW8,38,225,187,v028
L8RW8,0,67,67,v016
L8RW8,0,84,84,v028
L8RW8,448,727,279,v030
HXUAH,0,568,568,v008
HXUAH,165,357,192,v008
HXUAH,357,482,125,v022
HXUAH,103,228,125,v018
HXUAH,132,268,136,v012
HXUAH,91,460,369,v018
HXUAH,165,568,403,v016
HXUAH,117,384,267,v026
HXUAH,122,244,122,v023
EZRQW,280,530,250,v017
EZRQW,0,683,683,v008
EZRQW,220,525,305,v013
EZRQW,122,372,250,v017
EZRQW,74,244,170,v013
EZRQW,0,683,683,v031
EZRQW,129,280,151,v029
M98YV,0,721,721,v024
M98YV,122,278,156,v005
M98YV,129,261,132,v005
M98YV,0,721,721,v008
M98YV,0,721,721,v008
M98YV,0,721,721,v008
M98YV,674,721,47,v008
M98YV,674,721,47,v008
M98YV,674,721,47,v029
M98YV,674,721,47,v008
M98YV,669,721,52,v019
LR9KL,0,501,501,v008
LR9KL,328,731,403,v017
LR9KL,0,472,472,v026
LR9KL,223,472,249,v008
LR9KL,292,482,190,v009
LR9KL,216,480,264,v008
LR9KL,218,468,250,v023
LIQS5,0,769,769,v013
LIQS5,0,769,769,v008
LIQS5,412,769,357,v019
LIQS5,0,769,769,v014
LIQS5,720,769,49,v014
7IPW7,62,273,211,v004
7IPW7,0,683,683,v008
7IPW7,0,683,683,v008
7IPW7,0,151,151,v029
UBCH6,0,238,238,v008
UBCH6,0,238,238,v031
UBCH6,0,192,192,v004
UBCH6,0,225,225,v008
UBCH6,0,238,238,v008
BI4KK,0,734,734,v008
BI4KK,0,734,734,v018
BI4KK,21,201,180,v004
BI4KK,652,734,82,v004
BI4KK,0,734,734,v008
BI4KK,0,734,734,v008
BI4KK,0,734,734,v008
L0QNM,657,731,74,v025
L0QNM,420,684,264,v028
L0QNM,0,292,292,v031
L0QNM,410,710,300,v023
L0QNM,295,590,295,v031
L0QNM,556,731,175,v008
L0QNM,256,391,135,v029
9OCQT,0,180,180,v025
9OCQT,110,271,161,v004
9OCQT,0,72,72,v008
9OCQT,153,296,143,v031
9OCQT,0,86,86,v008
9OCQT,36,180,144,v016
9OCQT,7,122,115,v029
9OCQT,132,296,164,v008
9OCQT,129,242,113,v023
LLTBQ,302,494,192,v014
LLTBQ,7,160,153,v012
LLTBQ,160,316,156,v008
LLTBQ,422,494,72,v019
LLTBQ,31,494,463,v008
LLTBQ,76,213,137,v029
LLTBQ,230,494,264,v008
G2DIN,36,228,192,v008
G2DIN,158,372,214,v016
G2DIN,482,684,202,v008
G2DIN,276,451,175,v012
G2DIN,151,333,182,v016
G2DIN,424,763,339,v012
G2DIN,554,763,209,v023
G2DIN,715,763,48,v012
G2DIN,715,763,48,v023
NKLTK,487,726,239,v031
NKLTK,0,508,508,v018
NKLTK,177,472,295,v000
NKLTK,369,628,259,v017
NKLTK,249,559,310,v022
2FPB3,314,778,464,v008
2FPB3,0,319,319,v008
2FPB3,192,379,187,v016
2FPB3,76,259,183,v020
2FPB3,360,778,418,v014
2FPB3,271,778,507,v008
FC2SK,96,304,208,v029
FC2SK,139,309,170,v000
FC2SK,213,350,137,v022
FC2SK,326,644,318,v032
FC2SK,420,644,224,v018
FC2SK,400,530,130,v018
FC2SK,0,256,256,v010
FC2SK,122,446,324,v008
FC2SK,91,261,170,v012
FC2SK,156,451,295,v016
FC2SK,312,422,110,v023
FC2SK,319,644,325,v008
FC2SK,300,644,344,v016
FC2SK,0,324,324,v018
FC2SK,0,285,285,v021
FC2SK,187,331,144,v001
FC2SK,180,312,132,v016
FC2SK,355,492,137,v026
FC2SK,297,644,347,v032
FC2SK,0,312,312,v010
FC2SK,420,644,224,v018
FC2SK,122,256,134,v007
FC2SK,158,312,154,v000
Q5MDU,0,223,223,v029
Q5MDU,57,189,132,v025
Q5MDU,57,189,132,v025
Q5MDU,0,86,86,v027
Q5MDU,148,223,75,v027
OSK3Y,0,749,749,v008
OSK3Y,0,749,749,v021
OSK3Y,0,749,749,v002
OSK3Y,184,374,190,v020
RJD1Z,0,268,268,v027
RJD1Z,276,850,574,v003
RJD1Z,182,816,634,v023
RJD1Z,129,850,721,v030
RJD1Z,0,850,850,v022
RJD1Z,211,748,537,v008
RJD1Z,228,434,206,v008
TCI7K,86,247,161,v016
TCI7K,0,218,218,v008
TCI7K,225,740,515,v014
TCI7K,165,319,154,v018
TCI7K,196,740,544,v018
TCI7K,93,225,132,v016
TCI7K,122,247,125,v023
ON2Z4,398,532,134,v008
ON2Z4,530,647,117,v023
ON2Z4,266,647,381,v008
ON2Z4,456,647,191,v019
ON2Z4,446,561,115,v012
ON2Z4,463,647,184,v019
ON2Z4,432,647,215,v031
ON2Z4,201,391,190,v023
ON2Z4,24,199,175,v012
ON2Z4,441,568,127,v001
ON2Z4,38,187,149,v012
ON2Z4,165,288,123,v027
ON2Z4,24,148,124,v007
9KDP0,74,456,382,v008
9KDP0,108,439,331,v031
9KDP0,446,700,254,v008
9KDP0,0,168,168,v017
9KDP0,187,302,115,v001
9KDP0,139,268,129,v012
9KDP0,576,700,124,v001
9KDP0,410,544,134,v012
9KDP0,0,465,465,v023
9KDP0,0,76,76,v023
9KDP0,254,484,230,v016
9KDP0,40,177,137,v029
9KDP0,549,744,195,v016
PSAVM,196,432,236,v016
PSAVM,458,679,221,v020
PSAVM,302,439,137,v025
PSAVM,247,434,187,v025
PSAVM,242,460,218,v025
PSAVM,0,158,158,v030
PSAVM,91,388,297,v008
PSAVM,110,388,278,v026
MBAA5,0,393,393,v008
MBAA5,62,405,343,v016
MBAA5,64,312,248,v012
MBAA5,288,571,283,v001
MBAA5,64,297,233,v012
MBAA5,182,420,238,v016
MBAA5,489,615,126,v029
MBAA5,81,561,480,v016
MBAA5,357,580,223,v019
MBAA5,84,247,163,v007
MBAA5,379,542,163,v001
2PZBY,177,379,202,v018
2PZBY,2,290,288,v012
2PZBY,216,725,509,v018
2PZBY,477,725,248,v023
2PZBY,0,127,127,v029
2PZBY,38,189,151,v012
2PZBY,28,163,135,v007
2PZBY,249,417,168,v026
2PZBY,595,725,130,v008
YOCRB,0,400,400,v008
YOCRB,633,832,199,v018
YOCRB,722,832,110,v004
YOCRB,530,832,302,v008
YOCRB,655,804,149,v018
YOCRB,0,400,400,v026
YOCRB,537,832,295,v005
YOCRB,333,559,226,v016
YOCRB,496,631,135,v023
YOCRB,492,638,146,v023
TDAY1,686,824,138,v008
TDAY1,0,768,768,v008
TDAY1,0,732,732,v031
TDAY1,0,724,724,v010
TDAY1,561,824,263,v022
TDAY1,669,801,132,v023
TDAY1,585,720,135,v016
TDAY1,0,398,398,v014
21WN7,0,436,436,v018
21WN7,470,626,156,v023
21WN7,542,838,296,v026
21WN7,0,93,93,v031
21WN7,0,508,508,v008
21WN7,369,770,401,v016
21WN7,340,458,118,v022
21WN7,362,499,137,v016
21WN7,484,838,354,v008
21WN7,364,516,152,v016
21WN7,0,516,516,v008
21WN7,528,838,310,v026
21WN7,0,432,432,v018
21WN7,48,384,336,v005
VZE8E,189,372,183,v001
VZE8E,81,201,120,v008
VZE8E,84,208,124,v025
VZE8E,451,614,163,v003
VZE8E,374,508,134,v023
VZE8E,278,444,166,v012
VZE8E,74,204,130,v016
VZE8E,290,432,142,v012
VZE8E,134,259,125,v022
VZE8E,566,614,48,v016
VZE8E,0,103,103,v010
VZE8E,237,393,156,v007
VZE8E,0,91,91,v000
VZE8E,0,81,81,v021
VZE8E,216,362,146,v001
VZE8E,182,300,118,v029
VZE8E,74,204,130,v023
VHD24,0,707,707,v018
VHD24,0,398,398,v003
VHD24,333,465,132,v008
VHD24,506,672,166,v005
VHD24,316,707,391,v008
VHD24,309,707,398,v008
VHD24,324,427,103,v008
VHD24,542,645,103,v004
VHD24,436,561,125,v015
VHD24,316,420,104,v023
4TX4N,0,163,163,v005
4TX4N,0,786,786,v008
4TX4N,0,786,786,v010
4TX4N,0,163,163,v005
4TX4N,0,786,786,v008
4TX4N,0,786,786,v008
4TX4N,74,786,712,v014
4TX4N,0,786,786,v018
4TX4N,0,441,441,v010
4TX4N,345,676,331,v000
4TX4N,338,676,338,v000
4TX4N,0,786,786,v021
4TX4N,0,786,786,v018
YQT32,412,638,226,v008
YQT32,115,528,413,v026
YQT32,427,638,211,v013
YQT32,2,638,636,v014
YQT32,79,237,158,v031
YQT32,396,523,127,v016
YQT32,103,208,105,v016
YQT32,252,357,105,v016
U5T4M,297,471,174,v018
U5T4M,96,350,254,v023
U5T4M,280,471,191,v005
U5T4M,0,74,74,v012
U5T4M,192,471,279,v008
U5T4M,314,448,134,v018
U5T4M,213,338,125,v001
U5T4M,12,216,204,v016
U5T4M,12,216,204,v016
U5T4M,4,348,344,v016
U5T4M,295,471,176,v016
U5T4M,345,471,126,v005
U5T4M,168,309,141,v023
U5T4M,180,471,291,v008
U5T4M,321,471,150,v018
8SXHK,0,713,713,v018
8SXHK,0,496,496,v008
8SXHK,0,482,482,v014
8SXHK,415,713,298,v008
8SXHK,470,713,243,v004
8SXHK,420,713,293,v008
8SXHK,415,566,151,v023
8SXHK,0,465,465,v031
8SXHK,331,475,144,v016
8SXHK,427,576,149,v023
8SXHK,0,713,713,v018
ZNQVC,213,381,168,v001
ZNQVC,0,446,446,v018
ZNQVC,345,748,403,v018
ZNQVC,350,727,377,v028
ZNQVC,252,415,163,v028
ZNQVC,585,748,163,v023
ZNQVC,0,352,352,v016
ZNQVC,0,300,300,v026
ZNQVC,360,734,374,v008
ZNQVC,417,748,331,v016
ZNQVC,0,292,292,v023
ZNQVC,0,300,300,v008
ZNQVC,211,367,156,v001
ZNQVC,0,302,302,v026
ZNQVC,350,748,398,v028
ZNQVC,33,300,267,v016
ZNQVC,0,360,360,v012
ZNQVC,213,379,166,v007
ZNQVC,0,369,369,v026
J59UP,69,741,672,v008
J59UP,0,141,141,v022
J59UP,4,141,137,v022
J59UP,0,134,134,v018
J59UP,88,741,653,v026
3MV13,391,594,203,v029
3MV13,0,547,547,v008
3MV13,0,376,376,v019
3MV13,379,542,163,v007
3MV13,0,396,396,v031
3MV13,0,594,594,v008
3MV13,384,518,134,v012
68OG0,448,713,265,v004
68OG0,223,398,175,v020
68OG0,295,432,137,v023
68OG0,295,432,137,v016
68OG0,163,439,276,v026
68OG0,441,713,272,v008
68OG0,340,458,118,v016
68OG0,369,472,103,v023
68OG0,384,713,329,v008
68OG0,144,321,177,v026
68OG0,444,612,168,v023
OK45U,360,535,175,v008
OK45U,417,566,149,v016
OK45U,216,472,256,v028
OK45U,422,530,108,v016
OK45U,412,549,137,v025
NL9AW,115,240,125,v001
NL9AW,0,148,148,v012
NL9AW,52,187,135,v023
NL9AW,156,316,160,v008
NL9AW,156,316,160,v008
B1AMA,348,475,127,v025
B1AMA,136,264,128,v023
B1AMA,225,489,264,v016
B1AMA,189,501,312,v023
B1AMA,348,496,148,v026
B1AMA,220,516,296,v026
B1AMA,184,470,286,v008
B1AMA,0,314,314,v026
B1AMA,451,600,149,v023
B1AMA,112,480,368,v008
B1AMA,504,856,352,v003
B1AMA,218,480,262,v016
B1AMA,328,484,156,v016
B1AMA,285,480,195,v025
B1AMA,420,708,288,v026
B1AMA,172,326,154,v022
B1AMA,132,268,136,v023
B1AMA,254,398,144,v023
Y665P,0,208,208,v026
Y665P,376,556,180,v012
Y665P,348,547,199,v018
Y665P,664,784,120,v022
Y665P,244,760,516,v008
Y665P,412,739,327,v031
Y665P,352,475,123,v018
Y665P,216,348,132,v023
Y665P,247,772,525,v016
Y665P,103,223,120,v016
Y665P,319,439,120,v019
Y665P,612,744,132,v001
Y665P,528,676,148,v019
VQOI3,0,321,321,v008
VQOI3,0,86,86,v012
VQOI3,271,427,156,v008
VQOI3,276,412,136,v023
VQOI3,331,427,96,v016
15PMU,379,508,129,v016
15PMU,21,297,276,v031
15PMU,513,742,229,v004
15PMU,12,307,295,v028
15PMU,372,508,136,v016
15PMU,196,448,252,v026
15PMU,429,583,154,v023
15PMU,453,742,289,v008
15PMU,4,264,260,v003
15PMU,472,742,270,v008
YMD74,81,211,130,v000
YMD74,81,211,130,v000
YMD74,489,657,168,v031
YMD74,384,556,172,v003
YMD74,0,124,124,v010
YMD74,0,91,91,v021
YMD74,170,432,262,v003
YMD74,7,151,144,v025
YMD74,7,151,144,v016
YMD74,472,679,207,v031
YMD74,124,240,116,v022
YMD74,604,737,133,v019
YMD74,180,348,168,v023
6ZWSU,415,735,320,v008
6ZWSU,458,735,277,v014
6ZWSU,388,523,135,v023
6ZWSU,199,357,158,v018
6ZWSU,631,735,104,v019
6ZWSU,0,108,108,v001
6ZWSU,0,170,170,v008
6ZWSU,33,172,139,v016
6ZWSU,0,74,74,v012
6ZWSU,254,463,209,v028
6ZWSU,0,115,115,v007
6ZWSU,230,735,505,v018
6ZWSU,0,74,74,v029
6ZWSU,278,475,197,v016
N0ODO,242,446,204,v008
N0ODO,220,343,123,v007
N0ODO,232,434,202,v029
N0ODO,357,506,149,v001
N0ODO,220,403,183,v012
WBJC3,0,288,288,v004
WBJC3,43,184,141,v016
WBJC3,98,266,168,v023
WBJC3,108,348,240,v008
D6MZ4,393,555,162,v016
D6MZ4,0,555,555,v031
D6MZ4,16,244,228,v004
D6MZ4,0,518,518,v008
D6MZ4,422,555,133,v016
D6MZ4,0,283,283,v010
D6MZ4,350,555,205,v018
RX7TC,187,468,281,v008
RX7TC,0,276,276,v005
RX7TC,0,679,679,v018
RX7TC,163,280,117,v016
RX7TC,199,451,252,v014
RX7TC,0,153,153,v023
RX7TC,564,726,162,v022
RX7TC,0,268,268,v008
RX7TC,201,465,264,v013
RX7TC,170,288,118,v016
RX7TC,0,638,638,v018
BQOLV,0,280,280,v028
BQOLV,424,556,132,v018
BQOLV,722,854,132,v022
BQOLV,415,765,350,v008
BQOLV,564,739,175,v028
BQOLV,4,280,276,v016
BQOLV,0,160,160,v031
BQOLV,487,801,314,v003
BQOLV,192,336,144,v008
BQOLV,420,828,408,v018
BQOLV,223,494,271,v003
BQOLV,196,314,118,v023
BQOLV,139,280,141,v025
KT2SV,614,969,355,v031
KT2SV,0,460,460,v021
KT2SV,360,607,247,v000
KT2SV,482,660,178,v022
KT2SV,0,583,583,v021
KT2SV,331,573,242,v000
KT2SV,823,924,101,v018
KT2SV,412,513,101,v000
KT2SV,0,583,583,v008
KT2SV,0,607,607,v010
LLT3E,369,537,168,v029
LLT3E,0,355,355,v020
LLT3E,0,632,632,v022
43CCM,33,175,142,v029
43CCM,2,216,214,v012
43CCM,432,731,299,v008
43CCM,184,528,344,v028
43CCM,184,528,344,v023
43CCM,484,612,128,v016
43CCM,9,201,192,v007
OPPVW,0,585,585,v008
OPPVW,460,585,125,v009
OPPVW,0,501,501,v026
OPPVW,468,585,117,v019
YOCI8,0,193,193,v008
YOCI8,0,193,193,v018
YOCI8,0,193,193,v018
YOCI8,0,193,193,v008
YOCI8,36,175,139,v008
YOCI8,0,193,193,v008
YOCI8,24,193,169,v026
GHJ3Q,0,247,247,v008
GHJ3Q,24,216,192,v021
GHJ3Q,0,141,141,v023
GHJ3Q,129,309,180,v025
GHJ3Q,124,249,125,v016
GHJ3Q,0,110,110,v022
GHJ3Q,0,81,81,v018
GHJ3Q,12,266,254,v031
GHJ3Q,235,630,395,v026
GHJ3Q,196,630,434,v026
MFGLZ,216,818,602,v031
MFGLZ,448,729,281,v012
MFGLZ,0,206,206,v000
MFGLZ,681,825,144,v022
MFGLZ,0,818,818,v018
MFGLZ,0,813,813,v018
MFGLZ,0,799,799,v008
MFGLZ,0,729,729,v008
WVG97,436,720,284,v003
WVG97,0,752,752,v018
WVG97,0,752,752,v019
WVG97,192,724,532,v003
WVG97,0,752,752,v009
WVG97,0,333,333,v008
U502L,0,851,851,v008
U502L,686,830,144,v016
U502L,614,760,146,v022
U502L,489,645,156,v000
U502L,741,851,110,v029
U502L,660,775,115,v023
U502L,664,851,187,v008
U502L,0,607,607,v014
PRTAJ,240,708,468,v008
PRTAJ,180,472,292,v012
PRTAJ,194,753,559,v023
PRTAJ,208,410,202,v001
PRTAJ,451,794,343,v003
PRTAJ,117,290,173,v012
PRTAJ,679,895,216,v008
PRTAJ,0,1005,1005,v022
PRTAJ,768,976,208,v016
PRTAJ,204,460,256,v016
PRTAJ,753,1005,252,v031
PRTAJ,633,780,147,v023
DWH0T,751,835,84,v004
DWH0T,0,216,216,v019
DWH0T,7,412,405,v008
DWH0T,312,516,204,v022
DWH0T,0,412,412,v010
DWH0T,484,835,351,v008
DWH0T,484,655,171,v023
DWH0T,0,463,463,v031
DWH0T,468,633,165,v023
DWH0T,0,470,470,v014
DWH0T,537,789,252,v015
DWH0T,468,835,367,v008
YZ8HK,33,208,175,v001
YZ8HK,0,716,716,v018
YZ8HK,177,362,185,v016
YZ8HK,0,338,338,v008
LT6K4,211,376,165,v026
LT6K4,33,180,147,v004
LT6K4,0,736,736,v026
LT6K4,439,607,168,v020
LT6K4,184,465,281,v023
LT6K4,309,736,427,v008
LT6K4,0,736,736,v008
Q85TS,441,626,185,v023
Q85TS,369,758,389,v008
Q85TS,148,415,267,v023
Q85TS,364,616,252,v020
Q85TS,141,307,166,v022
Q85TS,0,62,62,v029
Q85TS,506,724,218,v008
Q85TS,364,595,231,v012
74WSB,0,736,736,v008
74WSB,0,715,715,v016
74WSB,0,736,736,v002
74WSB,372,638,266,v016
74WSB,0,110,110,v023
74WSB,76,288,212,v023
74WSB,0,261,261,v008
74WSB,268,501,233,v019
74WSB,0,736,736,v014
74WSB,0,144,144,v013
74WSB,0,136,136,v011
74WSB,69,244,175,v016
T9N9R,0,62,62,v008
T9N9R,45,723,678,v006
T9N9R,252,376,124,v009
T9N9R,194,345,151,v031
T9N9R,252,376,124,v019
T9N9R,57,723,666,v019
T9N9R,0,723,723,v023
T9N9R,345,723,378,v006
T9N9R,0,723,723,v024
T9N9R,21,156,135,v007
QD1U7,36,182,146,v016
QD1U7,40,201,161,v018
QD1U7,24,201,177,v018
QD1U7,165,736,571,v004
QD1U7,0,184,184,v008
QD1U7,0,160,160,v016
QD1U7,40,835,795,v018
QD1U7,0,98,98,v029
QD1U7,160,753,593,v008
QD1U7,14,177,163,v016
AK2KG,300,434,134,v012
AK2KG,0,163,163,v018
AK2KG,0,225,225,v019
AK2KG,129,434,305,v022
AK2KG,259,434,175,v031
SJ4QF,55,182,127,v031
SJ4QF,0,446,446,v016
SJ4QF,0,448,448,v030
SJ4QF,0,453,453,v023
SJ4QF,0,208,208,v030
SJ4QF,153,372,219,v030
SJ4QF,312,434,122,v020
QZZPS,199,752,553,v010
QZZPS,0,288,288,v008
QZZPS,192,307,115,v005
QZZPS,199,698,499,v008
QZZPS,463,604,141,v005
QZZPS,0,307,307,v018
QZZPS,0,273,273,v014
QZZPS,463,604,141,v005
T9EHP,0,737,737,v018
T9EHP,0,737,737,v008
T9EHP,0,737,737,v021
ATIAW,208,727,519,v014
ATIAW,0,727,727,v018
ATIAW,208,700,492,v008
ATIAW,655,765,110,v027
ATIAW,592,746,154,v022
ATIAW,0,340,340,v014
ATIAW,604,744,140,v018
ATIAW,604,724,120,v016
ATIAW,0,696,696,v032
ATIAW,182,312,130,v023
ATIAW,0,693,693,v018
ATIAW,712,765,53,v032
ATIAW,720,765,45,v023
ATIAW,720,765,45,v018
ZI1GC,532,628,96,v008
ZI1GC,0,249,249,v032
ZI1GC,144,273,129,v018
ZI1GC,153,249,96,v018
ZI1GC,266,391,125,v012
ZI1GC,712,819,107,v018
ZI1GC,156,278,122,v022
ZI1GC,648,753,105,v001
ZI1GC,312,732,420,v026
ZI1GC,307,739,432,v026
ZI1GC,0,69,69,v008
ZI1GC,0,244,244,v018
ZI1GC,316,516,200,v016
ZI1GC,0,256,256,v032
ZI1GC,259,376,117,v007
ZI1GC,643,756,113,v001
ZI1GC,271,391,120,v012
O0349,508,693,185,v023
O0349,525,746,221,v008
O0349,403,566,163,v001
O0349,0,256,256,v002
O0349,436,600,164,v016
O0349,187,312,125,v012
O0349,199,324,125,v012
O0349,268,410,142,v023
O0349,530,638,108,v001
O0349,612,746,134,v026
O0349,415,578,163,v016
O0349,415,578,163,v016
WSKTN,0,120,120,v012
WSKTN,585,762,177,v026
WSKTN,40,364,324,v016
WSKTN,9,117,108,v012
WSKTN,633,762,129,v026
9BQ7M,50,791,741,v008
9BQ7M,0,791,791,v018
9BQ7M,232,388,156,v019
9BQ7M,0,791,791,v018
9BQ7M,0,791,791,v018
9BQ7M,7,791,784,v008
9BQ7M,0,218,218,v023
VWFJA,0,617,617,v008
VWFJA,0,617,617,v024
VWFJA,28,172,144,v012
VWFJA,432,549,117,v001
H43VE,276,506,230,v008
H43VE,398,525,127,v025
H43VE,276,472,196,v030
H43VE,0,79,79,v018
H43VE,0,535,535,v026
H43VE,410,530,120,v025
K64GM,348,506,158,v031
K64GM,0,470,470,v008
K64GM,0,117,117,v013
K64GM,424,540,116,v025
K64GM,446,616,170,v025
K64GM,264,379,115,v016
K64GM,0,463,463,v014
0TKKR,837,1057,220,v005
0TKKR,487,828,341,v023
0TKKR,736,996,260,v004
0TKKR,180,434,254,v020
0TKKR,312,535,223,v022
0TKKR,0,451,451,v018
0TKKR,364,657,293,v016
0TKKR,0,1057,1057,v008
0TKKR,645,1057,412,v008
0TKKR,0,1057,1057,v005
0TKKR,0,1057,1057,v008
0TKKR,0,547,547,v031
0TKKR,566,710,144,v016
Q3BCC,0,163,163,v001
Q3BCC,103,988,885,v006
Q3BCC,472,604,132,v012
Q3BCC,103,988,885,v006
Q3BCC,0,175,175,v007
IDXZK,0,578,578,v010
IDXZK,96,460,364,v008
IDXZK,0,112,112,v023
IDXZK,556,669,113,v008
IDXZK,556,736,180,v023
IDXZK,0,218,218,v005
IDXZK,0,225,225,v016
IDXZK,0,511,511,v005
IDXZK,542,681,139,v022
MZ3X9,84,316,232,v012
MZ3X9,208,429,221,v023
MZ3X9,379,698,319,v023
MZ3X9,436,755,319,v008
MZ3X9,62,240,178,v012
MZ3X9,76,206,130,v007
MZ3X9,424,755,331,v016
MZ3X9,424,664,240,v008
MZ3X9,504,645,141,v019
MZ3X9,405,655,250,v001
MZ3X9,292,628,336,v001
MZ3X9,657,755,98,v029
MZ3X9,0,755,755,v008
D0AGO,16,391,375,v015
D0AGO,216,532,316,v022
D0AGO,309,758,449,v001
D0AGO,501,828,327,v006
D0AGO,0,321,321,v007
D0AGO,384,573,189,v012
D0AGO,328,456,128,v016
D0AGO,475,636,161,v023
D0AGO,328,448,120,v016
D0AGO,319,424,105,v023
D0AGO,328,470,142,v023
G6ZOB,168,357,189,v001
G6ZOB,0,165,165,v012
G6ZOB,544,754,210,v026
G6ZOB,223,652,429,v008
G6ZOB,31,636,605,v019
G6ZOB,616,748,132,v016
G6ZOB,31,146,115,v007
G6ZOB,609,754,145,v016
G6ZOB,0,168,168,v029
G6ZOB,333,537,204,v027
ZYJJF,36,280,244,v016
ZYJJF,199,737,538,v004
ZYJJF,14,283,269,v016
ZYJJF,0,737,737,v022
ZYJJF,0,273,273,v023
ZYJJF,213,737,524,v008
ZYJJF,213,737,524,v008
ZYJJF,0,266,266,v026
ZYJJF,379,737,358,v031
K9RH2,98,225,127,v016
K9RH2,0,225,225,v026
K9RH2,0,644,644,v018
K9RH2,98,225,127,v016
K9RH2,256,525,269,v008
K9RH2,0,624,624,v026
K9RH2,0,644,644,v032
K9RH2,0,644,644,v026
K9RH2,0,644,644,v018
K9RH2,196,307,111,v016
K9RH2,168,307,139,v023
K9RH2,132,302,170,v008
G2QBV,184,319,135,v008
G2QBV,271,477,206,v025
G2QBV,463,726,263,v019
G2QBV,477,726,249,v019
G2QBV,0,170,170,v001
G2QBV,156,410,254,v016
G2QBV,369,726,357,v004
G2QBV,0,163,163,v031
G2QBV,559,705,146,v009
G2QBV,372,484,112,v023
G2QBV,376,726,350,v008
G2QBV,134,247,113,v007
YQOCU,201,324,123,v023
YQOCU,441,578,137,v001
YQOCU,136,280,144,v012
YQOCU,513,650,137,v018
YQOCU,554,743,189,v018
YQOCU,194,743,549,v008
YQOCU,194,743,549,v008
YQOCU,204,364,160,v023
YQOCU,0,108,108,v020
YQOCU,194,561,367,v016
DPB7X,0,223,223,v018
DPB7X,0,223,223,v031
DPB7X,0,223,223,v005
DPB7X,38,218,180,v008
DPB7X,0,223,223,v018
DPB7X,45,223,178,v008
DPB7X,0,79,79,v023
DPB7X,0,93,93,v008
RMKOC,0,288,288,v008
RMKOC,122,787,665,v008
RMKOC,156,787,631,v008
RMKOC,177,331,154,v023
RMKOC,55,201,146,v012
RMKOC,177,787,610,v008
RMKOC,0,79,79,v029
CBZEP,0,171,171,v018
CBZEP,0,171,171,v008
CBZEP,0,171,171,v006
14XKK,0,163,163,v025
14XKK,129,345,216,v025
14XKK,74,237,163,v025
14XKK,0,108,108,v008
14XKK,0,389,389,v005
14XKK,19,156,137,v008
14XKK,0,324,324,v016
14XKK,0,300,300,v023
14XKK,16,134,118,v023
14XKK,9,141,132,v025
14XKK,0,389,389,v005
14XKK,0,168,168,v025
14XKK,72,240,168,v025
14XKK,48,220,172,v023
14XKK,0,389,389,v008
GL7E6,201,602,401,v008
GL7E6,170,355,185,v023
GL7E6,79,290,211,v020
GL7E6,237,360,123,v012
GL7E6,292,573,281,v008
GL7E6,465,607,142,v005
GL7E6,532,643,111,v025
GL7E6,542,725,183,v008
GL7E6,540,643,103,v025
GL7E6,151,652,501,v018
GL7E6,0,204,204,v010
GL7E6,14,170,156,v000
GL7E6,0,204,204,v021
KB7WQ,417,554,137,v023
KB7WQ,439,568,129,v012
KB7WQ,700,847,147,v020
KB7WQ,175,336,161,v001
KB7WQ,0,763,763,v026
KB7WQ,79,180,101,v023
KB7WQ,0,62,62,v012
OGZYC,0,628,628,v030
OGZYC,523,866,343,v030
OGZYC,523,866,343,v026
OGZYC,4,484,480,v030
OGZYC,453,866,413,v008
JMCBE,189,499,310,v008
JMCBE,0,132,132,v008
JMCBE,0,156,156,v025
JMCBE,40,153,113,v025
JMCBE,184,321,137,v023
JMCBE,12,158,146,v025
Y3AQ4,0,737,737,v018
Y3AQ4,360,737,377,v021
Y3AQ4,0,737,737,v018
Y3AQ4,0,737,737,v018
Y3AQ4,276,672,396,v019
IPRMO,26,643,617,v008
IPRMO,45,580,535,v021
IPRMO,648,776,128,v007
IPRMO,597,776,179,v019
IPRMO,0,576,576,v021
IPRMO,456,776,320,v009
IPRMO,465,607,142,v022
IPRMO,0,576,576,v010
IPRMO,0,776,776,v010
0KZYF,55,187,132,v005
0KZYF,0,228,228,v008
0KZYF,14,738,724,v008
0KZYF,619,738,119,v019
0KZYF,139,295,156,v012
0KZYF,136,268,132,v012
0KZYF,4,738,734,v008
0KZYF,247,398,151,v029
0KZYF,19,199,180,v005
W97NR,379,696,317,v004
W97NR,554,724,170,v016
W97NR,0,98,98,v010
W97NR,357,757,400,v018
W97NR,247,441,194,v000
W97NR,252,453,201,v000
W97NR,384,499,115,v023
W97NR,588,722,134,v016
W97NR,396,684,288,v008
W97NR,0,415,415,v010
W97NR,0,528,528,v018
W97NR,0,528,528,v018
XK0QV,0,343,343,v004
XK0QV,319,834,515,v031
XK0QV,0,352,352,v008
XK0QV,348,834,486,v018
XK0QV,0,144,144,v029
XK0QV,309,484,175,v018
XK0QV,386,834,448,v018
03PRW,0,796,796,v010
03PRW,240,835,595,v005
03PRW,240,835,595,v005
03PRW,650,801,151,v003
03PRW,0,727,727,v031
03PRW,0,768,768,v008
03PRW,0,835,835,v008
03PRW,626,813,187,v022
03PRW,0,751,751,v021
03PRW,650,796,146,v018
W7EDM,9,124,115,v018
W7EDM,343,493,150,v016
W7EDM,19,218,199,v028
W7EDM,278,422,144,v005
W7EDM,201,372,171,v023
W7EDM,108,256,148,v023
W7EDM,48,204,156,v028
W7EDM,295,493,198,v005
W7EDM,345,493,148,v023
W7EDM,211,493,282,v023
W7EDM,261,424,163,v008
W7EDM,112,283,171,v016
W7EDM,50,266,216,v008
W7EDM,7,129,122,v018
W7EDM,355,493,138,v008
J0AMJ,367,672,305,v008
J0AMJ,254,484,230,v023
J0AMJ,0,196,196,v008
J0AMJ,189,439,250,v012
J0AMJ,362,737,375,v016
J0AMJ,0,737,737,v014
J0AMJ,302,444,142,v016
J0AMJ,163,501,338,v016
J0AMJ,398,691,293,v023
J0AMJ,403,696,293,v016
J0AMJ,573,737,164,v010
J0AMJ,326,453,127,v025
J0AMJ,0,672,672,v018
J0AMJ,96,211,115,v023
J0AMJ,93,439,346,v008
N2WXN,499,628,129,v023
N2WXN,170,477,307,v000
N2WXN,367,499,132,v022
N2WXN,0,271,271,v010
N2WXN,141,319,178,v000
N2WXN,496,740,244,v008
N2WXN,504,621,117,v026
N2WXN,300,484,184,v018
N2WXN,513,740,227,v026
N2WXN,506,740,234,v008
HIKIC,283,537,254,v008
HIKIC,283,537,254,v024
HIKIC,21,542,521,v008
HIKIC,21,184,163,v012
HIKIC,108,218,110,v007
HIKIC,321,439,118,v019
HIKIC,0,117,117,v023
HIKIC,276,393,117,v001
HIKIC,420,564,144,v012
HIKIC,290,434,144,v009
HIKIC,254,379,125,v023
HIKIC,417,564,147,v012
AQQQ5,0,729,729,v014
AQQQ5,290,729,439,v009
AQQQ5,0,729,729,v018
AQQQ5,0,729,729,v031
AQQQ5,0,729,729,v018
AQQQ5,295,729,434,v019
AQQQ5,0,729,729,v032
4FQJY,0,740,740,v018
4FQJY,0,740,740,v008
4FQJY,0,740,740,v014
QFL2O,0,741,741,v018
QFL2O,468,741,273,v019
QFL2O,523,741,218,v009
QFL2O,496,741,245,v023
QFL2O,544,741,197,v008
OVFR0,0,127,127,v016
OVFR0,48,261,213,v031
OVFR0,0,180,180,v019
OVFR0,0,204,204,v031
OVFR0,0,122,122,v008
OVFR0,0,139,139,v019
OVFR0,48,268,220,v019
OVFR0,326,465,139,v029
OVFR0,7,127,120,v016
OVFR0,264,391,127,v007
OVFR0,271,415,144,v012
G852Y,0,434,434,v008
G852Y,0,434,434,v008
G852Y,0,434,434,v026
G852Y,72,242,170,v020
G852Y,0,434,434,v021
G852Y,0,434,434,v018
FLBS9,300,616,316,v008
FLBS9,144,304,160,v012
FLBS9,124,254,130,v018
FLBS9,146,580,434,v018
FLBS9,477,735,258,v016
FLBS9,283,429,146,v023
FLBS9,372,532,160,v019
FLBS9,312,607,295,v008
FLBS9,463,595,132,v022
FLBS9,0,180,180,v014
FLBS9,309,422,113,v023
FLBS9,360,496,136,v009
GZZVT,0,742,742,v008
GZZVT,0,729,729,v010
GZZVT,0,108,108,v018
GZZVT,0,742,742,v008
GZZVT,0,742,742,v021
ULD0T,120,343,223,v008
ULD0T,84,300,216,v008
ULD0T,0,728,728,v008
ULD0T,108,343,235,v008
ULD0T,0,67,67,v029
7R0LB,492,710,218,v026
7R0LB,208,388,180,v012
7R0LB,496,614,118,v023
7R0LB,208,328,120,v012
7R0LB,256,436,180,v016
7R0LB,196,458,262,v016
7R0LB,0,448,448,v008
7R0LB,292,456,164,v016
7R0LB,403,547,144,v001
7R0LB,156,264,108,v020
7R0LB,307,410,103,v016
7R0LB,504,607,103,v008
T2S3Z,86,726,640,v004
T2S3Z,307,726,419,v030
T2S3Z,79,201,122,v031
T2S3Z,31,153,122,v016
T2S3Z,0,110,110,v029
4WWYI,163,410,247,v003
4WWYI,196,484,288,v031
4WWYI,69,244,175,v012
4WWYI,103,280,177,v023
4WWYI,103,292,189,v008
SSPMK,650,830,180,v004
SSPMK,744,897,153,v008
SSPMK,276,506,230,v018
SSPMK,0,899,899,v008
SSPMK,0,899,899,v008
SSPMK,0,899,899,v018
SSPMK,0,899,899,v021
X37P1,489,626,137,v023
X37P1,338,496,158,v004
X37P1,508,621,113,v023
X37P1,0,741,741,v008
X37P1,0,741,741,v008
X37P1,492,741,249,v026
X37P1,0,741,741,v008
X37P1,511,741,230,v008
X37P1,516,741,225,v016
KWZSA,542,724,182,v016
KWZSA,571,724,153,v029
KWZSA,362,636,274,v026
KWZSA,0,388,388,v005
KWZSA,52,405,353,v008
KWZSA,216,530,314,v023
KWZSA,117,405,288,v008
KWZSA,321,674,353,v018
KWZSA,206,568,362,v030
KWZSA,348,686,338,v022
KWZSA,242,566,324,v030
KWZSA,676,724,48,v008
KWZSA,676,724,48,v018
KWZSA,676,724,48,v016
KWZSA,676,724,48,v016
KWZSA,672,724,52,v030
ONVGA,0,337,337,v008
ONVGA,0,337,337,v008
ONVGA,117,278,161,v005
ONVGA,0,337,337,v008
ONVGA,0,337,337,v022
EF7Q9,396,525,129,v008
EF7Q9,336,492,156,v023
EF7Q9,163,321,158,v030
EF7Q9,153,544,391,v031
EF7Q9,0,120,120,v029
EF7Q9,259,417,158,v016
EF7Q9,314,508,194,v030
OK6BF,0,309,309,v008
OK6BF,362,552,190,v016
OK6BF,0,441,441,v026
OK6BF,456,600,144,v012
OK6BF,0,475,475,v026
2USX0,0,235,235,v004
2USX0,136,272,136,v020
2USX0,0,272,272,v008
2USX0,182,272,90,v019
2USX0,0,272,272,v018
2USX0,182,272,90,v009
J3RP9,110,400,290,v029
J3RP9,842,927,85,v023
J3RP9,192,465,273,v016
J3RP9,156,357,201,v023
J3RP9,192,489,297,v008
J3RP9,0,117,117,v001
NHH8N,180,787,607,v018
NHH8N,2,127,125,v008
NHH8N,196,578,382,v031
NHH8N,0,225,225,v022
NHH8N,0,787,787,v008
NHH8N,112,331,219,v018
NHH8N,0,127,127,v023
NHH8N,7,787,780,v008
NHH8N,0,122,122,v023
NHH8N,192,787,595,v018
NHH8N,12,787,775,v031
NHH8N,0,103,103,v023
NHH8N,0,237,237,v018
GS3M4,0,513,513,v026
GS3M4,134,249,115,v016
GS3M4,424,552,128,v012
GS3M4,556,627,71,v023
GS3M4,0,595,595,v026
GS3M4,458,590,132,v001
GS3M4,21,189,168,v031
GS3M4,458,592,134,v026
GS3M4,136,264,128,v008
P8G8V,91,273,182,v004
P8G8V,91,273,182,v008
P8G8V,0,727,727,v008
P8G8V,156,276,120,v016
P8G8V,74,261,187,v008
P8G8V,74,261,187,v023
P8G8V,0,727,727,v014
NF45F,580,732,152,v031
NF45F,208,614,406,v028
NF45F,518,648,130,v025
NF45F,664,808,144,v029
NF45F,96,213,117,v027
NF45F,590,748,158,v019
NF45F,516,643,127,v016
17LNN,645,770,125,v008
17LNN,648,770,122,v023
17LNN,278,691,413,v026
17LNN,640,770,130,v008
17LNN,276,684,408,v016
17LNN,652,770,118,v008
17LNN,652,770,118,v023
27DCQ,384,525,141,v022
27DCQ,424,745,321,v008
27DCQ,324,460,136,v000
27DCQ,417,559,142,v023
27DCQ,331,453,122,v009
27DCQ,0,465,465,v000
27DCQ,328,453,125,v019
27DCQ,0,432,432,v010
1VRH1,0,420,420,v008
1VRH1,297,448,151,v025
1VRH1,0,412,412,v031
1VRH1,547,729,182,v027
1VRH1,0,636,636,v010
1VRH1,312,448,136,v025
1VRH1,388,652,264,v000
1VRH1,304,424,120,v016
1VRH1,304,412,108,v001
1VRH1,0,729,729,v018
1VRH1,7,405,398,v012
1VRH1,0,729,729,v018
OTUV7,266,405,139,v025
OTUV7,0,151,151,v005
OTUV7,55,237,182,v008
OTUV7,55,240,185,v016
OTUV7,0,288,288,v008
OTUV7,0,333,333,v018
OTUV7,283,400,117,v023
OTUV7,288,405,117,v028
OTUV7,0,292,292,v008
OTUV7,297,405,108,v025
OTUV7,225,345,120,v022
OTUV7,0,240,240,v016
OTUV7,100,225,125,v016
OTUV7,0,283,283,v023
OTUV7,292,405,113,v028
OTUV7,0,343,343,v018
0F7LW,302,468,166,v023
0F7LW,600,732,132,v027
0F7LW,19,194,175,v012
0F7LW,33,151,118,v007
0F7LW,427,554,127,v001
0F7LW,468,607,139,v001
0F7LW,0,110,110,v017
0F7LW,151,324,173,v026
0F7LW,0,108,108,v029
0F7LW,21,206,185,v012
G8NEV,19,787,768,v018
G8NEV,559,794,235,v021
G8NEV,448,631,183,v001
G8NEV,321,528,207,v012
G8NEV,0,120,120,v018
G8NEV,674,794,120,v022
G8NEV,448,614,166,v019
G8NEV,528,691,163,v016
G8NEV,588,770,182,v008
G8NEV,0,352,352,v008
G8NEV,436,580,144,v009
G8NEV,14,468,454,v005
G8NEV,352,576,224,v031
G8NEV,280,424,144,v023
G8NEV,297,602,305,v008
G8NEV,12,777,765,v018
G8NEV,456,648,192,v016
Y3M3W,67,537,470,v031
Y3M3W,0,537,537,v010
Y3M3W,441,614,173,v022
Y3M3W,40,192,152,v012
Y3M3W,12,532,520,v008
Y3M3W,0,532,532,v021
O76GM,309,779,470,v008
O76GM,295,453,158,v023
O76GM,345,547,202,v001
O76GM,19,367,348,v012
O76GM,696,779,83,v016
O76GM,307,472,165,v023
O76GM,357,779,422,v008
O76GM,657,779,122,v016
O76GM,244,456,212,v023
O76GM,360,549,189,v001
O76GM,21,372,351,v012
O76GM,316,779,463,v008
O76GM,698,779,81,v016
O76GM,715,779,64,v002
O76GM,7,268,261,v007
FB3ZG,120,295,175,v008
FB3ZG,108,220,112,v023
FB3ZG,0,302,302,v022
FB3ZG,124,285,161,v008
FB3ZG,177,290,113,v029
QLFR5,504,650,146,v001
QLFR5,540,691,151,v016
QLFR5,0,686,686,v008
QLFR5,0,696,696,v031
QLFR5,0,720,720,v018
QLFR5,0,729,729,v008
QLFR5,0,715,715,v018
QLFR5,0,626,626,v012
QLFR5,0,686,686,v021
QLFR5,0,674,674,v008
QLFR5,544,676,132,v016
QLFR5,523,676,153,v025
QLFR5,609,756,147,v022
QLFR5,540,686,146,v025
QLFR5,628,765,137,v017
QLFR5,595,746,151,v016
QLFR5,573,676,103,v016
QLFR5,628,741,113,v025
4DSYI,0,740,740,v008
4DSYI,0,740,740,v008
4DSYI,0,740,740,v018
4DSYI,199,684,485,v010
4DSYI,0,740,740,v014
4DSYI,0,740,740,v018
4DSYI,151,655,504,v013
4DSYI,0,280,280,v018
RVVDR,12,264,252,v016
RVVDR,326,718,392,v021
RVVDR,0,331,331,v008
RVVDR,189,360,171,v016
RVVDR,88,302,214,v016
RVVDR,0,278,278,v012
RVVDR,285,422,137,v018
RVVDR,314,718,404,v018
RVVDR,0,321,321,v008
RVVDR,0,314,314,v023
RVVDR,292,718,426,v008
RVVDR,199,374,175,v016
JS3TB,0,122,122,v005
JS3TB,0,579,579,v008
JS3TB,0,579,579,v008
JS3TB,0,86,86,v005
JS3TB,0,60,60,v029
JS3TB,0,579,579,v008
JS3TB,156,264,108,v009
JS3TB,156,579,423,v019
7SNIO,0,175,175,v017
7SNIO,165,825,660,v008
7SNIO,120,304,184,v012
7SNIO,163,825,662,v031
7SNIO,31,225,194,v018
7SNIO,105,825,720,v018
7SNIO,100,247,147,v023
P4SB9,0,259,259,v008
P4SB9,129,268,139,v016
P4SB9,0,259,259,v026
P4SB9,285,421,136,v008
P4SB9,256,421,165,v023
P4SB9,314,421,107,v005
P4SB9,0,271,271,v026
P4SB9,220,421,201,v002
P4SB9,0,421,421,v022
TQYV1,0,743,743,v008
TQYV1,0,743,743,v008
TQYV1,12,743,731,v008
TQYV1,506,652,146,v020
TQYV1,0,271,271,v029
07TCM,0,814,814,v018
07TCM,12,369,357,v008
07TCM,9,364,355,v023
07TCM,530,814,284,v020
07TCM,319,626,307,v023
07TCM,144,381,237,v003
07TCM,319,626,307,v003
07TCM,144,381,237,v016
07TCM,499,814,315,v021
7RDSV,0,69,69,v004
7RDSV,0,166,166,v031
7RDSV,0,166,166,v008
TTVN5,0,324,324,v008
TTVN5,295,790,495,v031
TTVN5,268,458,190,v018
TTVN5,312,790,478,v009
TTVN5,374,790,416,v018
TTVN5,446,790,344,v009
TTVN5,544,790,246,v019
TTVN5,314,432,118,v018
TTVN5,0,292,292,v013
TTVN5,0,316,316,v014
TTVN5,324,790,466,v031
HI4NV,0,312,312,v023
HI4NV,280,441,161,v016
HI4NV,168,722,554,v018
HI4NV,0,247,247,v018
HI4NV,280,439,159,v016
HI4NV,81,439,358,v008
HI4NV,280,439,159,v016
HI4NV,0,439,439,v008
HI4NV,139,271,132,v018
HI4NV,343,662,319,v019
HI4NV,136,292,156,v031
HI4NV,144,722,578,v018
HI4NV,187,398,211,v026
HI4NV,0,446,446,v023
JZULS,0,706,706,v018
JZULS,506,616,110,v023
JZULS,499,597,98,v023
JZULS,523,626,103,v008
JZULS,0,657,657,v018
JZULS,552,655,103,v022
TEV5K,170,388,218,v004
TEV5K,0,199,199,v012
TEV5K,376,564,188,v004
TEV5K,124,735,611,v008
PZ0ND,9,124,115,v025
PZ0ND,14,146,132,v028
PZ0ND,218,278,60,v003
PZ0ND,60,206,146,v023
UG4M2,427,571,144,v001
UG4M2,326,540,214,v012
UG4M2,0,733,733,v018
UG4M2,0,733,733,v032
UG4M2,242,733,491,v008
UG4M2,0,733,733,v032
UG4M2,304,733,429,v030
UG4M2,0,733,733,v018
UG4M2,242,360,118,v029
UG4M2,0,733,733,v008
UG4M2,328,733,405,v006
KMZDA,580,739,159,v016
KMZDA,0,600,600,v008
KMZDA,532,777,245,v016
KMZDA,0,600,600,v005
KMZDA,0,624,624,v008
KMZDA,559,703,144,v016
KMZDA,580,703,123,v016
KMZDA,0,628,628,v005
KMZDA,602,790,188,v020
JTBXI,422,979,557,v008
JTBXI,374,576,202,v023
JTBXI,628,979,351,v026
JTBXI,756,904,148,v016
JTBXI,775,880,105,v008
JTBXI,751,876,125,v023
JTBXI,912,979,67,v016
JTBXI,888,979,91,v008
JTBXI,842,979,137,v023
JTBXI,384,566,182,v026
VU996,213,559,346,v016
VU996,0,96,96,v027
VU996,412,583,171,v016
VU996,508,643,135,v027
VU996,0,544,544,v008
VU996,561,726,165,v001
VU996,177,352,175,v016
VU996,0,374,374,v016
VU996,129,417,288,v012
VU996,0,422,422,v008
VU996,0,448,448,v026
VU996,268,513,245,v026
VU996,583,726,143,v001
VU996,170,523,353,v026
VU996,0,357,357,v008
VU996,14,194,180,v007
VU996,9,232,223,v029
VU996,9,168,159,v012
MOTWW,2,451,449,v005
MOTWW,48,408,360,v008
MOTWW,2,451,449,v005
MOTWW,494,645,151,v022
MOTWW,607,736,129,v029
MOTWW,0,604,604,v018
MOTWW,7,156,149,v023
MOTWW,9,451,442,v008
MOTWW,7,451,444,v023
MOTWW,86,192,106,v016
MOTWW,84,187,103,v016
2B577,465,738,273,v016
2B577,14,738,724,v008
2B577,0,738,738,v023
2B577,0,484,484,v002
2B577,604,738,134,v016
2B577,12,542,530,v005
2B577,0,88,88,v002
2B577,590,738,148,v016
2B577,391,532,141,v023
2B577,396,738,342,v008
MHAGN,69,434,365,v008
MHAGN,338,504,166,v017
MHAGN,312,441,129,v016
MHAGN,304,436,132,v016
MHAGN,398,504,106,v007
MHAGN,340,446,106,v001
MHAGN,168,302,134,v012
MHAGN,19,220,201,v023
MHAGN,424,504,80,v001
MHAGN,33,213,180,v023
MHAGN,139,446,307,v031
MHAGN,408,504,96,v029
83FK5,0,999,999,v008
83FK5,552,999,447,v023
83FK5,0,999,999,v008
83FK5,0,463,463,v021
83FK5,566,756,190,v026
83FK5,576,999,423,v008
83FK5,0,999,999,v008
83FK5,820,957,137,v029
83FK5,636,999,363,v016
1HZGH,0,393,393,v021
1HZGH,400,772,372,v003
1HZGH,0,237,237,v010
1HZGH,132,556,424,v022
1HZGH,112,434,322,v000
1HZGH,0,208,208,v000
1HZGH,180,674,494,v018
MJPAH,0,96,96,v004
MJPAH,72,163,91,v023
MJPAH,0,163,163,v018
MJPAH,81,163,82,v008
MJPAH,0,163,163,v018
MJPAH,0,136,136,v008
MJPAH,21,134,113,v016
MJPAH,79,163,84,v008
MJPAH,79,163,84,v023
MJPAH,0,158,158,v008
S2S7I,124,237,113,v016
S2S7I,52,242,190,v016
S2S7I,9,189,180,v008
S2S7I,4,259,255,v016
W65SM,362,864,502,v005
W65SM,367,864,497,v005
W65SM,0,864,864,v018
W65SM,0,864,864,v008
W65SM,393,864,471,v008
W65SM,583,864,281,v009
W65SM,384,544,160,v023
W65SM,0,864,864,v008
W65SM,396,528,132,v023
W65SM,396,864,468,v008
W65SM,136,388,252,v015
ZR19K,0,355,355,v026
ZR19K,0,108,108,v023
ZR19K,240,360,120,v025
ZR19K,249,360,111,v016
ZR19K,355,475,120,v016
ZR19K,0,350,350,v008
ZR19K,400,782,382,v026
ZR19K,0,571,571,v023
ZR19K,0,561,561,v025
5A9O4,0,715,715,v024
5A9O4,24,456,432,v003
5A9O4,0,156,156,v008
5A9O4,0,129,129,v008
5A9O4,376,674,298,v006
ARWNX,55,276,221,v008
ARWNX,235,734,499,v008
ARWNX,235,734,499,v008
ARWNX,0,177,177,v029
ARWNX,33,194,161,v023
ARWNX,139,278,139,v025
ARWNX,124,276,152,v016
5R8BL,0,158,158,v012
5R8BL,242,509,267,v031
5R8BL,136,314,178,v025
5R8BL,290,509,219,v028
5R8BL,108,261,153,v022
5R8BL,0,509,509,v012
5R8BL,460,509,49,v025
5R8BL,100,230,130,v023
5R8BL,333,509,176,v023
5R8BL,67,204,137,v029
5R8BL,0,117,117,v007
CTIYN,0,713,713,v021
CTIYN,0,713,713,v018
CTIYN,180,477,297,v020
CTIYN,0,713,713,v008
B4ED1,28,307,279,v016
B4ED1,276,556,280,v004
B4ED1,45,338,293,v018
B4ED1,120,532,412,v023
B4ED1,309,448,139,v018
B4ED1,564,787,223,v015
B4ED1,415,820,405,v008
B4ED1,0,379,379,v008
B4ED1,0,376,376,v023
B4ED1,0,379,379,v008
B4ED1,141,261,120,v023
B4ED1,576,820,244,v032
B4ED1,408,614,206,v008
B4ED1,496,820,324,v032
B4ED1,427,602,175,v016
B4ED1,127,376,249,v008
B4ED1,252,376,124,v016
B4ED1,316,820,504,v018
ZB5J4,0,588,588,v021
ZB5J4,0,588,588,v018
ZB5J4,388,640,252,v022
ZB5J4,616,954,338,v012
ZB5J4,525,693,168,v025
ZB5J4,631,954,323,v012
ZB5J4,0,583,583,v008
ZB5J4,326,583,257,v000
ZB5J4,655,954,299,v023
ZB5J4,477,655,178,v016
H0FI9,0,698,698,v031
H0FI9,0,799,799,v019
H0FI9,170,688,518,v019
H0FI9,0,801,801,v009
LCLLN,206,819,613,v021
LCLLN,9,182,173,v008
LCLLN,141,285,144,v008
LCLLN,33,165,132,v004
LCLLN,391,808,417,v005
LCLLN,0,228,228,v016
LCLLN,0,240,240,v008
LCLLN,0,819,819,v018
LCLLN,0,122,122,v023
LCLLN,0,819,819,v008
LCLLN,132,285,153,v023
LCLLN,62,208,146,v016
LCLLN,0,819,819,v018
VP4OG,0,432,432,v008
VP4OG,0,724,724,v010
VP4OG,328,465,137,v016
VP4OG,0,427,427,v031
C0CMQ,283,448,165,v012
C0CMQ,0,461,461,v008
C0CMQ,0,461,461,v008
C0CMQ,266,424,158,v007
C0CMQ,326,461,135,v029
C0CMQ,403,461,58,v001
7LWW3,0,640,640,v032
7LWW3,4,177,173,v018
7LWW3,561,672,111,v022
7LWW3,43,667,624,v018
7LWW3,64,636,572,v032
7LWW3,744,921,177,v023
7LWW3,748,1077,329,v023
7LWW3,484,667,183,v023
7LWW3,43,566,523,v031
7LWW3,232,446,214,v023
7LWW3,475,588,113,v001
7LWW3,55,662,607,v018
7LWW3,134,259,125,v012
YYLKT,204,400,196,v025
YYLKT,300,558,258,v005
YYLKT,0,307,307,v008
YYLKT,0,558,558,v022
YYLKT,0,242,242,v021
YYLKT,321,558,237,v005
YYLKT,134,300,166,v028
YYLKT,184,367,183,v016
YYLKT,0,558,558,v008
YYLKT,0,558,558,v008
JVH7Q,0,699,699,v014
JVH7Q,0,88,88,v031
JVH7Q,64,199,135,v009
JVH7Q,0,699,699,v008
N93NK,146,343,197,v016
N93NK,158,324,166,v016
N93NK,151,256,105,v019
N93NK,120,256,136,v019
N93NK,0,324,324,v008
SZKDA,28,952,924,v008
SZKDA,175,381,206,v018
SZKDA,256,952,696,v018
SZKDA,228,952,724,v031
SZKDA,165,952,787,v018
SZKDA,110,280,170,v014
SZKDA,223,400,177,v009
WXBEO,242,436,194,v016
WXBEO,465,631,166,v012
WXBEO,0,271,271,v008
WXBEO,429,568,139,v001
WXBEO,0,444,444,v002
WXBEO,340,508,168,v012
WXBEO,4,242,238,v008
WXBEO,350,573,223,v023
WXBEO,376,583,207,v023
WXBEO,501,719,218,v004
DX845,182,388,206,v016
DX845,139,393,254,v008
DX845,141,297,156,v029
WKME6,0,278,278,v004
WKME6,0,797,797,v031
WKME6,0,797,797,v018
WKME6,290,628,338,v009
WKME6,115,386,271,v019
WKME6,0,797,797,v008
WKME6,0,283,283,v008
WKME6,55,283,228,v006
6E8GP,398,786,388,v008
6E8GP,398,525,127,v023
6E8GP,398,786,388,v026
6E8GP,0,199,199,v008
6E8GP,405,532,127,v023
6E8GP,259,439,180,v012
6E8GP,504,786,282,v026
6E8GP,158,273,115,v016
6E8GP,434,786,352,v008
6E8GP,117,237,120,v023
6E8GP,38,201,163,v012
YONR1,218,764,546,v018
YONR1,204,764,560,v008
YONR1,0,764,764,v008
YONR1,69,764,695,v017
YONR1,0,764,764,v022
YONR1,115,324,209,v023
YONR1,132,331,199,v018
IGZZG,0,211,211,v032
IGZZG,175,443,268,v031
IGZZG,0,211,211,v031
IGZZG,129,278,149,v018
IGZZG,0,218,218,v010
358JF,451,693,242,v004
358JF,187,676,489,v005
358JF,28,523,495,v031
358JF,0,151,151,v018
358JF,55,657,602,v018
358JF,496,643,147,v016
358JF,40,664,624,v018
358JF,578,751,173,v022
358JF,432,592,160,v023
358JF,139,516,377,v008
358JF,446,655,209,v008
358JF,105,232,127,v016
QOYH2,420,607,187,v004
QOYH2,38,444,406,v003
QOYH2,360,741,381,v008
QOYH2,367,475,108,v023
QOYH2,33,252,219,v023
BHXEI,0,684,684,v018
BHXEI,595,757,162,v022
BHXEI,0,501,501,v008
BHXEI,350,482,132,v019
BHXEI,554,669,115,v016
BHXEI,628,757,129,v016
BHXEI,592,756,164,v008
BHXEI,580,724,144,v023
BHXEI,0,672,672,v008
BHXEI,0,81,81,v023
BQZ52,0,141,141,v012
BQZ52,0,91,91,v007
BQZ52,69,304,235,v022
BQZ52,0,127,127,v012
BQZ52,192,948,756,v003
BQZ52,45,240,195,v023
8J5YF,91,199,108,v018
8J5YF,213,736,523,v032
8J5YF,110,736,626,v018
8J5YF,55,736,681,v008
8J5YF,264,688,424,v031
8J5YF,60,736,676,v008
KKEX0,0,336,336,v026
KKEX0,196,314,118,v009
KKEX0,0,292,292,v005
KKEX0,160,290,130,v016
KKEX0,206,428,222,v019
KKEX0,144,290,146,v005
KKEX0,160,336,176,v016
KKEX0,0,261,261,v026
DOYQE,0,506,506,v002
DOYQE,434,854,420,v004
DOYQE,439,854,415,v008
DOYQE,405,535,130,v023
DOYQE,460,681,221,v004
DOYQE,571,854,283,v008
DOYQE,547,854,307,v031
DOYQE,549,681,132,v023
2ZDFA,0,787,787,v008
2ZDFA,0,645,645,v002
2ZDFA,0,791,791,v008
2ZDFA,655,791,136,v029
3J9L5,0,172,172,v023
3J9L5,67,216,149,v025
3J9L5,86,192,106,v016
3J9L5,69,249,180,v025
3J9L5,0,170,170,v008
3J9L5,24,158,134,v005
3J9L5,0,120,120,v017
UKSCV,184,564,380,v005
UKSCV,79,777,698,v008
UKSCV,0,273,273,v003
UKSCV,0,254,254,v016
UKSCV,0,88,88,v008
UKSCV,124,821,697,v026
UKSCV,357,540,183,v031
UKSCV,669,811,142,v006
UKSCV,350,549,199,v031
CPM4M,0,115,115,v012
CPM4M,626,705,79,v018
CPM4M,540,672,132,v018
CPM4M,631,705,74,v005
CPM4M,571,705,134,v018
CPM4M,290,460,170,v016
CPM4M,259,501,242,v023
CPM4M,79,216,137,v001
CPM4M,57,523,466,v008
CPM4M,559,705,146,v018
CPM4M,192,705,513,v008
COBS0,626,749,123,v008
COBS0,160,336,176,v023
COBS0,595,749,154,v016
COBS0,592,749,157,v016
COBS0,7,703,696,v008
COBS0,0,168,168,v023
COBS0,57,749,692,v019
COBS0,0,749,749,v030
COBS0,568,749,181,v025
COBS0,0,749,749,v009
COBS0,568,708,140,v025
COBS0,98,220,122,v029
EEVD3,48,189,141,v012
EEVD3,273,405,132,v001
EEVD3,441,741,300,v005
EEVD3,228,453,225,v008
EEVD3,369,741,372,v016
EEVD3,187,338,151,v023
EEVD3,256,741,485,v008
EEVD3,48,182,134,v012
EEVD3,206,343,137,v023
EEVD3,280,410,130,v001
FNBYE,232,734,502,v005
FNBYE,352,508,156,v012
FNBYE,72,324,252,v018
FNBYE,0,624,624,v018
FNBYE,492,763,271,v005
FNBYE,451,679,228,v022
FNBYE,146,554,408,v015
FNBYE,636,920,284,v001
FNBYE,21,208,187,v023
FNBYE,501,602,101,v016
FNBYE,26,127,101,v008
FNBYE,288,602,314,v016
FNBYE,48,597,549,v018
FNBYE,156,259,103,v023
FNBYE,422,592,170,v004
FNBYE,36,213,177,v008
FNBYE,81,204,123,v016
FNBYE,127,657,530,v008
HEX2V,460,728,268,v026
HEX2V,463,728,265,v008
HEX2V,0,396,396,v009
HEX2V,0,391,391,v009
HEX2V,314,432,118,v022
HEX2V,307,439,132,v018
HEX2V,0,439,439,v031
HEX2V,484,728,244,v026
HEX2V,345,472,127,v019
HEX2V,40,420,380,v018
ZZ3HT,196,393,197,v001
ZZ3HT,117,350,233,v012
ZZ3HT,86,280,194,v023
ZZ3HT,28,136,108,v029
ZZ3HT,57,192,135,v023
ZZ3HT,168,271,103,v016
ZZ3HT,184,369,185,v001
ZZ3HT,74,369,295,v026
ZZ3HT,163,297,134,v025
ZZ3HT,81,264,183,v008
ZZ3HT,103,259,156,v026
ZZ3HT,98,276,178,v016
ZZ3HT,151,300,149,v012
ZZ3HT,74,364,290,v025
ZZ3HT,74,364,290,v008
ZZ3HT,69,376,307,v016
ZZ3HT,0,843,843,v022
LKNZD,115,283,168,v012
LKNZD,0,156,156,v025
LKNZD,4,192,188,v008
LKNZD,40,216,176,v025
LKNZD,146,734,588,v016
LKNZD,156,674,518,v016
LKNZD,4,223,219,v012
LKNZD,79,242,163,v018
LKNZD,338,549,211,v026
LKNZD,345,511,166,v012
LKNZD,108,302,194,v023
LKNZD,7,115,108,v025
LKNZD,4,112,108,v008
LKNZD,72,724,652,v026
LKNZD,110,336,226,v026
LKNZD,0,132,132,v029
LKNZD,0,124,124,v016
3WMV4,0,418,418,v031
3WMV4,74,218,144,v005
3WMV4,74,218,144,v005
3WMV4,0,418,418,v008
3WMV4,0,418,418,v008
3WMV4,36,134,98,v004
3WMV4,196,295,99,v004
3WMV4,0,418,418,v008
VXOE4,0,242,242,v022
VXOE4,477,592,115,v022
VXOE4,496,751,255,v016
VXOE4,180,585,405,v018
VXOE4,264,600,336,v031
VXOE4,264,638,374,v014
VXOE4,172,273,101,v023
VXOE4,211,631,420,v008
VXOE4,196,300,104,v018
PEWH4,0,760,760,v008
PEWH4,0,117,117,v018
PEWH4,232,588,356,v005
PEWH4,67,760,693,v010
PEWH4,0,760,760,v008
PEWH4,0,760,760,v008
DCRI5,91,218,127,v016
DCRI5,244,727,483,v007
DCRI5,141,285,144,v020
DCRI5,9,132,123,v012
DCRI5,297,727,430,v001
DCRI5,91,218,127,v025
DCRI5,86,237,151,v016
DCRI5,0,208,208,v008
DCRI5,0,117,117,v012
DCRI5,192,307,115,v001
DJ87X,516,681,165,v001
DJ87X,0,230,230,v031
DJ87X,523,772,249,v008
DJ87X,148,396,248,v031
DJ87X,499,688,189,v012
DJ87X,307,585,278,v004
DJ87X,460,643,183,v023
DJ87X,153,283,130,v030
LD9EC,0,743,743,v008
LD9EC,0,93,93,v008
LD9EC,0,62,62,v018
LD9EC,0,743,743,v026
LD9EC,0,743,743,v030
LD9EC,0,743,743,v014
S5YJG,0,769,769,v004
S5YJG,0,769,769,v026
S5YJG,0,769,769,v008
S5YJG,0,769,769,v008
S5YJG,0,769,769,v026
BDJ84,463,633,170,v016
BDJ84,0,633,633,v008
BDJ84,12,208,196,v019
BDJ84,0,735,735,v016
BDJ84,0,735,735,v026
BDJ84,0,98,98,v023
BDJ84,448,717,269,v016
BDJ84,19,537,518,v026
5TM3H,0,810,810,v008
5TM3H,0,810,810,v018
5TM3H,0,810,810,v008
5TM3H,0,810,810,v018
WDF45,199,313,114,v008
WDF45,0,213,213,v008
WDF45,127,244,117,v016
WDF45,129,242,113,v016
WDF45,4,165,161,v009
WDF45,180,313,133,v026
WDF45,144,313,169,v023
WDF45,0,216,216,v014
WDF45,9,172,163,v019
IDXM0,220,484,264,v016
IDXM0,453,871,418,v008
IDXM0,0,170,170,v012
IDXM0,230,484,254,v026
IDXM0,441,540,99,v023
IDXM0,458,871,413,v031
IDXM0,484,664,180,v012
IDXM0,225,487,262,v016
FKK5R,0,194,194,v004
FKK5R,304,477,173,v027
FKK5R,0,196,196,v018
FKK5R,88,232,144,v022
FKK5R,0,634,634,v008
FKK5R,0,597,597,v010
FKK5R,434,634,200,v000
FKK5R,441,634,193,v000
FKK5R,0,634,634,v010
EK5K1,487,852,365,v008
EK5K1,508,883,375,v012
EK5K1,724,873,149,v016
EK5K1,700,864,164,v023
EK5K1,451,583,132,v016
EK5K1,468,873,405,v023
EK5K1,741,1028,287,v008
EK5K1,549,842,293,v023
EK5K1,0,1028,1028,v018
EK5K1,957,1028,71,v020
EK5K1,0,564,564,v008
EK5K1,756,955,199,v005
EK5K1,0,547,547,v014
PXY5Q,456,590,134,v016
PXY5Q,96,244,148,v012
PXY5Q,216,312,96,v001
PXY5Q,264,528,264,v004
PXY5Q,552,775,223,v031
PXY5Q,456,583,127,v016
PXY5Q,168,564,396,v008
PXY5Q,165,571,406,v008
PXY5Q,578,772,194,v023
PXY5Q,153,319,166,v023
0DVVD,187,712,525,v008
0DVVD,67,343,276,v001
0DVVD,2,247,245,v012
IUETR,0,194,194,v012
IUETR,45,194,149,v029
IUETR,228,372,144,v020
IUETR,0,115,115,v007
QMHK8,1010,1312,302,v016
QMHK8,21,338,317,v001
QMHK8,482,1065,583,v028
QMHK8,304,520,216,v023
QMHK8,410,626,216,v016
QMHK8,28,230,202,v007
QMHK8,1209,1410,201,v012
QMHK8,0,400,400,v008
QMHK8,290,571,281,v028
QMHK8,439,1092,653,v016
QMHK8,904,1320,416,v023
QMHK8,948,1113,165,v023
QMHK8,228,415,187,v016
QMHK8,0,196,196,v029
QMHK8,744,1171,427,v008
QMHK8,177,393,216,v012
QMHK8,256,597,341,v008
QMHK8,1017,1360,343,v026
QMHK8,1180,1312,132,v023
YW5QQ,0,542,542,v018
YW5QQ,213,528,315,v008
YW5QQ,549,712,163,v001
YW5QQ,189,482,293,v023
YW5QQ,424,535,111,v016
YW5QQ,489,700,211,v007
YW5QQ,0,547,547,v018
YW5QQ,446,568,122,v022
YW5QQ,396,523,127,v016
YW5QQ,0,278,278,v032
YW5QQ,194,508,314,v031
OQ54Y,129,247,118,v001
OQ54Y,0,117,117,v012
OQ54Y,470,640,170,v004
OQ54Y,321,436,115,v012
OQ54Y,628,811,183,v032
OQ54Y,74,247,173,v001
OQ54Y,28,182,154,v023
OQ54Y,0,247,247,v012
OQ54Y,0,700,700,v022
OQ54Y,156,369,213,v008
OQ54Y,609,712,103,v018
OQ54Y,638,746,108,v018
OQ54Y,151,259,108,v008
OQ54Y,744,811,67,v016
OQ54Y,763,811,48,v023
OQ54Y,746,811,65,v018
OQ54Y,758,811,53,v015
9TM1K,525,669,144,v016
9TM1K,588,717,129,v012
9TM1K,566,717,151,v022
9TM1K,0,194,194,v012
9TM1K,0,732,732,v018
9TM1K,192,316,124,v008
9TM1K,165,345,180,v023
9TM1K,573,674,101,v016
9TM1K,0,84,84,v023
9TM1K,7,607,600,v023
9TM1K,540,669,129,v001
9TM1K,602,735,133,v001
9TM1K,0,662,662,v008
9TM1K,600,735,135,v008
1BBIY,177,405,228,v026
1BBIY,422,559,137,v012
1BBIY,470,597,127,v013
1BBIY,105,453,348,v026
1BBIY,55,283,228,v001
1BBIY,52,302,250,v001
1BBIY,187,417,230,v026
1BBIY,446,578,132,v023
1BBIY,72,180,108,v029
1BBIY,482,614,132,v016
1BBIY,76,230,154,v007
1BBIY,424,585,161,v031
1BBIY,472,600,128,v008
1BBIY,403,561,158,v012
FTYFA,357,730,373,v018
FTYFA,0,117,117,v012
FTYFA,266,730,464,v004
FTYFA,98,211,113,v027
FTYFA,352,730,378,v018
FTYFA,0,117,117,v029
FTYFA,2,110,108,v007
FTYFA,206,730,524,v008
FTYFA,189,312,123,v023
FTYFA,14,132,118,v027
SX248,607,885,278,v030
SX248,813,972,159,v016
SX248,144,681,537,v030
SX248,852,967,115,v025
SX248,768,885,117,v025
SX248,607,712,105,v023
9J0RB,0,168,168,v004
9J0RB,184,350,166,v025
9J0RB,0,105,105,v031
9J0RB,192,336,144,v016
9J0RB,0,153,153,v008
9J0RB,43,153,110,v016
9J0RB,0,168,168,v008
9J0RB,50,168,118,v016
9J0RB,79,232,153,v031
9J0RB,192,343,151,v008
9J0RB,187,292,105,v023
9J0RB,38,163,125,v016
95GB4,0,268,268,v014
95GB4,216,470,254,v008
95GB4,211,475,264,v013
95GB4,0,283,283,v024
95GB4,439,722,283,v030
95GB4,122,314,192,v016
95GB4,223,398,175,v023
136V6,544,676,132,v001
136V6,324,436,112,v012
136V6,333,465,132,v010
136V6,120,252,132,v025
136V6,0,124,124,v012
136V6,312,441,129,v018
136V6,717,818,101,v026
136V6,290,744,454,v008
136V6,328,640,312,v031
136V6,120,256,136,v028
136V6,26,199,173,v001
136V6,708,818,110,v008
136V6,278,415,137,v018
136V6,508,640,132,v019
136V6,295,760,465,v018
136V6,0,129,129,v029
136V6,724,818,94,v023
136V6,631,772,141,v022
136V6,283,415,132,v023
136V6,540,693,153,v009
136V6,62,199,137,v007
136V6,624,744,120,v016
27ZT9,24,688,664,v024
27ZT9,364,748,384,v023
27ZT9,158,292,134,v019
27ZT9,0,120,120,v023
27ZT9,304,710,406,v016
27ZT9,14,388,374,v016
27ZT9,19,780,761,v008
3588V,24,441,417,v008
3588V,124,240,116,v019
VEH0A,139,277,138,v004
VEH0A,0,132,132,v001
VEH0A,64,172,108,v018
VEH0A,0,60,60,v012
VEH0A,0,132,132,v007
VEH0A,0,105,105,v006
VEH0A,76,277,201,v008
VEH0A,0,105,105,v006
VEH0A,0,105,105,v001
VEH0A,91,223,132,v023
VEH0A,0,156,156,v010
YFJ9U,302,728,426,v008
YFJ9U,295,444,149,v026
YFJ9U,465,660,195,v012
YFJ9U,52,314,262,v003
YFJ9U,465,728,263,v029
YFJ9U,283,728,445,v023
YFJ9U,43,316,273,v003
YFJ9U,446,660,214,v007
YFJ9U,614,728,114,v001
YFJ9U,360,520,160,v016
LLQBB,331,516,185,v025
LLQBB,626,774,148,v009
LLQBB,408,736,328,v028
LLQBB,432,774,342,v016
LLQBB,242,523,281,v016
LLQBB,345,540,195,v025
LLQBB,350,612,262,v023
LLQBB,614,774,160,v019
LLQBB,571,729,158,v028
LLQBB,288,520,232,v008
LLQBB,292,396,104,v029
0OP1K,362,722,360,v031
0OP1K,0,393,393,v004
0OP1K,0,765,765,v008
0OP1K,0,528,528,v007
VINM0,64,230,166,v016
VINM0,175,844,669,v009
VINM0,657,844,187,v026
VINM0,0,204,204,v008
VINM0,364,760,396,v031
VINM0,129,844,715,v026
VINM0,112,242,130,v023
VINM0,96,199,103,v025
VINM0,134,844,710,v008
SOZ1G,0,120,120,v010
SOZ1G,96,281,185,v004
SOZ1G,216,281,65,v022
SOZ1G,216,281,65,v028
SOZ1G,96,281,185,v008
SOZ1G,81,194,113,v023
SOZ1G,0,170,170,v000
SOZ1G,0,170,170,v000
DV6CH,672,765,93,v007
DV6CH,120,600,480,v023
DV6CH,0,148,148,v012
DV6CH,580,734,154,v019
DV6CH,345,657,312,v016
DV6CH,124,480,356,v008
DV6CH,381,496,115,v016
DV6CH,0,139,139,v012
DV6CH,165,465,300,v026
DV6CH,595,765,170,v009
FTNCO,0,398,398,v008
FTNCO,0,398,398,v014
FTNCO,0,182,182,v008
FTNCO,84,328,244,v025
FTNCO,60,220,160,v025
FTNCO,74,352,278,v025
FTNCO,79,314,235,v025
FTNCO,62,398,336,v019
FTNCO,84,314,230,v025
0LDN3,0,402,402,v008
0LDN3,0,168,168,v017
0LDN3,120,240,120,v012
0LDN3,240,360,120,v001
0LDN3,223,402,179,v008
0LDN3,206,314,108,v023
0LDN3,79,182,103,v029
0LDN3,232,402,170,v008
0LDN3,232,362,130,v023
D01MJ,693,859,166,v022
D01MJ,0,753,753,v018
D01MJ,456,768,312,v000
D01MJ,0,849,849,v021
HZSDD,463,592,129,v023
HZSDD,0,516,516,v024
HZSDD,0,549,549,v008
HZSDD,0,158,158,v019
HZSDD,441,554,113,v016
ICQZX,328,475,147,v012
ICQZX,326,732,406,v008
ICQZX,57,319,262,v016
ICQZX,0,139,139,v012
ICQZX,76,398,322,v026
ICQZX,0,732,732,v026
ICQZX,0,160,160,v012
ICQZX,91,220,129,v008
ICQZX,300,432,132,v023
ICQZX,0,144,144,v007
ICQZX,369,732,363,v031
ICQZX,0,84,84,v018
ICQZX,0,348,348,v018
ICQZX,225,352,127,v022
ICQZX,57,194,137,v023
SZVCR,194,724,530,v031
SZVCR,199,715,516,v006
SZVCR,600,724,124,v019
SZVCR,600,724,124,v019
XE19C,21,204,183,v016
XE19C,0,134,134,v023
XE19C,590,729,139,v001
XE19C,0,151,151,v008
XE19C,45,616,571,v031
XE19C,0,120,120,v029
XE19C,163,540,377,v006
XE19C,72,216,144,v016
XE19C,590,729,139,v007
XK92L,0,91,91,v008
XK92L,12,165,153,v016
XK92L,0,129,129,v016
XK92L,0,100,100,v023
XK92L,168,239,71,v012
XK92L,0,124,124,v008
XOOPP,0,268,268,v008
XOOPP,160,364,204,v016
XOOPP,290,414,124,v031
XOOPP,156,414,258,v022
XOOPP,144,414,270,v022
X95D0,0,403,403,v010
X95D0,412,748,336,v004
X95D0,280,427,147,v000
X95D0,662,748,86,v016
X95D0,0,388,388,v000
X95D0,357,748,391,v018
3U6HO,0,115,115,v004
3U6HO,0,134,134,v026
3U6HO,0,395,395,v018
3U6HO,0,395,395,v008
3U6HO,0,395,395,v008
OKXIQ,48,573,525,v026
OKXIQ,0,764,764,v002
OKXIQ,489,624,135,v001
OKXIQ,355,616,261,v026
OKXIQ,240,504,264,v016
OKXIQ,0,136,136,v012
D1XNV,0,809,809,v019
D1XNV,0,809,809,v030
D1XNV,0,809,809,v031
D1XNV,537,809,272,v008
D1XNV,535,667,132,v023
Y75AX,0,702,702,v008
Y75AX,0,427,427,v031
Y75AX,333,700,367,v031
Y75AX,273,412,139,v012
Y75AX,40,427,387,v032
Y75AX,604,702,98,v019
Y75AX,0,702,702,v018
Y75AX,0,702,702,v008
Y75AX,364,475,111,v001
N6FZ7,300,437,137,v023
N6FZ7,182,328,146,v025
N6FZ7,0,153,153,v017
N6FZ7,74,187,113,v023
N6FZ7,196,304,108,v025
N6FZ7,84,307,223,v008
N6FZ7,220,321,101,v016
N6FZ7,295,437,142,v008
N6FZ7,62,194,132,v023
N6FZ7,192,309,117,v016
N6FZ7,96,302,206,v008
N6FZ7,196,307,111,v025
N6FZ7,115,268,153,v020
N6FZ7,0,120,120,v029
H7UYR,0,734,734,v002
H7UYR,0,734,734,v008
H7UYR,0,734,734,v011
H7UYR,0,588,588,v008
0O6RK,67,424,357,v006
0O6RK,14,177,163,v012
0O6RK,16,216,200,v012
0O6RK,408,566,158,v001
0O6RK,549,726,177,v002
0O6RK,372,564,192,v001
0O6RK,300,422,122,v027
AHBE8,134,355,221,v008
AHBE8,295,547,252,v016
AHBE8,578,684,106,v019
AHBE8,288,624,336,v016
AHBE8,492,640,148,v023
AHBE8,523,643,120,v016
AHBE8,0,619,619,v026
AHBE8,482,640,158,v008
AHBE8,304,427,123,v012
AHBE8,434,564,130,v001
AHBE8,513,643,130,v016
AHBE8,504,684,180,v009
AHBE8,2,151,149,v023
J5K87,74,213,139,v008
J5K87,369,636,267,v009
J5K87,597,845,248,v008
J5K87,0,845,845,v018
J5K87,146,845,699,v008
J5K87,0,845,845,v018
J5K87,189,338,149,v004
J5K87,146,276,130,v023
J5K87,0,845,845,v008
J5K87,780,845,65,v016
J5K87,74,813,739,v019
J5K87,0,108,108,v012
J5K87,14,127,113,v019
J5K87,67,845,778,v031
J5K87,45,842,797,v032
72M7T,0,415,415,v008
72M7T,96,216,120,v017
72M7T,144,415,271,v028
72M7T,288,415,127,v008
72M7T,336,415,79,v028
72M7T,134,415,281,v023
72M7T,0,122,122,v014
V53GK,655,765,110,v012
V53GK,0,609,609,v017
V53GK,537,679,142,v023
V53GK,0,765,765,v008
V53GK,667,765,98,v029
V53GK,660,765,105,v007
V53GK,576,765,189,v008
V53GK,0,640,640,v014
AIJ0M,24,168,144,v004
AIJ0M,314,749,435,v008
AIJ0M,244,360,116,v025
AIJ0M,240,408,168,v023
AIJ0M,67,206,139,v016
AIJ0M,187,309,122,v007
AIJ0M,12,307,295,v008
AIJ0M,0,216,216,v008
AIJ0M,206,355,149,v016
AIJ0M,266,384,118,v001
AIJ0M,0,228,228,v023
AIJ0M,259,381,122,v001
AIJ0M,187,348,161,v016
AIJ0M,165,340,175,v012
AIJ0M,177,314,137,v012
ZPRJH,297,441,144,v025
ZPRJH,0,199,199,v022
ZPRJH,0,108,108,v018
ZPRJH,312,436,124,v016
ZPRJH,379,556,177,v029
ZPRJH,177,405,228,v008
ZPRJH,285,412,127,v001
ZPRJH,189,408,219,v008
ZPRJH,136,278,142,v023
ZPRJH,136,278,142,v023
ZPRJH,316,434,118,v016
ZPRJH,204,408,204,v031
ZPRJH,211,386,175,v012
ZPRJH,331,434,103,v016
UUF84,292,547,255,v005
UUF84,588,767,179,v028
UUF84,681,767,86,v022
UUF84,588,767,179,v028
UUF84,576,767,191,v018
UUF84,561,688,127,v018
UUF84,331,554,223,v023
UUF84,588,767,179,v018
UUF84,297,484,187,v005
UUF84,240,338,98,v029
UUF84,93,194,101,v008
UUF84,79,182,103,v023
UUF84,67,168,101,v016
UUF84,600,703,103,v018
UUF84,374,472,98,v004
GCI2J,199,415,216,v016
GCI2J,146,338,192,v013
GCI2J,441,573,132,v018
GCI2J,199,463,264,v023
GCI2J,374,736,362,v003
GCI2J,297,429,132,v008
GCI2J,367,736,369,v016
GCI2J,180,345,165,v016
GCI2J,470,736,266,v018
GCI2J,0,283,283,v008
GCI2J,0,276,276,v014
GIIF8,0,196,196,v016
GIIF8,129,388,259,v029
GIIF8,0,206,206,v016
GIIF8,4,163,159,v025
GIIF8,124,388,264,v028
GIIF8,256,388,132,v023
GIIF8,28,192,164,v016
GIIF8,0,124,124,v008
GIIF8,0,208,208,v026
GIIF8,252,388,136,v026
GIIF8,175,384,209,v031
GIIF8,0,204,204,v026
GIIF8,127,381,254,v003
AV58B,0,216,216,v008
AV58B,0,860,860,v018
AV58B,0,860,860,v008
AV58B,0,860,860,v004
OQ9W3,338,633,295,v032
OQ9W3,340,633,293,v032
OQ9W3,0,117,117,v004
OQ9W3,0,633,633,v018
OQ9W3,0,633,633,v018
OQ9W3,177,381,204,v026
OQ9W3,480,631,151,v023
OQ9W3,0,134,134,v008
OQ9W3,24,189,165,v031
OQ9W3,4,129,125,v016
YQ2M5,0,720,720,v008
YQ2M5,182,720,538,v014
YQ2M5,168,307,139,v018
YQ2M5,218,720,502,v010
YQ2M5,194,312,118,v018
PN1F2,124,410,286,v004
PN1F2,72,410,338,v008
PN1F2,50,415,365,v008
PN1F2,160,340,180,v005
PN1F2,0,410,410,v023
PN1F2,84,192,108,v023
PN1F2,180,324,144,v029
PN1F2,69,417,348,v021
O5V8D,0,431,431,v008
O5V8D,252,431,179,v019
O5V8D,0,117,117,v023
O5V8D,302,431,129,v020
O5V8D,0,431,431,v014
O5V8D,0,141,141,v013
O5V8D,112,268,156,v013
HXR3Z,0,803,803,v014
HXR3Z,0,79,79,v023
HXR3Z,297,472,175,v016
HXR3Z,0,803,803,v032
HXR3Z,0,561,561,v031
HXR3Z,0,803,803,v018
HXR3Z,0,803,803,v005
HXR3Z,0,803,803,v008
HXR3Z,0,803,803,v018
AK9PN,624,743,119,v004
AK9PN,0,319,319,v008
AK9PN,568,717,149,v018
AK9PN,604,743,139,v018
AK9PN,386,504,118,v023
AK9PN,112,244,132,v012
AK9PN,259,386,127,v001
AK9PN,439,657,218,v020
AK9PN,28,278,250,v026
AK9PN,398,743,345,v008
AK9PN,100,244,144,v007
I7GZI,0,136,136,v023
I7GZI,0,141,141,v017
5IPJA,0,415,415,v032
5IPJA,280,530,250,v008
5IPJA,360,669,309,v019
5IPJA,0,384,384,v014
5IPJA,0,748,748,v018
5IPJA,333,501,168,v016
5IPJA,386,523,137,v009
5IPJA,0,748,748,v018
5IPJA,0,748,748,v031
5IPJA,0,748,748,v032
5IPJA,314,453,139,v023
T1JWU,134,520,386,v008
T1JWU,0,520,520,v004
T1JWU,0,520,520,v018
T1JWU,316,508,192,v006
T1JWU,60,194,134,v008
T1JWU,0,520,520,v008
FXGQI,0,744,744,v008
FXGQI,0,744,744,v031
FXGQI,40,160,120,v020
FXGQI,127,276,149,v020
FXGQI,295,429,134,v020
FXGQI,0,744,744,v018
P0CET,64,208,144,v008
P0CET,132,681,549,v003
P0CET,0,172,172,v023
P0CET,156,360,204,v031
P0CET,240,803,563,v026
P0CET,124,244,120,v029
P0CET,148,276,128,v016
9HTYB,0,669,669,v008
9HTYB,0,669,669,v021
9HTYB,4,669,665,v009
9HTYB,21,669,648,v019
9HTYB,0,669,669,v008
UQJ5W,0,100,100,v005
UQJ5W,134,316,182,v012
UQJ5W,0,465,465,v005
UQJ5W,424,646,222,v013
UQJ5W,336,646,310,v008
UQJ5W,350,499,149,v014
UQJ5W,0,646,646,v008
UQJ5W,412,646,234,v031
UQJ5W,0,158,158,v029
UQJ5W,0,646,646,v008
1XOQ8,16,369,353,v016
1XOQ8,316,715,399,v008
1XOQ8,288,463,175,v023
1XOQ8,336,703,367,v019
1XOQ8,0,256,256,v023
1XOQ8,26,148,122,v025
1XOQ8,0,715,715,v026
1XOQ8,0,715,715,v026
1XOQ8,26,148,122,v008
0N4KN,0,729,729,v005
0N4KN,0,785,785,v008
0N4KN,638,785,147,v020
0N4KN,0,785,785,v018
0N4KN,0,729,729,v005
0N4KN,0,785,785,v018
0N4KN,0,785,785,v008
0N4KN,0,64,64,v023
29OV5,0,383,383,v008
29OV5,0,383,383,v008
29OV5,86,383,297,v009
29OV5,0,383,383,v023
29OV5,69,383,314,v019
JSIRZ,0,693,693,v008
JSIRZ,0,693,693,v024
JSIRZ,0,693,693,v002
JSIRZ,564,693,129,v005
JSIRZ,38,148,110,v005
JSIRZ,357,475,118,v005
3UXL9,194,783,589,v008
3UXL9,0,105,105,v022
3UXL9,0,783,783,v026
ZTWJB,72,756,684,v018
ZTWJB,0,127,127,v025
ZTWJB,0,127,127,v025
ZTWJB,0,100,100,v008
ZTWJB,0,86,86,v026
ZTWJB,69,194,125,v018
ZTWJB,374,501,127,v008
ZTWJB,88,756,668,v021
ZTWJB,0,115,115,v026
ZTWJB,76,756,680,v010
ZTWJB,98,756,658,v021
ZTWJB,84,756,672,v018
F66WG,216,456,240,v008
F66WG,24,336,312,v008
F66WG,448,727,279,v005
F66WG,206,355,149,v016
F66WG,103,295,192,v007
F66WG,228,372,144,v025
F66WG,108,285,177,v012
F66WG,453,857,404,v008
F66WG,134,321,187,v029
9YWJ6,0,472,472,v029
9YWJ6,228,482,254,v012
9YWJ6,0,249,249,v005
9YWJ6,0,818,818,v008
9YWJ6,0,249,249,v005
9YWJ6,136,283,147,v007
9YWJ6,0,818,818,v008
9YWJ6,0,818,818,v008
PLXUA,168,345,177,v019
PLXUA,283,542,259,v020
PLXUA,26,741,715,v008
PLXUA,148,741,593,v031
PLXUA,0,115,115,v023
P12LH,0,769,769,v008
P12LH,0,769,769,v018
P12LH,0,769,769,v021
P12LH,0,769,769,v014
P12LH,0,769,769,v008
2443O,84,362,278,v008
2443O,328,759,431,v008
2443O,0,108,108,v029
2443O,585,759,174,v024
2443O,76,388,312,v016
2443O,76,388,312,v016
2443O,256,432,176,v023
2443O,43,199,156,v023
NHYRG,811,950,139,v008
NHYRG,36,919,883,v026
NHYRG,206,902,696,v023
NHYRG,0,124,124,v029
NHYRG,19,878,859,v026
R5WMI,120,369,249,v008
R5WMI,0,369,369,v014
R5WMI,124,268,144,v020
R5WMI,60,369,309,v008
R5WMI,60,216,156,v006
R5WMI,60,172,112,v023
R5WMI,165,297,132,v030
R5WMI,0,369,369,v013
R5WMI,0,369,369,v008
R5WMI,81,369,288,v008
UETQS,0,302,302,v018
UETQS,33,268,235,v012
UETQS,436,744,308,v002
UETQS,0,141,141,v018
UETQS,172,364,192,v022
UETQS,530,744,214,v023
UETQS,240,566,326,v008
UETQS,240,566,326,v023
UETQS,343,568,225,v016
UETQS,619,744,125,v016
UETQS,0,271,271,v018
UETQS,559,744,185,v008
AF5BS,0,424,424,v008
AF5BS,184,417,233,v014
AF5BS,321,451,130,v016
AF5BS,31,660,629,v031
AF5BS,0,91,91,v018
AF5BS,561,686,125,v022
AF5BS,0,681,681,v018
AF5BS,0,679,679,v018
OEM65,0,850,850,v021
OEM65,100,850,750,v008
OEM65,0,850,850,v018
OEM65,0,163,163,v020
OEM65,117,850,733,v008
OEM65,0,850,850,v010
OEM65,91,225,134,v023
OEM65,122,850,728,v031
XQVXF,417,657,240,v001
XQVXF,108,266,158,v012
XQVXF,312,660,348,v030
XQVXF,108,266,158,v012
XQVXF,319,660,341,v008
XQVXF,0,660,660,v026
XQVXF,0,660,660,v026
XQVXF,0,216,216,v002
XQVXF,336,660,324,v030
BEAAA,0,672,672,v018
BEAAA,0,84,84,v005
BEAAA,208,607,399,v003
BEAAA,0,672,672,v008
BEAAA,16,261,245,v028
BEAAA,144,283,139,v016
BEAAA,165,333,168,v008
BEAAA,0,98,98,v005
8WZJW,0,740,740,v014
8WZJW,110,740,630,v026
8WZJW,0,740,740,v018
8WZJW,117,740,623,v030
8WZJW,120,740,620,v026
8WZJW,0,740,740,v018
8WZJW,0,740,740,v008
DACFC,0,747,747,v005
DACFC,235,747,512,v008
DACFC,0,747,747,v005
DACFC,0,62,62,v023
DACFC,240,747,507,v026
DACFC,220,357,137,v023
DACFC,0,747,747,v008
DACFC,0,228,228,v016
DACFC,86,230,144,v016
DACFC,0,228,228,v008
DACFC,0,747,747,v008
N0ZPI,345,499,154,v004
N0ZPI,523,636,113,v025
N0ZPI,530,648,118,v016
N0ZPI,530,648,118,v025
N0ZPI,0,723,723,v008
N0ZPI,139,657,518,v008
N0ZPI,108,300,192,v023
N0ZPI,516,662,146,v025
N0ZPI,153,621,468,v008
TCJCJ,244,739,495,v031
TCJCJ,52,199,147,v001
TCJCJ,0,225,225,v008
TCJCJ,115,252,137,v025
TCJCJ,0,199,199,v031
TCJCJ,292,739,447,v019
TCJCJ,117,259,142,v016
TCJCJ,110,230,120,v016
TCJCJ,264,739,475,v019
TCJCJ,0,223,223,v008
IONV9,408,919,511,v008
IONV9,393,530,137,v023
IONV9,789,919,130,v029
IONV9,0,148,148,v004
IONV9,204,319,115,v004
IONV9,98,237,139,v019
IONV9,0,919,919,v008
IONV9,98,223,125,v009
IONV9,463,580,117,v009
G3UF4,0,392,392,v004
G3UF4,0,392,392,v031
G3UF4,0,392,392,v008
G3UF4,0,392,392,v008
G3UF4,0,392,392,v008
G3UF4,0,392,392,v008
G3UF4,76,201,125,v012
MVX03,0,753,753,v006
MVX03,393,604,211,v028
MVX03,667,802,135,v022
MVX03,386,566,180,v023
MVX03,0,465,465,v006
MVX03,508,782,274,v018
MVX03,489,604,115,v018
Z5URX,0,1342,1342,v018
Z5URX,132,324,192,v018
Z5URX,0,1342,1342,v011
Z5URX,1072,1202,130,v022
Z5URX,0,1342,1342,v018
Z5URX,26,235,209,v012
Z5URX,127,268,141,v023
Z5URX,0,1342,1342,v032
Z5URX,400,624,224,v008
Z5URX,549,1180,631,v031
Z5URX,139,1342,1203,v008
Z5URX,52,309,257,v023
Z5URX,194,302,108,v016
Z5URX,273,396,123,v023
Z5URX,295,403,108,v016
OZ02A,300,768,468,v032
OZ02A,216,439,223,v018
OZ02A,256,400,144,v031
OZ02A,252,386,134,v001
OZ02A,69,283,214,v027
OZ02A,501,720,219,v022
OZ02A,319,720,401,v018
OZ02A,290,890,600,v008
OZ02A,328,720,392,v018
OZ02A,304,415,111,v016
OZ02A,475,664,189,v018
OZ02A,710,847,137,v026
LQ0FJ,153,280,127,v029
LQ0FJ,12,244,232,v025
LQ0FJ,499,693,194,v023
LQ0FJ,0,151,151,v008
LQ0FJ,0,213,213,v008
LQ0FJ,0,151,151,v004
LQ0FJ,43,170,127,v016
LQ0FJ,566,784,218,v003
LQ0FJ,153,523,370,v028
LQ0FJ,124,540,416,v025
LQ0FJ,192,362,170,v031
LQ0FJ,400,732,332,v008
LQ0FJ,415,552,137,v016
77JGY,0,530,530,v031
77JGY,0,333,333,v005
77JGY,0,333,333,v005
77JGY,458,590,132,v022
77JGY,0,568,568,v018
77JGY,532,749,217,v013
77JGY,0,535,535,v032
77JGY,427,547,120,v016
77JGY,501,749,248,v014
77JGY,0,141,141,v014
77JGY,367,547,180,v016
77JGY,0,576,576,v018
77JGY,0,530,530,v008
77JGY,446,749,303,v008
77JGY,441,564,123,v023
77JGY,273,528,255,v016
77JGY,0,369,369,v008
77JGY,568,724,156,v019
QRSRE,50,292,242,v012
QRSRE,24,292,268,v012
QRSRE,84,187,103,v001
QRSRE,93,201,108,v004
QRSRE,24,146,122,v023
QRSRE,151,292,141,v001
QRSRE,0,151,151,v017
TH3M0,348,739,391,v008
TH3M0,348,463,115,v023
TH3M0,0,112,112,v012
TH3M0,588,763,175,v016
TH3M0,451,619,168,v018
TH3M0,424,559,135,v018
TH3M0,652,763,111,v001
TH3M0,588,763,175,v026
TH3M0,12,177,165,v001
TH3M0,67,177,110,v007
TH3M0,288,468,180,v012
TH3M0,9,165,156,v029
TH3M0,513,669,156,v022
TH3M0,290,636,346,v026
TH3M0,580,763,183,v026
SM8Y0,76,522,446,v013
SM8Y0,0,522,522,v008
SM8Y0,0,522,522,v032
SM8Y0,0,522,522,v018
SM8Y0,0,522,522,v014
SM8Y0,0,522,522,v018
EIT66,0,184,184,v008
EIT66,0,163,163,v014
EIT66,67,208,141,v016
EIT66,112,252,140,v023
EIT66,184,291,107,v025
EIT66,0,148,148,v019
EIT66,139,291,152,v016
EIT66,112,291,179,v008
EIT66,180,291,111,v016
NKE77,196,355,159,v016
NKE77,458,669,211,v004
NKE77,0,739,739,v008
NKE77,0,739,739,v008
NKE77,0,384,384,v008
NKE77,240,391,151,v016
NKE77,0,355,355,v008
NKE77,240,374,134,v016
LQD66,736,870,134,v031
LQD66,0,758,758,v008
LQD66,0,732,732,v030
LQD66,758,870,112,v020
LQD66,148,463,315,v030
LQD66,667,789,122,v016
LQD66,0,86,86,v023
8S941,0,811,811,v015
8S941,0,811,811,v018
8S941,0,811,811,v016
8S941,0,811,811,v008
8S941,0,811,811,v023
8S941,96,535,439,v026
8S941,0,811,811,v008
UMO9T,0,606,606,v021
UMO9T,0,606,606,v008
UMO9T,0,606,606,v008
UMO9T,0,606,606,v005
UMO9T,64,606,542,v005
UMO9T,0,606,606,v018
UMO9T,0,606,606,v008
8LVCL,0,244,244,v028
8LVCL,580,727,147,v023
8LVCL,410,544,134,v025
8LVCL,736,830,94,v029
8LVCL,0,314,314,v026
8LVCL,0,830,830,v026
8LVCL,165,297,132,v016
8LVCL,134,319,185,v008
98W87,177,340,163,v016
98W87,297,635,338,v005
98W87,244,628,384,v005
98W87,504,635,131,v016
98W87,472,635,163,v016
98W87,0,635,635,v002
98W87,254,628,374,v008
98W87,192,302,110,v016
98W87,242,357,115,v023
98W87,244,369,125,v023
98W87,511,635,124,v016
98W87,264,621,357,v008
98W87,60,290,230,v016
5D85P,0,288,288,v031
5D85P,0,288,288,v018
5D85P,0,288,288,v008
5D85P,0,218,218,v014
5D85P,0,288,288,v008
5D85P,100,206,106,v001
5D85P,21,122,101,v006
ODM20,132,326,194,v004
ODM20,0,595,595,v008
ODM20,441,590,149,v016
ODM20,0,696,696,v018
ODM20,516,696,180,v031
ODM20,532,696,164,v019
ODM20,446,602,156,v016
ODM20,537,696,159,v009
ODM20,0,696,696,v018
6PESI,0,743,743,v008
6PESI,0,743,743,v014
6PESI,0,743,743,v021
6PESI,0,743,743,v018
6PESI,0,743,743,v008
A33VQ,266,472,206,v012
A33VQ,504,705,201,v001
OXCDM,156,372,216,v008
OXCDM,129,391,262,v017
OXCDM,0,783,783,v008
OXCDM,168,405,237,v016
OXCDM,259,396,137,v023
4PEL7,184,326,142,v001
4PEL7,0,208,208,v004
4PEL7,499,576,77,v031
4PEL7,194,336,142,v007
4PEL7,444,571,127,v018
4PEL7,168,312,144,v029
4PEL7,158,278,120,v027
4PEL7,446,568,122,v018
NTA1U,0,754,754,v018
NTA1U,0,754,754,v008
NTA1U,0,754,754,v018
NTA1U,28,754,726,v023
NTA1U,50,754,704,v008
HQ8BB,60,220,160,v027
HQ8BB,156,360,204,v007
HQ8BB,141,352,211,v001
HQ8BB,0,153,153,v012
HQ8BB,300,387,87,v006
HQ8BB,0,163,163,v029
AEP2A,0,525,525,v008
AEP2A,374,528,154,v029
O8T6G,0,254,254,v012
O8T6G,74,276,202,v009
O8T6G,0,810,810,v018
O8T6G,74,451,377,v019
O8T6G,451,645,194,v023
O8T6G,0,810,810,v008
OOKN5,319,472,153,v008
OOKN5,398,667,269,v023
OOKN5,547,883,336,v003
OOKN5,0,304,304,v028
OOKN5,508,667,159,v023
OOKN5,230,472,242,v001
OOKN5,247,357,110,v016
OOKN5,225,331,106,v012
OTIA2,0,105,105,v027
OTIA2,48,336,288,v008
OTIA2,0,120,120,v029
OTIA2,338,468,130,v016
6FV5P,0,532,532,v014
6FV5P,0,770,770,v008
6FV5P,518,770,252,v008
6FV5P,288,448,160,v019
6FV5P,0,609,609,v008
6FV5P,436,552,116,v031
6FV5P,549,770,221,v012
6FV5P,67,271,204,v013
6FV5P,472,679,207,v023
83S5W,441,624,183,v023
83S5W,427,633,206,v009
83S5W,458,631,173,v023
83S5W,369,633,264,v008
83S5W,220,427,207,v020
83S5W,388,633,245,v008
83S5W,388,633,245,v023
83S5W,362,525,163,v008
83S5W,264,439,175,v019
83S5W,139,297,158,v001
83S5W,367,633,266,v008
83S5W,122,276,154,v012
83S5W,343,508,165,v023
83S5W,338,542,204,v026
83S5W,98,285,187,v029
XYJYK,0,96,96,v008
XYJYK,0,117,117,v016
XYJYK,547,698,151,v008
XYJYK,607,783,176,v016
XYJYK,201,338,137,v023
XYJYK,528,783,255,v008
XYJYK,528,691,163,v023
XYJYK,472,783,311,v023
XYJYK,734,783,49,v018
XYJYK,19,655,636,v008
XYJYK,19,568,549,v016
XYJYK,609,724,115,v021
XYJYK,0,117,117,v008
XYJYK,69,252,183,v008
XYJYK,237,352,115,v008
XYJYK,9,115,106,v016
XYJYK,120,288,168,v016
XYJYK,242,357,115,v016
XYJYK,700,783,83,v021
WM2J7,0,216,216,v030
WM2J7,648,732,84,v001
WM2J7,314,597,283,v012
WM2J7,0,201,201,v030
WM2J7,487,732,245,v026
WM2J7,0,252,252,v031
WM2J7,489,732,243,v026
WM2J7,420,571,151,v012
V1WN7,0,381,381,v018
V1WN7,0,333,333,v016
V1WN7,0,345,345,v003
V1WN7,297,865,568,v022
V1WN7,388,549,161,v026
V1WN7,578,865,287,v003
V1WN7,204,338,134,v006
V1WN7,0,112,112,v008
V1WN7,333,602,269,v016
V1WN7,549,865,316,v016
3R4DD,532,688,156,v018
3R4DD,592,795,203,v018
3R4DD,0,218,218,v023
3R4DD,141,441,300,v026
3R4DD,91,795,704,v008
3R4DD,134,795,661,v026
3R4DD,50,230,180,v023
3R4DD,55,204,149,v026
3R4DD,146,775,629,v026
DAA3F,568,686,118,v010
DAA3F,434,652,218,v000
DAA3F,595,703,108,v005
DAA3F,276,417,141,v023
DAA3F,36,769,733,v018
DAA3F,0,160,160,v000
DAA3F,295,769,474,v008
DAA3F,0,769,769,v008
DAA3F,180,769,589,v018
DAA3F,0,182,182,v021
DAA3F,316,769,453,v008
REWLB,151,372,221,v008
REWLB,268,573,305,v022
REWLB,405,696,291,v005
REWLB,391,736,345,v018
REWLB,0,98,98,v008
REWLB,0,338,338,v008
REWLB,276,453,177,v008
REWLB,0,736,736,v016
REWLB,0,736,736,v018
REWLB,511,736,225,v016
K247M,0,827,827,v007
K247M,0,827,827,v008
K247M,0,827,827,v012
K247M,0,827,827,v031
K247M,0,827,827,v014
KS5JT,0,136,136,v027
KS5JT,43,432,389,v009
KS5JT,441,604,163,v016
KS5JT,4,124,120,v029
KS5JT,40,439,399,v019
G71O7,885,1139,254,v024
G71O7,0,1139,1139,v008
G71O7,100,405,305,v023
G71O7,300,998,698,v005
G71O7,1051,1139,88,v009
G71O7,765,1139,374,v014
G71O7,300,811,511,v008
G71O7,1063,1139,76,v019
G71O7,736,868,132,v023
G71O7,117,777,660,v012
G71O7,744,1139,395,v008
JDZV7,0,235,235,v030
JDZV7,544,746,202,v012
JDZV7,604,741,137,v001
JDZV7,295,667,372,v026
JDZV7,208,376,168,v025
JDZV7,206,376,170,v023
JDZV7,206,350,144,v016
JDZV7,316,535,219,v008
JDZV7,415,540,125,v016
JDZV7,165,343,178,v008
JDZV7,679,746,67,v016
JDZV7,302,427,125,v023
MMFQA,0,929,929,v018
MMFQA,208,424,216,v016
MMFQA,295,530,235,v012
MMFQA,295,929,634,v031
MMFQA,0,929,929,v018
MMFQA,0,350,350,v031
MMFQA,295,429,134,v023
MMFQA,0,929,929,v008
PRH15,0,638,638,v016
PRH15,681,907,226,v008
PRH15,0,614,614,v016
PRH15,14,144,130,v008
PRH15,0,84,84,v012
PRH15,0,98,98,v019
PRH15,7,165,158,v008
PRH15,120,278,158,v008
PRH15,43,170,127,v016
PRH15,160,288,128,v016
PRH15,7,124,117,v023
PRH15,124,230,106,v023
OPSF8,0,732,732,v018
OPSF8,307,494,187,v016
OPSF8,0,242,242,v005
OPSF8,139,400,261,v004
OPSF8,139,484,345,v008
OPSF8,139,285,146,v023
OPSF8,139,484,345,v008
OPSF8,0,103,103,v008
OPSF8,43,324,281,v005
OPSF8,0,144,144,v016
OPSF8,0,732,732,v018
GZF5F,96,374,278,v004
GZF5F,148,350,202,v008
GZF5F,112,280,168,v015
GZF5F,120,285,165,v016
GZF5F,0,407,407,v023
GZF5F,192,407,215,v016
GZF5F,96,220,124,v023
GZF5F,225,345,120,v016
GZF5F,0,407,407,v008
J3LY1,333,868,535,v008
J3LY1,398,868,470,v013
J3LY1,338,868,530,v014
J3LY1,328,472,144,v029
J3LY1,302,573,271,v006
TQO6O,376,604,228,v023
TQO6O,386,819,433,v032
TQO6O,0,477,477,v005
TQO6O,0,489,489,v005
TQO6O,0,819,819,v018
TQO6O,530,765,235,v008
TQO6O,0,511,511,v008
TQO6O,0,477,477,v016
TQO6O,393,819,426,v008
R971Z,496,734,238,v006
R971Z,259,501,242,v018
R971Z,470,787,317,v008
R971Z,470,794,324,v031
R971Z,237,540,303,v008
R971Z,0,146,146,v012
R971Z,177,420,243,v019
R971Z,0,172,172,v012
R971Z,266,475,209,v016
R971Z,465,600,135,v019
R971Z,180,357,177,v023
R971Z,336,561,225,v022
R971Z,211,336,125,v023
R971Z,38,290,252,v026
2BO2G,444,602,158,v008
2BO2G,52,379,327,v016
2BO2G,792,908,116,v020
2BO2G,460,621,161,v016
2BO2G,684,856,172,v016
2BO2G,0,908,908,v026
2BO2G,129,288,159,v016
2BO2G,415,638,223,v016
2BO2G,434,571,137,v019
F19VE,307,758,451,v016
F19VE,124,807,683,v005
F19VE,472,787,315,v008
F19VE,468,807,339,v023
F19VE,283,807,524,v008
F19VE,307,422,115,v023
F19VE,489,597,108,v023
F19VE,372,508,136,v016
F19VE,160,386,226,v016
F19VE,520,765,245,v016
F19VE,153,285,132,v016
F19VE,9,271,262,v008
F19VE,0,120,120,v023
F19VE,566,722,156,v016
F19VE,16,314,298,v008
17P5V,160,393,233,v001
17P5V,0,412,412,v008
17P5V,276,456,180,v016
17P5V,444,735,291,v023
17P5V,0,98,98,v018
17P5V,153,280,127,v029
JOMFO,360,482,122,v025
JOMFO,0,160,160,v018
JOMFO,88,513,425,v026
JOMFO,48,496,448,v018
JOMFO,408,548,140,v022
JOMFO,273,472,199,v026
JOMFO,348,482,134,v025
JOMFO,50,247,197,v023
JOMFO,283,427,144,v016
JOMFO,340,482,142,v025
JOMFO,84,235,151,v023
P4KFQ,0,187,187,v008
P4KFQ,36,187,151,v031
P4KFQ,0,129,129,v018
P4KFQ,2,187,185,v018
P4KFQ,0,187,187,v018
P4KFQ,43,187,144,v032
P4KFQ,33,187,154,v014
7RXMM,0,602,602,v008
7RXMM,0,192,192,v018
7RXMM,127,602,475,v031
7RXMM,100,602,502,v022
7RXMM,0,602,602,v008
I3GIA,0,760,760,v008
I3GIA,0,760,760,v022
I3GIA,0,760,760,v021
I3GIA,0,760,760,v026
I3GIA,0,760,760,v018
WD12X,175,755,580,v031
WD12X,256,755,499,v006
WD12X,0,595,595,v025
WD12X,0,384,384,v001
WD12X,0,600,600,v023
WD12X,0,405,405,v008
WD12X,264,384,120,v016
WD12X,57,175,118,v001
BVN7J,628,834,206,v016
BVN7J,91,244,153,v016
BVN7J,355,508,153,v016
BVN7J,0,153,153,v023
BVN7J,160,304,144,v023
BVN7J,427,568,141,v023
BVN7J,0,834,834,v008
BVN7J,0,834,834,v030
BVN7J,393,834,441,v008
BVN7J,0,834,834,v032
BVN7J,0,216,216,v030
BVN7J,192,432,240,v030
USPJK,64,559,495,v025
USPJK,451,754,303,v008
USPJK,424,573,149,v023
USPJK,12,585,573,v023
USPJK,12,540,528,v026
USPJK,76,230,154,v022
USPJK,84,506,422,v026
V2ZO4,0,309,309,v031
V2ZO4,180,338,158,v020
V2ZO4,259,372,113,v023
V2ZO4,254,738,484,v030
V2ZO4,254,738,484,v030
V2ZO4,254,738,484,v030
V2ZO4,386,674,288,v016
V2ZO4,0,738,738,v032
V2ZO4,0,156,156,v023
V2ZO4,98,235,137,v016
V2ZO4,0,738,738,v008
V2ZO4,110,220,110,v016
V2ZO4,0,218,218,v008
OFFQ4,0,600,600,v021
OFFQ4,0,600,600,v010
OFFQ4,420,552,132,v008
OFFQ4,0,600,600,v021
OFFQ4,0,405,405,v000
OFFQ4,321,453,132,v023
OFFQ4,333,499,166,v008
TCJWE,62,235,173,v026
TCJWE,151,400,249,v011
TCJWE,254,535,281,v022
TCJWE,0,737,737,v023
TCJWE,0,737,737,v016
TCJWE,0,737,737,v008
TCJWE,0,737,737,v026
TCJWE,0,357,357,v008
TCJWE,0,357,357,v002
6TC5G,336,418,82,v027
6TC5G,285,412,127,v016
6TC5G,0,124,124,v023
6TC5G,16,158,142,v026
6TC5G,16,230,214,v008
6TC5G,134,292,158,v016
6TC5G,0,98,98,v008
6TC5G,295,418,123,v025
6TC5G,45,187,142,v026
6TC5G,295,418,123,v016
6TC5G,319,418,99,v019
6TC5G,55,177,122,v025
6TC5G,0,96,96,v029
6TC5G,0,418,418,v016
Q948H,43,249,206,v008
Q948H,141,602,461,v012
Q948H,189,496,307,v016
Q948H,237,643,406,v018
Q948H,139,532,393,v013
Q948H,427,792,365,v016
Q948H,127,396,269,v019
Q948H,0,792,792,v018
Q948H,26,388,362,v008
Q948H,285,396,111,v023
Q948H,297,592,295,v031
Q948H,583,734,151,v016
Q948H,7,144,137,v023
Q948H,26,739,713,v008
Q948H,523,667,144,v001
BL7OF,0,96,96,v008
BL7OF,24,120,96,v025
BL7OF,144,865,721,v031
BL7OF,0,146,146,v025
PBEUF,96,776,680,v008
PBEUF,60,268,208,v023
PBEUF,19,184,165,v015
PBEUF,0,165,165,v023
PBEUF,110,776,666,v014
PBEUF,0,247,247,v008
PBEUF,60,237,177,v016
PBEUF,0,776,776,v018
PBEUF,0,776,776,v018
T8VDU,52,283,231,v031
T8VDU,235,516,281,v004
T8VDU,108,379,271,v023
T8VDU,410,662,252,v018
T8VDU,259,583,324,v031
T8VDU,0,798,798,v018
T8VDU,434,798,364,v008
T8VDU,420,798,378,v008
T8VDU,0,798,798,v018
T8VDU,31,168,137,v019
T8VDU,0,72,72,v018
RXCQR,50,624,574,v003
RXCQR,523,789,266,v023
RXCQR,631,892,261,v032
RXCQR,0,480,480,v016
RXCQR,600,765,165,v018
RXCQR,657,892,235,v018
RXCQR,0,187,187,v023
RXCQR,602,892,290,v008
9LTZT,326,549,223,v004
9LTZT,235,398,163,v008
9LTZT,199,386,187,v023
8O07M,388,640,252,v012
8O07M,410,571,161,v007
8O07M,424,592,168,v012
9POJB,103,240,137,v008
9POJB,52,172,120,v022
9POJB,396,542,146,v023
9POJB,175,350,175,v008
9POJB,124,266,142,v018
9POJB,336,669,333,v018
9POJB,129,492,363,v008
9POJB,0,218,218,v016
9POJB,122,424,302,v008
9POJB,288,436,148,v016
9POJB,141,708,567,v018
9POJB,400,700,300,v008
3KDI5,0,571,571,v003
3KDI5,520,672,152,v012
3KDI5,0,831,831,v018
3KDI5,0,559,559,v023
3KDI5,0,211,211,v008
3KDI5,0,554,554,v003
3KDI5,525,831,306,v014
3KDI5,513,831,318,v008
SN1VT,0,439,439,v006
SN1VT,374,628,254,v008
SN1VT,520,652,132,v025
SN1VT,300,456,156,v020
SN1VT,520,652,132,v025
SN1VT,417,590,173,v023
SN1VT,374,609,235,v030
SN1VT,508,660,152,v016
SN1VT,628,791,163,v031
CQ435,0,124,124,v009
CQ435,0,127,127,v031
CQ435,216,605,389,v031
CQ435,31,307,276,v017
CQ435,0,129,129,v009
CQ435,206,605,399,v032
CQ435,122,516,394,v019
CQ435,218,328,110,v012
CQ435,237,605,368,v014
D9PWE,559,703,144,v031
D9PWE,60,324,264,v008
D9PWE,631,703,72,v019
D9PWE,0,120,120,v023
D9PWE,384,504,120,v029
D9PWE,624,703,79,v019
8TZSC,0,444,444,v031
8TZSC,244,444,200,v006
8TZSC,0,444,444,v008
8TZSC,0,444,444,v019
8TZSC,0,444,444,v018
8TZSC,0,208,208,v003
AEAE2,24,764,740,v002
AEAE2,434,564,130,v031
AEAE2,0,764,764,v008
PJUM0,48,189,141,v001
PJUM0,230,518,288,v015
PJUM0,48,189,141,v001
PJUM0,79,559,480,v008
PJUM0,468,700,232,v004
PJUM0,0,146,146,v012
PJUM0,170,324,154,v023
PJUM0,204,331,127,v008
PJUM0,436,556,120,v016
PJUM0,40,220,180,v023
PJUM0,170,285,115,v016
9M48H,0,108,108,v016
9M48H,38,312,274,v020
9M48H,0,103,103,v008
9M48H,0,208,208,v016
9M48H,297,752,455,v031
VJVHM,0,192,192,v027
VJVHM,350,612,262,v016
VJVHM,396,799,403,v026
VJVHM,240,376,136,v026
VJVHM,319,444,125,v023
VJVHM,331,799,468,v008
VJVHM,530,799,269,v026
VJVHM,360,799,439,v016
VJVHM,326,463,137,v023
VJVHM,319,799,480,v008
V2GC9,21,465,444,v012
V2GC9,271,506,235,v012
V2GC9,55,333,278,v008
V2GC9,237,559,322,v016
V2GC9,242,580,338,v016
V2GC9,96,232,136,v016
V2GC9,432,576,144,v018
V2GC9,175,309,134,v007
V2GC9,172,316,144,v012
V2GC9,62,194,132,v029
V2GC9,0,62,62,v001
V2GC9,0,364,364,v016
V2GC9,319,735,416,v016
Y0MCG,117,259,142,v016
Y0MCG,0,81,81,v023
Y0MCG,177,398,221,v010
Y0MCG,170,314,144,v018
Y0MCG,194,316,122,v018
Y0MCG,132,268,136,v025
Y0MCG,0,225,225,v008
Y0MCG,297,737,440,v021
JT1XT,0,721,721,v008
JT1XT,0,721,721,v024
JT1XT,60,721,661,v019
JT1XT,7,721,714,v007
JT1XT,52,182,130,v009
JT1XT,0,721,721,v023
JT1XT,640,721,81,v014
LSH63,240,405,165,v016
LSH63,64,192,128,v029
LSH63,67,372,305,v008
0PVKV,194,372,178,v005
0PVKV,228,364,136,v004
0PVKV,0,777,777,v018
0PVKV,0,364,364,v005
0PVKV,72,360,288,v005
0PVKV,112,489,377,v022
0PVKV,420,621,201,v004
0PVKV,561,734,173,v008
0PVKV,494,645,151,v023
0PVKV,444,573,129,v016
0PVKV,487,780,293,v008
0PVKV,0,252,252,v008
0PVKV,681,780,99,v016
0PVKV,506,780,274,v008
0PVKV,482,602,120,v023
0PVKV,0,110,110,v023
0PVKV,693,780,87,v016
J6JNK,576,739,163,v001
J6JNK,21,259,238,v000
J6JNK,564,672,108,v018
J6JNK,576,700,124,v022
J6JNK,259,388,129,v006
J6JNK,0,343,343,v000
J6JNK,0,240,240,v010
J6JNK,580,700,120,v007
J6JNK,170,657,487,v018
C6C7Q,0,458,458,v000
C6C7Q,264,388,124,v027
C6C7Q,554,759,205,v021
C6C7Q,0,124,124,v000
C6C7Q,573,759,186,v021
C6C7Q,16,681,665,v000
C6C7Q,0,759,759,v010
C6C7Q,417,571,154,v027
C6C7Q,535,759,224,v008
M18XP,60,268,208,v001
M18XP,196,751,555,v026
M18XP,192,751,559,v016
M18XP,192,751,559,v008
M18XP,0,213,213,v007
M18XP,0,160,160,v029
M18XP,232,751,519,v016
M18XP,136,309,173,v019
M18XP,0,206,206,v012
07QNG,0,655,655,v032
07QNG,705,880,175,v015
07QNG,984,1185,201,v018
07QNG,559,676,117,v016
07QNG,825,1039,214,v004
07QNG,230,477,247,v031
07QNG,592,729,137,v022
07QNG,0,681,681,v018
07QNG,667,1072,405,v008
07QNG,0,676,676,v008
07QNG,1108,1322,214,v008
07QNG,0,331,331,v031
07QNG,693,1072,379,v008
07QNG,652,789,137,v023
9CCFC,0,347,347,v031
9CCFC,24,168,144,v009
9CCFC,0,347,347,v018
9CCFC,0,347,347,v018
9CCFC,0,347,347,v008
9CCFC,98,290,192,v023
9CCFC,45,184,139,v019
9CCFC,31,172,141,v019
9CCFC,0,347,347,v008
9CCFC,112,326,214,v005
Q38XP,0,746,746,v031
Q38XP,160,453,293,v005
Q38XP,0,746,746,v018
Q38XP,0,312,312,v008
Q38XP,0,746,746,v018
Q38XP,0,746,746,v031
5EIJ3,0,896,896,v024
5EIJ3,0,662,662,v009
5EIJ3,9,564,555,v019
5EIJ3,372,532,160,v007
5EIJ3,0,896,896,v008
1VIQC,0,540,540,v018
1VIQC,304,614,310,v004
1VIQC,309,786,477,v020
1VIQC,0,786,786,v018
1VIQC,278,786,508,v008
1VIQC,271,578,307,v023
1VIQC,487,597,110,v009
1VIQC,0,151,151,v031
IV1S7,247,403,156,v015
IV1S7,112,280,168,v023
IV1S7,196,326,130,v016
IV1S7,139,259,120,v001
IV1S7,62,218,156,v012
IV1S7,12,153,141,v017
IV1S7,60,168,108,v018
IV1S7,187,321,134,v016
IV1S7,192,314,122,v008
IV1S7,96,242,146,v023
IV1S7,69,242,173,v007
IV1S7,139,319,180,v008
IV1S7,194,321,127,v016
844D4,444,526,82,v001
844D4,429,526,97,v008
844D4,434,526,92,v031
844D4,0,484,484,v031
844D4,477,526,49,v023
844D4,0,525,525,v008
844D4,446,526,80,v012
844D4,0,516,516,v008
844D4,0,175,175,v031
844D4,86,206,120,v031
844D4,146,261,115,v031
844D4,357,516,159,v016
844D4,384,518,134,v001
YG9UR,0,767,767,v008
YG9UR,266,767,501,v032
YG9UR,0,767,767,v018
YG9UR,0,767,767,v021
YG9UR,146,767,621,v008
YG9UR,28,240,212,v016
YG9UR,2,232,230,v023
YG9UR,0,767,767,v018
YG9UR,472,767,295,v023
YG9UR,472,767,295,v008
YG9UR,316,767,451,v031
YG9UR,556,715,159,v004
YG9UR,292,434,142,v012
CSHTJ,0,399,399,v018
CSHTJ,0,399,399,v005
CSHTJ,0,399,399,v005
CSHTJ,0,399,399,v018
CSHTJ,64,399,335,v019
CSHTJ,64,399,335,v009
CSHTJ,0,399,399,v008
CSHTJ,0,399,399,v008
BW2OT,290,742,452,v008
BW2OT,316,742,426,v019
BW2OT,242,352,110,v016
BW2OT,0,742,742,v018
BW2OT,0,124,124,v023
BW2OT,292,742,450,v014
BW2OT,230,360,130,v016
BW2OT,619,742,123,v016
BW2OT,0,333,333,v005
BW2OT,266,420,154,v023
BW2OT,0,348,348,v008
BW2OT,0,62,62,v023
BW2OT,292,742,450,v009
BW2OT,645,742,97,v016
BW2OT,319,434,115,v019
BW2OT,290,742,452,v031
BW2OT,0,345,345,v016
BW2OT,0,331,331,v005
BW2OT,0,333,333,v008
BW2OT,290,742,452,v009
OB660,0,134,134,v017
OB660,120,343,223,v022
OB660,57,268,211,v018
OB660,0,283,283,v021
OB660,7,249,242,v000
OB660,177,295,118,v025
OB660,0,276,276,v018
OB660,177,292,115,v008
OB660,172,347,175,v031
580G0,0,88,88,v010
580G0,40,153,113,v025
580G0,146,278,132,v023
580G0,158,352,194,v004
580G0,153,357,204,v008
580G0,355,493,138,v003
580G0,283,415,132,v022
580G0,252,374,122,v016
580G0,0,98,98,v000
580G0,0,165,165,v016
580G0,0,88,88,v000
BZ5N5,177,499,322,v008
BZ5N5,319,516,197,v016
BZ5N5,456,732,276,v015
BZ5N5,52,403,351,v023
BZ5N5,0,153,153,v012
BZ5N5,297,439,142,v008
BZ5N5,379,518,139,v016
BZ5N5,259,393,134,v001
BZ5N5,374,530,156,v016
BZ5N5,0,403,403,v023
BZ5N5,170,516,346,v008
2XXH8,146,352,206,v031
2XXH8,259,600,341,v030
2XXH8,76,213,137,v020
OWUW8,0,93,93,v008
OWUW8,146,278,132,v020
OWUW8,0,278,278,v022
OWUW8,0,67,67,v023
OWUW8,7,110,103,v025
OWUW8,0,100,100,v026
OWUW8,12,120,108,v025
OWUW8,0,124,124,v008
OWUW8,0,117,117,v016
PFKQ9,0,772,772,v008
PFKQ9,12,628,616,v026
E7GV1,0,760,760,v008
E7GV1,0,760,760,v018
E7GV1,31,760,729,v013
E7GV1,0,74,74,v023
E7GV1,16,760,744,v014
3JCEI,230,427,197,v025
3JCEI,0,271,271,v014
3JCEI,170,295,125,v022
3JCEI,0,271,271,v018
3JCEI,199,312,113,v001
3JCEI,249,362,113,v025
3JCEI,0,271,271,v018
3JCEI,0,266,266,v018
3JCEI,7,225,218,v009
3JCEI,362,476,114,v008
3JCEI,0,273,273,v032
3JCEI,0,276,276,v018
3JCEI,0,240,240,v031
3JCEI,216,420,204,v025
3JCEI,7,225,218,v019
FOMJM,0,134,134,v016
FOMJM,81,724,643,v008
FOMJM,266,724,458,v014
FOMJM,50,196,146,v023
FOMJM,0,117,117,v008
FOMJM,0,134,134,v016
XXS99,292,487,195,v018
XXS99,482,648,166,v009
XXS99,456,696,240,v031
XXS99,290,477,187,v008
XXS99,381,590,209,v023
XXS99,374,520,146,v022
XXS99,0,324,324,v010
XXS99,165,388,223,v000
XXS99,355,480,125,v001
XXS99,321,448,127,v012
XXS99,151,312,161,v000
XXS99,0,333,333,v021
QJM3B,0,717,717,v008
QJM3B,0,352,352,v031
QJM3B,0,381,381,v018
QJM3B,273,391,118,v022
QJM3B,0,612,612,v018
QJM3B,0,403,403,v018
QJM3B,0,367,367,v012
QJM3B,254,357,103,v019
QJM3B,247,441,194,v019
QJM3B,242,345,103,v001
3J85M,67,223,156,v012
3J85M,163,350,187,v016
3J85M,439,679,240,v008
3J85M,0,831,831,v018
3J85M,175,321,146,v008
3J85M,468,662,194,v005
3J85M,463,691,228,v005
3J85M,0,831,831,v018
3J85M,172,367,195,v023
3J85M,189,372,183,v016
3J85M,192,331,139,v023
QY2ZD,0,789,789,v018
QY2ZD,0,789,789,v014
QY2ZD,324,504,180,v020
QY2ZD,0,789,789,v031
QY2ZD,0,789,789,v008
1B9DK,0,141,141,v012
1B9DK,631,777,146,v019
1B9DK,96,712,616,v006
1B9DK,31,184,153,v017
1B9DK,105,777,672,v031
1B9DK,38,196,158,v008
1B9DK,0,153,153,v007
1B9DK,0,153,153,v029
999BP,225,403,178,v012
999BP,201,669,468,v008
999BP,585,748,163,v016
999BP,50,184,134,v023
999BP,156,352,196,v023
999BP,304,576,272,v005
999BP,0,153,153,v016
999BP,43,148,105,v008
999BP,614,712,98,v016
O87OF,0,252,252,v016
O87OF,112,259,147,v012
O87OF,0,144,144,v008
O87OF,0,158,158,v016
O87OF,62,225,163,v023
O87OF,182,681,499,v032
O87OF,144,766,622,v016
O87OF,144,766,622,v008
O87OF,0,144,144,v016
O87OF,100,766,666,v008
76Z3W,300,496,196,v016
76Z3W,0,386,386,v008
76Z3W,12,232,220,v020
76Z3W,7,458,451,v026
76Z3W,192,343,151,v022
76Z3W,336,496,160,v026
76Z3W,379,496,117,v023
76Z3W,333,496,163,v023
76Z3W,0,374,374,v018
76Z3W,338,496,158,v026
76Z3W,340,496,156,v008
76Z3W,348,496,148,v026
ONMCW,74,844,770,v026
ONMCW,513,660,147,v023
ONMCW,69,844,775,v026
ONMCW,0,844,844,v008
ONMCW,520,844,324,v008
ONMCW,369,631,262,v026
8MQH6,237,795,558,v008
8MQH6,314,795,481,v009
8MQH6,0,194,194,v012
8MQH6,0,194,194,v012
8MQH6,242,379,137,v023
8MQH6,237,379,142,v008
8MQH6,0,175,175,v007
QKTUU,0,465,465,v008
QKTUU,0,400,400,v014
QKTUU,0,158,158,v004
QKTUU,0,465,465,v008
QKTUU,0,465,465,v008
3OLX3,0,518,518,v026
3OLX3,362,530,168,v016
3OLX3,499,660,161,v005
3OLX3,434,718,284,v004
3OLX3,52,300,248,v008
3OLX3,0,381,381,v016
3OLX3,156,518,362,v015
3OLX3,4,321,317,v008
3OLX3,0,718,718,v022
GH19N,326,436,110,v016
GH19N,57,432,375,v008
GH19N,352,666,314,v003
GH19N,619,666,47,v016
GH19N,619,666,47,v003
GH19N,338,666,328,v016
GH19N,2,290,288,v012
GH19N,348,631,283,v008
GH19N,278,417,139,v023
GH19N,81,237,156,v029
GH19N,40,228,188,v012
YO3KO,590,735,145,v029
YO3KO,69,470,401,v008
YO3KO,535,735,200,v012
YO3KO,333,482,149,v016
YO3KO,331,484,153,v016
YO3KO,631,735,104,v001
YO3KO,525,686,161,v007
YO3KO,55,412,357,v026
YO3KO,55,434,379,v026
YO3KO,319,441,122,v016
UZOCD,0,752,752,v008
UZOCD,0,752,752,v026
UZOCD,0,752,752,v026
HRASP,151,278,127,v025
HRASP,64,189,125,v027
HRASP,472,633,161,v001
HRASP,0,91,91,v012
HRASP,271,487,216,v004
HRASP,417,638,221,v027
HRASP,372,621,249,v004
HRASP,391,691,300,v029
HRASP,141,259,118,v025
HRASP,398,564,166,v016
HRASP,403,556,153,v016
HRASP,132,283,151,v025
HRASP,256,549,293,v008
HRASP,0,151,151,v007
HRASP,187,340,153,v023
1QP1S,199,357,158,v005
1QP1S,355,508,153,v000
1QP1S,525,809,284,v009
1QP1S,105,427,322,v005
1QP1S,0,504,504,v010
1QP1S,664,809,145,v009
1QP1S,520,650,130,v019
1QP1S,451,809,358,v018
1QP1S,0,809,809,v008
1QP1S,0,809,809,v008
1QP1S,355,535,180,v000
1QP1S,360,720,360,v031
9O0NP,0,345,345,v008
9O0NP,122,326,204,v025
9O0NP,120,300,180,v016
9O0NP,160,738,578,v026
9O0NP,141,738,597,v030
9O0NP,134,738,604,v030
9O0NP,576,738,162,v016
9O0NP,576,738,162,v023
9O0NP,583,738,155,v026
9O0NP,576,738,162,v008
9O0NP,568,696,128,v023
9O0NP,74,184,110,v001
9O0NP,0,199,199,v031
5CN21,0,91,91,v008
5CN21,110,247,137,v031
5CN21,278,420,142,v008
SV6KF,355,535,180,v008
SV6KF,355,535,180,v016
SV6KF,223,348,125,v025
SV6KF,0,314,314,v026
SV6KF,331,477,146,v023
SV6KF,0,314,314,v026
SV6KF,225,338,113,v025
SV6KF,338,535,197,v008
KCRQU,76,482,406,v002
KCRQU,607,735,128,v001
KCRQU,412,583,171,v012
KCRQU,592,735,143,v016
KCRQU,580,735,155,v016
KCRQU,626,735,109,v019
KCRQU,660,735,75,v016
KCRQU,585,735,150,v008
KCRQU,508,696,188,v023
KCRQU,19,156,137,v029
NTXXB,264,420,156,v023
NTXXB,0,261,261,v031
NTXXB,348,580,232,v018
NTXXB,405,645,240,v013
NTXXB,328,508,180,v018
NTXXB,324,854,530,v008
NTXXB,460,854,394,v014
3I6XT,0,747,747,v008
3I6XT,0,747,747,v005
3I6XT,0,747,747,v008
3I6XT,0,747,747,v018
3I6XT,0,747,747,v005
3I6XT,0,747,747,v008
3I6XT,0,747,747,v018
5VUT9,264,432,168,v008
5VUT9,432,600,168,v015
5VUT9,0,240,240,v008
5VUT9,120,240,120,v016
5VUT9,192,312,120,v012
5VUT9,0,192,192,v026
5VUT9,21,192,171,v031
5VUT9,230,345,115,v023
5VUT9,189,367,178,v023
5VUT9,0,244,244,v026
5VUT9,242,625,383,v008
0UPBN,463,763,300,v008
0UPBN,398,554,156,v018
0UPBN,470,804,334,v010
0UPBN,0,465,465,v003
PPY0W,72,192,120,v029
PPY0W,0,187,187,v008
PPY0W,0,194,194,v016
JNK11,43,175,132,v016
JNK11,43,175,132,v016
JNK11,0,175,175,v008
JNK11,0,571,571,v008
JNK11,91,549,458,v014
JNK11,40,170,130,v016
JNK11,0,187,187,v008
JNK11,0,110,110,v019
JNK11,436,571,135,v029
K5NFS,64,225,161,v016
K5NFS,0,153,153,v010
K5NFS,0,158,158,v000
K5NFS,156,316,160,v022
K5NFS,237,369,132,v026
K5NFS,69,244,175,v025
K5NFS,64,216,152,v023
K5NFS,69,244,175,v008
RV5CK,650,797,147,v027
RV5CK,0,705,705,v004
RV5CK,0,797,797,v008
RV5CK,508,645,137,v016
FJM09,33,225,192,v004
FJM09,0,385,385,v008
FJM09,0,385,385,v008
FJM09,0,385,385,v031
FJM09,0,385,385,v008
FJM09,0,385,385,v008
YLEEO,0,338,338,v008
YLEEO,64,196,132,v007
YLEEO,0,338,338,v008
YLEEO,0,153,153,v001
YLEEO,0,338,338,v008
ZC017,333,518,185,v016
ZC017,0,223,223,v018
ZC017,328,511,183,v023
ZC017,489,676,187,v012
ZC017,444,621,177,v026
ZC017,345,520,175,v016
ZC017,516,691,175,v023
ZC017,444,600,156,v023
ZC017,506,626,120,v016
ZC017,244,451,207,v026
ZC017,136,254,118,v022
ZC017,595,738,143,v008
ZC017,456,717,261,v008
ZC017,0,314,314,v031
ZC017,475,684,209,v016
ZC017,0,230,230,v018
0TDOP,213,731,518,v018
0TDOP,172,731,559,v018
0TDOP,50,192,142,v016
0TDOP,158,326,168,v018
0TDOP,307,731,424,v005
0TDOP,292,731,439,v008
0TDOP,297,731,434,v016
0TDOP,0,84,84,v029
0TDOP,50,201,151,v016
0TDOP,0,160,160,v008
0TDOP,235,731,496,v008
EOUCM,148,381,233,v001
EOUCM,321,477,156,v012
EOUCM,0,213,213,v016
EOUCM,0,223,223,v008
EOUCM,0,112,112,v023
EOUCM,0,244,244,v008
4VX01,458,725,267,v007
4VX01,187,643,456,v026
4VX01,172,725,553,v008
4VX01,170,362,192,v023
4VX01,79,252,173,v022
4VX01,0,225,225,v018
4VX01,172,573,401,v026
4VX01,578,725,147,v001
4VX01,129,725,596,v008
4VX01,564,708,144,v029
44PFW,412,520,108,v007
44PFW,0,412,412,v008
44PFW,0,424,424,v005
44PFW,422,580,158,v012
44PFW,453,594,141,v029
44PFW,468,594,126,v001
44PFW,0,594,594,v008
I9CDV,216,345,129,v031
I9CDV,124,264,140,v005
I9CDV,124,264,140,v005
I9CDV,412,571,159,v013
I9CDV,172,290,118,v025
I9CDV,283,736,453,v014
I9CDV,0,273,273,v008
I9CDV,278,736,458,v008
PTAZ9,451,580,129,v001
PTAZ9,36,384,348,v005
PTAZ9,0,403,403,v032
PTAZ9,0,403,403,v005
PTAZ9,432,723,291,v008
PTAZ9,0,398,398,v018
PTAZ9,321,468,147,v012
PTAZ9,609,723,114,v008
PTAZ9,302,412,110,v022
PTAZ9,0,388,388,v018
PTAZ9,415,580,165,v008
PTAZ9,316,448,132,v007
PTAZ9,0,206,206,v023
PTAZ9,324,456,132,v012
PTAZ9,0,388,388,v032
PTAZ9,309,532,223,v023
PTAZ9,429,638,209,v019
PTAZ9,0,381,381,v009
PTAZ9,388,535,147,v023
93REJ,225,739,514,v030
93REJ,0,739,739,v018
93REJ,218,357,139,v016
93REJ,81,252,171,v004
93REJ,292,436,144,v004
93REJ,0,739,739,v018
93REJ,292,739,447,v018
93REJ,273,388,115,v018
93REJ,244,369,125,v016
93REJ,211,333,122,v023
KF08J,0,709,709,v008
KF08J,0,709,709,v021
KF08J,252,600,348,v008
KF08J,79,249,170,v020
KF08J,160,295,135,v023
KF08J,206,314,108,v001
KF08J,136,261,125,v012
XMI29,204,424,220,v023
XMI29,0,733,733,v005
XMI29,201,415,214,v018
XMI29,0,733,733,v018
XMI29,0,733,733,v016
XMI29,0,733,733,v008
XMI29,91,201,110,v029
XMI29,7,733,726,v008
XMI29,0,733,733,v008
FO24A,0,165,165,v018
FO24A,4,194,190,v000
FO24A,64,194,130,v022
FO24A,0,168,168,v018
FO24A,57,194,137,v019
FO24A,12,194,182,v008
I4ON2,0,93,93,v001
I4ON2,0,64,64,v012
I4ON2,0,93,93,v031
I4ON2,91,210,119,v018
I4ON2,0,115,115,v008
I4ON2,14,122,108,v025
I4ON2,74,204,130,v018
I4ON2,127,210,83,v019
I4ON2,21,132,111,v016
D7W4E,156,328,172,v016
D7W4E,290,738,448,v008
D7W4E,501,698,197,v020
D7W4E,144,364,220,v016
D7W4E,156,376,220,v016
D7W4E,280,738,458,v031
D7W4E,276,424,148,v023
X3UEQ,271,715,444,v023
X3UEQ,0,715,715,v026
X3UEQ,386,715,329,v026
X3UEQ,88,715,627,v026
X3UEQ,609,715,106,v016
TZEIN,206,619,413,v004
TZEIN,0,619,619,v008
TZEIN,0,619,619,v008
TZEIN,0,304,304,v014
TZEIN,0,619,619,v023
TZEIN,0,619,619,v029
QMKZV,477,712,235,v026
QMKZV,477,643,166,v023
QMKZV,559,720,161,v023
QMKZV,240,597,357,v001
QMKZV,151,444,293,v025
QMKZV,105,290,185,v028
QMKZV,98,278,180,v023
QMKZV,381,518,137,v001
QMKZV,304,537,233,v016
QMKZV,528,809,281,v008
QMKZV,276,444,168,v026
QMKZV,216,441,225,v008
TAQ25,52,671,619,v018
TAQ25,278,424,146,v001
TAQ25,9,148,139,v018
TAQ25,52,671,619,v018
TAQ25,103,396,293,v019
TAQ25,16,396,380,v031
ATCOR,0,139,139,v016
ATCOR,0,364,364,v021
ATCOR,268,458,190,v023
ATCOR,472,619,147,v027
ATCOR,578,727,149,v018
ATCOR,326,484,158,v022
ATCOR,0,420,420,v008
ATCOR,403,583,180,v029
ATCOR,0,463,463,v018
ATCOR,0,444,444,v008
GBD1Y,674,790,116,v025
GBD1Y,0,76,76,v005
GBD1Y,67,182,115,v005
GBD1Y,189,304,115,v005
GBD1Y,705,790,85,v029
GBD1Y,0,561,561,v016
GBD1Y,628,751,123,v001
GBD1Y,0,720,720,v026
GBD1Y,0,780,780,v008
GBD1Y,662,782,120,v016
GBD1Y,662,782,120,v016
GBD1Y,0,780,780,v008
GBD1Y,0,72,72,v005
GBD1Y,67,175,108,v005
GBD1Y,0,691,691,v026
9U82D,588,831,243,v004
9U82D,316,831,515,v008
9U82D,0,388,388,v003
9U82D,0,194,194,v016
9U82D,604,831,227,v008
9U82D,331,472,141,v023
9U82D,355,831,476,v014
9U82D,0,60,60,v008
9U82D,417,547,130,v019
7V4NJ,115,288,173,v020
7V4NJ,583,715,132,v023
7V4NJ,0,535,535,v008
7V4NJ,379,508,129,v001
7V4NJ,424,549,125,v025
7V4NJ,585,734,149,v026
7V4NJ,410,535,125,v025
7V4NJ,0,530,530,v008
7V4NJ,571,738,167,v022
7V4NJ,446,542,96,v016
Z7KC1,542,725,183,v023
Z7KC1,590,715,125,v017
Z7KC1,348,463,115,v022
Z7KC1,0,448,448,v018
Z7KC1,640,725,85,v007
Z7KC1,0,463,463,v018
Z7KC1,439,655,216,v026
Z7KC1,422,725,303,v008
Z7KC1,0,314,314,v031
RJZ3I,0,554,554,v008
RJZ3I,0,554,554,v026
RJZ3I,273,618,345,v009
RJZ3I,489,618,129,v017
RJZ3I,0,576,576,v026
RJZ3I,326,595,269,v019
RJZ3I,501,618,117,v029
RJZ3I,444,552,108,v025
65UVU,100,384,284,v016
65UVU,0,216,216,v008
65UVU,0,76,76,v012
65UVU,0,93,93,v029
65UVU,122,223,101,v016
65UVU,230,386,156,v023
BRBWJ,45,153,108,v016
BRBWJ,86,470,384,v028
BRBWJ,62,172,110,v025
BRBWJ,43,530,487,v022
BRBWJ,0,494,494,v016
BRBWJ,386,530,144,v019
YX3V0,55,745,690,v008
YX3V0,100,208,108,v012
YX3V0,55,184,129,v023
YX3V0,122,745,623,v031
YX3V0,134,290,156,v020
YX3V0,139,745,606,v009
YX3V0,33,170,137,v026
YX3V0,93,324,231,v019
YX3V0,31,170,139,v023
YX3V0,196,316,120,v019
YX3V0,60,745,685,v008
4RT06,0,81,81,v016
4RT06,0,62,62,v012
4RT06,0,103,103,v027
4RT06,115,288,173,v023
4RT06,45,204,159,v012
4RT06,360,638,278,v023
4RT06,360,638,278,v008
4RT06,148,379,231,v023
4RT06,333,747,414,v011
4RT06,355,465,110,v008
4RT06,242,372,130,v016
4RT06,360,477,117,v016
4RT06,175,324,149,v001
4RT06,141,376,235,v008
W65FZ,0,723,723,v018
W65FZ,0,723,723,v008
W65FZ,0,723,723,v021
5GP8M,0,304,304,v008
5GP8M,230,787,557,v008
5GP8M,74,228,154,v012
5GP8M,156,336,180,v016
5GP8M,0,326,326,v024
5GP8M,242,741,499,v009
5GP8M,252,756,504,v031
5GP8M,264,756,492,v019
5GP8M,165,379,214,v023
5GP8M,264,741,477,v019
5GP8M,67,240,173,v012
5GP8M,216,787,571,v008
5GP8M,74,244,170,v007
5GP8M,204,336,132,v023
6B2FN,12,182,170,v019
6B2FN,0,381,381,v031
6B2FN,343,575,232,v008
6B2FN,410,575,165,v023
6B2FN,28,172,144,v019
6B2FN,439,564,125,v029
6B2FN,0,148,148,v006
6B2FN,52,160,108,v016
U0P7W,0,700,700,v008
U0P7W,528,712,184,v016
U0P7W,0,720,720,v031
U0P7W,616,758,142,v001
U0P7W,451,597,146,v012
U0P7W,0,679,679,v008
U0P7W,0,621,621,v031
U0P7W,532,710,178,v016
U0P7W,621,751,130,v001
U0P7W,0,628,628,v032
U0P7W,468,590,122,v007
U0P7W,475,585,110,v012
U0P7W,537,693,156,v016
U0P7W,537,698,161,v016
HSEH1,0,494,494,v006
HSEH1,465,751,286,v019
HSEH1,0,619,619,v022
HSEH1,240,542,302,v027
6KGZA,494,614,120,v008
6KGZA,194,554,360,v003
6KGZA,0,98,98,v008
6KGZA,0,103,103,v016
6KGZA,0,105,105,v025
6KGZA,499,614,115,v023
6KGZA,499,614,115,v023
6KGZA,105,247,142,v023
RKOOJ,74,321,247,v031
RKOOJ,55,180,125,v018
RKOOJ,532,655,123,v022
RKOOJ,372,542,170,v016
RKOOJ,232,352,120,v023
RKOOJ,254,475,221,v008
RKOOJ,76,314,238,v008
RKOOJ,91,307,216,v031
RKOOJ,81,643,562,v018
RKOOJ,410,542,132,v016
RKOOJ,45,338,293,v008
LRJKT,235,355,120,v016
LRJKT,343,800,457,v008
LRJKT,268,496,228,v023
LRJKT,364,511,147,v019
LRJKT,96,228,132,v024
LRJKT,672,800,128,v029
LRJKT,0,132,132,v023
LRJKT,331,800,469,v008
LRJKT,684,796,112,v027
LRJKT,0,343,343,v008
LRJKT,223,352,129,v016
LRJKT,16,307,291,v004
LRJKT,343,732,389,v031
G2JR9,559,710,151,v008
G2JR9,7,600,593,v006
G2JR9,674,745,71,v009
G2JR9,578,741,163,v025
G2JR9,530,717,187,v008
G2JR9,588,727,139,v016
G2JR9,496,614,118,v027
G2JR9,604,745,141,v019
G2JR9,525,696,171,v023
G2JR9,614,734,120,v025
LGPWK,0,549,549,v010
LGPWK,537,672,135,v016
LGPWK,0,552,552,v031
LGPWK,453,614,161,v022
LGPWK,580,703,123,v012
LGPWK,0,556,556,v018
LGPWK,645,772,127,v001
LZ2Y4,0,122,122,v004
LZ2Y4,0,362,362,v008
LZ2Y4,405,507,102,v031
LZ2Y4,283,482,199,v017
LZ2Y4,273,381,108,v022
LZ2Y4,0,364,364,v008
LZ2Y4,240,372,132,v016
LZ2Y4,0,381,381,v018
LZ2Y4,417,507,90,v006
LZ2Y4,249,367,118,v016
IOGR7,0,489,489,v010
IOGR7,472,679,207,v022
IOGR7,396,525,129,v001
IOGR7,444,544,100,v001
IOGR7,604,708,104,v029
IOGR7,585,700,115,v019
IOGR7,379,590,211,v018
IOGR7,480,730,250,v019
IOGR7,0,482,482,v026
IOGR7,410,532,122,v007
IOGR7,0,602,602,v018
I5OPP,0,602,602,v008
I5OPP,0,602,602,v008
I5OPP,0,602,602,v005
I5OPP,0,602,602,v005
I5OPP,0,602,602,v014
I5OPP,0,602,602,v008
LQC89,228,360,132,v008
LQC89,266,457,191,v005
LQC89,259,457,198,v008
LQC89,297,457,160,v005
LQC89,0,457,457,v018
LQC89,216,345,129,v016
LQC89,127,285,158,v004
LQC89,189,340,151,v016
LQC89,244,393,149,v023
LQC89,0,160,160,v008
LQC89,76,228,152,v023
LQC89,259,427,168,v023
LQC89,93,340,247,v008
LQC89,276,457,181,v008
UO4X0,0,470,470,v025
UO4X0,420,739,319,v019
UO4X0,460,747,287,v021
UO4X0,0,463,463,v008
UO4X0,415,747,332,v008
UO4X0,410,532,122,v023
PC7H2,112,436,324,v018
PC7H2,112,424,312,v018
PC7H2,74,242,168,v018
PC7H2,206,408,202,v022
PC7H2,180,388,208,v018
PC7H2,0,160,160,v019
PC7H2,388,749,361,v031
PC7H2,0,749,749,v019
8RU1Q,230,689,459,v008
8RU1Q,175,355,180,v023
8RU1Q,0,689,689,v007
8RU1Q,518,689,171,v029
8RU1Q,0,105,105,v012
8RU1Q,576,689,113,v016
8RU1Q,285,602,317,v025
8RU1Q,182,662,480,v026
8RU1Q,196,689,493,v028
BI6Y4,0,828,828,v008
BI6Y4,2,122,120,v002
BI6Y4,585,710,125,v018
BI6Y4,607,794,187,v018
BI6Y4,14,508,494,v002
BI6Y4,688,813,125,v022
BI6Y4,607,794,187,v018
BI6Y4,482,602,120,v014
BI6Y4,0,828,828,v008
BI6Y4,110,235,125,v004
SROEU,93,744,651,v008
SROEU,0,122,122,v016
SROEU,26,204,178,v012
SROEU,139,744,605,v024
SROEU,0,110,110,v008
SROEU,26,127,101,v007
SROEU,146,744,598,v023
SROEU,72,218,146,v012
QIT2W,768,916,148,v023
QIT2W,290,525,235,v008
QIT2W,232,381,149,v023
QIT2W,732,864,132,v023
QIT2W,0,338,338,v014
QIT2W,820,1038,218,v032
QIT2W,420,609,189,v016
QIT2W,741,916,175,v016
QIT2W,0,1038,1038,v018
QIT2W,237,547,310,v005
QIT2W,758,904,146,v008
QIT2W,679,1038,359,v008
QIT2W,679,1038,359,v016
QIT2W,242,568,326,v016
QIT2W,820,962,142,v012
QIT2W,799,972,173,v008
QIT2W,741,1038,297,v008
QIT2W,0,770,770,v031
QIT2W,782,926,144,v023
QIT2W,616,780,164,v016
QIT2W,264,547,283,v008
QIT2W,844,1038,194,v031
QIT2W,259,374,115,v023
QIT2W,0,780,780,v008
RKJFZ,463,733,270,v008
RKJFZ,0,733,733,v031
RKJFZ,0,733,733,v014
RKJFZ,0,733,733,v010
CVDZM,350,532,182,v016
CVDZM,0,635,635,v008
CVDZM,28,635,607,v021
CVDZM,331,532,201,v016
CVDZM,2,422,420,v021
CVDZM,369,511,142,v025
CVDZM,357,501,144,v008
CVDZM,0,635,635,v008
ARKBT,0,678,678,v018
ARKBT,180,678,498,v016
ARKBT,172,678,506,v016
ARKBT,175,678,503,v025
ARKBT,0,129,129,v012
ARKBT,24,678,654,v023
ARKBT,592,678,86,v001
ARKBT,19,148,129,v023
ARKBT,26,280,254,v008
ARKBT,175,302,127,v025
ARKBT,175,302,127,v016
ARKBT,247,453,206,v008
ARKBT,33,650,617,v026
1CYLM,0,336,336,v004
1CYLM,244,424,180,v022
1CYLM,0,340,340,v018
1CYLM,0,436,436,v008
1CYLM,0,340,340,v018
3VWSP,264,693,429,v008
3VWSP,264,693,429,v014
3VWSP,264,381,117,v023
3VWSP,386,693,307,v024
3VWSP,590,693,103,v022
3VWSP,0,686,686,v010
3VWSP,436,561,125,v020
3VWSP,0,679,679,v010
H46LQ,638,811,173,v028
H46LQ,120,595,475,v005
H46LQ,62,657,595,v018
H46LQ,0,811,811,v008
H46LQ,40,163,123,v018
H46LQ,564,698,134,v022
H46LQ,55,672,617,v018
H46LQ,0,811,811,v008
83JOK,480,607,127,v012
83JOK,0,715,715,v002
83JOK,501,715,214,v008
83JOK,501,600,99,v023
RIZ7Y,345,480,135,v012
RIZ7Y,0,751,751,v014
RIZ7Y,304,446,142,v017
RIZ7Y,343,487,144,v012
RIZ7Y,0,751,751,v018
RIZ7Y,619,748,129,v001
RIZ7Y,304,412,108,v029
RIZ7Y,0,751,751,v008
RIZ7Y,379,715,336,v026
H411A,182,769,587,v001
H411A,0,271,271,v008
H411A,156,271,115,v016
H411A,206,355,149,v016
H411A,0,769,769,v018
H411A,0,769,769,v032
H411A,208,352,144,v016
H411A,0,769,769,v018
H411A,0,62,62,v023
H411A,194,769,575,v008
H411A,187,340,153,v023
NACLT,302,490,188,v017
NACLT,0,254,254,v008
NACLT,148,295,147,v016
NACLT,0,230,230,v023
NACLT,153,292,139,v016
NACLT,158,288,130,v025
NACLT,381,490,109,v029
4BEZX,379,583,204,v001
4BEZX,40,578,538,v008
4BEZX,223,417,194,v013
4BEZX,36,422,386,v014
4BEZX,847,960,113,v025
4BEZX,0,1040,1040,v008
4BEZX,0,96,96,v012
4BEZX,477,912,435,v030
4BEZX,914,1040,126,v018
4BEZX,847,974,127,v016
4BEZX,0,194,194,v007
4BEZX,950,1040,90,v018
4BEZX,847,996,149,v026
4BEZX,436,564,128,v023
8XXNK,0,471,471,v008
8XXNK,110,304,194,v023
8XXNK,192,345,153,v016
8XXNK,0,471,471,v018
8XXNK,72,216,144,v012
8XXNK,0,471,471,v008
8XXNK,192,456,264,v023
8XXNK,192,456,264,v005
8XXNK,0,471,471,v023
8XXNK,0,471,471,v031
8XXNK,0,471,471,v018
JZ45I,0,628,628,v031
JZ45I,9,199,190,v018
JZ45I,33,817,784,v018
JZ45I,180,345,165,v016
JZ45I,0,592,592,v012
JZ45I,139,734,595,v019
JZ45I,691,817,126,v012
JZ45I,165,396,231,v009
JZ45I,684,817,133,v022
JZ45I,679,817,138,v001
JZ45I,0,760,760,v008
JZ45I,504,715,211,v001
JZ45I,40,772,732,v018
JZ45I,475,739,264,v019
JZ45I,0,817,817,v008
39E0I,376,508,132,v008
39E0I,417,757,340,v008
39E0I,0,62,62,v021
39E0I,0,206,206,v018
39E0I,0,151,151,v017
39E0I,530,664,134,v019
39E0I,98,757,659,v018
39E0I,0,757,757,v008
39E0I,72,757,685,v010
39E0I,360,489,129,v023
39E0I,0,757,757,v008
W0YVE,151,261,110,v008
W0YVE,180,338,158,v016
W0YVE,105,240,135,v017
W0YVE,400,462,62,v007
W0YVE,196,338,142,v016
W0YVE,278,393,115,v001
W0YVE,283,405,122,v001
W0YVE,326,462,136,v006
W0YVE,403,462,59,v031
AYSTI,362,726,364,v028
AYSTI,537,726,189,v008
AYSTI,424,726,302,v018
AYSTI,0,508,508,v010
AYSTI,0,415,415,v031
E8JEJ,127,424,297,v006
E8JEJ,388,531,143,v025
E8JEJ,0,112,112,v007
E8JEJ,79,204,125,v007
E8JEJ,108,223,115,v001
E8JEJ,134,458,324,v006
E8JEJ,0,81,81,v012
XKU2U,460,636,176,v016
XKU2U,460,636,176,v025
XKU2U,0,336,336,v030
XKU2U,2,316,314,v019
XKU2U,0,482,482,v008
XKU2U,153,316,163,v031
XKU2U,0,309,309,v030
XKU2U,434,580,146,v023
XKU2U,458,604,146,v008
XKU2U,492,626,134,v016
XKU2U,216,393,177,v020
3AVAH,2,172,170,v005
3AVAH,0,93,93,v008
3AVAH,2,151,149,v005
3AVAH,110,220,110,v022
3AVAH,98,267,169,v016
3AVAH,0,110,110,v023
3AVAH,60,189,129,v016
3AVAH,0,267,267,v008
3AVAH,0,206,206,v018
3AVAH,184,267,83,v029
3AVAH,0,208,208,v018
3AVAH,0,267,267,v008
STGCD,0,468,468,v018
STGCD,0,456,456,v032
STGCD,331,525,194,v022
STGCD,398,730,332,v008
STGCD,400,730,330,v026
STGCD,276,376,100,v019
STGCD,0,434,434,v018
STGCD,230,340,110,v031
STGCD,0,427,427,v018
STGCD,379,730,351,v026
STGCD,0,336,336,v032
FPJ9D,619,803,184,v018
FPJ9D,585,729,144,v018
FPJ9D,607,803,196,v018
FPJ9D,607,734,127,v031
5WS7U,192,556,364,v008
5WS7U,160,343,183,v023
5WS7U,744,926,182,v019
5WS7U,165,326,161,v018
5WS7U,326,520,194,v003
5WS7U,504,926,422,v008
5WS7U,758,926,168,v031
5WS7U,530,780,250,v020
5WS7U,192,715,523,v022
5WS7U,240,540,300,v016
5WS7U,127,228,101,v018
5WS7U,280,511,231,v003
5WS7U,878,926,48,v019
5WS7U,0,81,81,v029
5WS7U,804,909,105,v006
YPRUL,530,737,207,v004
YPRUL,372,640,268,v001
YPRUL,43,427,384,v008
YPRUL,0,194,194,v020
YPRUL,290,453,163,v016
YPRUL,144,391,247,v031
YPRUL,408,600,192,v007
YPRUL,391,549,158,v029
YPRUL,552,686,134,v023
YPRUL,679,737,58,v016
9YOI8,355,544,189,v004
9YOI8,55,742,687,v008
9YOI8,590,727,137,v001
9YOI8,115,285,170,v012
9YOI8,4,742,738,v008
9YOI8,12,742,730,v008
9YOI8,81,436,355,v031
9YOI8,0,117,117,v029
NS0ZN,0,410,410,v016
NS0ZN,0,285,285,v032
NS0ZN,204,608,404,v002
NS0ZN,0,412,412,v008
CD9GP,657,749,92,v016
CD9GP,564,693,129,v022
CD9GP,655,749,94,v008
CD9GP,0,619,619,v003
CD9GP,0,667,667,v018
CD9GP,0,638,638,v016
CD9GP,256,420,164,v008
CD9GP,244,367,123,v023
HOYUT,160,730,570,v008
HOYUT,244,384,140,v012
HOYUT,184,328,144,v016
HOYUT,259,391,132,v012
HOYUT,295,424,129,v001
HOYUT,393,532,139,v030
HOYUT,374,482,108,v023
HOYUT,283,420,137,v001
HOYUT,259,424,165,v007
HOYUT,170,326,156,v008
HOYUT,218,333,115,v025
VD58Y,0,468,468,v010
VD58Y,0,384,384,v031
VD58Y,333,506,173,v020
VD58Y,453,561,108,v022
VD58Y,0,554,554,v018
VD58Y,0,391,391,v014
VD58Y,0,403,403,v008
VD58Y,0,554,554,v018
VD58Y,242,405,163,v016
4G3ZF,0,792,792,v008
4G3ZF,456,693,237,v004
4G3ZF,597,792,195,v008
4G3ZF,0,552,552,v005
4G3ZF,470,588,118,v023
LPKPO,0,821,821,v008
LPKPO,501,717,216,v029
LPKPO,379,821,442,v023
LPKPO,340,552,212,v022
LPKPO,292,821,529,v009
LPKPO,0,511,511,v018
LPKPO,0,821,821,v014
LPKPO,292,821,529,v019
LPKPO,340,636,296,v023
LPKPO,321,821,500,v016
LPKPO,0,410,410,v018
LPKPO,338,821,483,v008
W4WQ0,0,823,823,v008
W4WQ0,112,777,665,v014
W4WQ0,672,806,134,v016
W4WQ0,40,828,788,v005
W4WQ0,0,811,811,v008
FAO7J,895,1046,151,v001
FAO7J,0,1077,1077,v008
FAO7J,0,117,117,v009
FAO7J,0,931,931,v001
FAO7J,907,1046,139,v001
FAO7J,0,763,763,v014
FAO7J,864,986,122,v027
FAO7J,890,1041,151,v007
FAO7J,0,909,909,v019
FAO7J,799,998,199,v029
FAO7J,0,878,878,v031
29V7T,276,791,515,v008
29V7T,276,791,515,v023
29V7T,105,225,120,v027
29V7T,0,232,232,v008
29V7T,0,218,218,v023
29V7T,38,158,120,v019
29V7T,0,242,242,v008
29V7T,0,223,223,v016
29V7T,79,218,139,v029
29V7T,122,352,230,v016
TUD6M,0,153,153,v012
TUD6M,0,181,181,v008
TUD6M,108,181,73,v025
TUD6M,0,122,122,v007
TUD6M,103,181,78,v025
TUD6M,0,122,122,v012
TUD6M,103,181,78,v016
QZ1BS,429,794,365,v008
QZ1BS,247,544,297,v026
QZ1BS,0,307,307,v000
QZ1BS,108,355,247,v022
QZ1BS,0,108,108,v010
QZ1BS,225,405,180,v023
QZ1BS,595,775,180,v029
QZ1BS,528,720,192,v007
QZ1BS,540,715,175,v012
QZ1BS,0,120,120,v021
NBKCK,0,129,129,v012
NBKCK,0,195,195,v008
NBKCK,0,129,129,v012
NBKCK,0,76,76,v027
NBKCK,36,163,127,v029
NBKCK,0,195,195,v008
D55ES,0,766,766,v031
D55ES,0,573,573,v028
D55ES,0,766,766,v022
D55ES,446,568,122,v029
D55ES,79,576,497,v003
V26U3,122,254,132,v016
V26U3,122,254,132,v025
V26U3,549,672,123,v022
V26U3,273,638,365,v018
V26U3,285,664,379,v031
V26U3,228,362,134,v018
V26U3,280,636,356,v031
V26U3,266,643,377,v018
V26U3,67,235,168,v008
GG3K5,468,744,276,v031
GG3K5,55,463,408,v010
GG3K5,367,590,223,v018
GG3K5,276,583,307,v000
GG3K5,271,583,312,v000
NG1Q8,144,739,595,v008
NG1Q8,122,739,617,v008
NG1Q8,0,736,736,v026
NG1Q8,0,477,477,v016
NG1Q8,230,679,449,v016
NG1Q8,127,312,185,v008
NG1Q8,631,739,108,v001
NG1Q8,631,739,108,v001
NG1Q8,184,720,536,v026
RJNAB,0,786,786,v018
RJNAB,636,751,115,v023
RJNAB,0,786,786,v018
RJNAB,0,786,786,v023
RJNAB,0,786,786,v023
RJNAB,0,786,786,v008
RJNAB,0,786,786,v008
RJNAB,172,290,118,v012
RJNAB,2,134,132,v004
RJNAB,340,472,132,v004
KIJG4,0,64,64,v019
KIJG4,57,266,209,v003
KIJG4,26,136,110,v025
KIJG4,36,144,108,v025
KIJG4,0,100,100,v020
KIJG4,0,139,139,v008
KIJG4,0,266,266,v031
KIJG4,60,266,206,v003
0SFYS,163,710,547,v008
0SFYS,160,722,562,v026
0SFYS,614,768,154,v022
0SFYS,134,340,206,v018
0SFYS,0,151,151,v023
0SFYS,0,136,136,v027
X07QW,494,658,164,v021
X07QW,0,280,280,v028
X07QW,520,658,138,v018
X07QW,532,658,126,v018
X07QW,184,321,137,v016
X07QW,184,324,140,v016
X07QW,280,475,195,v023
X07QW,122,307,185,v008
X07QW,292,477,185,v023
X07QW,326,619,293,v008
NP0YG,0,487,487,v031
NP0YG,223,331,108,v008
NP0YG,237,360,123,v025
NP0YG,230,372,142,v025
FDDDG,297,367,70,v001
FDDDG,57,196,139,v008
FDDDG,0,141,141,v002
FDDDG,189,367,178,v012
FDDDG,0,367,367,v002
FDDDG,139,283,144,v009
FDDDG,139,268,129,v019
FDDDG,218,367,149,v016
FDDDG,177,290,113,v016
FDDDG,43,151,108,v023
FDDDG,60,271,211,v014
LV056,0,80,80,v008
LV056,16,80,64,v001
30K2N,40,160,120,v027
30K2N,124,254,130,v017
30K2N,151,372,221,v023
30K2N,273,412,139,v008
WM6RQ,0,429,429,v012
WM6RQ,184,314,130,v016
WM6RQ,410,534,124,v023
WM6RQ,160,304,144,v008
WM6RQ,278,484,206,v008
WM6RQ,64,242,178,v023
WM6RQ,271,403,132,v023
WM6RQ,302,432,130,v001
WM6RQ,302,434,132,v001
WM6RQ,187,468,281,v016
WM6RQ,0,144,144,v012
WM6RQ,396,532,136,v020
7TA23,208,379,171,v023
7TA23,0,84,84,v029
7TA23,158,292,134,v025
7TA23,240,707,467,v008
7TA23,26,256,230,v028
7TA23,146,264,118,v025
7TA23,439,624,185,v013
7TA23,240,707,467,v016
7TA23,350,513,163,v016
7TA23,424,707,283,v014
7TA23,153,271,118,v016
7TA23,108,264,156,v008
O1S9I,0,266,266,v008
O1S9I,0,752,752,v008
O1S9I,0,240,240,v026
O1S9I,324,477,153,v029
O1S9I,576,752,176,v023
O1S9I,0,254,254,v030
N42Q1,0,387,387,v008
N42Q1,151,387,236,v013
N42Q1,0,387,387,v008
N42Q1,16,199,183,v008
N42Q1,254,372,118,v027
N42Q1,0,115,115,v014
N42Q1,297,387,90,v019
N42Q1,0,387,387,v008
SB8G0,225,398,173,v023
SB8G0,0,156,156,v018
SB8G0,0,96,96,v019
SB8G0,26,187,161,v012
SB8G0,105,686,581,v026
SB8G0,458,559,101,v026
SB8G0,609,708,99,v001
0HV07,451,684,233,v008
0HV07,446,691,245,v025
0HV07,148,379,231,v008
0HV07,225,708,483,v016
0HV07,38,180,142,v029
0HV07,0,326,326,v008
0HV07,307,564,257,v026
0HV07,470,688,218,v025
0HV07,393,540,147,v008
0HV07,664,708,44,v029
0HV07,664,708,44,v008
0HV07,664,708,44,v026
0HV07,652,708,56,v016
C1TSW,0,941,941,v006
C1TSW,0,941,941,v018
C1TSW,0,941,941,v026
C1TSW,0,941,941,v008
F5UVQ,564,895,331,v030
F5UVQ,0,664,664,v008
F5UVQ,552,741,189,v016
F5UVQ,770,895,125,v027
F5UVQ,0,549,549,v030
F5UVQ,103,715,612,v030
NFA8R,0,727,727,v016
NFA8R,0,727,727,v026
NFA8R,564,705,141,v016
NFA8R,0,105,105,v023
NFA8R,559,703,144,v025
NFA8R,0,132,132,v008
NFA8R,0,727,727,v026
NFA8R,0,727,727,v026
C6V75,213,600,387,v003
C6V75,636,758,122,v012
C6V75,62,736,674,v003
C6V75,256,602,346,v023
C6V75,636,758,122,v007
C6V75,249,400,151,v008
C6V75,0,88,88,v029
C6V75,669,758,89,v001
PGPSJ,494,679,185,v025
PGPSJ,0,664,664,v008
PGPSJ,0,676,676,v018
PGPSJ,0,648,648,v008
PGPSJ,458,607,149,v001
PGPSJ,0,573,573,v023
PGPSJ,588,713,125,v022
PGPSJ,60,561,501,v031
PGPSJ,177,309,132,v016
PGPSJ,316,451,135,v016
PGPSJ,415,552,137,v016
PGPSJ,511,657,146,v016
PGPSJ,172,319,147,v023
PGPSJ,0,144,144,v023
PGPSJ,216,333,117,v023
PGPSJ,304,415,111,v023
BMONO,0,451,451,v031
BMONO,381,773,392,v008
BMONO,686,773,87,v016
BMONO,451,681,230,v031
BMONO,0,427,427,v020
BMONO,0,773,773,v032
BMONO,458,768,310,v001
BMONO,458,773,315,v012
BMONO,376,773,397,v023
BMONO,0,773,773,v018
BMONO,0,773,773,v016
BMONO,355,528,173,v019
BMONO,0,773,773,v018
BMONO,2,477,475,v014
J4QHT,0,76,76,v029
J4QHT,254,745,491,v008
J4QHT,206,348,142,v023
J4QHT,33,163,130,v012
J4QHT,590,745,155,v013
J4QHT,232,745,513,v014
J4QHT,19,170,151,v007
J4QHT,19,170,151,v012
2ZICJ,98,242,144,v012
2ZICJ,24,160,136,v016
2ZICJ,688,843,155,v022
2ZICJ,614,732,118,v001
2ZICJ,0,744,744,v018
2ZICJ,0,115,115,v004
2ZICJ,655,806,151,v001
2ZICJ,0,165,165,v008
2ZICJ,108,297,189,v012
2ZICJ,14,208,194,v016
2ZICJ,583,739,156,v001
2ZICJ,0,823,823,v010
2ZICJ,108,321,213,v012
41T8C,295,492,197,v016
41T8C,122,280,158,v020
41T8C,0,448,448,v001
41T8C,0,384,384,v012
41T8C,0,484,484,v008
41T8C,0,144,144,v031
41T8C,50,355,305,v001
41T8C,266,487,221,v016
41T8C,314,496,182,v016
41T8C,328,496,168,v016
41T8C,0,453,453,v008
337O2,0,81,81,v008
337O2,0,141,141,v016
337O2,4,148,144,v016
337O2,331,568,237,v025
337O2,148,417,269,v028
337O2,187,415,228,v003
337O2,384,544,160,v025
337O2,0,148,148,v002
337O2,0,122,122,v008
337O2,0,132,132,v016
KK7D4,280,453,173,v016
KK7D4,21,196,175,v023
KK7D4,0,144,144,v012
KK7D4,518,731,213,v016
KK7D4,0,153,153,v012
KK7D4,340,444,104,v023
KK7D4,628,731,103,v029
KK7D4,48,590,542,v026
KK7D4,340,444,104,v026
KK7D4,187,292,105,v026
KK7D4,62,180,118,v008
MZZK2,508,745,237,v010
MZZK2,0,76,76,v012
MZZK2,52,208,156,v016
MZZK2,424,554,130,v016
MZZK2,0,153,153,v008
MZZK2,74,204,130,v016
MZZK2,201,504,303,v028
MZZK2,0,201,201,v031
MZZK2,0,189,189,v008
MZZK2,158,261,103,v027
MZZK2,504,631,127,v018
MZZK2,424,564,140,v016
MZZK2,64,223,159,v001
MZZK2,64,223,159,v016
H0P5D,0,738,738,v018
H0P5D,0,738,738,v018
H0P5D,264,434,170,v017
H0P5D,283,393,110,v029
H0P5D,568,738,170,v009
H0P5D,460,738,278,v019
QCVZN,156,396,240,v008
QCVZN,304,528,224,v012
QCVZN,148,288,140,v023
QCVZN,386,608,222,v031
QCVZN,316,465,149,v018
QCVZN,153,608,455,v008
QCVZN,144,307,163,v023
QCVZN,326,608,282,v032
QCVZN,340,608,268,v018
QCVZN,307,470,163,v016
QCVZN,372,608,236,v032
QCVZN,307,465,158,v016
QCVZN,340,608,268,v018
KB916,0,336,336,v008
KB916,208,336,128,v016
KB916,0,720,720,v031
KB916,0,314,314,v023
KB916,268,528,260,v008
KB916,410,520,110,v016
KB916,254,364,110,v023
8MS3V,0,728,728,v008
8MS3V,0,728,728,v008
8MS3V,0,728,728,v022
8MS3V,0,728,728,v021
8MS3V,0,728,728,v008
8MS3V,0,182,182,v019
U4J2Q,0,530,530,v008
U4J2Q,441,731,290,v008
U4J2Q,0,595,595,v005
U4J2Q,492,679,187,v016
U4J2Q,0,489,489,v023
U4J2Q,0,398,398,v016
U4J2Q,429,731,302,v023
N0G70,168,745,577,v008
N0G70,0,218,218,v011
N0G70,64,242,178,v002
N0G70,139,276,137,v020
N0G70,175,745,570,v014
N0G70,631,741,110,v019
N0G70,26,201,175,v016
N0G70,180,745,565,v023
N0G70,4,201,197,v008
N0G70,456,715,259,v031
0HGNK,175,314,139,v016
0HGNK,175,314,139,v016
0HGNK,201,326,125,v017
0HGNK,0,792,792,v018
0HGNK,33,158,125,v019
0HGNK,0,784,784,v018
0HGNK,184,309,125,v008
0HGNK,0,772,772,v032
0HGNK,218,396,178,v009
0HGNK,672,846,174,v022
0HGNK,0,91,91,v018
0HGNK,247,364,117,v019
0HGNK,0,775,775,v014
0HGNK,36,636,600,v031
4U8WV,0,352,352,v008
4U8WV,192,357,165,v025
4U8WV,204,364,160,v016
UR5TU,19,184,165,v012
UR5TU,484,650,166,v001
UR5TU,19,177,158,v007
UR5TU,9,177,168,v012
UR5TU,93,252,159,v016
UR5TU,504,691,187,v001
NB0IB,0,132,132,v012
NB0IB,0,667,667,v026
NB0IB,571,736,165,v026
NB0IB,0,132,132,v007
NB0IB,0,132,132,v012
NB0IB,67,667,600,v026
TA8G7,0,403,403,v008
TA8G7,0,403,403,v008
TA8G7,2,403,401,v009
TA8G7,0,403,403,v014
TA8G7,132,247,115,v013
TA8G7,0,403,403,v018
TA8G7,14,235,221,v019
X7QXE,24,168,144,v016
X7QXE,0,141,141,v008
X7QXE,110,216,106,v029
X7QXE,26,139,113,v025
B0SV3,453,735,282,v004
B0SV3,487,686,199,v023
B0SV3,302,735,433,v008
B0SV3,328,528,200,v023
B0SV3,468,735,267,v008
B0SV3,300,542,242,v026
B0SV3,528,735,207,v008
B0SV3,170,273,103,v027
B0SV3,52,218,166,v012
B0SV3,48,213,165,v007
B0SV3,427,735,308,v031
B0SV3,40,206,166,v012
9LWQ6,216,545,329,v018
9LWQ6,192,312,120,v018
9LWQ6,264,504,240,v028
9LWQ6,0,232,232,v028
9LWQ6,127,278,151,v025
9LWQ6,117,242,125,v025
9LWQ6,26,240,214,v016
9LWQ6,187,328,141,v018
9LWQ6,285,545,260,v016
9LWQ6,187,328,141,v018
7XCAP,108,537,429,v008
7XCAP,14,734,720,v018
7XCAP,434,734,300,v004
7XCAP,0,151,151,v018
7XCAP,14,734,720,v018
7XCAP,453,734,281,v008
7XCAP,453,734,281,v008
7XCAP,604,734,130,v019
9TPP3,0,201,201,v004
9TPP3,105,223,118,v008
9TPP3,127,237,110,v016
9TPP3,163,731,568,v026
9TPP3,0,216,216,v008
9TPP3,141,731,590,v030
9TPP3,218,501,283,v008
9TPP3,508,703,195,v008
9TPP3,391,501,110,v008
9TPP3,398,523,125,v016
9TPP3,201,319,118,v023
9TPP3,460,578,118,v023
9TPP3,108,242,134,v016
1KC11,50,187,137,v008
1KC11,26,139,113,v018
1KC11,662,770,108,v022
1KC11,64,182,118,v016
1KC11,43,753,710,v018
1KC11,86,645,559,v031
1KC11,69,765,696,v031
1KC11,64,213,149,v031
1KC11,139,259,120,v031
1KC11,340,456,116,v031
1KC11,33,744,711,v018
1KC11,98,213,115,v031
1KC11,146,307,161,v031
1KC11,264,398,134,v031
27KAK,0,708,708,v005
27KAK,316,477,161,v031
27KAK,0,708,708,v005
27KAK,0,655,655,v008
27KAK,693,792,99,v012
27KAK,672,772,100,v007
27KAK,746,810,64,v029
ODD3K,0,806,806,v018
ODD3K,0,117,117,v018
ODD3K,24,804,780,v005
ODD3K,0,808,808,v008
ODD3K,0,794,794,v018
ODD3K,12,808,796,v019
ODD3K,9,746,737,v009
ODD3K,679,808,129,v022
ODD3K,36,799,763,v008
ITDHX,540,777,237,v016
ITDHX,0,597,597,v005
ITDHX,0,590,590,v005
ITDHX,0,777,777,v008
ITDHX,436,626,190,v023
ITDHX,556,777,221,v008
ITDHX,0,777,777,v008
ICQUJ,393,499,106,v008
ICQUJ,0,499,499,v008
ICQUJ,345,499,154,v005
ICQUJ,0,499,499,v018
ICQUJ,0,499,499,v031
ICQUJ,0,499,499,v026
ICQUJ,331,499,168,v005
ICQUJ,381,499,118,v016
ICQUJ,309,489,180,v023
ICQUJ,0,393,393,v006
AAQHJ,19,285,266,v008
AAQHJ,103,400,297,v005
AAQHJ,184,333,149,v022
AAQHJ,367,693,326,v008
AAQHJ,163,547,384,v023
AAQHJ,360,588,228,v004
AAQHJ,69,223,154,v018
AAQHJ,136,360,224,v018
AAQHJ,117,374,257,v008
AAQHJ,285,667,382,v016
AAQHJ,273,662,389,v008
AAQHJ,103,686,583,v018
AAQHJ,148,252,104,v023
AAQHJ,256,400,144,v016
AAQHJ,93,230,137,v023
AAQHJ,393,640,247,v021
AAQHJ,144,592,448,v031
AAQHJ,326,511,185,v016
AAQHJ,549,667,118,v025
AAQHJ,468,681,213,v016
AAQHJ,307,492,185,v023
M6ERH,0,124,124,v023
M6ERH,477,769,292,v005
M6ERH,352,477,125,v018
M6ERH,643,756,113,v022
M6ERH,278,496,218,v016
M6ERH,720,769,49,v016
M6ERH,720,769,49,v018
M6ERH,720,769,49,v008
M6ERH,705,769,64,v018
FQS5V,0,619,619,v008
FQS5V,0,609,609,v014
FQS5V,518,619,101,v023
FQS5V,0,453,453,v018
FQS5V,352,506,154,v022
FQS5V,360,528,168,v009
FQS5V,0,441,441,v032
FQS5V,537,619,82,v023
FQS5V,530,619,89,v008
FQS5V,0,472,472,v018
FQS5V,547,619,72,v008
FQS5V,400,535,135,v019
SJJLG,259,379,120,v018
SJJLG,151,259,108,v001
SJJLG,24,134,110,v012
SJJLG,254,364,110,v018
SJJLG,232,364,132,v018
SJJLG,156,402,246,v031
SJJLG,50,204,154,v026
MUWG4,120,321,201,v015
MUWG4,0,220,220,v018
MUWG4,252,520,268,v004
MUWG4,475,636,161,v001
MUWG4,129,331,202,v008
MUWG4,367,556,189,v016
MUWG4,876,991,115,v022
MUWG4,465,648,183,v001
MUWG4,556,763,207,v018
MUWG4,103,835,732,v008
MUWG4,384,549,165,v016
MUWG4,88,230,142,v023
OWRDE,830,1052,222,v008
OWRDE,21,312,291,v005
OWRDE,715,900,185,v022
OWRDE,816,1052,236,v023
OWRDE,295,532,237,v028
OWRDE,288,631,343,v018
OWRDE,499,885,386,v003
OWRDE,194,338,144,v004
OWRDE,304,868,564,v018
OWRDE,0,391,391,v008
OWRDE,295,405,110,v016
OWRDE,340,458,118,v008
OWRDE,93,216,123,v016
OWRDE,0,194,194,v008
7EJUR,295,412,117,v001
7EJUR,223,369,146,v012
7EJUR,254,405,151,v023
7EJUR,0,124,124,v002
7EJUR,9,247,238,v031
7EJUR,304,516,212,v008
7EJUR,367,482,115,v016
7EJUR,81,240,159,v023
VFAE3,840,955,115,v016
VFAE3,14,168,154,v001
VFAE3,52,225,173,v012
VFAE3,158,955,797,v008
VFAE3,835,955,120,v016
VFAE3,194,955,761,v026
VFAE3,0,177,177,v001
VFAE3,158,955,797,v026
VFAE3,0,129,129,v007
VFAE3,180,324,144,v023
VFAE3,0,124,124,v029
YNY82,278,456,178,v016
YNY82,139,388,249,v016
YNY82,0,170,170,v029
YNY82,134,357,223,v026
YNY82,0,81,81,v022
YNY82,355,484,129,v016
YNY82,292,432,140,v026
YNY82,4,451,447,v008
YNY82,0,470,470,v008
Q5K4X,129,432,303,v031
Q5K4X,33,494,461,v008
Q5K4X,424,530,106,v031
Q5K4X,427,562,135,v029
Q5K4X,33,494,461,v008
Q5K4X,432,562,130,v012
FORXE,144,283,139,v023
FORXE,182,343,161,v017
FORXE,136,363,227,v008
FORXE,60,225,165,v025
FORXE,0,141,141,v026
FORXE,271,363,92,v029
FORXE,117,223,106,v025
FORXE,69,211,142,v008
FORXE,86,213,127,v008
8Q7ZI,0,455,455,v008
8Q7ZI,0,93,93,v004
8Q7ZI,187,446,259,v025
8Q7ZI,0,455,455,v008
8Q7ZI,350,455,105,v005
8Q7ZI,108,455,347,v016
8Q7ZI,0,455,455,v008
8Q7ZI,124,242,118,v025
8Q7ZI,189,300,111,v025
8Q7ZI,0,455,455,v008
3UACJ,165,285,120,v025
3UACJ,280,408,128,v018
3UACJ,748,864,116,v022
3UACJ,321,823,502,v004
3UACJ,43,153,110,v023
3UACJ,148,295,147,v008
3UACJ,0,134,134,v016
3UACJ,266,911,645,v018
3UACJ,160,890,730,v008
3UACJ,302,844,542,v018
3UACJ,134,338,204,v026
3UACJ,789,909,120,v016
3UACJ,338,911,573,v008
PRHR7,0,609,609,v002
PRHR7,0,127,127,v008
PRHR7,544,638,94,v008
PRHR7,566,638,72,v030
PRHR7,542,638,96,v023
VBN1O,0,160,160,v017
VBN1O,129,804,675,v026
VBN1O,196,374,178,v016
VBN1O,0,120,120,v029
RKJ0C,196,740,544,v018
RKJ0C,0,345,345,v009
RKJ0C,218,429,211,v018
RKJ0C,218,740,522,v018
RKJ0C,324,740,416,v005
RKJ0C,0,76,76,v001
RKJ0C,0,496,496,v019
RKJ0C,256,740,484,v008
RKJ0C,201,345,144,v018
RKJ0C,256,740,484,v008
RKJ0C,0,81,81,v007
RKJ0C,696,740,44,v008
RKJ0C,696,740,44,v018
RKJ0C,696,740,44,v023
4LNPN,0,326,326,v028
4LNPN,0,763,763,v030
4LNPN,31,393,362,v008
4LNPN,0,386,386,v023
4LNPN,384,777,393,v008
4LNPN,122,266,144,v016
4LNPN,475,746,271,v030
4LNPN,352,525,173,v023
OPMF7,225,343,118,v020
OPMF7,0,319,319,v003
OPMF7,84,225,141,v023
31LW5,98,219,121,v021
31LW5,98,219,121,v010
31LW5,0,219,219,v008
31LW5,0,86,86,v029
ZKNPV,0,88,88,v004
ZKNPV,0,90,90,v008
ZKNPV,0,90,90,v031
ZKNPV,0,90,90,v008
ZKNPV,43,90,47,v031
5W1Z7,0,180,180,v010
5W1Z7,19,180,161,v000
5W1Z7,100,180,80,v016
5W1Z7,96,180,84,v016
5W1Z7,0,148,148,v021
5W1Z7,100,180,80,v008
5W1Z7,28,153,125,v000
5W1Z7,0,177,177,v008
KQ6XW,664,883,219,v016
KQ6XW,376,604,228,v004
KQ6XW,230,391,161,v018
KQ6XW,568,835,267,v022
KQ6XW,508,648,140,v016
KQ6XW,0,122,122,v012
KQ6XW,720,943,223,v026
KQ6XW,720,943,223,v026
KQ6XW,376,482,106,v023
KQ6XW,372,624,252,v008
KQ6XW,300,806,506,v018
KQ6XW,621,756,135,v023
KQ6XW,508,633,125,v016
KQ6XW,631,943,312,v008
KQ6XW,508,633,125,v016
SCFIN,21,208,187,v030
SCFIN,129,465,336,v012
SCFIN,208,528,320,v012
1TZK5,458,612,154,v016
1TZK5,0,738,738,v032
1TZK5,136,273,137,v005
1TZK5,0,273,273,v023
1TZK5,0,273,273,v008
1TZK5,0,177,177,v008
1TZK5,180,549,369,v008
S444Y,151,280,129,v023
S444Y,429,854,425,v025
S444Y,628,854,226,v025
S444Y,184,854,670,v008
S444Y,172,854,682,v008
S444Y,206,384,178,v012
XTYDU,69,789,720,v031
XTYDU,43,789,746,v008
XTYDU,55,789,734,v030
XTYDU,67,789,722,v019
XTYDU,67,789,722,v009
DLOS7,0,228,228,v006
DLOS7,280,405,125,v008
DLOS7,170,350,180,v018
DLOS7,453,580,127,v001
DLOS7,374,556,182,v031
DLOS7,489,938,449,v030
DLOS7,249,436,187,v023
DLOS7,249,952,703,v018
DLOS7,0,995,995,v008
DLOS7,837,979,142,v022
DLOS7,878,995,117,v029
DLOS7,331,501,170,v012
RFH6M,81,779,698,v008
RFH6M,333,480,147,v023
RFH6M,7,779,772,v008
RFH6M,7,136,129,v001
RFH6M,309,484,175,v016
RFH6M,0,129,129,v001
RFH6M,283,779,496,v005
RFH6M,0,91,91,v012
RFH6M,0,124,124,v023
RFH6M,333,448,115,v008
RFH6M,326,552,226,v025
RFH6M,206,468,262,v005
RFH6M,50,477,427,v008
RFH6M,0,117,117,v012
RFH6M,0,136,136,v023
RFH6M,732,779,47,v023
RFH6M,732,779,47,v008
W9BWJ,115,261,146,v018
W9BWJ,266,422,156,v022
W9BWJ,112,328,216,v004
W9BWJ,120,374,254,v018
W9BWJ,40,465,425,v008
W9BWJ,372,518,146,v016
AFUBX,139,592,453,v008
AFUBX,182,340,158,v029
AFUBX,451,559,108,v027
4BIMI,38,357,319,v028
4BIMI,117,537,420,v009
4BIMI,252,664,412,v012
4BIMI,676,888,212,v028
4BIMI,105,213,108,v007
4BIMI,451,568,117,v023
4BIMI,45,165,120,v019
4BIMI,446,899,453,v008
4BIMI,518,650,132,v004
4BIMI,590,736,146,v004
4BIMI,456,899,443,v008
4BIMI,91,208,117,v012
TS2DM,0,331,331,v008
TS2DM,0,331,331,v014
TS2DM,0,376,376,v019
TS2DM,0,220,220,v022
TS2DM,2,326,324,v009
TS2DM,74,240,166,v029
XX3RB,237,693,456,v023
XX3RB,604,734,130,v016
XX3RB,480,602,122,v029
XX3RB,172,693,521,v008
XX3RB,595,720,125,v016
XX3RB,0,734,734,v008
XX3RB,0,734,734,v005
XX3RB,652,734,82,v016
XX3RB,0,650,650,v005
XX3RB,153,664,511,v016
XX3RB,0,734,734,v023
XX3RB,0,734,734,v008
KO2MY,0,206,206,v005
KO2MY,72,473,401,v008
KO2MY,300,473,173,v008
KO2MY,206,364,158,v023
KO2MY,60,261,201,v009
KO2MY,148,460,312,v005
KO2MY,127,252,125,v026
KO2MY,0,473,473,v008
KO2MY,0,189,189,v019
KO2MY,105,473,368,v008
KO2MY,220,473,253,v023
Z4Y04,0,739,739,v002
Z4Y04,343,705,362,v012
Z4Y04,614,739,125,v001
Z4Y04,436,739,303,v016
Z4Y04,0,444,444,v008
55NRK,408,731,323,v008
55NRK,0,396,396,v031
55NRK,458,731,273,v020
55NRK,0,731,731,v018
55NRK,388,511,123,v001
55NRK,0,731,731,v008
55NRK,307,525,218,v023
ZJRCS,0,747,747,v008
ZJRCS,240,470,230,v012
ZJRCS,0,747,747,v004
ZJRCS,0,747,747,v008
ZJRCS,0,747,747,v014
ZJRCS,117,484,367,v001
ZJRCS,259,525,266,v019
ZJRCS,266,525,259,v009
ZJRCS,0,747,747,v008
U588C,136,786,650,v008
U588C,120,786,666,v014
U588C,0,786,786,v005
U588C,0,786,786,v008
U588C,0,786,786,v005
U588C,230,508,278,v022
U588C,93,786,693,v008
U588C,62,244,182,v022
U588C,0,786,786,v008
422BV,249,488,239,v026
422BV,26,340,314,v003
422BV,252,427,175,v008
422BV,326,444,118,v016
422BV,247,369,122,v023
422BV,0,225,225,v008
422BV,26,182,156,v008
422BV,91,488,397,v023
422BV,122,328,206,v016
422BV,0,146,146,v016
422BV,240,487,247,v016
422BV,321,480,159,v001
422BV,249,384,135,v031
422BV,252,376,124,v012
NBSPH,280,427,147,v023
NBSPH,7,739,732,v008
NBSPH,307,739,432,v032
NBSPH,196,336,140,v023
NBSPH,643,739,96,v032
NBSPH,261,364,103,v018
NBSPH,643,739,96,v018
NBSPH,81,427,346,v026
NBSPH,220,379,159,v008
NBSPH,300,480,180,v026
NBSPH,259,379,120,v016
NBSPH,225,343,118,v012
NBSPH,292,506,214,v008
NBSPH,372,506,134,v016
NBSPH,0,165,165,v029
NBSPH,254,739,485,v018
NBSPH,266,388,122,v016
NBSPH,252,739,487,v031
KTXSD,28,148,120,v016
KTXSD,170,226,56,v008
KTXSD,7,129,122,v018
KTXSD,0,96,96,v012
KTXSD,0,139,139,v008
KTXSD,151,226,75,v026
KTXSD,0,226,226,v018
KTXSD,129,226,97,v023
KTXSD,64,201,137,v001
EJZZZ,0,724,724,v008
EJZZZ,636,724,88,v016
EJZZZ,57,256,199,v003
EJZZZ,0,724,724,v014
EJZZZ,96,724,628,v003
EJZZZ,0,724,724,v004
EJZZZ,0,724,724,v008
U2AO1,0,110,110,v001
U2AO1,98,232,134,v012
U2AO1,252,391,139,v005
U2AO1,0,110,110,v001
U2AO1,98,232,134,v012
U2AO1,256,388,132,v016
U2AO1,0,259,259,v026
U2AO1,36,199,163,v008
U2AO1,0,204,204,v026
U2AO1,38,206,168,v016
U2AO1,132,391,259,v008
U2AO1,120,266,146,v023
J9T5D,0,204,204,v018
J9T5D,619,817,198,v008
J9T5D,619,817,198,v023
J9T5D,84,244,160,v022
J9T5D,708,817,109,v019
J9T5D,499,640,141,v008
J9T5D,417,566,149,v016
J9T5D,316,448,132,v016
J9T5D,511,650,139,v016
J9T5D,316,436,120,v008
J9T5D,381,552,171,v026
J9T5D,201,362,161,v006
J9T5D,369,501,132,v008
J9T5D,609,817,208,v016
J9T5D,415,571,156,v026
J9T5D,650,817,167,v009
WRCO6,247,389,142,v028
WRCO6,0,105,105,v009
WRCO6,0,105,105,v019
WRCO6,45,256,211,v028
WRCO6,0,98,98,v031
WRCO6,0,105,105,v016
WRCO6,33,389,356,v023
WRCO6,0,120,120,v008
WRCO6,31,389,358,v025
WRCO6,0,127,127,v031
WRCO6,98,340,242,v008
WRCO6,0,112,112,v008
WRCO6,254,389,135,v016
WRCO6,225,374,149,v016
WRCO6,172,326,154,v026
VF49P,67,242,175,v025
VF49P,235,765,530,v004
VF49P,69,228,159,v025
VF49P,69,228,159,v025
VF49P,0,93,93,v029
VF49P,208,307,99,v023
CC0PK,38,402,364,v008
CC0PK,52,184,132,v012
CC0PK,36,168,132,v023
CC0PK,84,402,318,v031
CC0PK,0,124,124,v023
CC0PK,112,402,290,v019
CC0PK,112,402,290,v019
CC0PK,108,271,163,v019
CC0PK,108,271,163,v019
CC0PK,0,402,402,v008
3MX8V,84,331,247,v008
3MX8V,96,343,247,v016
3MX8V,208,422,214,v025
3MX8V,0,93,93,v008
3MX8V,115,331,216,v016
3MX8V,0,754,754,v025
3MX8V,0,528,528,v023
3MX8V,0,72,72,v016
3MX8V,0,528,528,v008
3MX8V,432,754,322,v025
3MX8V,62,220,158,v023
3MX8V,0,132,132,v025
3MX8V,175,338,163,v016
G5EAN,568,732,164,v029
G5EAN,487,664,177,v022
G5EAN,0,592,592,v018
21O5C,72,216,144,v017
21O5C,105,228,123,v019
21O5C,62,180,118,v029
C7G1S,0,271,271,v008
C7G1S,0,208,208,v030
C7G1S,345,448,103,v019
C7G1S,177,295,118,v023
C7G1S,201,405,204,v016
C7G1S,134,266,132,v016
C7G1S,187,396,209,v008
C7G1S,283,405,122,v025
C7G1S,144,259,115,v016
HVFXT,691,788,97,v001
HVFXT,398,573,175,v012
HVFXT,0,573,573,v002
HVFXT,643,787,144,v001
HVFXT,405,561,156,v012
HVFXT,216,372,156,v005
150E6,0,376,376,v021
150E6,0,376,376,v031
150E6,129,376,247,v008
150E6,132,367,235,v022
150E6,62,204,142,v029
150E6,122,357,235,v026
150E6,122,372,250,v023
150E6,0,376,376,v018
150E6,0,376,376,v008
150E6,0,376,376,v008
TNDT2,0,163,163,v008
TNDT2,108,290,182,v012
TNDT2,172,465,293,v004
TNDT2,360,506,146,v016
TNDT2,0,506,506,v018
TNDT2,309,506,197,v016
TNDT2,132,280,148,v031
TNDT2,211,506,295,v008
TNDT2,384,506,122,v005
TNDT2,141,506,365,v014
TNDT2,350,506,156,v023
TNDT2,309,448,139,v016
TNDT2,132,292,160,v023
TNDT2,364,506,142,v008
TNDT2,384,506,122,v005
TNDT2,355,506,151,v008
TNDT2,33,206,173,v023
TNDT2,158,288,130,v016
TNDT2,184,506,322,v031
TNDT2,345,496,151,v023
TNDT2,0,103,103,v023
TNDT2,117,297,180,v008
S5U92,396,736,340,v030
S5U92,0,736,736,v008
S5U92,0,736,736,v021
S5U92,0,736,736,v008
S5U92,0,355,355,v030
87Y64,177,345,168,v016
87Y64,156,324,168,v025
87Y64,0,132,132,v022
87Y64,0,132,132,v018
87Y64,180,352,172,v016
87Y64,28,139,111,v025
87Y64,86,225,139,v019
87Y64,86,240,154,v009
87Y64,9,117,108,v029
87Y64,21,134,113,v008
87Y64,9,146,137,v017
87Y64,14,156,142,v018
87Y64,156,292,136,v023
87Y64,148,288,140,v026
T6K23,0,790,790,v010
T6K23,0,790,790,v031
T6K23,0,790,790,v008
T6K23,0,790,790,v031
T6K23,0,790,790,v014
T6K23,0,790,790,v010
W5P6B,247,408,161,v018
W5P6B,297,609,312,v019
W5P6B,153,696,543,v008
W5P6B,489,631,142,v022
W5P6B,223,415,192,v018
W5P6B,302,564,262,v009
QCPXJ,160,340,180,v004
QCPXJ,52,815,763,v008
QCPXJ,151,815,664,v018
QCPXJ,108,244,136,v018
XEJ35,103,708,605,v031
XEJ35,0,168,168,v008
XEJ35,0,405,405,v019
XEJ35,0,708,708,v021
XEJ35,122,254,132,v012
XEJ35,256,410,154,v019
XEJ35,79,213,134,v023
XEJ35,91,708,617,v008
DR1ZU,0,136,136,v006
DR1ZU,50,182,132,v027
DR1ZU,196,326,130,v023
DR1ZU,204,326,122,v008
DR1ZU,235,326,91,v012
DR1ZU,218,326,108,v031
DR1ZU,201,326,125,v008
K8OB6,472,760,288,v005
K8OB6,218,760,542,v008
K8OB6,115,283,168,v028
K8OB6,165,288,123,v016
K8OB6,165,288,123,v008
K8OB6,0,760,760,v008
K8OB6,187,288,101,v025
K8OB6,204,326,122,v023
K8OB6,0,760,760,v005
K8OB6,187,355,168,v029
K8OB6,314,568,254,v031
K8OB6,0,760,760,v008
K8OB6,484,724,240,v004
QVBTC,0,302,302,v031
ZDWM7,0,223,223,v024
ZDWM7,0,228,228,v005
ZDWM7,0,228,228,v019
ZDWM7,0,220,220,v005
ZDWM7,146,271,125,v020
ZDWM7,0,357,357,v014
ZDWM7,0,343,343,v008
ZDWM7,0,348,348,v008
ZDWM7,21,223,202,v009
ZDWM7,0,343,343,v008
ZDWM7,0,340,340,v023
T5SI3,223,327,104,v001
T5SI3,194,309,115,v022
T5SI3,0,278,278,v018
T5SI3,0,146,146,v001
T5SI3,0,290,290,v018
T5SI3,146,309,163,v016
T5SI3,38,158,120,v009
T5SI3,60,237,177,v019
T5SI3,0,259,259,v031
T5SI3,235,327,92,v026
T5SI3,88,244,156,v012
T5SI3,0,327,327,v008
T5SI3,165,327,162,v016
T5SI3,0,327,327,v008
BFCU9,196,408,212,v004
BFCU9,4,127,123,v005
BFCU9,336,420,84,v016
BFCU9,0,420,420,v018
BFCU9,76,199,123,v016
BFCU9,0,420,420,v018
BFCU9,76,201,125,v016
BFCU9,0,196,196,v008
BFCU9,0,112,112,v023
LRDW5,7,170,163,v012
LRDW5,4,206,202,v012
LRDW5,204,456,252,v003
LRDW5,398,583,185,v006
LRDW5,511,662,151,v001
LRDW5,160,492,332,v016
LRDW5,530,662,132,v029
LRDW5,144,379,235,v008
LRDW5,12,220,208,v007
LRDW5,144,264,120,v023
A9YQJ,547,791,244,v006
A9YQJ,0,571,571,v008
A9YQJ,427,588,161,v016
A9YQJ,0,578,578,v026
A9YQJ,0,552,552,v026
YAHDM,0,583,583,v008
YAHDM,379,525,146,v029
YAHDM,439,590,151,v016
14HG1,484,595,111,v022
14HG1,153,266,113,v023
14HG1,386,520,134,v018
14HG1,470,729,259,v023
14HG1,381,597,216,v018
14HG1,0,110,110,v014
14HG1,16,132,116,v018
14HG1,352,477,125,v029
XPXWY,98,374,276,v020
XPXWY,424,561,137,v001
XPXWY,340,501,161,v012
XPXWY,0,235,235,v012
XPXWY,703,795,92,v016
XPXWY,508,633,125,v023
XPXWY,410,795,385,v008
XPXWY,0,127,127,v012
XPXWY,628,739,111,v016
XPXWY,580,724,144,v004
XPXWY,400,544,144,v023
XPXWY,525,679,154,v015
UOZES,472,657,185,v023
UOZES,748,875,127,v031
UOZES,319,616,297,v000
UOZES,631,775,144,v009
UOZES,0,875,875,v010
UOZES,477,679,202,v016
UOZES,0,381,381,v021
UOZES,609,806,197,v019
UOZES,504,875,371,v008
UOZES,679,854,175,v001
UOZES,0,381,381,v008
UOZES,0,340,340,v021
UOZES,525,792,267,v031
UOZES,482,609,127,v012
UOZES,530,875,345,v018
UOZES,0,376,376,v010
UOZES,271,595,324,v000
M17EM,0,418,418,v018
M17EM,0,418,418,v032
M17EM,0,418,418,v018
M17EM,0,418,418,v032
M17EM,0,418,418,v031
M17EM,0,418,418,v014
M17EM,0,418,418,v008
T42A2,568,732,164,v012
T42A2,0,583,583,v008
T42A2,494,621,127,v022
T42A2,0,602,602,v018
T42A2,655,787,132,v020
T42A2,0,602,602,v008
T42A2,0,621,621,v008
T42A2,470,595,125,v016
T42A2,585,712,127,v012
T42A2,0,600,600,v018
0FM93,0,916,916,v008
0FM93,552,916,364,v001
0FM93,396,556,160,v029
0FM93,552,859,307,v007
0FM93,0,916,916,v008
ICOX1,405,571,166,v027
ICOX1,0,468,468,v010
ICOX1,434,602,168,v020
ICOX1,295,468,173,v022
ICOX1,261,436,175,v003
ICOX1,0,422,422,v021
ICOX1,189,379,190,v000
ICOX1,631,764,133,v018
ICOX1,146,422,276,v023
ICOX1,276,422,146,v018
ICOX1,283,398,115,v016
ICOX1,410,520,110,v027
ICOX1,0,338,338,v008
ICOX1,256,376,120,v025
PF7HH,276,484,208,v008
PF7HH,120,362,242,v023
PF7HH,76,259,183,v012
PF7HH,403,518,115,v016
PF7HH,388,513,125,v016
51N2C,273,733,460,v008
51N2C,264,420,156,v023
51N2C,264,733,469,v031
51N2C,187,384,197,v025
51N2C,26,273,247,v028
51N2C,199,328,129,v016
51N2C,288,733,445,v008
51N2C,379,733,354,v007
51N2C,376,489,113,v001
Z2KJ5,0,762,762,v010
Z2KJ5,326,762,436,v008
Z2KJ5,100,403,303,v012
Z2KJ5,343,762,419,v005
Z2KJ5,117,384,267,v023
DFSHF,240,417,177,v012
DFSHF,127,326,199,v016
DFSHF,240,417,177,v012
DFSHF,9,273,264,v008
DFSHF,132,307,175,v016
DFSHF,357,731,374,v009
DFSHF,261,405,144,v007
DFSHF,0,321,321,v008
DFSHF,153,328,175,v016
DFSHF,153,314,161,v016
DFSHF,14,336,322,v008
DFSHF,362,487,125,v019
DFSHF,432,556,124,v019
IBWAW,0,621,621,v008
IBWAW,420,559,139,v016
IBWAW,146,556,410,v004
IBWAW,33,225,192,v005
IBWAW,0,117,117,v008
IBWAW,0,405,405,v008
IBWAW,434,564,130,v016
IBWAW,504,636,132,v023
IBWAW,0,580,580,v031
IBWAW,511,636,125,v023
IBWAW,0,518,518,v016
7NXWU,0,598,598,v008
7NXWU,100,314,214,v004
7NXWU,0,148,148,v030
7NXWU,64,266,202,v008
7NXWU,218,348,130,v016
7NXWU,0,598,598,v018
7NXWU,24,136,112,v016
7NXWU,244,350,106,v016
7NXWU,0,598,598,v018
7NXWU,72,208,136,v023
7NXWU,72,348,276,v008
7NXWU,0,598,598,v032
7NOOM,12,388,376,v026
7NOOM,60,321,261,v009
7NOOM,571,855,284,v008
7NOOM,0,662,662,v026
IAHN3,220,727,507,v008
IAHN3,50,213,163,v009
IAHN3,43,247,204,v008
IAHN3,220,720,500,v013
IAHN3,24,213,189,v019
IAHN3,177,384,207,v023
IAHN3,326,588,262,v019
IAHN3,69,602,533,v014
50E06,0,655,655,v008
50E06,559,662,103,v025
50E06,0,84,84,v008
50E06,381,597,216,v004
50E06,0,773,773,v018
50E06,0,122,122,v005
50E06,146,643,497,v008
50E06,0,773,773,v018
50E06,508,650,142,v016
50E06,552,667,115,v025
50E06,105,326,221,v023
50E06,331,600,269,v005
50E06,0,773,773,v018
50E06,504,640,136,v016
50E06,544,681,137,v016
727IZ,0,105,105,v012
727IZ,391,499,108,v016
727IZ,357,470,113,v018
727IZ,280,489,209,v008
727IZ,127,252,125,v023
727IZ,585,835,250,v032
727IZ,268,369,101,v001
727IZ,0,86,86,v012
727IZ,410,516,106,v016
727IZ,348,477,129,v031
727IZ,348,470,122,v019
727IZ,340,482,142,v018
727IZ,280,424,144,v022
727IZ,240,352,112,v001
727IZ,343,472,129,v018
00T1E,0,177,177,v010
00T1E,16,151,135,v001
00T1E,0,129,129,v031
00T1E,103,288,185,v003
00T1E,261,381,120,v022
00T1E,96,372,276,v018
00T1E,0,132,132,v014
00T1E,364,458,94,v029
OP2SS,489,755,266,v008
OP2SS,583,753,170,v014
OP2SS,0,547,547,v002
OP2SS,0,204,204,v009
OP2SS,0,573,573,v011
OP2SS,0,576,576,v016
OP2SS,518,755,237,v031
OP2SS,499,619,120,v012
OP2SS,489,640,151,v023
OP2SS,379,504,125,v019
OP2SS,681,755,74,v016
FMZOY,840,986,146,v012
FMZOY,775,895,120,v001
FMZOY,0,952,952,v008
FMZOY,0,871,871,v031
FMZOY,890,998,108,v029
FMZOY,830,998,168,v007
FMZOY,0,88,88,v012
3IS9Y,511,664,153,v001
3IS9Y,432,561,129,v012
3IS9Y,211,408,197,v009
3IS9Y,84,228,144,v023
3IS9Y,386,688,302,v008
3IS9Y,153,463,310,v008
3IS9Y,715,821,106,v016
3IS9Y,201,367,166,v019
3IS9Y,280,408,128,v031
BYWZ5,117,733,616,v005
BYWZ5,2,242,240,v018
BYWZ5,28,733,705,v018
BYWZ5,112,271,159,v023
BYWZ5,76,508,432,v023
BYWZ5,139,733,594,v008
BYWZ5,132,633,501,v031
BYWZ5,129,733,604,v008
BYWZ5,112,733,621,v018
BYWZ5,172,733,561,v005
21F9H,580,727,147,v018
21F9H,628,727,99,v018
21F9H,57,196,139,v023
21F9H,38,415,377,v005
21F9H,0,69,69,v029
21F9H,268,391,123,v005
21F9H,504,645,141,v016
21F9H,28,201,173,v023
21F9H,0,727,727,v008
21F9H,0,105,105,v004
21F9H,0,691,691,v022
21F9H,520,645,125,v008
I75CL,0,165,165,v012
I75CL,72,295,223,v008
I75CL,261,436,175,v005
I75CL,64,685,621,v008
I75CL,256,429,173,v005
I75CL,398,619,221,v028
I75CL,112,685,573,v008
I75CL,64,225,161,v001
I75CL,0,177,177,v029
I75CL,0,168,168,v007
I75CL,72,685,613,v016
IULK6,86,748,662,v032
IULK6,0,748,748,v018
IULK6,192,331,139,v001
IULK6,199,516,317,v016
IULK6,93,228,135,v012
IULK6,0,170,170,v023
IULK6,0,348,348,v008
IULK6,0,170,170,v023
IULK6,213,350,137,v016
IULK6,108,748,640,v008
IULK6,528,748,220,v031
W7HR1,372,600,228,v023
W7HR1,79,232,153,v029
W7HR1,384,585,201,v008
OVD84,98,259,161,v027
OVD84,254,549,295,v025
OVD84,165,405,240,v000
OVD84,446,624,178,v022
OVD84,0,372,372,v010
OVD84,19,232,213,v012
OVD84,386,530,144,v016
OVD84,453,585,132,v018
OVD84,194,321,127,v021
OVD84,26,204,178,v029
OVD84,180,338,158,v000
UZ2AL,0,181,181,v005
UZ2AL,0,181,181,v008
UZ2AL,0,181,181,v005
0M0T4,993,1240,247,v008
0M0T4,993,1240,247,v014
0M0T4,237,492,255,v016
0M0T4,232,484,252,v028
0M0T4,55,1300,1245,v023
0M0T4,55,1300,1245,v016
0M0T4,1202,1300,98,v029
0M0T4,1255,1300,45,v027
AKO6M,302,447,145,v008
AKO6M,304,447,143,v023
AKO6M,0,211,211,v008
AKO6M,79,256,177,v016
AKO6M,372,447,75,v001
AKO6M,244,372,128,v012
AKO6M,268,422,154,v022
AKO6M,0,302,302,v030
AKO6M,223,364,141,v012
AKO6M,333,447,114,v001
FAJEA,343,564,221,v005
FAJEA,561,723,162,v004
FAJEA,74,285,211,v018
FAJEA,201,723,522,v018
FAJEA,72,723,651,v008
FAJEA,285,391,106,v023
FAJEA,424,532,108,v016
FAJEA,100,723,623,v018
FAJEA,288,542,254,v008
FAJEA,417,535,118,v016
M4FOP,115,259,144,v008
M4FOP,148,271,123,v016
M4FOP,72,201,129,v019
M4FOP,129,240,111,v016
M4FOP,0,772,772,v022
M4FOP,9,170,161,v012
M4FOP,256,739,483,v031
M4FOP,0,122,122,v023
N8913,175,585,410,v004
N8913,655,764,109,v031
N8913,0,764,764,v008
N8913,0,764,764,v008
N8913,439,597,158,v016
N8913,0,764,764,v008
N8913,427,585,158,v016
N8913,129,283,154,v023
V1BX9,0,373,373,v005
V1BX9,48,192,144,v016
V1BX9,0,373,373,v008
V1BX9,0,211,211,v008
V1BX9,84,213,129,v016
V1BX9,72,208,136,v016
V1BX9,0,373,373,v008
V1BX9,204,307,103,v019
OVFVJ,127,278,151,v012
OVFVJ,307,624,317,v016
OVFVJ,396,518,122,v001
OVFVJ,530,796,266,v028
OVFVJ,319,600,281,v008
OVFVJ,705,796,91,v008
OVFVJ,300,619,319,v016
OVFVJ,530,796,266,v003
OVFVJ,408,511,103,v001
OVFVJ,300,643,343,v023
OVFVJ,132,268,136,v012
OVFVJ,0,79,79,v029
OVFVJ,319,492,173,v023
OVFVJ,379,602,223,v008
0A8CF,0,657,657,v032
0A8CF,0,667,667,v032
0A8CF,612,773,161,v004
0A8CF,0,773,773,v018
0A8CF,0,773,773,v018
0A8CF,597,773,176,v008
0A8CF,597,773,176,v023
PAW5E,184,328,144,v008
PAW5E,93,312,219,v023
PAW5E,252,362,110,v005
PAW5E,0,196,196,v009
PAW5E,252,362,110,v017
PAW5E,0,168,168,v002
PAW5E,254,398,144,v029
PAW5E,192,338,146,v016
PC92A,0,737,737,v008
PC92A,343,494,151,v018
PC92A,0,737,737,v008
PC92A,379,737,358,v018
PC92A,386,737,351,v018
65ULK,432,731,299,v031
65ULK,384,731,347,v003
65ULK,408,684,276,v016
65ULK,230,511,281,v023
65ULK,180,568,388,v008
65ULK,0,84,84,v029
95M0X,0,396,396,v008
95M0X,0,216,216,v020
95M0X,0,156,156,v019
95M0X,160,396,236,v009
95M0X,0,396,396,v008
95M0X,141,379,238,v019
Q5YDL,386,921,535,v008
Q5YDL,0,396,396,v031
Q5YDL,813,938,125,v016
Q5YDL,482,895,413,v005
Q5YDL,312,427,115,v001
Q5YDL,799,957,158,v016
Q5YDL,501,640,139,v016
Q5YDL,379,921,542,v008
Q5YDL,367,499,132,v023
Q5YDL,0,1221,1221,v018
Q5YDL,0,396,396,v014
Q5YDL,0,420,420,v031
Q5YDL,379,482,103,v023
Q5YDL,379,487,108,v001
Q5YDL,0,1221,1221,v008
610PZ,4,189,185,v004
610PZ,0,767,767,v008
610PZ,516,636,120,v019
610PZ,0,767,767,v008
610PZ,4,767,763,v008
GT07A,427,800,373,v026
GT07A,4,436,432,v023
GT07A,156,800,644,v005
GT07A,439,703,264,v023
GT07A,7,120,113,v023
GT07A,48,163,115,v023
GT07A,132,240,108,v023
GT07A,0,480,480,v026
GT07A,324,475,151,v029
GT07A,0,108,108,v026
GT07A,40,172,132,v026
GT07A,115,259,144,v026
GT07A,300,460,160,v016
GT07A,571,703,132,v023
GT07A,96,496,400,v008
GT07A,240,427,187,v023
GT07A,616,800,184,v008
TESF6,0,731,731,v018
TESF6,199,549,350,v008
TESF6,170,312,142,v023
TESF6,511,731,220,v008
TESF6,0,105,105,v023
TESF6,511,731,220,v009
TESF6,0,731,731,v018
TESF6,273,501,228,v014
TESF6,422,549,127,v016
TESF6,453,607,154,v001
TESF6,76,259,183,v012
TESF6,504,731,227,v019
TESF6,62,216,154,v025
TESF6,69,242,173,v016
TESF6,232,487,255,v013
V7YEJ,0,743,743,v010
V7YEJ,153,743,590,v008
V7YEJ,156,743,587,v008
V7YEJ,0,184,184,v000
V7YEJ,122,283,161,v023
V7YEJ,141,297,156,v023
V7YEJ,223,743,520,v005
V7YEJ,237,405,168,v005
QYPLI,465,737,272,v018
QYPLI,0,144,144,v028
QYPLI,408,578,170,v018
QYPLI,0,170,170,v023
QYPLI,0,192,192,v016
QYPLI,0,74,74,v029
QYPLI,213,321,108,v026
QYPLI,232,372,140,v016
QYPLI,108,225,117,v008
QYPLI,144,302,158,v008
QYPLI,247,372,125,v008
QYPLI,40,151,111,v025
WKSFS,0,700,700,v008
WKSFS,0,700,700,v018
WKSFS,0,700,700,v021
WKSFS,0,700,700,v010
FRSBQ,0,768,768,v008
FRSBQ,0,554,554,v026
FRSBQ,487,768,281,v028
FRSBQ,0,132,132,v023
FRSBQ,0,259,259,v016
FRSBQ,48,240,192,v016
FRSBQ,0,175,175,v022
FRSBQ,309,420,111,v023
FRSBQ,336,436,100,v008
FRSBQ,33,232,199,v026
FRSBQ,309,482,173,v016
FRSBQ,72,232,160,v008
FRSBQ,720,768,48,v016
FRSBQ,720,768,48,v016
FRSBQ,720,768,48,v023
RXELU,189,358,169,v031
RXELU,60,158,98,v027
RXELU,213,358,145,v019
RXELU,62,358,296,v022
RXELU,86,235,149,v008
RXELU,204,358,154,v019
RXELU,28,177,149,v029
RXELU,88,232,144,v004
EEGGA,177,684,507,v031
EEGGA,0,127,127,v016
EEGGA,640,723,83,v016
EEGGA,0,98,98,v018
EEGGA,381,532,151,v005
EEGGA,36,213,177,v023
EEGGA,0,110,110,v018
EEGGA,0,723,723,v018
EEGGA,0,723,723,v008
EEGGA,0,723,723,v008
EEGGA,74,723,649,v008
X8JVY,0,108,108,v029
X8JVY,105,242,137,v023
X8JVY,0,144,144,v001
X8JVY,0,681,681,v008
X8JVY,146,583,437,v008
X8JVY,0,564,564,v008
X8JVY,0,79,79,v012
X8JVY,124,624,500,v023
X8JVY,132,703,571,v008
X8JVY,542,703,161,v016
X8JVY,72,213,141,v012
X8JVY,0,160,160,v007
X8JVY,559,703,144,v016
96ATI,412,782,370,v023
96ATI,0,544,544,v014
96ATI,139,381,242,v020
96ATI,583,777,194,v018
96ATI,0,686,686,v022
96ATI,600,815,215,v018
96ATI,367,815,448,v008
96ATI,362,815,453,v023
96ATI,343,463,120,v016
96ATI,588,703,115,v018
96ATI,0,417,417,v031
96ATI,600,815,215,v018
96ATI,0,472,472,v008
96ATI,559,815,256,v026
EHIOY,465,834,369,v008
EHIOY,465,834,369,v008
EHIOY,0,834,834,v021
EHIOY,168,456,288,v000
EHIOY,444,597,153,v023
EHIOY,434,602,168,v023
EHIOY,0,834,834,v018
EHIOY,523,834,311,v005
EHIOY,439,834,395,v016
EHIOY,247,506,259,v008
4WO5F,516,731,215,v004
4WO5F,172,731,559,v008
4WO5F,50,213,163,v018
4WO5F,55,216,161,v018
4WO5F,88,242,154,v028
IIW0F,0,1076,1076,v008
IIW0F,172,1076,904,v008
IIW0F,168,381,213,v016
IIW0F,168,376,208,v023
IIW0F,168,343,175,v026
IIW0F,0,1076,1076,v014
IIW0F,177,1076,899,v008
IIW0F,172,316,144,v023
M847G,0,398,398,v008
M847G,0,398,398,v031
M847G,0,398,398,v008
M847G,122,242,120,v020
M847G,0,398,398,v018
M847G,0,398,398,v008
M847G,158,398,240,v030
M847G,158,398,240,v026
7AB3X,420,663,243,v019
7AB3X,410,595,185,v004
7AB3X,0,189,189,v010
7AB3X,175,319,144,v022
7AB3X,28,230,202,v000
7AB3X,4,247,243,v000
7AB3X,499,612,113,v023
7AB3X,410,561,151,v031
7AB3X,379,663,284,v008
8YFD1,0,232,232,v008
8YFD1,362,754,392,v004
8YFD1,170,451,281,v028
8YFD1,175,446,271,v016
8YFD1,350,754,404,v008
8YFD1,0,280,280,v031
8YFD1,256,576,320,v023
8YFD1,0,201,201,v019
8YFD1,0,208,208,v006
8YFD1,360,754,394,v008
8YFD1,254,405,151,v008
8YFD1,355,470,115,v023
OQSXX,206,631,425,v008
OQSXX,206,400,194,v023
OQSXX,499,685,186,v001
OQSXX,72,266,194,v022
OQSXX,0,182,182,v018
OQSXX,206,374,168,v016
OQSXX,338,564,226,v012
OQSXX,208,400,192,v008
OQSXX,0,194,194,v031
OQSXX,264,393,129,v016
OQSXX,218,352,134,v023
OQSXX,81,290,209,v000
OQSXX,480,684,204,v029
OQSXX,384,559,175,v007
OQSXX,206,631,425,v008
0IU3G,0,865,865,v024
0IU3G,206,420,214,v028
0IU3G,0,865,865,v008
GYFM4,434,811,377,v026
GYFM4,57,410,353,v020
GYFM4,12,148,136,v029
GYFM4,439,811,372,v026
ZQKVY,81,278,197,v023
ZQKVY,76,314,238,v008
ZQKVY,201,314,113,v025
ZQKVY,0,129,129,v017
ZQKVY,0,117,117,v012
ZQKVY,0,105,105,v029
ZQKVY,40,170,130,v016
ZQKVY,204,314,110,v016
ZQKVY,0,175,175,v008
ZQKVY,91,237,146,v023
8B4ZP,1113,1162,49,v027
8B4ZP,0,722,722,v031
8B4ZP,921,1147,226,v028
8B4ZP,660,849,189,v016
8B4ZP,660,820,160,v016
8B4ZP,74,657,583,v005
8B4ZP,758,964,206,v022
8B4ZP,0,739,739,v008
8B4ZP,0,866,866,v018
8B4ZP,909,1017,108,v016
8B4ZP,0,100,100,v012
8B4ZP,811,1156,345,v025
8B4ZP,50,175,125,v023
8B4ZP,643,756,113,v001
8B4ZP,0,796,796,v008
8B4ZP,900,1012,112,v008
8B4ZP,700,825,125,v016
8B4ZP,0,885,885,v018
CS7HY,153,444,291,v012
CS7HY,0,192,192,v008
CS7HY,381,739,358,v002
CS7HY,304,434,130,v001
CS7HY,0,74,74,v026
CS7HY,304,434,130,v001
CS7HY,136,266,130,v012
CS7HY,108,218,110,v016
W0XPU,19,148,129,v018
W0XPU,494,636,142,v005
W0XPU,0,146,146,v023
W0XPU,501,624,123,v005
W0XPU,456,578,122,v022
W0XPU,64,576,512,v018
W0XPU,7,156,149,v016
W0XPU,439,749,310,v008
W0XPU,420,749,329,v023
W0XPU,67,518,451,v003
W0XPU,0,129,129,v008
W0XPU,50,384,334,v003
W0XPU,415,583,168,v023
W0XPU,432,749,317,v008
Z9RED,60,734,674,v031
Z9RED,0,136,136,v029
Z9RED,376,576,200,v020
Z9RED,60,734,674,v008
R2AP7,568,820,252,v017
R2AP7,0,619,619,v006
R2AP7,72,422,350,v029
WEW2E,0,192,192,v008
WEW2E,144,256,112,v012
WEW2E,112,228,116,v016
WEW2E,520,717,197,v016
WEW2E,448,609,161,v008
WEW2E,91,321,230,v023
WEW2E,549,708,159,v016
WEW2E,36,139,103,v023
WEW2E,148,288,140,v025
WEW2E,0,72,72,v029
WEW2E,144,652,508,v008
FQ2Q3,0,372,372,v016
FQ2Q3,50,160,110,v012
FQ2Q3,0,372,372,v018
FQ2Q3,175,288,113,v023
FQ2Q3,0,372,372,v018
FQ2Q3,285,372,87,v031
FQ2Q3,148,271,123,v001
FQ2Q3,43,324,281,v008
FQ2Q3,0,333,333,v032
FQ2Q3,108,271,163,v032
UNWMJ,31,326,295,v028
UNWMJ,0,67,67,v023
UNWMJ,0,62,62,v022
UNWMJ,0,93,93,v016
UNWMJ,0,81,81,v008
UNWMJ,319,751,432,v024
UNWMJ,223,355,132,v016
UNWMJ,206,352,146,v008
88ZT4,134,436,302,v008
88ZT4,482,743,261,v004
88ZT4,67,208,141,v016
88ZT4,285,743,458,v008
88ZT4,350,743,393,v021
88ZT4,144,427,283,v023
88ZT4,0,225,225,v008
88ZT4,0,232,232,v023
88ZT4,285,743,458,v016
88ZT4,453,743,290,v031
88ZT4,0,108,108,v029
88ZT4,136,412,276,v014
88ZT4,79,237,158,v016
88ZT4,100,223,123,v016
88ZT4,460,585,125,v023
X4BQG,136,355,219,v012
X4BQG,321,724,403,v030
X4BQG,278,391,113,v020
X4BQG,33,326,293,v008
X4BQG,31,343,312,v016
X4BQG,81,220,139,v001
X4BQG,624,775,151,v016
X4BQG,290,429,139,v023
X4BQG,333,744,411,v008
8LLI3,216,338,122,v016
8LLI3,74,196,122,v008
8LLI3,280,403,123,v001
8LLI3,350,463,113,v001
8LLI3,0,478,478,v014
8LLI3,81,316,235,v008
8LLI3,384,478,94,v029
8LLI3,96,338,242,v013
8LLI3,0,441,441,v012
8LLI3,91,309,218,v016
8LLI3,72,204,132,v023
8LLI3,206,333,127,v016
MSVWC,271,436,165,v008
MSVWC,338,477,139,v016
MSVWC,0,338,338,v005
MSVWC,0,336,336,v008
MSVWC,0,340,340,v005
MSVWC,312,458,146,v025
MSVWC,0,84,84,v023
MSVWC,12,132,120,v009
MSVWC,0,516,516,v018
MSVWC,12,132,120,v019
MSVWC,180,304,124,v023
MSVWC,184,300,116,v016
MSVWC,302,446,144,v025
MSVWC,0,278,278,v008
MSVWC,180,300,120,v016
PNRFK,429,614,185,v008
PNRFK,271,422,151,v004
PNRFK,429,686,257,v023
PNRFK,268,432,164,v008
PNRFK,0,319,319,v003
PNRFK,0,144,144,v008
PNRFK,0,206,206,v023
FSOFF,0,476,476,v031
FSOFF,0,476,476,v014
FSOFF,0,476,476,v018
FSOFF,283,476,193,v028
FSOFF,283,476,193,v008
FSOFF,237,369,132,v018
FSOFF,0,476,476,v008
JQRMQ,259,523,264,v023
JQRMQ,139,460,321,v027
JQRMQ,292,612,320,v027
JQRMQ,345,472,127,v008
JQRMQ,276,400,124,v020
JQRMQ,141,266,125,v012
JQRMQ,129,561,432,v001
JQRMQ,194,504,310,v008
JQRMQ,312,448,136,v009
JQRMQ,0,158,158,v007
JQRMQ,312,484,172,v019
JQRMQ,0,158,158,v012
JQRMQ,607,655,48,v023
JQRMQ,607,655,48,v026
JQRMQ,604,655,51,v001
JQRMQ,604,655,51,v023
JQRMQ,607,655,48,v016
JQRMQ,16,163,147,v001
JQRMQ,204,328,124,v023
JQRMQ,0,655,655,v006
RPXAC,441,747,306,v031
RPXAC,242,532,290,v003
RPXAC,434,747,313,v022
RPXAC,410,523,113,v018
RPXAC,194,295,101,v023
RPXAC,0,93,93,v028
RPXAC,0,525,525,v018
RPXAC,98,201,103,v016
0DD62,64,414,350,v008
0DD62,69,414,345,v009
0DD62,0,189,189,v031
0DD62,0,189,189,v023
0DD62,112,414,302,v019
0DD62,175,414,239,v009
OKHVL,403,866,463,v004
OKHVL,144,866,722,v018
OKHVL,0,242,242,v018
OKHVL,446,604,158,v004
OKHVL,225,866,641,v018
OKHVL,316,451,135,v005
OKHVL,316,482,166,v005
OKHVL,338,604,266,v023
OKHVL,489,633,144,v016
OKHVL,26,156,130,v016
OKHVL,264,374,110,v023
OKHVL,129,252,123,v016
OKHVL,273,866,593,v008
OKHVL,273,866,593,v008
OKHVL,122,235,113,v016
OKHVL,268,412,144,v023
OKHVL,278,866,588,v008
RG0JH,57,268,211,v031
RG0JH,0,416,416,v008
RG0JH,151,381,230,v020
RG0JH,38,213,175,v022
RG0JH,0,194,194,v018
0Z1PC,0,631,631,v008
0Z1PC,249,424,175,v012
0Z1PC,55,636,581,v008
0Z1PC,432,602,170,v016
0Z1PC,456,650,194,v016
0Z1PC,81,225,144,v008
0Z1PC,777,933,156,v031
0Z1PC,120,528,408,v012
0Z1PC,436,686,250,v026
0Z1PC,264,784,520,v026
0Z1PC,801,933,132,v019
0Z1PC,600,780,180,v001
0Z1PC,600,780,180,v001
0Z1PC,26,177,151,v029
0Z1PC,806,933,127,v019
0Z1PC,283,691,408,v026
0Z1PC,148,379,231,v007
0Z1PC,451,710,259,v016
0Z1PC,36,626,590,v008
0Z1PC,134,403,269,v012
6XB10,177,859,682,v008
6XB10,168,859,691,v026
6XB10,0,216,216,v029
6XB10,645,859,214,v020
6XB10,204,645,441,v023
6XB10,182,645,463,v023
6XB10,124,840,716,v026
6XB10,117,849,732,v026
OGLCO,0,211,211,v008
OGLCO,0,211,211,v014
OGLCO,100,336,236,v005
OGLCO,0,759,759,v018
OGLCO,50,759,709,v008
OGLCO,9,759,750,v023
OGLCO,2,196,194,v016
OGLCO,120,242,122,v008
OGLCO,381,549,168,v008
OGLCO,48,216,168,v023
OGLCO,0,759,759,v031
OGLCO,139,249,110,v016
OGLCO,396,549,153,v016
QVD5B,0,355,355,v008
QVD5B,208,621,413,v020
QVD5B,88,422,334,v016
QVD5B,0,422,422,v022
QVD5B,271,400,129,v016
QVD5B,288,400,112,v016
QVD5B,264,403,139,v025
QVD5B,0,725,725,v008
QVD5B,0,110,110,v021
QVD5B,264,396,132,v016
CWL92,0,153,153,v008
CWL92,0,79,79,v029
FBOF0,0,741,741,v010
FBOF0,0,688,688,v021
FBOF0,220,532,312,v000
FBOF0,727,802,75,v022
FBOF0,643,770,127,v016
FBOF0,410,802,392,v031
FBOF0,643,770,127,v025
FBOF0,48,489,441,v000
FYYFX,0,115,115,v000
FYYFX,0,745,745,v010
FYYFX,206,338,132,v023
FYYFX,0,96,96,v000
FYYFX,208,336,128,v000
FYYFX,336,592,256,v031
FYYFX,230,745,515,v008
FYYFX,316,745,429,v013
FYYFX,4,177,173,v022
FYYFX,48,268,220,v012
FYYFX,0,67,67,v021
FYYFX,235,745,510,v014
FQ8FN,357,602,245,v016
FQ8FN,0,405,405,v010
FQ8FN,343,751,408,v018
FQ8FN,158,408,250,v000
FQ8FN,350,638,288,v003
FQ8FN,0,345,345,v021
FQ8FN,283,412,129,v000
FQ8FN,386,628,242,v008
HB02D,333,732,399,v010
HB02D,0,367,367,v018
HB02D,0,732,732,v021
HB02D,0,732,732,v005
HB02D,0,732,732,v005
HB02D,0,300,300,v019
HB02D,0,542,542,v021
HB02D,0,732,732,v008
HB02D,0,732,732,v008
HB02D,0,732,732,v008
4J1AP,0,494,494,v005
4J1AP,0,477,477,v008
4J1AP,0,494,494,v018
4J1AP,235,376,141,v023
4J1AP,244,494,250,v008
4J1AP,2,297,295,v023
4J1AP,0,494,494,v018
4J1AP,314,494,180,v004
4J1AP,0,494,494,v021
DM2XL,0,539,539,v008
DM2XL,0,539,539,v008
DM2XL,0,520,520,v008
DM2XL,0,64,64,v022
DM2XL,369,539,170,v007
DM2XL,422,539,117,v001
DM2XL,391,532,141,v029
DM2XL,369,501,132,v012
GYVK9,552,672,120,v023
GYVK9,422,540,118,v020
GYVK9,381,535,154,v008
GYVK9,0,355,355,v031
GYVK9,21,261,240,v023
GYVK9,583,693,110,v029
CESHR,50,135,85,v010
CESHR,0,132,132,v018
CESHR,0,135,135,v031
CESHR,0,135,135,v031
DMO76,367,531,164,v013
DMO76,0,531,531,v008
DMO76,194,531,337,v023
DMO76,278,489,211,v017
DMO76,220,333,113,v022
DMO76,0,331,331,v032
DMO76,429,531,102,v016
DMO76,0,326,326,v014
2XKVQ,127,764,637,v008
2XKVQ,0,764,764,v030
2XKVQ,0,108,108,v023
2XKVQ,220,415,195,v016
HUWAZ,48,247,199,v004
HUWAZ,0,1730,1730,v008
HUWAZ,0,1730,1730,v018
HUWAZ,0,1730,1730,v031
HUWAZ,0,1730,1730,v018
RGNQD,0,153,153,v026
RGNQD,0,237,237,v023
RGNQD,86,237,151,v023
RGNQD,98,237,139,v008
RGNQD,98,237,139,v026
RGNQD,33,237,204,v031
RGNQD,0,127,127,v023
RGNQD,100,237,137,v008
Z6B6S,355,530,175,v026
Z6B6S,381,720,339,v030
Z6B6S,345,487,142,v016
Z6B6S,0,720,720,v026
Z6B6S,0,434,434,v016
Z6B6S,0,720,720,v026
Z6B6S,0,434,434,v023
Z6B6S,276,429,153,v016
Z6B6S,348,720,372,v008
Z6B6S,0,436,436,v008
Z6B6S,237,436,199,v016
2DO31,0,340,340,v031
2DO31,292,424,132,v022
2DO31,0,372,372,v008
2DO31,273,398,125,v016
2DO31,283,403,120,v016
2DO31,367,571,204,v003
2DO31,379,568,189,v003
2DO31,0,367,367,v010
T9Y1N,429,733,304,v008
T9Y1N,508,733,225,v031
T9Y1N,57,506,449,v008
T9Y1N,333,511,178,v016
T9Y1N,158,439,281,v020
T9Y1N,535,733,198,v019
T9Y1N,172,278,106,v001
T9Y1N,120,261,141,v012
T9Y1N,96,216,120,v023
T9Y1N,537,733,196,v019
T9Y1N,0,91,91,v012
T9Y1N,0,91,91,v012
T9Y1N,0,88,88,v007
LA266,0,326,326,v005
LA266,280,583,303,v020
LA266,0,333,333,v018
LA266,0,336,336,v018
LA266,338,583,245,v030
LA266,314,583,269,v031
F1V30,0,100,100,v008
F1V30,616,761,145,v030
F1V30,108,564,456,v030
F1V30,28,144,116,v016
F1V30,554,761,207,v030
F1V30,16,578,562,v026
XZ2WT,158,328,170,v012
XZ2WT,396,741,345,v023
XZ2WT,0,511,511,v026
XZ2WT,0,741,741,v023
XZ2WT,379,710,331,v021
XZ2WT,367,741,374,v008
XZ2WT,537,729,192,v001
XZ2WT,530,715,185,v001
XZ2WT,415,619,204,v003
XZ2WT,612,717,105,v031
XZ2WT,184,340,156,v012
XZ2WT,266,477,211,v026
XZ2WT,26,122,96,v029
XZ2WT,249,355,106,v008
SKYIS,0,93,93,v008
SKYIS,0,144,144,v025
SKYIS,81,171,90,v031
SKYIS,0,112,112,v026
SKYIS,84,171,87,v019
SKYIS,16,124,108,v016
SKYIS,24,129,105,v016
CYCEV,0,280,280,v008
CYCEV,199,376,177,v020
CYCEV,489,600,111,v006
CYCEV,0,141,141,v008
CYCEV,0,115,115,v031
CYCEV,0,141,141,v008
CYCEV,554,669,115,v029
CYCEV,0,374,374,v008
CYCEV,55,232,177,v004
CYCEV,0,544,544,v008
CYCEV,432,552,120,v016
CYCEV,240,396,156,v016
JQAO5,180,348,168,v016
JQAO5,0,266,266,v008
JQAO5,175,319,144,v016
JQAO5,0,271,271,v008
JQAO5,0,124,124,v029
TYWHY,285,520,235,v012
TYWHY,182,340,158,v001
TYWHY,28,220,192,v012
TYWHY,0,120,120,v017
TYWHY,163,304,141,v016
TYWHY,271,398,127,v016
TYWHY,136,417,281,v008
TYWHY,232,350,118,v001
TYWHY,129,312,183,v023
TYWHY,379,768,389,v014
TYWHY,16,196,180,v012
TYWHY,328,768,440,v031
AFIRW,412,767,355,v008
AFIRW,0,158,158,v030
AFIRW,484,767,283,v013
AFIRW,105,271,166,v019
AFIRW,0,220,220,v031
AFIRW,396,767,371,v014
AFIRW,393,566,173,v023
ACSP8,484,747,263,v008
ACSP8,0,129,129,v023
ACSP8,86,249,163,v016
ACSP8,0,566,566,v026
ACSP8,0,590,590,v008
ACSP8,0,747,747,v018
ACSP8,0,747,747,v018
ACSP8,530,747,217,v014
ACSP8,0,477,477,v023
ACSP8,494,607,113,v023
8ZPXA,0,250,250,v031
8ZPXA,0,250,250,v010
8ZPXA,0,192,192,v021
8ZPXA,81,216,135,v025
8ZPXA,96,206,110,v025
8ZPXA,67,170,103,v001
8ZPXA,74,189,115,v023
8ZPXA,0,250,250,v012
8ZPXA,0,250,250,v008
8ZPXA,0,250,250,v008
8ZPXA,93,204,111,v025
CPRBC,151,722,571,v031
CPRBC,151,722,571,v005
CPRBC,129,722,593,v005
CPRBC,122,722,600,v018
CPRBC,122,722,600,v008
Q7TXX,0,738,738,v008
Q7TXX,24,192,168,v009
Q7TXX,120,738,618,v019
Q7TXX,0,738,738,v008
Q7TXX,0,81,81,v029
QASDI,33,662,629,v008
QASDI,0,657,657,v008
QASDI,0,144,144,v023
QASDI,62,655,593,v031
QASDI,432,648,216,v013
LGJAR,0,247,247,v010
LGJAR,62,297,235,v000
LGJAR,422,604,182,v027
LGJAR,62,288,226,v000
LGJAR,9,638,629,v021
LGJAR,108,775,667,v018
LGJAR,268,444,176,v029
LGJAR,417,775,358,v006
TK1VC,254,486,232,v008
TK1VC,259,441,182,v023
TK1VC,0,225,225,v020
TK1VC,362,486,124,v018
TK1VC,422,486,64,v012
TK1VC,410,486,76,v018
TK1VC,216,486,270,v008
TK1VC,252,360,108,v026
TK1VC,396,486,90,v016
TK1VC,285,410,125,v023
TK1VC,280,417,137,v008
TK1VC,261,384,123,v023
00607,228,753,525,v008
00607,621,760,139,v016
00607,228,362,134,v023
00607,266,746,480,v026
00607,0,220,220,v026
00607,105,220,115,v022
00607,240,698,458,v026
00607,364,465,101,v029
AMT7R,43,204,161,v008
AMT7R,103,300,197,v016
AMT7R,393,723,330,v019
AMT7R,0,723,723,v029
AMT7R,0,117,117,v023
AMT7R,436,554,118,v009
AMT7R,14,124,110,v031
A59CN,446,582,136,v027
A59CN,343,475,132,v020
A59CN,0,582,582,v014
A59CN,324,535,211,v016
A59CN,0,582,582,v024
A59CN,326,535,209,v025
A59CN,324,436,112,v025
A59CN,122,259,137,v029
A59CN,0,427,427,v008
A59CN,0,420,420,v008
A59CN,0,582,582,v008
A59CN,316,434,118,v025
A59CN,312,582,270,v009
KTDG0,0,187,187,v008
KTDG0,0,129,129,v023
KTDG0,259,336,77,v008
KTDG0,96,295,199,v001
KTDG0,232,336,104,v026
KTDG0,40,199,159,v029
KTDG0,136,266,130,v001
BQ963,309,732,423,v014
BQ963,0,732,732,v008
BQ963,0,732,732,v018
BQ963,295,732,437,v008
E89S9,0,213,213,v018
E89S9,110,249,139,v022
E89S9,343,495,152,v016
E89S9,254,412,158,v016
E89S9,225,372,147,v008
E89S9,103,280,177,v008
E89S9,24,206,182,v023
E89S9,81,232,151,v023
E89S9,448,495,47,v008
E89S9,448,495,47,v023
E89S9,441,495,54,v016
E89S9,232,403,171,v016
UVLL9,0,494,494,v006
UVLL9,0,494,494,v007
UVLL9,0,494,494,v006
UVLL9,0,494,494,v018
UVLL9,0,494,494,v018
UVLL9,0,79,79,v005
UVLL9,0,494,494,v018
UVLL9,0,144,144,v008
XT9D4,662,803,141,v008
XT9D4,648,787,139,v023
XT9D4,0,91,91,v008
XT9D4,0,91,91,v016
XT9D4,0,768,768,v012
XT9D4,96,288,192,v016
XT9D4,0,621,621,v016
XT9D4,242,386,144,v023
XT9D4,0,751,751,v023
XT9D4,439,607,168,v016
XT9D4,612,734,122,v001
XT9D4,600,734,134,v001
XT9D4,0,124,124,v023
XT9D4,674,803,129,v014
XT9D4,0,734,734,v012
XT9D4,105,273,168,v016
MVPPS,0,139,139,v015
MVPPS,91,240,149,v016
MVPPS,0,362,362,v009
MVPPS,0,81,81,v029
MVPPS,201,475,274,v005
MVPPS,350,477,127,v016
MVPPS,117,477,360,v023
MVPPS,153,477,324,v008
MVPPS,0,357,357,v019
MVPPS,100,235,135,v016
MVPPS,0,278,278,v008
X2JBJ,0,739,739,v031
X2JBJ,144,432,288,v019
X2JBJ,172,573,401,v009
X2JBJ,252,739,487,v019
X2JBJ,0,739,739,v008
ZC59Y,81,817,736,v031
ZC59Y,604,768,164,v018
ZC59Y,732,817,85,v023
ZC59Y,720,817,97,v008
ZC59Y,67,244,177,v012
ZC59Y,0,817,817,v008
ZC59Y,633,817,184,v018
A1IUE,0,468,468,v008
A1IUE,177,424,247,v030
A1IUE,177,424,247,v030
A1IUE,417,739,322,v018
A1IUE,364,506,142,v025
A1IUE,0,739,739,v008
A1IUE,508,657,149,v019
A1IUE,0,561,561,v023
A1IUE,115,549,434,v026
A1IUE,0,420,420,v026
A1IUE,631,739,108,v019
A1IUE,69,254,185,v016
A1IUE,444,739,295,v018
A1IUE,451,739,288,v018
A1IUE,528,676,148,v009
EG0VZ,453,628,175,v023
EG0VZ,391,544,153,v023
EG0VZ,316,448,132,v019
EG0VZ,475,645,170,v008
EG0VZ,424,638,214,v008
EG0VZ,117,441,324,v000
EG0VZ,448,628,180,v022
EG0VZ,547,645,98,v029
EG0VZ,172,441,269,v000
EG0VZ,300,520,220,v018
EG0VZ,0,588,588,v010
EG0VZ,0,278,278,v010
EG0VZ,0,319,319,v021
EG0VZ,408,532,124,v023
8T0DD,0,91,91,v014
8T0DD,0,176,176,v028
8T0DD,129,176,47,v025
52KNA,192,396,204,v030
52KNA,192,408,216,v030
52KNA,117,259,142,v012
52KNA,304,496,192,v026
52KNA,110,424,314,v026
52KNA,0,127,127,v029
52KNA,0,504,504,v008
52KNA,158,417,259,v019
52KNA,379,496,117,v016
52KNA,379,496,117,v025
52KNA,475,828,353,v026
52KNA,93,434,341,v031
BM9NZ,472,604,132,v023
BM9NZ,0,360,360,v021
BM9NZ,578,739,161,v005
BM9NZ,304,470,166,v022
BM9NZ,0,434,434,v010
BM9NZ,285,398,113,v025
BM9NZ,278,393,115,v016
BM9NZ,501,809,308,v008
BM9NZ,578,698,120,v008
BM9NZ,480,580,100,v023
BM9NZ,0,427,427,v008
MZ3I3,794,1021,227,v004
MZ3I3,427,748,321,v024
MZ3I3,213,338,125,v016
MZ3I3,0,309,309,v028
MZ3I3,254,813,559,v008
MZ3I3,206,328,122,v016
MZ3I3,232,420,188,v023
MZ3I3,283,789,506,v014
MZ3I3,708,835,127,v016
MZ3I3,780,1021,241,v008
MZ3I3,160,314,154,v008
MZ3I3,748,885,137,v023
O6DJW,120,261,141,v008
O6DJW,105,242,137,v023
O6DJW,187,293,106,v019
O6DJW,158,290,132,v005
O6DJW,105,244,139,v023
O6DJW,108,273,165,v005
O6DJW,160,290,130,v008
O6DJW,0,192,192,v003
O6DJW,139,293,154,v008
O6DJW,208,293,85,v016
O6DJW,206,293,87,v023
O6DJW,105,261,156,v016
O6DJW,180,293,113,v009
O6DJW,0,230,230,v003
UL5X4,441,752,311,v004
UL5X4,0,477,477,v008
UL5X4,364,487,123,v018
UL5X4,60,182,122,v022
UL5X4,0,434,434,v023
UL5X4,415,752,337,v016
UL5X4,338,504,166,v016
UL5X4,429,752,323,v008
UL5X4,0,96,96,v023
UL5X4,285,427,142,v025
UL5X4,0,168,168,v018
UL5X4,110,379,269,v008
UL5X4,403,544,141,v023
UL5X4,0,484,484,v016
UL5X4,441,752,311,v008
K4Q7F,0,376,376,v008
K4Q7F,122,376,254,v031
K4Q7F,122,376,254,v019
K4Q7F,88,376,288,v029
K4Q7F,0,225,225,v031
K4Q7F,192,343,151,v009
ME4YL,110,268,158,v016
ME4YL,374,571,197,v008
ME4YL,364,494,130,v023
ME4YL,110,268,158,v016
ME4YL,52,196,144,v023
ME4YL,427,552,125,v012
ME4YL,412,564,152,v031
ME4YL,7,136,129,v023
ME4YL,132,266,134,v025
ME4YL,453,571,118,v016
ME4YL,91,244,153,v008
ME4YL,132,266,134,v025
ME4YL,115,252,137,v016
ME4YL,64,268,204,v026
ME4YL,252,408,156,v012
ME4YL,7,261,254,v026
ME4YL,0,220,220,v008
ME4YL,0,237,237,v023
ME4YL,103,333,230,v016
SM41Q,93,457,364,v008
SM41Q,88,312,224,v023
SM41Q,0,153,153,v018
SM41Q,0,151,151,v018
SM41Q,7,122,115,v022
SM41Q,0,122,122,v018
SM41Q,0,120,120,v032
2OJY8,424,742,318,v008
2OJY8,530,700,170,v018
2OJY8,564,727,163,v023
2OJY8,573,722,149,v016
2OJY8,0,144,144,v023
2OJY8,72,376,304,v003
2OJY8,60,480,420,v016
2OJY8,432,585,153,v023
2OJY8,506,742,236,v018
2OJY8,554,688,134,v012
2OJY8,564,742,178,v023
2OJY8,19,278,259,v008
FFYL6,0,151,151,v016
FFYL6,129,330,201,v008
FFYL6,124,261,137,v023
FFYL6,237,330,93,v020
FFYL6,0,108,108,v019
FFYL6,0,148,148,v008
GGN5G,254,724,470,v023
GGN5G,0,216,216,v012
GGN5G,208,410,202,v026
GGN5G,0,230,230,v012
GGN5G,285,537,252,v023
GGN5G,504,724,220,v008
GGN5G,297,727,430,v008
GGN5G,667,727,60,v001
XU2N8,0,758,758,v031
XU2N8,0,758,758,v014
XU2N8,0,758,758,v008
XU2N8,0,758,758,v031
XU2N8,0,758,758,v018
XU2N8,0,758,758,v018
XU2N8,0,758,758,v032
XU2N8,0,758,758,v018
XU2N8,0,758,758,v008
XU2N8,0,758,758,v032
LSMNX,122,326,204,v003
LSMNX,36,403,367,v008
LSMNX,249,427,178,v016
LSMNX,40,208,168,v023
LSMNX,372,807,435,v026
LSMNX,45,225,180,v022
3Q92U,36,271,235,v008
3Q92U,64,249,185,v021
3Q92U,60,271,211,v020
3Q92U,232,492,260,v029
3Q92U,153,276,123,v016
3Q92U,24,139,115,v023
A7KHN,0,443,443,v008
A7KHN,0,432,432,v004
A7KHN,0,443,443,v008
A7KHN,21,443,422,v008
A7KHN,336,443,107,v016
A7KHN,331,443,112,v016
UR55B,451,811,360,v008
UR55B,0,811,811,v032
UR55B,345,628,283,v012
UR55B,0,811,811,v018
UR55B,0,811,811,v018
UR55B,592,712,120,v007
UR55B,528,722,194,v001
UR55B,0,811,811,v032
UR55B,763,811,48,v029
UR55B,763,811,48,v008
8N4O9,328,539,211,v008
8N4O9,271,424,153,v023
8N4O9,33,177,144,v012
8N4O9,468,539,71,v027
8N4O9,151,259,108,v027
8N4O9,43,175,132,v012
8N4O9,33,158,125,v007
8N4O9,252,456,204,v023
8N4O9,24,175,151,v001
8N4O9,326,539,213,v008
8N4O9,76,225,149,v029
8N4O9,273,424,151,v023
72LJ3,0,496,496,v021
72LJ3,0,578,578,v018
72LJ3,0,460,460,v031
72LJ3,465,597,132,v022
72LJ3,172,326,154,v009
72LJ3,0,597,597,v019
72LJ3,0,448,448,v019
72LJ3,357,472,115,v016
72LJ3,0,470,470,v008
72LJ3,350,453,103,v001
72LJ3,362,542,180,v025
72LJ3,0,456,456,v008
12XD3,0,476,476,v008
12XD3,98,285,187,v031
12XD3,0,96,96,v005
12XD3,0,96,96,v005
12XD3,33,189,156,v031
12XD3,0,476,476,v008
12XD3,0,115,115,v008
12XD3,0,115,115,v008
JC3TE,31,386,355,v018
JC3TE,64,232,168,v008
JC3TE,0,744,744,v008
JC3TE,705,942,237,v025
JC3TE,748,871,123,v025
JC3TE,0,849,849,v008
JC3TE,744,840,96,v025
IALUY,228,489,261,v008
IALUY,206,362,156,v023
IALUY,261,472,211,v030
IALUY,372,714,342,v019
IALUY,360,714,354,v031
IALUY,134,316,182,v020
IALUY,427,612,185,v006
SANRG,225,482,257,v016
SANRG,496,764,268,v023
SANRG,355,520,165,v022
SANRG,319,508,189,v025
SANRG,585,764,179,v008
SANRG,501,676,175,v012
SANRG,643,764,121,v019
SANRG,0,492,492,v018
SANRG,348,458,110,v016
SANRG,0,86,86,v023
SANRG,0,434,434,v026
SANRG,636,751,115,v023
SANRG,0,477,477,v008
SANRG,616,764,148,v008
SANRG,328,458,130,v025
SANRG,48,446,398,v026
SANRG,0,439,439,v008
SANRG,328,451,123,v025
MWX5K,237,428,191,v031
MWX5K,216,428,212,v003
MWX5K,216,336,120,v008
MWX5K,144,312,168,v023
MWX5K,201,412,211,v016
MWX5K,0,223,223,v018
MWX5K,103,228,125,v022
QYM5H,396,721,325,v013
QYM5H,50,721,671,v008
QYM5H,0,84,84,v016
QYM5H,158,552,394,v009
QYM5H,0,124,124,v025
QYM5H,60,477,417,v014
QYM5H,0,124,124,v025
QYM5H,144,372,228,v019
QYM5H,0,124,124,v025
QYM5H,0,124,124,v025
R55C1,369,609,240,v014
R55C1,475,609,134,v016
R55C1,0,733,733,v018
R55C1,520,633,113,v008
R55C1,0,733,733,v018
R55C1,326,609,283,v008
R55C1,48,348,300,v020
R55C1,300,494,194,v023
R55C1,516,733,217,v008
R55C1,460,602,142,v016
R55C1,0,733,733,v018
5TKIB,0,508,508,v026
5TKIB,144,268,124,v016
5TKIB,156,511,355,v026
5TKIB,0,252,252,v026
5TKIB,144,273,129,v016
5TKIB,422,549,127,v018
5TKIB,436,568,132,v012
5TKIB,0,499,499,v008
AL1WC,31,477,446,v002
AL1WC,0,117,117,v001
AL1WC,103,489,386,v016
AL1WC,0,722,722,v012
AL1WC,0,91,91,v001
AL1WC,403,571,168,v019
AL1WC,400,592,192,v008
AL1WC,393,532,139,v023
AL1WC,386,499,113,v016
13IS9,432,564,132,v001
13IS9,72,340,268,v003
13IS9,292,532,240,v022
13IS9,0,362,362,v003
13IS9,307,460,153,v018
13IS9,408,559,151,v023
13IS9,391,580,189,v008
13IS9,0,448,448,v018
13IS9,0,340,340,v023
13IS9,448,650,202,v029
FQOGZ,420,568,148,v016
FQOGZ,600,782,182,v005
FQOGZ,146,264,118,v016
FQOGZ,580,782,202,v004
FQOGZ,566,708,142,v023
FQOGZ,554,736,182,v016
FQOGZ,40,247,207,v008
FQOGZ,139,266,127,v016
FQOGZ,0,160,160,v008
FQOGZ,338,588,250,v008
FQOGZ,0,115,115,v008
FQOGZ,492,643,151,v023
FQOGZ,362,506,144,v012
FQOGZ,578,782,204,v008
FQOGZ,242,410,168,v020
B47TS,297,429,132,v022
B47TS,319,524,205,v016
B47TS,0,381,381,v030
B47TS,0,408,408,v018
B47TS,0,408,408,v032
B47TS,400,524,124,v026
B47TS,0,412,412,v018
WC5QK,86,230,144,v016
WC5QK,412,730,318,v018
WC5QK,0,180,180,v028
WC5QK,379,508,129,v018
WC5QK,127,730,603,v023
WC5QK,124,730,606,v016
WC5QK,127,730,603,v023
WC5QK,168,441,273,v008
WC5QK,163,405,242,v016
WC5QK,230,730,500,v008
Y2EID,110,527,417,v008
Y2EID,403,527,124,v006
Y2EID,336,475,139,v020
Y2EID,81,256,175,v007
Y2EID,115,252,137,v001
Y2EID,93,237,144,v029
Y2EID,86,218,132,v012
V6H2O,194,348,154,v004
V6H2O,0,876,876,v008
V6H2O,0,141,141,v001
V6H2O,0,84,84,v012
V6H2O,256,698,442,v014
V6H2O,0,175,175,v007
V6H2O,84,252,168,v017
V6H2O,0,141,141,v029
V6H2O,0,885,885,v008
V6H2O,0,885,885,v008
6U47G,146,472,326,v010
6U47G,127,372,245,v018
6U47G,547,717,170,v005
6U47G,638,796,158,v022
6U47G,583,775,192,v008
6U47G,0,132,132,v016
6U47G,751,832,81,v023
6U47G,163,384,221,v031
6U47G,163,480,317,v018
6U47G,144,290,146,v018
OUPCK,0,493,493,v008
OUPCK,0,192,192,v029
OUPCK,264,493,229,v028
OUPCK,144,288,144,v028
OUPCK,16,493,477,v008
OUPCK,14,493,479,v005
OUPCK,396,493,97,v008
OUPCK,120,446,326,v008
OUPCK,76,493,417,v023
2U3X0,319,628,309,v016
2U3X0,0,141,141,v012
2U3X0,0,124,124,v007
2U3X0,597,699,102,v005
2U3X0,244,386,142,v018
2U3X0,348,624,276,v023
2U3X0,0,415,415,v016
2U3X0,506,616,110,v001
2U3X0,0,86,86,v008
2U3X0,4,132,128,v029
2U3X0,326,448,122,v023
2U3X0,0,422,422,v008
2U3X0,0,160,160,v008
2U3X0,52,168,116,v016
2U3X0,405,600,195,v023
2U3X0,67,168,101,v027
2U3X0,340,624,284,v016
2U3X0,348,477,129,v012
2U3X0,295,699,404,v018
2U3X0,295,436,141,v016
2U3X0,276,699,423,v018
2U3X0,511,648,137,v023
KWHPI,0,108,108,v012
KWHPI,295,569,274,v031
KWHPI,0,151,151,v008
KWHPI,278,569,291,v022
KWHPI,0,98,98,v007
KWHPI,264,396,132,v018
KWHPI,43,144,101,v025
KWHPI,271,569,298,v018
KWHPI,0,134,134,v029
YACA8,230,456,226,v008
YACA8,0,268,268,v008
YACA8,81,283,202,v016
YACA8,0,715,715,v026
YACA8,230,477,247,v025
YACA8,374,631,257,v016
YACA8,24,204,180,v025
YACA8,69,201,132,v023
YACA8,381,573,192,v023
YACA8,331,480,149,v026
ZJ37U,223,720,497,v018
ZJ37U,60,168,108,v027
ZJ37U,0,861,861,v005
ZJ37U,631,763,132,v022
ZJ37U,0,861,861,v008
ZJ37U,223,775,552,v031
ZJ37U,184,314,130,v018
ZJ37U,0,861,861,v008
ZJ37U,688,796,108,v016
ZJ37U,0,292,292,v005
ZJ37U,0,108,108,v029
F7TG5,223,379,156,v008
F7TG5,0,271,271,v009
F7TG5,0,302,302,v019
F7TG5,165,314,149,v025
F7TG5,256,396,140,v025
F7TG5,0,259,259,v028
F7TG5,0,67,67,v006
F7TG5,240,386,146,v016
F7TG5,300,436,136,v018
F7TG5,225,362,137,v023
F7TG5,316,499,183,v018
VS7VS,422,612,190,v025
VS7VS,309,588,279,v019
VS7VS,254,434,180,v008
VS7VS,288,458,170,v016
VS7VS,376,561,185,v009
VS7VS,324,465,141,v025
VS7VS,26,448,422,v026
VS7VS,74,408,334,v023
VS7VS,60,408,348,v023
VS7VS,60,434,374,v008
7835X,110,739,629,v030
7835X,636,739,103,v008
7835X,0,136,136,v025
7835X,52,240,188,v018
7835X,0,136,136,v025
7835X,122,739,617,v026
7835X,0,136,136,v025
7835X,124,739,615,v026
7835X,0,136,136,v016
TM0BV,67,199,132,v008
TM0BV,105,379,274,v016
TM0BV,105,362,257,v028
TM0BV,225,384,159,v023
TM0BV,110,374,264,v008
TM0BV,0,177,177,v017
TM0BV,108,324,216,v028
KGO3W,180,348,168,v027
KGO3W,501,674,173,v016
KGO3W,340,520,180,v023
KGO3W,376,578,202,v023
KGO3W,0,686,686,v008
KGO3W,391,501,110,v008
KGO3W,0,688,688,v008
KGO3W,410,619,209,v004
KGO3W,160,276,116,v012
KGO3W,307,417,110,v001
KGO3W,523,667,144,v016
PAS7F,374,520,146,v018
PAS7F,189,300,111,v001
PAS7F,172,292,120,v012
PAS7F,134,276,142,v023
PAS7F,381,542,161,v018
PAS7F,439,590,151,v022
PAS7F,110,592,482,v008
PAS7F,472,631,159,v016
PAS7F,453,655,202,v025
PAS7F,513,733,220,v008
PAS7F,396,540,144,v018
PAS7F,333,444,111,v023
PAS7F,384,552,168,v018
5SBEY,112,232,120,v025
5SBEY,249,363,114,v008
5SBEY,249,363,114,v018
5SBEY,285,363,78,v004
5SBEY,151,295,144,v029
5SBEY,288,363,75,v018
5SBEY,122,247,125,v016
5SBEY,98,266,168,v016
5SBEY,256,363,107,v018
5SBEY,232,363,131,v023
5SBEY,127,271,144,v016
W8CWW,0,730,730,v018
W8CWW,403,729,326,v012
W8CWW,134,730,596,v032
W8CWW,153,730,577,v014
W8CWW,134,730,596,v031
W8CWW,9,158,149,v029
W8CWW,0,76,76,v007
W8CWW,139,730,591,v018
W8CWW,91,247,156,v018
O7YEF,0,250,250,v018
O7YEF,0,250,250,v023
O7YEF,0,250,250,v018
O7YEF,0,250,250,v005
O7YEF,7,146,139,v019
O7YEF,91,204,113,v019
O7YEF,4,112,108,v009
O7YEF,0,250,250,v031
O7YEF,69,208,139,v008
OOWBP,554,1159,605,v026
OOWBP,213,472,259,v013
OOWBP,108,1101,993,v026
OOWBP,607,1075,468,v030
OOWBP,612,1075,463,v026
OOWBP,607,1075,468,v008
TIPFG,24,396,372,v012
TIPFG,76,324,248,v016
TIPFG,0,422,422,v004
TIPFG,127,324,197,v023
TIPFG,0,422,422,v008
TIPFG,127,412,285,v008
TIPFG,0,422,422,v018
TIPFG,254,422,168,v016
TIPFG,252,391,139,v001
TIPFG,0,288,288,v023
TIPFG,0,422,422,v018
DGHSW,264,465,201,v008
DGHSW,312,451,139,v016
DGHSW,314,470,156,v017
DGHSW,324,446,122,v016
DGHSW,259,427,168,v008
DGHSW,324,439,115,v019
DGHSW,326,453,127,v016
48XER,235,376,141,v001
48XER,0,360,360,v026
48XER,280,760,480,v026
48XER,223,379,156,v022
48XER,230,386,156,v001
48XER,496,727,231,v016
48XER,326,624,298,v008
48XER,295,405,110,v023
48XER,0,60,60,v012
48XER,520,746,226,v016
C6N6Y,0,406,406,v032
C6N6Y,0,406,406,v018
C6N6Y,0,153,153,v005
C6N6Y,0,406,406,v008
C6N6Y,0,406,406,v032
C6N6Y,0,406,406,v031
C6N6Y,0,406,406,v018
RRQEV,362,442,80,v008
RRQEV,0,302,302,v026
RRQEV,360,442,82,v008
RRQEV,295,441,146,v023
RRQEV,0,302,302,v016
RRQEV,112,271,159,v016
RRQEV,112,271,159,v016
RRQEV,319,442,123,v031
RRQEV,0,204,204,v026
RRQEV,0,199,199,v008
RRQEV,100,283,183,v016
RRQEV,0,304,304,v026
RRQEV,319,442,123,v019
RRQEV,0,93,93,v023
RRQEV,204,360,156,v012
C4QKE,0,749,749,v008
C4QKE,0,749,749,v008
C4QKE,199,393,194,v019
C4QKE,204,710,506,v009
C4QKE,38,749,711,v029
C4QKE,0,749,749,v008
5INX3,0,799,799,v018
5INX3,0,782,782,v018
5INX3,616,842,226,v016
5INX3,0,820,820,v031
5INX3,686,885,199,v022
5INX3,780,1073,293,v003
5INX3,667,816,149,v008
5INX3,772,1073,301,v008
5INX3,667,794,127,v023
5INX3,0,746,746,v014
5INX3,794,938,144,v023
JCT0K,0,717,717,v008
JCT0K,62,244,182,v001
JCT0K,2,151,149,v012
JCT0K,0,249,249,v007
JCT0K,388,628,240,v019
JCT0K,2,148,146,v012
JCT0K,60,242,182,v001
VU760,0,746,746,v031
VU760,170,295,125,v016
VU760,216,748,532,v018
VU760,628,777,149,v022
VU760,175,312,137,v018
VU760,168,288,120,v025
LCA0Q,0,784,784,v014
LCA0Q,0,784,784,v031
LCA0Q,0,420,420,v008
LCA0Q,0,784,784,v031
LCA0Q,180,290,110,v016
541JP,180,314,134,v008
541JP,0,230,230,v003
541JP,175,295,120,v023
541JP,232,314,82,v031
541JP,139,314,175,v008
541JP,244,314,70,v029
U7AAB,156,741,585,v026
U7AAB,86,674,588,v016
U7AAB,132,302,170,v016
U7AAB,763,836,73,v019
U7AAB,156,295,139,v023
2UQKZ,134,427,293,v019
2UQKZ,144,547,403,v006
2UQKZ,468,852,384,v003
2UQKZ,468,852,384,v008
2UQKZ,463,592,129,v023
2UQKZ,710,852,142,v021
2UQKZ,127,549,422,v031
2UQKZ,112,559,447,v019
2Z8G8,357,705,348,v026
2Z8G8,148,372,224,v016
2Z8G8,264,388,124,v001
2Z8G8,146,381,235,v007
2Z8G8,141,285,144,v012
2Z8G8,355,681,326,v026
2Z8G8,0,716,716,v016
2Z8G8,0,716,716,v008
2Z8G8,362,681,319,v023
2Z8G8,134,393,259,v016
93B2K,0,739,739,v014
93B2K,0,573,573,v003
93B2K,103,566,463,v026
93B2K,0,739,739,v018
93B2K,0,739,739,v008
93B2K,0,739,739,v031
P6JGZ,81,220,139,v016
P6JGZ,0,105,105,v012
P6JGZ,0,98,98,v007
P6JGZ,0,268,268,v026
P6JGZ,69,223,154,v016
P6JGZ,50,196,146,v022
P6JGZ,146,271,125,v001
P6JGZ,0,81,81,v012
P6JGZ,33,201,168,v008
P6JGZ,36,151,115,v023
P6JGZ,151,276,125,v001
1W6ZK,19,232,213,v029
1W6ZK,0,132,132,v012
1W6ZK,153,561,408,v008
1W6ZK,184,420,236,v028
1W6ZK,482,604,122,v016
1W6ZK,427,636,209,v016
1W6ZK,0,256,256,v012
1W6ZK,0,194,194,v007
1W6ZK,427,636,209,v016
USNON,516,727,211,v001
USNON,523,739,216,v007
USNON,69,218,149,v022
USNON,0,650,650,v009
USNON,0,96,96,v019
FQM2N,0,184,184,v008
FQM2N,38,206,168,v006
FQM2N,122,288,166,v022
FQM2N,52,247,195,v031
FQM2N,0,76,76,v018
FQM2N,0,148,148,v023
FQM2N,0,240,240,v018
FQM2N,208,331,123,v031
FQM2N,396,662,266,v008
FQM2N,436,571,135,v023
MTOFZ,0,588,588,v005
MTOFZ,465,703,238,v004
MTOFZ,0,703,703,v018
MTOFZ,0,511,511,v005
MTOFZ,585,703,118,v016
BDZNW,688,792,104,v001
BDZNW,0,662,662,v030
BDZNW,688,792,104,v029
BDZNW,201,633,432,v030
BDZNW,561,708,147,v019
BDZNW,216,616,400,v030
BDZNW,691,792,101,v007
BDZNW,182,614,432,v030
ECVER,247,736,489,v014
ECVER,189,350,161,v018
ECVER,180,736,556,v018
ECVER,189,736,547,v018
ECVER,285,736,451,v032
EYZXC,487,775,288,v021
EYZXC,566,760,194,v022
EYZXC,580,904,324,v018
EYZXC,153,266,113,v018
EYZXC,213,556,343,v015
EYZXC,160,561,401,v008
EYZXC,189,561,372,v008
EYZXC,160,676,516,v018
EYZXC,496,612,116,v008
EYZXC,492,873,381,v023
EYZXC,436,561,125,v016
EYZXC,194,561,367,v023
EJFUA,0,758,758,v008
EJFUA,0,758,758,v008
EJFUA,0,758,758,v021
EJFUA,314,504,190,v017
XUUP0,0,630,630,v008
XUUP0,0,630,630,v022
XUUP0,0,630,630,v031
XUUP0,0,630,630,v014
XUUP0,0,630,630,v031
I2QTB,261,386,125,v025
I2QTB,40,180,140,v016
I2QTB,0,352,352,v008
I2QTB,249,367,118,v016
I2QTB,48,208,160,v016
I2QTB,309,499,190,v009
I2QTB,537,707,170,v006
I2QTB,36,208,172,v016
W3SC3,192,364,172,v012
W3SC3,2,151,149,v020
W3SC3,338,463,125,v023
W3SC3,367,526,159,v008
W3SC3,343,492,149,v026
W3SC3,79,206,127,v029
W3SC3,55,249,194,v007
W3SC3,55,201,146,v012
W3SC3,105,237,132,v001
BFH78,0,741,741,v018
BFH78,504,741,237,v008
BFH78,571,736,165,v019
BFH78,184,304,120,v023
BFH78,189,571,382,v008
BFH78,0,741,741,v016
BFH78,7,117,110,v016
BFH78,204,362,158,v014
BFH78,444,578,134,v023
BFH78,451,578,127,v008
BFH78,516,741,225,v016
BFH78,532,741,209,v026
BFH78,422,588,166,v008
BFH78,463,573,110,v016
BFH78,0,741,741,v018
BFH78,345,477,132,v012
BFH78,504,741,237,v030
BFH78,448,556,108,v016
BFH78,592,703,111,v009
BFH78,429,537,108,v023
BFH78,0,741,741,v032
BFH78,496,600,104,v023
BFH78,79,285,206,v032
BFH78,0,741,741,v018
SKZUG,254,375,121,v002
SKZUG,0,316,316,v012
SKZUG,108,288,180,v027
SKZUG,187,307,120,v022
SKZUG,235,375,140,v001
SKZUG,0,333,333,v016
SKZUG,96,208,112,v027
SKZUG,213,326,113,v001
SKZUG,0,283,283,v006
OE2M1,285,612,327,v008
OE2M1,410,643,233,v029
OE2M1,328,564,236,v016
OE2M1,309,463,154,v023
OE2M1,309,456,147,v023
OE2M1,309,448,139,v023
OE2M1,297,624,327,v008
OE2M1,297,624,327,v016
OE2M1,331,616,285,v008
OE2M1,319,612,293,v008
NQMMJ,643,810,167,v001
NQMMJ,0,810,810,v022
NQMMJ,681,810,129,v001
NQMMJ,40,144,104,v016
NQMMJ,21,136,115,v008
NQMMJ,259,388,129,v023
NQMMJ,0,732,732,v026
NQMMJ,0,789,789,v026
B6T4P,0,733,733,v008
B6T4P,0,733,733,v005
B6T4P,0,733,733,v008
B6T4P,0,733,733,v018
B6T4P,0,733,733,v023
B6T4P,0,733,733,v008
B6T4P,684,733,49,v014
J2XFQ,448,687,239,v005
J2XFQ,412,540,128,v023
J2XFQ,463,687,224,v005
J2XFQ,384,516,132,v012
J2XFQ,441,687,246,v008
J2XFQ,444,583,139,v001
J2XFQ,0,451,451,v017
J2XFQ,444,687,243,v008
J2XFQ,386,523,137,v012
J2XFQ,444,554,110,v023
3T785,338,487,149,v023
3T785,345,737,392,v031
3T785,0,737,737,v008
3T785,50,192,142,v016
3T785,0,737,737,v013
3T785,74,288,214,v008
3T785,360,487,127,v006
3T785,379,552,173,v008
3T785,139,508,369,v003
3T785,146,364,218,v016
3T785,386,578,192,v016
3T785,55,172,117,v023
9CL96,0,576,576,v012
9CL96,640,754,114,v019
9CL96,588,754,166,v023
9CL96,0,86,86,v031
9CL96,0,754,754,v008
LBJ0W,415,619,204,v031
LBJ0W,213,350,137,v016
LBJ0W,386,528,142,v018
LBJ0W,381,540,159,v018
LBJ0W,0,338,338,v028
LBJ0W,352,513,161,v022
LBJ0W,0,372,372,v018
LBJ0W,429,728,299,v019
LBJ0W,24,336,312,v008
LBJ0W,64,302,238,v028
LBJ0W,381,728,347,v018
LBJ0W,225,338,113,v025
90W31,0,703,703,v002
90W31,0,703,703,v008
U33ZS,0,96,96,v012
U33ZS,0,739,739,v008
U33ZS,62,739,677,v008
U33ZS,340,739,399,v032
U33ZS,14,340,326,v016
U33ZS,69,739,670,v008
U33ZS,55,739,684,v023
U33ZS,0,739,739,v016
U33ZS,268,739,471,v012
U33ZS,36,184,148,v023
U33ZS,76,213,137,v016
U33ZS,0,739,739,v032
U33ZS,182,355,173,v012
U33ZS,12,218,206,v023
U33ZS,0,739,739,v018
U33ZS,0,739,739,v018
KY2KA,88,228,140,v023
KY2KA,372,532,160,v031
KY2KA,9,180,171,v012
KY2KA,280,415,135,v016
KY2KA,271,376,105,v023
KY2KA,165,357,192,v016
KY2KA,424,542,118,v012
KY2KA,9,117,108,v001
KY2KA,62,367,305,v008
KY2KA,0,875,875,v018
KY2KA,516,643,127,v023
KY2KA,292,436,144,v008
6C0BK,0,194,194,v026
6C0BK,122,727,605,v014
6C0BK,165,280,115,v019
6C0BK,7,187,180,v016
6C0BK,115,230,115,v023
6C0BK,120,727,607,v008
4K0BP,206,424,218,v004
4K0BP,0,132,132,v018
4K0BP,494,700,206,v022
4K0BP,0,698,698,v018
4K0BP,7,700,693,v014
4K0BP,14,734,720,v019
4K0BP,516,738,222,v016
4K0BP,0,734,734,v008
4K0BP,292,724,432,v008
4K0BP,266,412,146,v023
4K0BP,266,417,151,v023
PIJRH,213,734,521,v008
PIJRH,0,309,309,v008
PIJRH,300,734,434,v019
PIJRH,0,734,734,v025
PIJRH,0,132,132,v029
PIJRH,124,312,188,v012
PIJRH,189,734,545,v016
PIJRH,165,304,139,v023
PIJRH,189,326,137,v016
SLHDI,518,626,108,v005
SLHDI,26,151,125,v001
SLHDI,777,927,150,v001
SLHDI,396,927,531,v008
SLHDI,249,520,271,v023
SLHDI,67,297,230,v012
SLHDI,146,892,746,v016
SLHDI,633,765,132,v020
SLHDI,405,844,439,v008
SLHDI,856,927,71,v016
SLHDI,72,192,120,v012
C4MUA,115,723,608,v008
C4MUA,38,723,685,v008
C4MUA,43,189,146,v004
C4MUA,52,189,137,v029
C4MUA,115,254,139,v023
C4MUA,156,723,567,v021
Z0DO7,0,549,549,v004
Z0DO7,0,595,595,v008
Z0DO7,494,712,218,v008
Z0DO7,494,693,199,v026
Z0DO7,482,712,230,v023
Z0DO7,664,712,48,v021
Z0DO7,460,602,142,v016
Z0DO7,518,712,194,v026
Z0DO7,0,592,592,v008
Z0DO7,482,592,110,v016
Z0DO7,556,712,156,v008
Z0DO7,528,664,136,v023
OEIR9,0,230,230,v026
OEIR9,0,844,844,v008
OEIR9,223,844,621,v032
OEIR9,0,844,844,v005
OEIR9,0,844,844,v008
OEIR9,211,844,633,v008
OEIR9,216,396,180,v023
OEIR9,765,844,79,v016
EXW9K,0,571,571,v032
EXW9K,626,777,151,v002
EXW9K,506,672,166,v022
EXW9K,0,602,602,v018
EXW9K,0,645,645,v018
EXW9K,0,645,645,v032
XRU9O,208,525,317,v005
XRU9O,134,309,175,v008
XRU9O,271,499,228,v005
XRU9O,0,677,677,v008
S4P5J,0,996,996,v008
S4P5J,0,996,996,v008
S4P5J,808,924,116,v019
S4P5J,220,357,137,v016
S4P5J,141,595,454,v016
S4P5J,693,880,187,v016
S4P5J,669,789,120,v023
S4P5J,316,441,125,v008
S4P5J,117,242,125,v012
S4P5J,0,996,996,v008
S4P5J,664,806,142,v001
S4P5J,136,276,140,v016
S4P5J,57,172,115,v029
S4P5J,684,864,180,v026
S4P5J,180,326,146,v012
S4P5J,396,580,184,v023
43CF9,506,780,274,v005
43CF9,0,117,117,v023
43CF9,0,381,381,v021
43CF9,38,585,547,v008
43CF9,0,96,96,v018
43CF9,0,374,374,v008
43CF9,45,785,740,v019
43CF9,0,127,127,v018
43CF9,0,595,595,v008
43CF9,0,785,785,v018
43CF9,153,785,632,v009
43CF9,532,785,253,v005
43CF9,463,578,115,v016
43CF9,686,785,99,v022
43CF9,470,607,137,v023
43CF9,446,578,132,v016
XGS3K,33,201,168,v013
XGS3K,302,492,190,v012
XGS3K,0,127,127,v031
XGS3K,31,223,192,v016
XGS3K,0,158,158,v014
XGS3K,52,206,154,v016
XGS3K,283,531,248,v031
XGS3K,72,192,120,v016
XGS3K,199,391,192,v012
3C1ZN,564,739,175,v008
3C1ZN,0,739,739,v021
3C1ZN,0,739,739,v010
3C1ZN,441,739,298,v018
3C1ZN,256,633,377,v000
3C1ZN,0,739,739,v021
3C1ZN,559,660,101,v023
3C1ZN,585,691,106,v016
L2502,345,753,408,v031
L2502,0,340,340,v020
L2502,405,811,406,v028
L2502,705,811,106,v028
L2502,340,746,406,v006
L2502,292,811,519,v019
L2502,0,393,393,v019
L2502,650,811,161,v003
AT9UV,0,669,669,v010
AT9UV,652,841,189,v018
AT9UV,624,841,217,v031
AT9UV,319,652,333,v000
9RRED,612,737,125,v018
9RRED,592,737,145,v018
9RRED,648,737,89,v016
9RRED,0,139,139,v004
9RRED,420,537,117,v016
9RRED,439,607,168,v028
9RRED,590,729,139,v023
9RRED,648,737,89,v018
9RRED,393,508,115,v016
9RRED,0,501,501,v008
9RRED,530,633,103,v023
9RRED,590,715,125,v025
HBWLV,0,669,669,v008
HBWLV,0,756,756,v025
HBWLV,0,729,729,v018
HBWLV,0,688,688,v026
HBWLV,0,98,98,v023
HBWLV,0,693,693,v018
HBWLV,0,667,667,v030
HBWLV,612,759,147,v022
HBWLV,225,343,118,v016
HBWLV,561,669,108,v016
HBWLV,626,748,122,v025
HBWLV,225,343,118,v016
HBWLV,0,674,674,v032
HBWLV,585,748,163,v026
5TYXL,597,735,138,v008
5TYXL,0,184,184,v012
5TYXL,547,686,139,v022
5TYXL,588,735,147,v023
5TYXL,103,609,506,v016
5TYXL,64,609,545,v023
5TYXL,0,662,662,v018
5TYXL,96,213,117,v023
5TYXL,602,735,133,v023
5TYXL,91,616,525,v023
3LN8C,568,843,275,v016
3LN8C,552,765,213,v028
3LN8C,537,732,195,v023
3LN8C,674,787,113,v023
3LN8C,564,756,192,v008
RDVGK,0,370,370,v008
RDVGK,69,370,301,v020
RDVGK,0,370,370,v018
IEQWT,43,350,307,v007
IEQWT,50,213,163,v012
GMLPK,285,844,559,v005
GMLPK,264,537,273,v023
GMLPK,427,1042,615,v008
GMLPK,285,844,559,v005
GMLPK,400,616,216,v008
GMLPK,890,1042,152,v023
GMLPK,0,1042,1042,v022
GMLPK,468,907,439,v008
GMLPK,801,928,127,v016
GMLPK,396,547,151,v023
GMLPK,904,1042,138,v029
L29HE,0,304,304,v018
L29HE,223,393,170,v023
L29HE,0,208,208,v006
L29HE,218,402,184,v022
L29HE,254,402,148,v008
L29HE,0,297,297,v008
IQY10,9,100,91,v019
IQY10,0,100,100,v021
IQY10,0,100,100,v009
IQY10,0,100,100,v008
IQY10,0,100,100,v008
FLDHS,343,604,261,v016
FLDHS,112,355,243,v012
FLDHS,84,199,115,v026
FLDHS,129,307,178,v016
FLDHS,288,544,256,v026
FLDHS,278,542,264,v008
FLDHS,0,177,177,v026
FLDHS,492,667,175,v001
FLDHS,0,172,172,v026
FLDHS,280,528,248,v026
FLDHS,420,590,170,v016
FLDHS,273,429,156,v023
FLDHS,458,699,241,v032
Y1HGC,163,736,573,v018
Y1HGC,40,290,250,v004
Y1HGC,26,736,710,v008
Y1HGC,4,235,231,v029
Y1HGC,124,297,173,v018
Y1HGC,626,736,110,v019
Y1HGC,0,736,736,v008
QWKVM,247,458,211,v001
QWKVM,295,436,141,v018
QWKVM,100,314,214,v032
QWKVM,0,124,124,v012
QWKVM,28,192,164,v016
QWKVM,33,326,293,v026
QWKVM,40,328,288,v016
QWKVM,40,328,288,v016
QWKVM,81,302,221,v026
QWKVM,88,213,125,v020
QWKVM,403,724,321,v009
QWKVM,0,115,115,v029
QWKVM,48,189,141,v016
QWKVM,321,740,419,v018
QWKVM,264,458,194,v007
QWKVM,451,722,271,v019
QWKVM,326,432,106,v018
3NKHT,0,772,772,v008
3NKHT,14,252,238,v016
3NKHT,0,715,715,v016
3NKHT,0,772,772,v014
3NKHT,225,352,127,v012
3NKHT,26,268,242,v023
3NKHT,273,460,187,v023
3NKHT,218,345,127,v012
3NKHT,0,74,74,v031
YE6UZ,43,638,595,v016
YE6UZ,374,826,452,v008
YE6UZ,0,184,184,v016
YE6UZ,2,237,235,v019
YE6UZ,0,115,115,v023
YE6UZ,9,151,142,v008
YE6UZ,360,552,192,v023
YE6UZ,196,345,149,v012
YE6UZ,4,237,233,v026
G30NS,19,172,153,v016
G30NS,410,899,489,v023
G30NS,208,345,137,v016
G30NS,266,835,569,v022
G30NS,0,136,136,v025
G30NS,122,273,151,v026
G30NS,388,899,511,v012
G30NS,393,899,506,v008
G30NS,729,876,147,v001
G30NS,544,691,147,v023
G30NS,199,484,285,v026
G30NS,9,182,173,v016
G30NS,568,741,173,v016
G30NS,168,336,168,v023
G30NS,168,336,168,v023
G30NS,0,151,151,v026
G30NS,60,254,194,v016
G30NS,9,182,173,v026
G30NS,568,741,173,v026
G30NS,220,475,255,v008
QXGK5,45,194,149,v012
QXGK5,424,698,274,v008
QXGK5,441,698,257,v014
QXGK5,648,698,50,v024
QXGK5,628,698,70,v029
QXGK5,405,585,180,v023
4SBL5,0,561,561,v026
4SBL5,669,784,115,v010
4SBL5,600,734,134,v018
4SBL5,583,710,127,v016
4SBL5,619,784,165,v018
4SBL5,532,679,147,v016
4SBL5,0,672,672,v008
4SBL5,0,739,739,v008
4SBL5,0,636,636,v026
V3SOF,780,933,153,v001
V3SOF,480,676,196,v012
V3SOF,9,153,144,v023
V3SOF,96,216,120,v001
V3SOF,240,408,168,v001
V3SOF,69,208,139,v012
V3SOF,139,331,192,v023
V3SOF,43,204,161,v016
V3SOF,9,196,187,v016
V3SOF,139,367,228,v016
V3SOF,492,676,184,v012
V3SOF,16,204,188,v008
V3SOF,117,314,197,v008
BIJYC,494,846,352,v024
BIJYC,595,846,251,v017
BIJYC,2,163,161,v016
BIJYC,0,170,170,v016
BIJYC,0,170,170,v026
BIJYC,458,573,115,v023
BIJYC,780,846,66,v031
D04GX,0,136,136,v005
D04GX,33,225,192,v008
D04GX,208,315,107,v008
D04GX,129,295,166,v005
D04GX,38,220,182,v001
D04GX,0,96,96,v012
D04GX,52,153,101,v007
D04GX,24,315,291,v008
D04GX,24,127,103,v029
CLB72,621,869,248,v008
CLB72,621,869,248,v021
CLB72,4,175,171,v029
CLB72,631,869,238,v016
CLB72,122,352,230,v008
CLB72,374,568,194,v023
CLB72,0,86,86,v027
CLB72,100,273,173,v023
CLB72,381,535,154,v023
CLB72,643,868,225,v016
CLB72,494,722,228,v001
CLB72,247,429,182,v012
D4D2T,0,569,569,v008
D4D2T,208,569,361,v005
D4D2T,67,309,242,v012
D4D2T,333,569,236,v005
D4D2T,340,499,159,v026
D4D2T,0,156,156,v016
D4D2T,0,569,569,v008
D4D2T,225,362,137,v023
D4D2T,69,403,334,v008
D4D2T,228,569,341,v016
D4D2T,268,400,132,v016
D4D2T,72,187,115,v023
D4D2T,266,569,303,v008
BPT87,326,746,420,v016
BPT87,326,465,139,v023
BPT87,321,751,430,v016
BPT87,316,472,156,v023
BPT87,328,511,183,v008
BPT87,585,751,166,v022
BPT87,192,480,288,v019
BPT87,172,367,195,v009
BPT87,302,700,398,v008
BPT87,0,208,208,v017
BPT87,283,708,425,v008
BVRAS,158,419,261,v008
BVRAS,0,271,271,v008
BVRAS,124,273,149,v016
BVRAS,0,240,240,v026
BVRAS,184,419,235,v005
BVRAS,0,419,419,v022
BVRAS,177,419,242,v008
OTL44,0,148,148,v008
OTL44,0,132,132,v008
OTL44,132,198,66,v022
OTL44,0,103,103,v029
LIXE6,0,496,496,v008
LIXE6,384,516,132,v023
LIXE6,561,802,241,v029
LIXE6,417,802,385,v008
LIXE6,40,328,288,v013
LIXE6,372,508,136,v023
LIXE6,0,456,456,v014
GKBSR,182,547,365,v008
GKBSR,235,806,571,v024
GKBSR,148,398,250,v029
GKBSR,206,806,600,v019
GKBSR,0,64,64,v012
GKBSR,0,806,806,v009
GKBSR,0,64,64,v007
M014B,348,585,237,v002
M014B,0,120,120,v023
M014B,0,724,724,v008
M014B,21,160,139,v023
M014B,38,480,442,v008
M014B,381,499,118,v016
M014B,0,571,571,v008
M014B,136,360,224,v004
M014B,679,724,45,v008
M014B,679,724,45,v016
M014B,679,724,45,v008
FXZI5,19,160,141,v008
FXZI5,76,300,224,v016
FXZI5,72,297,225,v003
FXZI5,0,777,777,v010
FXZI5,0,148,148,v008
FXZI5,0,631,631,v009
FXZI5,127,309,182,v019
FXZI5,0,110,110,v023
T3R3K,0,506,506,v008
T3R3K,0,506,506,v018
T3R3K,81,451,370,v026
T3R3K,285,441,156,v008
T3R3K,0,506,506,v018
T3R3K,79,273,194,v008
T3R3K,43,168,125,v023
T3R3K,105,273,168,v016
T3R3K,204,403,199,v016
T3R3K,50,208,158,v023
T3R3K,177,307,130,v023
T3R3K,0,506,506,v026
T3R3K,0,506,506,v008
T3R3K,0,67,67,v018
T3R3K,88,448,360,v026
T3R3K,88,448,360,v026
P5YNX,0,336,336,v008
P5YNX,264,710,446,v008
P5YNX,343,710,367,v024
P5YNX,0,314,314,v018
P5YNX,0,283,283,v031
P5YNX,268,710,442,v023
P5YNX,196,710,514,v022
P5YNX,0,304,304,v014
P5YNX,0,314,314,v016
P5YNX,228,328,100,v016
AFCDN,0,324,324,v008
AFCDN,374,707,333,v008
AFCDN,242,388,146,v023
AFCDN,412,554,142,v001
AFCDN,158,307,149,v012
AFCDN,597,707,110,v005
AFCDN,132,328,196,v012
AFCDN,0,172,172,v013
AFCDN,103,261,158,v016
AFCDN,266,448,182,v012
3AKML,720,959,239,v023
3AKML,19,753,734,v008
3AKML,43,796,753,v003
3AKML,19,292,273,v023
3AKML,206,806,600,v016
3AKML,0,86,86,v029
3AKML,844,959,115,v008
9BPW6,31,749,718,v008
9BPW6,40,187,147,v023
9BPW6,64,749,685,v018
9BPW6,220,749,529,v018
9BPW6,40,749,709,v023
9BPW6,76,749,673,v016
9BPW6,76,749,673,v008
9BPW6,211,749,538,v018
9BPW6,360,494,134,v019
9BPW6,424,556,132,v019
9BPW6,40,336,296,v016
9BPW6,297,749,452,v021
ZVRBL,55,295,240,v008
ZVRBL,194,398,204,v016
ZVRBL,0,302,302,v023
ZVRBL,271,760,489,v030
ZVRBL,237,408,171,v016
ZVRBL,0,146,146,v026
MEHNH,84,228,144,v012
MEHNH,120,708,588,v028
MEHNH,84,228,144,v012
MEHNH,88,232,144,v007
MEHNH,278,799,521,v003
XVLE2,79,559,480,v008
XVLE2,141,559,418,v024
XVLE2,100,235,135,v020
XVLE2,302,424,122,v006
XVLE2,38,194,156,v023
KOVTR,0,208,208,v010
KOVTR,0,847,847,v021
KOVTR,177,847,670,v023
KOVTR,100,340,240,v000
KOVTR,244,475,231,v022
KOVTR,489,847,358,v005
KOVTR,489,628,139,v008
KOVTR,163,436,273,v016
KOVTR,681,840,159,v005
KOVTR,0,192,192,v010
KOVTR,312,472,160,v003
KOVTR,69,237,168,v000
KOVTR,499,624,125,v023
KOVTR,134,391,257,v018
KOVTR,163,847,684,v008
4GHHK,96,540,444,v008
4GHHK,444,568,124,v016
4GHHK,276,772,496,v011
4GHHK,0,244,244,v022
4GHHK,144,429,285,v016
4GHHK,144,360,216,v008
4GHHK,256,468,212,v012
4GHHK,124,223,99,v001
4GHHK,369,468,99,v019
4GHHK,336,441,105,v008
4GHHK,55,160,105,v023
4GHHK,100,216,116,v023
4GHHK,4,124,120,v012
2NXFV,48,213,165,v008
2NXFV,0,733,733,v008
2NXFV,0,733,733,v010
2NXFV,0,81,81,v018
2NXFV,0,733,733,v008
2NXFV,57,213,156,v023
2NXFV,0,733,733,v021
2NXFV,112,733,621,v005
2NXFV,0,144,144,v012
2NXFV,96,297,201,v009
2NXFV,110,216,106,v016
2NXFV,645,733,88,v022
2NXFV,0,733,733,v018
2NXFV,0,733,733,v018
2NXFV,0,132,132,v019
2NXFV,127,278,151,v019
EFADI,146,475,329,v008
EFADI,100,216,116,v016
EFADI,0,196,196,v028
EFADI,124,264,140,v005
EFADI,96,211,115,v025
EFADI,48,216,168,v008
EFADI,273,393,120,v016
EFADI,134,475,341,v008
E6RD3,496,654,158,v008
E6RD3,0,182,182,v009
E6RD3,333,528,195,v022
E6RD3,475,624,149,v023
E6RD3,554,654,100,v029
E6RD3,0,484,484,v018
E6RD3,487,654,167,v016
E6RD3,139,420,281,v006
E6RD3,549,654,105,v012
E6RD3,0,654,654,v019
E6RD3,0,468,468,v018
E6RD3,530,654,124,v012
YIIFF,136,367,231,v023
YIIFF,0,228,228,v026
YIIFF,458,725,267,v003
YIIFF,328,725,397,v008
YIIFF,163,360,197,v031
YIIFF,328,451,123,v023
YIIFF,0,261,261,v026
PZNVV,268,446,178,v016
PZNVV,0,444,444,v026
PZNVV,309,487,178,v023
PZNVV,0,612,612,v032
PZNVV,314,472,158,v008
PZNVV,432,588,156,v016
KZR42,141,319,178,v018
KZR42,396,631,235,v008
KZR42,0,278,278,v007
KZR42,388,655,267,v005
KZR42,0,742,742,v029
KZR42,0,196,196,v006
KZR42,163,742,579,v010
KZR42,494,652,158,v005
KZR42,218,742,524,v023
KZR42,201,400,199,v023
KZR42,0,206,206,v006
KZR42,237,742,505,v008
KZR42,120,742,622,v018
2KGV3,0,240,240,v008
2KGV3,62,314,252,v005
2KGV3,0,739,739,v008
2KGV3,0,739,739,v031
2KGV3,74,206,132,v005
2KGV3,136,295,159,v016
2KGV3,348,540,192,v001
2KGV3,436,573,137,v016
2KGV3,465,609,144,v016
2KGV3,0,568,568,v008
2KGV3,62,288,226,v023
2KGV3,0,568,568,v032
2KGV3,62,288,226,v008
2KGV3,0,739,739,v018
2KGV3,487,614,127,v016
2KGV3,0,739,739,v018
2KGV3,189,300,111,v016
2KGV3,62,172,110,v023
9FVR3,0,650,650,v008
9FVR3,0,650,650,v031
9FVR3,0,650,650,v014
9FVR3,0,650,650,v018
9FVR3,0,650,650,v021
9FVR3,0,650,650,v005
9FVR3,0,650,650,v032
9FVR3,146,650,504,v008
9FVR3,520,650,130,v016
9FVR3,146,276,130,v023
9FVR3,0,650,650,v018
9FVR3,156,650,494,v005
9FVR3,160,650,490,v008
FTH7M,21,744,723,v031
FTH7M,67,744,677,v006
FTH7M,316,744,428,v028
FTH7M,573,744,171,v008
FTH7M,304,669,365,v023
FTH7M,100,352,252,v023
FTH7M,96,398,302,v008
J95U1,247,679,432,v014
J95U1,0,679,679,v018
J95U1,736,893,157,v031
J95U1,547,684,137,v022
J95U1,242,893,651,v016
J95U1,247,667,420,v008
J95U1,0,669,669,v018
J95U1,573,893,320,v023
J95U1,432,540,108,v019
J95U1,458,559,101,v009
40IEF,0,721,721,v008
40IEF,0,721,721,v014
40IEF,88,297,209,v009
40IEF,0,721,721,v018
40IEF,16,628,612,v019
40IEF,0,721,721,v010
FK143,0,268,268,v012
FK143,484,662,178,v015
FK143,748,876,128,v005
FK143,360,470,110,v023
FK143,52,158,106,v007
FK143,770,876,106,v004
FK143,105,228,123,v012
FK143,336,816,480,v008
FK143,480,672,192,v008
U08M9,0,141,141,v001
U08M9,28,722,694,v024
U08M9,0,156,156,v007
U08M9,0,770,770,v008
U08M9,0,156,156,v001
U08M9,40,748,708,v023
CSPSU,381,544,163,v001
CSPSU,180,300,120,v012
CSPSU,86,216,130,v029
CSPSU,19,182,163,v004
CSPSU,163,328,165,v016
CSPSU,0,307,307,v023
CSPSU,216,465,249,v023
CSPSU,247,410,163,v008
CSPSU,0,266,266,v008
CSPSU,244,436,192,v026
CSPSU,0,220,220,v008
CSPSU,254,386,132,v023
CSPSU,249,444,195,v016
CSPSU,292,432,140,v016
CSPSU,0,300,300,v008
CSPSU,216,463,247,v026
CSPSU,0,609,609,v008
5DFKT,14,743,729,v004
5DFKT,0,110,110,v008
5DFKT,0,743,743,v008
5DFKT,0,743,743,v008
5DFKT,0,743,743,v008
5DFKT,0,743,743,v023
5DFKT,0,743,743,v016
5DFKT,0,88,88,v029
5DFKT,628,743,115,v016
N86ED,0,230,230,v008
N86ED,40,276,236,v005
N86ED,230,636,406,v008
N86ED,508,693,185,v016
N86ED,307,544,237,v023
N86ED,0,237,237,v023
N86ED,0,204,204,v005
N86ED,463,619,156,v016
N86ED,204,345,141,v012
N86ED,108,247,139,v016
N86ED,0,124,124,v023
N86ED,151,302,151,v023
N86ED,115,247,132,v016
N86ED,0,242,242,v008
N86ED,436,578,142,v001
RPY8D,0,448,448,v008
RPY8D,405,736,331,v021
RPY8D,187,345,158,v023
RPY8D,0,350,350,v018
RPY8D,0,357,357,v019
RPY8D,0,261,261,v006
RPY8D,268,736,468,v010
RPY8D,0,364,364,v018
RPY8D,302,412,110,v008
RPY8D,0,422,422,v031
7JHW2,0,168,168,v008
7JHW2,74,199,125,v016
7JHW2,72,199,127,v016
7JHW2,0,168,168,v017
7JHW2,0,79,79,v029
RCW5X,0,738,738,v008
RCW5X,0,554,554,v031
R5B50,0,338,338,v006
R5B50,0,343,343,v008
R5B50,290,475,185,v023
R5B50,0,355,355,v016
R5B50,0,360,360,v008
R5B50,0,573,573,v018
R5B50,0,391,391,v012
R5B50,0,573,573,v016
R5B50,295,573,278,v008
R5B50,336,573,237,v003
LYY21,398,795,397,v008
LYY21,0,465,465,v002
LYY21,357,501,144,v023
LYY21,388,795,407,v008
LYY21,350,795,445,v023
4KYZH,225,355,130,v005
4KYZH,0,100,100,v012
4KYZH,225,386,161,v001
4KYZH,379,879,500,v002
4KYZH,84,276,192,v008
4KYZH,57,285,228,v023
4KYZH,184,316,132,v016
YXC7P,0,240,240,v031
YXC7P,0,240,240,v018
YXC7P,38,240,202,v032
YXC7P,0,129,129,v016
YXC7P,40,206,166,v012
MS4GA,0,184,184,v008
MS4GA,67,218,151,v016
MS4GA,31,240,209,v007
MS4GA,129,276,147,v001
MS4GA,31,165,134,v012
MS4GA,24,237,213,v029
MS4GA,148,290,142,v019
MS4GA,144,312,168,v001
MS4GA,45,216,171,v012
QQMY8,160,320,160,v004
QQMY8,235,320,85,v027
QQMY8,19,129,110,v027
QQMY8,0,218,218,v028
QQMY8,96,280,184,v008
QQMY8,170,285,115,v016
QQMY8,91,280,189,v016
QQMY8,151,280,129,v023
QQMY8,115,225,110,v029
QQMY8,158,320,162,v023
B4TWR,0,742,742,v008
B4TWR,60,742,682,v021
B4TWR,328,742,414,v009
B4TWR,0,386,386,v026
B4TWR,235,386,151,v016
B4TWR,4,352,348,v026
B4TWR,0,398,398,v023
B4TWR,0,367,367,v023
B4TWR,331,742,411,v019
B4TWR,0,742,742,v008
B4TWR,0,742,742,v008
B4TWR,230,410,180,v016
B4TWR,230,391,161,v016
B4TWR,230,391,161,v016
5I5E5,0,666,666,v018
5I5E5,62,201,139,v023
5I5E5,100,242,142,v020
5I5E5,0,666,666,v031
5I5E5,0,666,666,v018
HT9YB,38,1185,1147,v014
HT9YB,0,1250,1250,v018
HT9YB,0,216,216,v009
HT9YB,0,292,292,v019
HT9YB,1128,1250,122,v023
HT9YB,0,1204,1204,v031
HT9YB,0,1250,1250,v008
HT9YB,1152,1250,98,v008
LUQWY,199,492,293,v012
LUQWY,396,672,276,v014
LUQWY,79,192,113,v018
LUQWY,84,787,703,v018
LUQWY,127,787,660,v018
LUQWY,669,820,151,v022
LUQWY,595,794,199,v001
LUQWY,100,820,720,v018
LUQWY,326,674,348,v031
LUQWY,21,158,137,v023
LUQWY,28,820,792,v008
JMPKP,0,235,235,v008
JMPKP,705,830,125,v022
JMPKP,122,235,113,v016
JMPKP,355,792,437,v018
JMPKP,93,240,147,v025
JMPKP,314,492,178,v018
JMPKP,67,211,144,v012
JMPKP,62,180,118,v007
JMPKP,115,256,141,v016
JMPKP,62,211,149,v012
JMPKP,165,348,183,v001
JMPKP,165,348,183,v001
JMPKP,362,540,178,v019
K6KNC,36,157,121,v019
K6KNC,0,157,157,v008
K6KNC,0,157,157,v018
K6KNC,0,157,157,v010
K6KNC,64,157,93,v013
K6KNC,0,67,67,v018
WKVWF,57,230,173,v004
WKVWF,0,100,100,v016
WKVWF,472,699,227,v023
WKVWF,453,568,115,v023
WKVWF,228,376,148,v016
WKVWF,0,103,103,v016
WKVWF,0,103,103,v025
WKVWF,232,381,149,v016
WKVWF,292,699,407,v026
WKVWF,0,345,345,v008
WKVWF,151,264,113,v031
WKVWF,446,699,253,v008
5UNMN,213,339,126,v032
5UNMN,182,309,127,v018
5UNMN,175,312,137,v018
5UNMN,211,339,128,v032
5UNMN,0,218,218,v026
5UNMN,213,339,126,v018
OE2OX,12,285,273,v008
OE2OX,40,276,236,v026
OE2OX,52,369,317,v003
OE2OX,52,204,152,v012
OE2OX,112,312,200,v016
OE2OX,204,369,165,v016
OE2OX,52,237,185,v023
OE2OX,93,333,240,v026
OE2OX,0,91,91,v029
OE2OX,28,357,329,v008
OE2OX,285,432,147,v001
OE2OX,172,420,248,v016
WLV4Q,0,717,717,v008
WLV4Q,0,717,717,v008
WLV4Q,0,717,717,v008
WLV4Q,235,403,168,v019
WLV4Q,206,717,511,v031
WLV4Q,235,360,125,v012
WLV4Q,0,235,235,v016
WLV4Q,254,396,142,v019
LDNE2,0,124,124,v031
LDNE2,0,60,60,v008
LDNE2,196,765,569,v008
LDNE2,552,765,213,v023
LDNE2,602,748,146,v029
LDNE2,0,163,163,v023
LDNE2,228,345,117,v012
GT43R,302,612,310,v023
GT43R,96,537,441,v008
GT43R,103,566,463,v020
GT43R,50,223,173,v027
GT43R,424,566,142,v027
GT43R,352,535,183,v008
GT43R,108,268,160,v029
GT43R,91,530,439,v008
LD6TD,470,616,146,v008
LD6TD,292,439,147,v001
LD6TD,0,225,225,v031
LD6TD,590,727,137,v022
LD6TD,0,336,336,v018
LD6TD,470,850,380,v023
LD6TD,0,850,850,v008
LD6TD,129,247,118,v000
LD6TD,0,698,698,v018
LD6TD,0,850,850,v008
9AC1T,74,292,218,v032
9AC1T,192,415,223,v017
9AC1T,0,115,115,v031
9AC1T,74,292,218,v018
9AC1T,0,415,415,v018
9AC1T,0,415,415,v032
X2IUY,0,429,429,v008
X2IUY,0,429,429,v002
X2IUY,0,429,429,v013
X2IUY,0,429,429,v016
X2IUY,0,429,429,v008
X2IUY,0,429,429,v018
X2IUY,0,429,429,v022
XRG9K,40,225,185,v012
XRG9K,132,276,144,v023
XRG9K,254,456,202,v008
XRG9K,268,415,147,v012
XRG9K,244,384,140,v023
XRG9K,273,456,183,v031
XRG9K,4,153,149,v020
XRG9K,0,456,456,v023
XRG9K,0,456,456,v018
KJRR9,38,170,132,v007
KJRR9,153,268,115,v027
KJRR9,259,598,339,v030
KJRR9,110,280,170,v029
KJRR9,57,220,163,v012
KJRR9,189,598,409,v031
0E6H9,0,511,511,v014
0E6H9,0,735,735,v008
0E6H9,158,304,146,v013
0E6H9,0,735,735,v008
0E6H9,0,735,735,v008
0E6H9,542,708,166,v004
0E6H9,362,496,134,v031
BJ7YW,225,327,102,v030
BJ7YW,0,62,62,v031
BJ7YW,225,327,102,v030
BJ7YW,86,199,113,v026
BJ7YW,201,327,126,v031
BJ7YW,0,156,156,v023
BJ7YW,0,211,211,v016
U9NI5,312,519,207,v005
U9NI5,79,268,189,v004
U9NI5,302,519,217,v031
U9NI5,0,122,122,v005
U9NI5,225,396,171,v017
U9NI5,0,519,519,v008
U9NI5,69,309,240,v008
U9NI5,0,519,519,v008
U9NI5,254,367,113,v029
U9NI5,168,319,151,v016
U9NI5,271,398,127,v027
U9NI5,0,519,519,v008
U9NI5,52,184,132,v023
U9NI5,156,304,148,v016
U9NI5,386,518,132,v019
U9NI5,0,110,110,v023
2KMGY,88,220,132,v012
2KMGY,189,343,154,v004
2KMGY,160,357,197,v008
2KMGY,0,144,144,v000
2KMGY,285,470,185,v008
2KMGY,144,276,132,v023
2KMGY,141,276,135,v023
2KMGY,0,81,81,v018
2KMGY,254,372,118,v016
2KMGY,172,470,298,v028
2KMGY,0,120,120,v022
1P7GJ,494,780,286,v026
1P7GJ,388,580,192,v007
1P7GJ,393,566,173,v012
1P7GJ,439,571,132,v001
1P7GJ,475,780,305,v008
1P7GJ,439,571,132,v001
1P7GJ,684,828,144,v016
1P7GJ,362,535,173,v012
1P7GJ,444,590,146,v023
1P7GJ,516,900,384,v026
U7O1U,26,667,641,v008
U7O1U,156,314,158,v020
U7O1U,148,396,248,v028
U7O1U,422,691,269,v009
U7O1U,0,91,91,v023
U7O1U,290,783,493,v019
U7O1U,0,783,783,v026
U7O1U,259,381,122,v016
U7O1U,259,386,127,v025
44T8B,187,712,525,v019
44T8B,134,712,578,v009
44T8B,0,252,252,v031
44T8B,0,84,84,v030
44T8B,84,252,168,v019
IFRT0,0,496,496,v008
IFRT0,0,448,448,v026
IFRT0,388,735,347,v008
IFRT0,333,506,173,v016
IFRT0,0,492,492,v026
IFRT0,415,735,320,v008
4UXE3,141,667,526,v002
4UXE3,146,367,221,v008
4UXE3,592,753,161,v030
4UXE3,681,790,109,v016
4UXE3,0,132,132,v012
4UXE3,110,225,115,v023
4UXE3,588,698,110,v023
4UXE3,614,746,132,v016
4UXE3,588,715,127,v008
2OREK,276,422,146,v031
2OREK,14,117,103,v008
2OREK,350,501,151,v019
HDCT0,0,742,742,v009
HDCT0,0,742,742,v019
HDCT0,0,742,742,v031
HDCT0,0,742,742,v008
HDCT0,0,742,742,v031
HDCT0,0,742,742,v008
HDCT0,693,742,49,v008
HDCT0,693,742,49,v002
HDCT0,693,742,49,v009
TDGNE,549,670,121,v012
TDGNE,0,609,609,v002
TDGNE,84,206,122,v005
TDGNE,146,300,154,v016
TDGNE,528,667,139,v012
AOAY0,0,283,283,v004
AOAY0,0,527,527,v018
AOAY0,0,165,165,v031
AOAY0,91,300,209,v016
AOAY0,0,192,192,v008
AOAY0,0,300,300,v008
AOAY0,0,527,527,v018
AOAY0,0,527,527,v008
AOAY0,0,527,527,v031
AOAY0,122,225,103,v016
AOAY0,100,237,137,v016
AOAY0,0,300,300,v008
AOAY0,0,527,527,v008
AOAY0,0,527,527,v016
VXJS4,0,726,726,v008
VXJS4,7,726,719,v014
VXJS4,0,170,170,v019
VXJS4,0,88,88,v007
VXJS4,0,96,96,v012
VXJS4,0,81,81,v029
HH1R7,12,158,146,v012
HH1R7,348,628,280,v020
HH1R7,177,520,343,v023
HH1R7,38,189,151,v001
HH1R7,172,528,356,v023
HH1R7,607,712,105,v016
HH1R7,165,542,377,v008
HH1R7,0,712,712,v008
HH1R7,636,712,76,v016
1GII3,172,292,120,v023
1GII3,148,300,152,v012
1GII3,448,600,152,v005
1GII3,55,172,117,v026
1GII3,62,172,110,v030
1GII3,206,350,144,v016
1GII3,180,309,129,v001
1GII3,132,244,112,v007
1GII3,38,158,120,v025
1GII3,45,180,135,v016
1GII3,33,144,111,v023
1GII3,40,160,120,v008
1GII3,168,689,521,v008
1GII3,168,295,127,v023
1GII3,0,93,93,v030
1GII3,350,672,322,v008
1GII3,252,451,199,v012
7E2AJ,266,391,125,v008
7E2AJ,290,391,101,v005
7E2AJ,266,386,120,v023
7E2AJ,189,302,113,v025
7E2AJ,16,139,123,v022
7E2AJ,290,391,101,v005
7E2AJ,0,98,98,v000
7E2AJ,237,364,127,v023
7E2AJ,302,391,89,v008
7E2AJ,189,307,118,v016
7E2AJ,168,297,129,v028
7E2AJ,48,290,242,v028
7E2AJ,0,74,74,v010
7E2AJ,64,261,197,v031
Y8L60,0,115,115,v012
Y8L60,72,203,131,v013
Y8L60,67,203,136,v008
Y8L60,0,156,156,v020
Y8L60,91,203,112,v019
Y8L60,0,203,203,v018
Y8L60,0,67,67,v007
Y8L60,0,98,98,v012
Y8L60,55,203,148,v023
DBHN6,52,300,248,v008
DBHN6,122,309,187,v008
DBHN6,45,300,255,v017
CM6T8,124,290,166,v005
CM6T8,139,290,151,v008
CM6T8,43,201,158,v023
CM6T8,120,283,163,v005
CM6T8,163,290,127,v023
CM6T8,0,88,88,v012
CM6T8,129,290,161,v008
CM6T8,124,237,113,v023
CM6T8,0,91,91,v007
CM6T8,0,76,76,v012
CM6T8,12,124,112,v029
CM6T8,110,290,180,v008
6KG58,103,173,70,v016
6KG58,86,173,87,v016
6KG58,0,96,96,v028
6KG58,88,173,85,v025
6KG58,0,173,173,v031
HG7C2,424,716,292,v008
HG7C2,0,324,324,v028
HG7C2,525,716,191,v019
HG7C2,288,417,129,v016
HG7C2,410,566,156,v023
HG7C2,213,367,154,v008
OB9D0,0,636,636,v003
OB9D0,0,777,777,v018
OB9D0,549,777,228,v008
OB9D0,561,777,216,v014
OB9D0,542,777,235,v023
OB9D0,0,607,607,v023
OB9D0,0,643,643,v003
86E2E,52,196,144,v021
86E2E,0,477,477,v021
86E2E,367,477,110,v005
86E2E,156,477,321,v010
86E2E,86,196,110,v025
86E2E,84,201,117,v016
86E2E,0,211,211,v018
86E2E,187,312,125,v023
86E2E,86,204,118,v025
86E2E,0,477,477,v008
86E2E,33,148,115,v023
86E2E,31,201,170,v008
86E2E,187,314,127,v016
5NV2Z,141,537,396,v008
5NV2Z,316,537,221,v012
5NV2Z,321,537,216,v012
5NV2Z,79,201,122,v020
5NV2Z,122,244,122,v023
5NV2Z,196,408,212,v008
5NV2Z,136,537,401,v023
5NV2Z,376,537,161,v031
MKMFK,134,545,411,v008
MKMFK,9,144,135,v004
MKMFK,0,545,545,v008
MKMFK,112,264,152,v023
2Y8XQ,364,547,183,v004
2Y8XQ,556,735,179,v020
2Y8XQ,0,735,735,v008
2Y8XQ,0,735,735,v008
2Y8XQ,91,331,240,v008
2Y8XQ,108,283,175,v015
2Y8XQ,84,204,120,v023
2Y8XQ,194,336,142,v016
2Y8XQ,0,735,735,v008
9J7EW,254,737,483,v018
9J7EW,436,609,173,v028
9J7EW,0,737,737,v008
9J7EW,0,218,218,v012
9J7EW,204,391,187,v018
9J7EW,93,436,343,v018
9J7EW,266,588,322,v008
9J7EW,424,703,279,v018
9J7EW,554,736,182,v023
9J7EW,26,737,711,v008
NX8X9,470,631,161,v023
NX8X9,0,444,444,v031
NX8X9,492,631,139,v022
NX8X9,410,566,156,v016
NX8X9,0,576,576,v018
NX8X9,496,695,199,v008
NX8X9,0,456,456,v008
NX8X9,0,695,695,v021
NX8X9,331,436,105,v001
BM3UJ,153,415,262,v008
BM3UJ,81,235,154,v012
BM3UJ,340,460,120,v018
BM3UJ,117,249,132,v023
BM3UJ,141,309,168,v001
BM3UJ,105,460,355,v008
BM3UJ,26,223,197,v007
BM3UJ,384,791,407,v014
BM3UJ,307,436,129,v016
BM3UJ,312,436,124,v016
BM3UJ,324,444,120,v016
BM3UJ,93,225,132,v029
BM3UJ,360,791,431,v018
F2T43,0,576,576,v008
F2T43,0,576,576,v019
F2T43,0,592,592,v009
F2T43,460,590,130,v022
F2T43,0,576,576,v014
F2T43,0,592,592,v018
HJ4B1,343,695,352,v008
HJ4B1,484,695,211,v008
HJ4B1,182,319,137,v016
HJ4B1,50,256,206,v000
HJ4B1,355,573,218,v031
HJ4B1,19,208,189,v000
HJ4B1,146,695,549,v018
HJ4B1,0,170,170,v010
HJ4B1,0,127,127,v021
HJ4B1,314,477,163,v023
HJ4B1,175,297,122,v023
HJ4B1,0,170,170,v010
ECFMO,192,703,511,v026
ECFMO,74,372,298,v020
ECFMO,556,703,147,v001
ECFMO,592,703,111,v007
ECFMO,0,703,703,v008
RQRRD,504,708,204,v008
RQRRD,405,535,130,v025
RQRRD,225,1117,892,v003
RQRRD,52,338,286,v016
RQRRD,124,283,159,v023
RQRRD,180,583,403,v028
RQRRD,163,350,187,v008
RQRRD,180,309,129,v001
RQRRD,141,266,125,v012
RQRRD,158,300,142,v023
RQRRD,0,115,115,v029
RQRRD,0,115,115,v017
BDY1V,501,733,232,v008
BDY1V,600,733,133,v021
BDY1V,88,456,368,v028
BDY1V,496,640,144,v023
BDY1V,309,564,255,v026
BDY1V,0,136,136,v016
BDY1V,432,571,139,v025
BDY1V,432,571,139,v016
BDY1V,295,564,269,v008
BDY1V,487,631,144,v023
BDY1V,441,544,103,v025
2AG8W,117,264,147,v028
2AG8W,0,144,144,v029
2AG8W,96,208,112,v025
2AG8W,0,153,153,v028
2AG8W,103,232,129,v016
2AG8W,45,232,187,v008
2AG8W,172,264,92,v017
2AG8W,98,208,110,v025
KERO6,0,963,963,v002
KERO6,259,799,540,v008
KERO6,273,405,132,v016
KERO6,230,410,180,v023
KERO6,280,780,500,v008
5RPZA,0,672,672,v010
5RPZA,0,672,672,v018
5RPZA,0,672,672,v025
5RPZA,0,672,672,v001
5RPZA,12,652,640,v012
5RPZA,0,672,672,v008
5RPZA,0,672,672,v031
5RPZA,0,672,672,v025
5RPZA,0,672,672,v016
3MSZA,544,712,168,v027
3MSZA,583,729,146,v027
3MSZA,0,621,621,v005
3MSZA,0,619,619,v008
3MSZA,88,201,113,v019
QUAFE,333,492,159,v016
QUAFE,16,350,334,v030
QUAFE,271,492,221,v008
QUAFE,338,489,151,v016
QUAFE,276,400,124,v023
QUAFE,9,350,341,v026
QUAFE,0,352,352,v016
QUAFE,278,400,122,v023
QUAFE,328,492,164,v016
QUAFE,98,216,118,v008
QUAFE,196,309,113,v008
QUAFE,0,718,718,v008
QUAFE,0,718,718,v023
0LHWF,0,160,160,v012
0LHWF,0,434,434,v005
0LHWF,0,98,98,v018
0LHWF,0,472,472,v008
0LHWF,0,98,98,v018
0LHWF,331,468,137,v022
0LHWF,2,446,444,v018
0LHWF,9,376,367,v005
0LHWF,0,112,112,v023
0LHWF,2,105,103,v016
0LHWF,64,360,296,v031
0LHWF,50,388,338,v008
0LHWF,336,444,108,v019
0LHWF,350,465,115,v001
0LHWF,0,480,480,v008
0LHWF,307,427,120,v020
0LHWF,0,96,96,v016
0V9WT,0,228,228,v019
0V9WT,240,417,177,v023
0V9WT,340,542,202,v026
0V9WT,264,606,342,v008
3CLVI,580,724,144,v016
3CLVI,537,727,190,v029
3CLVI,391,535,144,v012
3CLVI,57,230,173,v007
3CLVI,444,592,148,v001
3CLVI,436,590,154,v023
3CLVI,580,720,140,v025
3CLVI,403,583,180,v026
3CLVI,453,703,250,v016
3CLVI,453,604,151,v001
3CLVI,76,266,190,v012
3CLVI,412,561,149,v008
3CLVI,451,691,240,v008
3CLVI,588,703,115,v025
3CLVI,595,705,110,v016
3CLVI,595,705,110,v016
3CLVI,417,576,159,v023
3CLVI,79,187,108,v027
3IAPG,369,592,223,v004
3IAPG,52,410,358,v008
3IAPG,88,261,173,v023
3IAPG,69,403,334,v026
3IAPG,91,204,113,v012
3IAPG,0,369,369,v025
3IAPG,0,328,328,v003
3IAPG,355,477,122,v008
3IAPG,588,635,47,v016
3IAPG,588,635,47,v026
3IAPG,585,635,50,v016
3IAPG,580,635,55,v018
3IAPG,578,635,57,v023
O3Y57,256,446,190,v012
O3Y57,55,216,161,v001
O3Y57,568,716,148,v020
O3Y57,31,180,149,v029
O3Y57,429,650,221,v025
O3Y57,148,314,166,v016
O3Y57,297,463,166,v023
O3Y57,340,484,144,v016
O3Y57,0,302,302,v023
O3Y57,0,307,307,v008
O3Y57,24,199,175,v007
O3Y57,312,482,170,v008
RO8Y6,216,336,120,v012
RO8Y6,696,840,144,v012
RO8Y6,0,117,117,v029
RO8Y6,566,715,149,v016
RO8Y6,254,684,430,v008
RO8Y6,33,204,171,v001
RO8Y6,254,369,115,v023
RO8Y6,319,655,336,v014
7KW31,0,81,81,v008
7KW31,38,165,127,v016
7KW31,187,275,88,v028
7KW31,225,275,50,v025
7KW31,0,146,146,v026
7KW31,0,122,122,v031
7KW31,208,275,67,v016
7KW31,103,275,172,v003
7KW31,0,62,62,v023
HMA8E,31,328,297,v001
HMA8E,290,410,120,v008
HMA8E,0,340,340,v010
HMA8E,240,410,170,v018
HMA8E,64,180,116,v000
HMA8E,64,182,118,v000
HMA8E,0,410,410,v031
J7BOV,0,237,237,v008
J7BOV,110,285,175,v016
J7BOV,242,705,463,v004
J7BOV,578,778,200,v016
J7BOV,585,778,193,v016
J7BOV,192,775,583,v008
J7BOV,139,268,129,v016
J7BOV,216,324,108,v008
J7BOV,201,304,103,v023
J7BOV,0,778,778,v022
J7BOV,192,297,105,v023
8D6PU,0,910,910,v008
8D6PU,38,201,163,v008
8D6PU,24,158,134,v029
1F4JZ,48,208,160,v005
1F4JZ,117,650,533,v031
1F4JZ,0,753,753,v008
1F4JZ,0,98,98,v019
1F4JZ,62,196,134,v004
1F4JZ,163,676,513,v019
RGTLB,0,721,721,v031
RGTLB,223,400,177,v019
RGTLB,381,537,156,v009
RGTLB,0,721,721,v018
RGTLB,0,721,721,v032
RGTLB,0,721,721,v018
RGTLB,0,721,721,v014
75F82,144,499,355,v008
75F82,0,225,225,v020
75F82,240,499,259,v005
75F82,0,261,261,v029
0IKE9,0,833,833,v031
0IKE9,0,833,833,v018
0IKE9,336,506,170,v008
0IKE9,376,496,120,v016
0IKE9,355,477,122,v004
0IKE9,326,434,108,v023
H047B,220,739,519,v008
H047B,237,384,147,v012
H047B,0,280,280,v008
H047B,67,218,151,v026
H047B,0,117,117,v023
H047B,213,340,127,v023
H047B,62,232,170,v026
H047B,151,288,137,v016
GN0M8,504,596,92,v029
GN0M8,446,595,149,v023
GN0M8,28,288,260,v030
GN0M8,28,549,521,v031
GN0M8,453,596,143,v008
GN0M8,36,278,242,v023
GN0M8,28,596,568,v008
8HW76,100,283,183,v009
8HW76,0,781,781,v031
8HW76,0,781,781,v008
8HW76,0,781,781,v021
8HW76,0,781,781,v010
8HW76,112,295,183,v009
8HW76,0,781,781,v008
8HW76,0,781,781,v008
8HW76,0,781,781,v031
8HW76,0,781,781,v021
MLHCK,376,523,147,v004
MLHCK,232,747,515,v008
MLHCK,276,747,471,v031
MLHCK,0,189,189,v017
MLHCK,0,747,747,v008
MLHCK,165,288,123,v023
MLHCK,124,242,118,v030
MLHCK,168,747,579,v008
Y7CGN,324,792,468,v008
Y7CGN,499,792,293,v023
Y7CGN,62,396,334,v008
Y7CGN,252,384,132,v016
Y7CGN,511,650,139,v023
Y7CGN,288,746,458,v016
Y7CGN,518,792,274,v026
Y7CGN,0,72,72,v029
KOQGE,501,710,209,v001
KOQGE,211,427,216,v012
KOQGE,304,501,197,v017
KOQGE,0,737,737,v014
KOQGE,0,737,737,v018
KOQGE,295,420,125,v029
KOQGE,0,737,737,v008
MME0V,0,633,633,v006
MME0V,633,680,47,v006
MME0V,624,680,56,v007
50EBU,0,686,686,v005
50EBU,0,808,808,v008
50EBU,0,808,808,v005
50EBU,0,808,808,v031
50EBU,0,808,808,v008
M8OYC,45,292,247,v016
M8OYC,434,650,216,v026
M8OYC,434,597,163,v016
M8OYC,422,540,118,v029
M8OYC,304,792,488,v008
M8OYC,40,276,236,v008
M8OYC,712,812,100,v001
M8OYC,720,812,92,v001
M8OYC,350,792,442,v016
M8OYC,297,518,221,v023
M8OYC,280,782,502,v016
GR4MX,0,735,735,v008
GR4MX,686,735,49,v008
GR4MX,684,735,51,v026
GR4MX,686,735,49,v026
GR4MX,684,735,51,v016
8W829,0,76,76,v008
8W829,50,180,130,v016
8W829,158,384,226,v008
8W829,417,703,286,v029
8W829,0,184,184,v016
8W829,72,189,117,v026
8W829,93,292,199,v023
8W829,122,830,708,v023
31YNM,0,362,362,v006
31YNM,156,328,172,v027
31YNM,280,585,305,v004
31YNM,302,592,290,v008
31YNM,0,730,730,v018
31YNM,612,730,118,v016
31YNM,290,412,122,v023
31YNM,0,730,730,v018
RLQ9K,386,736,350,v005
RLQ9K,192,760,568,v005
RLQ9K,0,153,153,v031
RLQ9K,213,760,547,v008
RLQ9K,304,410,106,v008
RLQ9K,386,484,98,v004
LXLW4,676,878,202,v004
LXLW4,681,878,197,v008
LXLW4,0,878,878,v018
LXLW4,0,878,878,v031
LXLW4,672,878,206,v016
LXLW4,0,878,878,v018
LXLW4,628,878,250,v023
8IDIY,0,136,136,v016
8IDIY,88,218,130,v001
8IDIY,0,129,129,v008
8IDIY,74,213,139,v023
8IDIY,74,239,165,v008
IGF81,600,768,168,v008
IGF81,0,379,379,v026
IGF81,2,297,295,v030
IGF81,2,297,295,v026
IGF81,2,297,295,v030
IGF81,475,768,293,v005
IGF81,415,520,105,v012
IGF81,415,520,105,v012
IGF81,475,590,115,v001
HP3HV,26,372,346,v028
HP3HV,280,412,132,v019
HP3HV,343,446,103,v027
HP3HV,228,345,117,v008
HP3HV,31,316,285,v003
HQ8ZM,0,408,408,v029
HQ8ZM,0,408,408,v008
HQ8ZM,384,504,120,v016
HQ8ZM,384,504,120,v016
HQ8ZM,117,470,353,v014
QBUAT,218,528,310,v008
QBUAT,0,232,232,v028
QBUAT,424,727,303,v003
QBUAT,163,331,168,v012
QBUAT,297,441,144,v007
QBUAT,436,633,197,v023
QBUAT,0,223,223,v008
QBUAT,369,516,147,v025
QBUAT,141,300,159,v012
QBUAT,206,379,173,v023
QBUAT,108,225,117,v016
QBUAT,297,441,144,v001
QBUAT,148,292,144,v007
QBUAT,410,523,113,v016
QBUAT,300,448,148,v001
QBUAT,405,542,137,v023
QBUAT,679,727,48,v008
QBUAT,679,727,48,v026
QBUAT,679,727,48,v025
SR8IK,110,357,247,v004
SR8IK,201,364,163,v032
SR8IK,43,436,393,v000
SR8IK,300,691,391,v032
SR8IK,0,735,735,v008
SR8IK,0,735,735,v004
SR8IK,0,735,735,v018
SR8IK,2,735,733,v018
SR8IK,129,276,147,v023
SR8IK,112,283,171,v023
SR8IK,324,489,165,v016
SR8IK,237,499,262,v016
SR8IK,316,735,419,v031
9EEGQ,338,566,228,v016
9EEGQ,201,588,387,v016
9EEGQ,100,316,216,v001
9EEGQ,7,136,129,v012
9EEGQ,182,343,161,v006
9EEGQ,180,592,412,v008
JOHZ0,220,806,586,v004
JOHZ0,86,230,144,v016
JOHZ0,0,806,806,v008
JOHZ0,0,81,81,v023
JOHZ0,110,223,113,v016
JOHZ0,0,201,201,v008
JOHZ0,105,225,120,v016
JOHZ0,0,136,136,v023
318CP,170,530,360,v005
318CP,472,778,306,v004
318CP,492,778,286,v008
318CP,19,259,240,v012
318CP,208,566,358,v005
318CP,0,778,778,v010
318CP,223,566,343,v008
318CP,458,763,305,v016
318CP,14,729,715,v008
318CP,403,554,151,v016
318CP,88,360,272,v023
318CP,84,336,252,v023
318CP,201,525,324,v008
318CP,427,585,158,v016
318CP,0,160,160,v023
UM5II,0,810,810,v008
UM5II,21,184,163,v020
UM5II,88,336,248,v005
UM5II,271,810,539,v008
UM5II,280,400,120,v016
UM5II,259,424,165,v016
UM5II,259,408,149,v016
UM5II,0,408,408,v008
HS14N,261,391,130,v001
HS14N,64,204,140,v017
HS14N,266,384,118,v001
HS14N,141,338,197,v023
HS14N,108,244,136,v012
HS14N,254,747,493,v008
HS14N,108,398,290,v012
F024X,216,336,120,v016
F024X,0,213,213,v028
F024X,24,288,264,v023
F024X,69,391,322,v028
F024X,182,324,142,v008
F024X,204,336,132,v025
ZFT06,465,731,266,v008
ZFT06,516,720,204,v009
ZFT06,208,386,178,v012
ZFT06,453,616,163,v023
ZFT06,470,660,190,v001
ZFT06,340,580,240,v023
ZFT06,590,731,141,v008
ZFT06,0,731,731,v019
ZFT06,206,355,149,v012
ZFT06,470,660,190,v001
O3HV7,81,439,358,v000
O3HV7,638,831,193,v021
O3HV7,484,655,171,v016
O3HV7,0,194,194,v010
O3HV7,115,336,221,v000
O3HV7,384,585,201,v004
O3HV7,240,384,144,v016
O3HV7,309,484,175,v023
O3HV7,381,688,307,v008
O3HV7,297,831,534,v018
O3HV7,717,831,114,v021
DOLQ1,60,194,134,v012
DOLQ1,132,210,78,v008
MLWB5,621,740,119,v016
MLWB5,451,643,192,v023
MLWB5,273,511,238,v006
MLWB5,465,740,275,v008
MLWB5,463,616,153,v023
MLWB5,415,740,325,v008
MLWB5,122,470,348,v000
MLWB5,0,252,252,v010
MLWB5,177,740,563,v018
47Y1V,40,374,334,v008
47Y1V,43,312,269,v008
47Y1V,33,676,643,v008
47Y1V,93,314,221,v016
47Y1V,379,520,141,v016
8XJP7,213,667,454,v008
8XJP7,314,667,353,v023
8XJP7,48,571,523,v026
8XJP7,273,398,125,v016
8XJP7,441,564,123,v023
UY0SK,348,643,295,v005
UY0SK,350,643,293,v031
UY0SK,225,436,211,v018
UY0SK,319,643,324,v022
UY0SK,307,470,163,v008
UY0SK,213,472,259,v020
UY0SK,549,643,94,v005
UY0SK,91,206,115,v023
UY0SK,273,463,190,v018
UY0SK,312,463,151,v008
UY0SK,261,396,135,v016
UY0SK,74,218,144,v026
UY0SK,316,432,116,v023
UY0SK,316,434,118,v023
UY0SK,316,434,118,v023
UY0SK,316,463,147,v008
AM3U4,84,199,115,v019
AM3U4,28,153,125,v027
DPLMM,254,365,111,v027
DPLMM,170,316,146,v016
DPLMM,0,316,316,v021
DPLMM,98,326,228,v010
DPLMM,0,201,201,v018
DPLMM,220,357,137,v022
DPLMM,199,357,158,v018
DPLMM,196,307,111,v000
DPLMM,252,365,113,v029
DPLMM,0,276,276,v008
DPLMM,96,324,228,v000
DPLMM,180,307,127,v023
5GHV3,285,782,497,v008
5GHV3,300,427,127,v023
5GHV3,9,321,312,v003
5GHV3,0,220,220,v016
5GHV3,324,782,458,v019
5GHV3,295,420,125,v031
5GHV3,319,782,463,v019
5GHV3,0,292,292,v008
5GHV3,285,751,466,v009
5GHV3,4,175,171,v023
M4Z0M,16,201,185,v005
M4Z0M,0,201,201,v008
M4Z0M,0,211,211,v005
M4Z0M,0,213,213,v008
M4Z0M,0,84,84,v029
ZSAQG,302,739,437,v031
ZSAQG,96,300,204,v017
ZSAQG,292,739,447,v006
ZSAQG,0,739,739,v019
ZSAQG,0,739,739,v008
ZSAQG,0,288,288,v008
ZSAQG,165,273,108,v029
HXUI5,700,866,166,v006
HXUI5,0,348,348,v003
HXUI5,816,936,120,v023
HXUI5,321,688,367,v003
HXUI5,844,1142,298,v013
HXUI5,835,1150,315,v008
HXUI5,216,364,148,v008
HXUI5,614,1150,536,v031
HXUI5,285,439,154,v023
ZUU8W,0,864,864,v014
ZUU8W,0,864,864,v018
ZUU8W,0,864,864,v030
ZUU8W,0,864,864,v003
ZUU8W,0,864,864,v008
IKYAW,300,739,439,v006
IKYAW,0,74,74,v019
IKYAW,115,307,192,v001
IKYAW,348,739,391,v006
IKYAW,115,307,192,v001
S407A,0,153,153,v008
S407A,244,398,154,v016
S407A,316,513,197,v015
S407A,0,514,514,v018
S407A,21,362,341,v030
S407A,43,156,113,v016
S407A,194,307,113,v016
S407A,261,367,106,v016
S407A,67,177,110,v023
S407A,33,300,267,v008
S407A,0,513,513,v032
S407A,84,208,124,v030
S407A,314,514,200,v016
S407A,187,304,117,v016
S407A,62,304,242,v008
S407A,0,514,514,v018
XSVLL,220,765,545,v008
XSVLL,211,765,554,v031
XSVLL,0,259,259,v017
XSVLL,163,300,137,v018
XSVLL,223,765,542,v018
XSVLL,223,765,542,v018
XSVLL,31,220,189,v022
XSVLL,648,765,117,v018
XSVLL,691,765,74,v016
XSVLL,112,223,111,v029
0HR01,0,726,726,v008
0HR01,24,328,304,v012
0HR01,21,290,269,v012
0HR01,38,160,122,v007
AVSPS,667,1164,497,v026
AVSPS,0,693,693,v008
AVSPS,0,693,693,v005
AVSPS,592,787,195,v022
AVSPS,0,693,693,v018
AVSPS,679,1164,485,v026
AVSPS,638,782,144,v016
AVSPS,674,816,142,v023
AVSPS,696,823,127,v008
AVSPS,592,787,195,v016
AVSPS,0,693,693,v008
DCV2M,302,626,324,v008
DCV2M,422,590,168,v022
DCV2M,609,755,146,v028
DCV2M,72,326,254,v000
DCV2M,0,300,300,v010
DCV2M,0,369,369,v000
DCV2M,300,633,333,v023
DCV2M,333,626,293,v014
DCV2M,256,607,351,v018
K1QIV,0,736,736,v026
K1QIV,372,736,364,v019
K1QIV,84,696,612,v031
K1QIV,0,736,736,v022
K1QIV,0,228,228,v008
K1QIV,324,446,122,v008
K1QIV,484,736,252,v026
VVQYB,0,941,941,v018
VVQYB,60,180,120,v029
VVQYB,0,156,156,v019
VVQYB,230,372,142,v009
FR5FD,0,127,127,v004
FR5FD,0,484,484,v018
FR5FD,384,511,127,v022
FR5FD,0,532,532,v008
FR5FD,0,532,532,v008
FR5FD,0,468,468,v031
FR5FD,0,484,484,v018
2FG3P,36,321,285,v024
2FG3P,0,395,395,v014
2FG3P,0,395,395,v008
J1KLV,0,700,700,v008
J1KLV,564,700,136,v001
J1KLV,388,633,245,v012
J1KLV,0,700,700,v008
J1KLV,600,700,100,v029
J1KLV,388,496,108,v007
J1KLV,0,700,700,v008
J1KLV,0,482,482,v014
J1KLV,0,700,700,v008
Q3Z4V,403,590,187,v004
Q3Z4V,0,391,391,v028
Q3Z4V,340,516,176,v018
Q3Z4V,9,583,574,v023
Q3Z4V,228,751,523,v008
Q3Z4V,362,465,103,v018
Q3Z4V,523,624,101,v016
Q3Z4V,384,489,105,v023
Q3Z4V,12,115,103,v029
Q3Z4V,396,499,103,v008
6V20P,0,153,153,v016
6V20P,50,207,157,v008
6V20P,55,170,115,v023
6V20P,0,132,132,v026
6V20P,98,207,109,v029
6V20P,0,165,165,v026
LG7WK,0,136,136,v023
LG7WK,0,139,139,v008
LG7WK,0,168,168,v031
LG7WK,0,177,177,v018
LG7WK,0,139,139,v023
LG7WK,0,84,84,v010
1LEE4,206,446,240,v020
1LEE4,304,456,152,v022
1LEE4,0,463,463,v030
1TIAK,204,336,132,v008
1TIAK,235,374,139,v018
1TIAK,74,213,139,v016
1TIAK,554,660,106,v022
1TIAK,302,403,101,v018
1TIAK,199,300,101,v023
1TIAK,273,379,106,v032
1TIAK,160,324,164,v029
JVOM3,0,487,487,v008
JVOM3,0,487,487,v031
JVOM3,273,432,159,v001
JVOM3,405,768,363,v028
JVOM3,602,823,221,v028
JVOM3,400,840,440,v003
JVOM3,364,496,132,v016
JVOM3,228,336,108,v027
JVOM3,112,225,113,v027
JVOM3,350,475,125,v016
JVOM3,736,840,104,v025
3B97C,50,204,154,v008
3B97C,254,427,173,v016
3B97C,273,436,163,v016
3B97C,88,208,120,v017
3B97C,288,448,160,v016
HBL9L,0,331,331,v014
HBL9L,45,211,166,v005
HBL9L,110,244,134,v005
HBL9L,33,206,173,v008
HBL9L,0,331,331,v031
HBL9L,33,201,168,v008
HBL9L,0,331,331,v008
HBL9L,79,201,122,v016
HBL9L,0,141,141,v023
HBL9L,14,163,149,v023
4H64T,516,684,168,v001
4H64T,350,508,158,v012
4H64T,55,316,261,v031
4H64T,770,1032,262,v005
4H64T,592,736,144,v016
4H64T,516,693,177,v008
4H64T,0,1008,1008,v029
4H64T,501,720,219,v023
4H64T,494,720,226,v023
UYZKX,508,645,137,v025
UYZKX,544,732,188,v020
UYZKX,508,660,152,v016
UYZKX,69,242,173,v007
UYZKX,153,297,144,v029
UYZKX,0,648,648,v008
UYZKX,93,244,151,v012
UYZKX,62,175,113,v027
UYZKX,72,244,172,v012
UYZKX,518,655,137,v016
UYZKX,0,645,645,v008
UYZKX,0,732,732,v008
UYZKX,0,732,732,v025
KZS5M,50,204,154,v001
KZS5M,175,357,182,v027
KZS5M,441,861,420,v018
KZS5M,559,823,264,v005
KZS5M,528,861,333,v005
KZS5M,499,861,362,v018
KZS5M,542,664,122,v023
KZS5M,549,861,312,v031
KZS5M,528,667,139,v023
KZS5M,520,861,341,v008
KZS5M,477,602,125,v018
KZS5M,0,206,206,v007
KZS5M,520,684,164,v023
KZS5M,564,763,199,v008
KZS5M,0,189,189,v029
OMFVL,0,324,324,v007
OMFVL,472,741,269,v008
OMFVL,40,211,171,v019
OMFVL,163,333,170,v006
OMFVL,345,696,351,v023
VAV4C,1039,1129,90,v029
VAV4C,223,422,199,v004
VAV4C,331,564,233,v005
VAV4C,156,331,175,v008
VAV4C,331,564,233,v005
VAV4C,0,1129,1129,v008
VAV4C,0,864,864,v008
VAV4C,0,1129,1129,v008
VAV4C,998,1123,125,v022
GI61S,0,555,555,v006
GI61S,0,555,555,v008
GI61S,0,555,555,v008
GI61S,0,555,555,v022
74GN1,489,820,331,v008
74GN1,0,530,530,v002
74GN1,499,840,341,v016
74GN1,616,806,190,v023
74GN1,621,806,185,v016
74GN1,626,866,240,v008
74GN1,626,866,240,v008
74GN1,626,866,240,v023
GHC5X,62,451,389,v001
GHC5X,367,649,282,v008
GHC5X,0,141,141,v008
GHC5X,396,528,132,v022
GHC5X,595,649,54,v029
GHC5X,532,649,117,v023
GHC5X,0,103,103,v004
GHC5X,16,146,130,v016
GHC5X,369,489,120,v023
AWW55,295,800,505,v005
AWW55,264,800,536,v008
AWW55,151,583,432,v004
AWW55,108,631,523,v008
AWW55,172,800,628,v018
AWW55,300,800,500,v005
AWW55,223,800,577,v016
AWW55,0,151,151,v026
AWW55,244,800,556,v016
AWW55,0,96,96,v025
AWW55,0,84,84,v023
AWW55,235,800,565,v008
AWW55,223,372,149,v023
AWW55,216,331,115,v016
AWW55,0,800,800,v018
AWW55,0,768,768,v016
AWW55,192,800,608,v008
AWW55,0,800,800,v018
AWW55,12,136,124,v023
AWW55,240,388,148,v023
DD3Q1,50,439,389,v003
DD3Q1,0,603,603,v018
DD3Q1,60,603,543,v003
DD3Q1,0,603,603,v018
DD3Q1,50,307,257,v008
DD3Q1,0,103,103,v018
DD3Q1,7,187,180,v023
HYOQB,0,127,127,v018
HYOQB,50,182,132,v028
HYOQB,0,120,120,v009
HYOQB,40,187,147,v028
HYOQB,0,127,127,v031
HYOQB,0,207,207,v009
HYOQB,31,141,110,v022
HYOQB,141,207,66,v029
R1KMF,247,444,197,v023
R1KMF,0,444,444,v026
R1KMF,266,559,293,v016
R1KMF,408,549,141,v012
R1KMF,0,352,352,v026
R1KMF,283,677,394,v008
R1KMF,321,511,190,v016
R1KMF,480,650,170,v007
R1KMF,0,468,468,v008
R1KMF,501,602,101,v012
R1KMF,561,664,103,v029
W7CR5,100,268,168,v025
W7CR5,0,741,741,v008
W7CR5,0,741,741,v025
W7CR5,614,741,127,v019
S7JTZ,252,381,129,v031
S7JTZ,72,348,276,v013
S7JTZ,57,348,291,v008
S7JTZ,537,682,145,v018
S7JTZ,472,607,135,v016
S7JTZ,0,98,98,v029
S7JTZ,460,597,137,v009
S7JTZ,16,388,372,v014
S7JTZ,561,672,111,v006
S7JTZ,79,340,261,v019
FQS7O,492,589,97,v023
FQS7O,0,566,566,v018
FQS7O,0,589,589,v018
FQS7O,0,379,379,v032
FQS7O,494,589,95,v022
FQS7O,218,566,348,v026
FQS7O,0,124,124,v008
FQS7O,504,589,85,v008
FQS7O,355,480,125,v016
FQS7O,165,276,111,v001
FQS7O,0,328,328,v032
FQS7O,504,589,85,v026
FQS7O,504,589,85,v023
FQS7O,518,589,71,v008
FQS7O,0,333,333,v031
FQS7O,204,583,379,v026
FQS7O,0,300,300,v008
3G1OQ,0,427,427,v010
3G1OQ,453,660,207,v031
3G1OQ,544,660,116,v006
3G1OQ,0,427,427,v014
3G1OQ,372,506,134,v022
3G1OQ,288,415,127,v016
3G1OQ,0,415,415,v008
NBMH9,88,256,168,v001
NBMH9,151,302,151,v012
NBMH9,427,600,173,v018
NBMH9,513,902,389,v018
NBMH9,60,319,259,v029
SY5QP,0,336,336,v008
SY5QP,424,583,159,v012
SY5QP,556,736,180,v004
SY5QP,0,290,290,v022
SY5QP,482,738,256,v008
SY5QP,508,633,125,v001
SY5QP,259,434,175,v016
SY5QP,480,738,258,v008
SY5QP,506,633,127,v001
SY5QP,417,604,187,v012
SY5QP,268,424,156,v016
SY5QP,472,597,125,v023
SY5QP,0,391,391,v008
6FJBD,415,525,110,v001
6FJBD,367,499,132,v012
6FJBD,115,254,139,v001
6FJBD,225,374,149,v016
6FJBD,0,189,189,v014
6FJBD,232,379,147,v016
6FJBD,340,727,387,v008
6FJBD,504,727,223,v023
6FJBD,0,379,379,v008
6FJBD,0,266,266,v031
6FJBD,513,648,135,v022
6FJBD,0,597,597,v018
6FJBD,614,727,113,v029
6FJBD,0,571,571,v018
WP5RH,489,798,309,v008
WP5RH,163,386,223,v023
WP5RH,0,91,91,v029
WP5RH,0,192,192,v017
TUJF4,283,707,424,v008
TUJF4,108,264,156,v001
TUJF4,0,264,264,v007
TUJF4,57,244,187,v029
TUJF4,357,525,168,v023
TUJF4,21,196,175,v012
HSKVH,96,247,151,v001
HSKVH,0,151,151,v012
HSKVH,0,264,264,v007
HSKVH,40,192,152,v016
HSKVH,19,177,158,v016
HSKVH,220,324,104,v027
HSKVH,0,172,172,v008
HSKVH,0,165,165,v016
HSKVH,19,139,120,v012
HSKVH,50,177,127,v016
HSKVH,110,242,132,v001
X87CU,0,801,801,v008
X87CU,0,801,801,v005
X87CU,0,801,801,v019
X87CU,0,801,801,v008
X87CU,0,801,801,v009
X87CU,0,609,609,v016
X87CU,0,801,801,v008
PDH7G,139,631,492,v031
PDH7G,0,252,252,v008
PDH7G,117,259,142,v016
PDH7G,458,609,151,v006
PDH7G,117,242,125,v016
PDH7G,60,170,110,v029
EDSUD,468,595,127,v016
EDSUD,508,601,93,v008
EDSUD,216,573,357,v028
EDSUD,508,601,93,v023
EDSUD,45,307,262,v028
EDSUD,0,129,129,v029
EDSUD,194,367,173,v007
EDSUD,475,588,113,v025
EDSUD,69,288,219,v008
EDSUD,0,98,98,v012
EDSUD,7,127,120,v001
EDSUD,175,307,132,v016
YWS08,88,224,136,v030
YWS08,50,172,122,v022
YWS08,0,165,165,v025
YWS08,9,127,118,v016
YWS08,0,144,144,v028
NEA53,0,559,559,v008
NEA53,0,460,460,v014
NEA53,0,559,559,v008
NEA53,468,559,91,v029
NEA53,0,489,489,v023
NEA53,0,559,559,v008
NEA53,264,427,163,v019
K9EAZ,134,797,663,v031
K9EAZ,362,772,410,v003
K9EAZ,0,240,240,v017
K9EAZ,132,797,665,v019
K9EAZ,319,561,242,v008
K9EAZ,283,465,182,v023
K9EAZ,12,182,170,v019
K9EAZ,144,369,225,v006
M3OMM,244,499,255,v008
M3OMM,144,324,180,v016
M3OMM,194,362,168,v023
M3OMM,0,201,201,v023
M3OMM,0,201,201,v028
M3OMM,307,499,192,v021
47RAA,427,811,384,v014
47RAA,120,295,175,v015
47RAA,806,1008,202,v026
47RAA,0,112,112,v016
47RAA,628,969,341,v016
47RAA,422,837,415,v008
47RAA,412,801,389,v023
47RAA,760,1008,248,v026
47RAA,856,1008,152,v026
47RAA,134,408,274,v016
47RAA,806,1008,202,v023
47RAA,796,1008,212,v026
47RAA,792,1008,216,v016
CDVXN,0,578,578,v008
CDVXN,0,530,530,v031
CDVXN,472,588,116,v029
CDVXN,0,549,549,v007
YT2C3,314,731,417,v008
YT2C3,355,731,376,v030
YT2C3,16,244,228,v012
YT2C3,156,374,218,v016
YT2C3,470,727,257,v016
YT2C3,350,511,161,v023
YT2C3,300,446,146,v016
YT2C3,160,417,257,v008
YT2C3,156,300,144,v023
YT2C3,33,158,125,v007
YT2C3,36,249,213,v012
K6W5I,81,256,175,v016
K6W5I,74,261,187,v016
K6W5I,79,436,357,v016
K6W5I,103,211,108,v012
K6W5I,0,336,336,v008
K6W5I,0,98,98,v029
K6W5I,115,722,607,v016
K6W5I,367,501,134,v012
K6W5I,367,492,125,v012
K6W5I,403,544,141,v016
K9UXS,0,489,489,v008
K9UXS,0,187,187,v023
K9UXS,141,280,139,v016
K9UXS,0,729,729,v018
K9UXS,0,475,475,v023
K9UXS,422,595,173,v023
K9UXS,528,729,201,v026
K9UXS,0,434,434,v026
1V30R,0,765,765,v018
1V30R,0,765,765,v006
1V30R,0,765,765,v008
1V30R,0,765,765,v031
1XBU2,0,399,399,v008
1XBU2,0,399,399,v014
1XBU2,0,399,399,v005
1XBU2,0,399,399,v005
1XBU2,148,350,202,v009
1XBU2,4,115,111,v023
1XBU2,0,184,184,v008
1XBU2,156,364,208,v019
1XBU2,103,261,158,v004
1XBU2,0,399,399,v018
1XBU2,0,399,399,v031
1XBU2,0,184,184,v008
1XBU2,0,399,399,v018
P0NLV,0,628,628,v018
P0NLV,0,628,628,v032
P0NLV,0,475,475,v012
P0NLV,115,304,189,v008
P0NLV,0,628,628,v032
P0NLV,0,628,628,v018
P0NLV,0,523,523,v031
UD0P0,420,619,199,v013
UD0P0,420,619,199,v008
UD0P0,0,120,120,v016
UD0P0,26,146,120,v004
UD0P0,0,86,86,v013
UD0P0,0,91,91,v015
UD0P0,144,288,144,v015
UD0P0,0,786,786,v018
UD0P0,408,528,120,v023
UD0P0,48,216,168,v008
UD0P0,216,360,144,v008
UD0P0,0,786,786,v015
UD0P0,0,786,786,v018
UD0P0,0,786,786,v008
UD0P0,0,108,108,v016
UD0P0,81,225,144,v016
UD0P0,288,439,151,v023
UD0P0,0,786,786,v018
UD0P0,396,786,390,v014
UD0P0,0,786,786,v018
XNGAV,0,257,257,v008
XNGAV,0,257,257,v014
XNGAV,148,257,109,v013
XNGAV,199,257,58,v020
7B6FP,0,124,124,v008
7B6FP,0,372,372,v031
7B6FP,384,532,148,v012
7B6FP,276,448,172,v022
7B6FP,0,364,364,v018
7B6FP,393,528,135,v007
7B6FP,434,532,98,v029
7B6FP,232,372,140,v001
7B6FP,0,93,93,v012
TCOXG,228,726,498,v004
TCOXG,216,364,148,v023
TCOXG,511,667,156,v018
TCOXG,0,139,139,v018
TCOXG,127,290,163,v016
TCOXG,228,726,498,v008
TCOXG,511,726,215,v018
TCOXG,122,288,166,v016
TCOXG,602,726,124,v031
TCOXG,67,295,228,v008
TCOXG,0,139,139,v018
POACA,12,713,701,v008
POACA,52,187,135,v012
POACA,0,108,108,v023
POACA,604,713,109,v031
POACA,0,713,713,v018
POACA,0,713,713,v031
POACA,664,713,49,v008
26RQN,528,811,283,v030
26RQN,0,441,441,v002
26RQN,547,811,264,v030
26RQN,686,811,125,v016
26RQN,556,811,255,v026
26RQN,564,811,247,v026
FV8CK,0,184,184,v008
FV8CK,60,232,172,v012
FV8CK,96,631,535,v025
FV8CK,81,218,137,v023
FV8CK,60,184,124,v029
FV8CK,115,432,317,v016
FV8CK,350,540,190,v025
FV8CK,0,184,184,v004
8CCEV,38,170,132,v001
8CCEV,100,254,154,v014
8CCEV,0,134,134,v008
8CCEV,151,388,237,v022
8CCEV,153,355,202,v018
8CCEV,108,302,194,v023
8CCEV,384,482,98,v031
8CCEV,172,292,120,v025
8CCEV,0,98,98,v021
8CCEV,122,240,118,v026
8CCEV,400,482,82,v016
8CCEV,132,333,201,v008
8CCEV,141,280,139,v016
8CCEV,146,333,187,v016
0RNG6,146,504,358,v008
0RNG6,108,304,196,v023
0RNG6,218,403,185,v018
0RNG6,314,504,190,v030
0RNG6,40,163,123,v029
0RNG6,199,309,110,v031
0RNG6,244,415,171,v018
0RNG6,50,504,454,v008
RSFGZ,237,415,178,v008
RSFGZ,0,415,415,v022
RSFGZ,192,304,112,v025
RSFGZ,184,295,111,v025
RSFGZ,232,350,118,v023
RSFGZ,38,244,206,v028
K0FAG,2,714,712,v008
K0FAG,0,714,714,v008
K0FAG,264,506,242,v009
K0FAG,2,714,712,v008
K0FAG,264,506,242,v019
K0FAG,0,714,714,v023
K0FAG,9,714,705,v008
K0FAG,2,129,127,v023
K0FAG,0,129,129,v023
ZF7YA,237,894,657,v006
ZF7YA,122,280,158,v018
ZF7YA,127,280,153,v018
ZF7YA,0,156,156,v017
ZF7YA,300,432,132,v007
CR2IM,494,614,120,v008
CR2IM,516,708,192,v021
CR2IM,477,715,238,v018
CR2IM,456,619,163,v018
CR2IM,609,741,132,v022
CR2IM,496,614,118,v023
CR2IM,496,614,118,v023
CR2IM,496,614,118,v023
CR2IM,348,547,199,v016
CR2IM,475,592,117,v018
CR2IM,501,747,246,v008
CR2IM,206,338,132,v029
CR2IM,535,652,117,v016
CR2IM,508,640,132,v003
CR2IM,417,552,135,v008
DHDCF,50,211,161,v004
DHDCF,115,254,139,v027
DHDCF,21,223,202,v019
DHDCF,0,247,247,v008
DHDCF,0,129,129,v029
8KRLV,88,221,133,v028
8KRLV,55,221,166,v008
8KRLV,0,103,103,v016
8KRLV,0,96,96,v008
76TOK,0,787,787,v031
76TOK,223,787,564,v004
76TOK,0,787,787,v018
76TOK,192,787,595,v008
76TOK,0,787,787,v032
76TOK,0,787,787,v008
76TOK,196,319,123,v023
76TOK,0,787,787,v014
MRZ44,194,393,199,v005
MRZ44,0,393,393,v031
MRZ44,0,393,393,v008
MRZ44,0,393,393,v008
MRZ44,230,367,137,v005
MYBRN,290,504,214,v001
MYBRN,283,504,221,v001
MYBRN,139,470,331,v008
MYBRN,36,213,177,v020
MYBRN,319,535,216,v026
MYBRN,321,535,214,v026
MYBRN,187,535,348,v023
MYBRN,204,396,192,v012
32K2C,0,787,787,v008
32K2C,0,787,787,v018
32K2C,0,787,787,v031
32K2C,285,492,207,v006
32K2C,0,787,787,v014
32K2C,0,787,787,v010
32K2C,0,787,787,v031
H5CJD,463,616,153,v001
H5CJD,24,446,422,v002
H5CJD,388,634,246,v020
H5CJD,350,499,149,v012
H5CJD,477,614,137,v001
I52A6,0,84,84,v004
I52A6,0,532,532,v008
I52A6,417,528,111,v016
I52A6,727,859,132,v012
I52A6,103,228,125,v029
I52A6,237,374,137,v029
I52A6,475,600,125,v029
01THT,55,736,681,v008
01THT,163,336,173,v016
01THT,0,736,736,v018
01THT,12,151,139,v023
01THT,194,307,113,v016
3JXKZ,26,778,752,v008
3JXKZ,26,778,752,v014
3JXKZ,0,141,141,v023
3JXKZ,0,91,91,v012
3JXKZ,120,778,658,v009
3JXKZ,0,778,778,v018
3JXKZ,120,778,658,v019
3JXKZ,710,778,68,v016
4683D,288,736,448,v014
4683D,208,357,149,v018
4683D,199,352,153,v018
4683D,283,391,108,v029
4683D,0,74,74,v018
4683D,168,290,122,v020
4683D,0,67,67,v008
4683D,165,280,115,v008
4683D,81,235,154,v008
4683D,508,636,128,v019
35ZZP,441,875,434,v011
35ZZP,0,91,91,v012
35ZZP,180,324,144,v012
35ZZP,170,875,705,v002
35ZZP,84,218,134,v001
35ZZP,153,875,722,v032
35ZZP,160,297,137,v016
35ZZP,0,100,100,v012
35ZZP,148,297,149,v016
35ZZP,228,463,235,v015
35ZZP,16,184,168,v023
35ZZP,0,184,184,v023
35ZZP,48,292,244,v008
35ZZP,48,292,244,v008
35ZZP,127,288,161,v016
35ZZP,9,213,204,v001
EW8GX,194,706,512,v008
EW8GX,0,170,170,v016
EW8GX,139,266,127,v001
EW8GX,170,352,182,v016
EW8GX,208,316,108,v019
EW8GX,0,170,170,v008
EW8GX,208,372,164,v023
EW8GX,369,496,127,v029
EW8GX,206,706,500,v023
EW8GX,72,290,218,v008
EW8GX,372,664,292,v029
EW8GX,636,706,70,v016
EW8GX,96,237,141,v012
D0Y4L,0,141,141,v001
D0Y4L,652,722,70,v031
D0Y4L,583,691,108,v029
D0Y4L,619,722,103,v023
XHN6Y,475,624,149,v008
XHN6Y,456,624,168,v016
XHN6Y,0,232,232,v002
XHN6Y,124,328,204,v012
XHN6Y,465,624,159,v008
XHN6Y,384,566,182,v023
XHN6Y,196,328,132,v001
XHN6Y,475,624,149,v023
XHN6Y,182,398,216,v023
XHN6Y,237,624,387,v008
XHN6Y,156,261,105,v012
XHN6Y,456,624,168,v023
APLZS,0,528,528,v008
APLZS,0,695,695,v018
APLZS,424,626,202,v012
APLZS,408,540,132,v016
APLZS,0,532,532,v008
APLZS,417,540,123,v016
APLZS,583,695,112,v001
APLZS,436,542,106,v016
APLZS,0,695,695,v018
APLZS,0,110,110,v004
APLZS,36,187,151,v004
APLZS,129,273,144,v004
O1PD3,225,606,381,v003
O1PD3,31,151,120,v023
O1PD3,170,520,350,v031
O1PD3,40,396,356,v008
YUTDC,139,722,583,v008
YUTDC,151,350,199,v015
YUTDC,331,722,391,v004
YUTDC,60,722,662,v016
YUTDC,50,722,672,v008
YUTDC,93,192,99,v023
YUTDC,100,199,99,v023
YUTDC,261,362,101,v016
FQGW4,0,96,96,v029
FQGW4,76,192,116,v028
FQGW4,410,552,142,v031
FQGW4,360,494,134,v020
FQGW4,477,603,126,v018
FQGW4,33,201,168,v016
FQGW4,33,201,168,v025
FQGW4,463,603,140,v018
FQGW4,470,603,133,v031
FQGW4,427,537,110,v023
FQGW4,124,237,113,v016
FQGW4,254,429,175,v015
FQGW4,129,244,115,v016
FQGW4,528,603,75,v004
FQGW4,0,516,516,v008
VXEXI,0,743,743,v008
VXEXI,360,571,211,v020
VXEXI,0,743,743,v022
VXEXI,0,446,446,v031
VXEXI,0,422,422,v008
VXEXI,427,743,316,v019
VXEXI,0,743,743,v018
VXEXI,0,743,743,v009
VXEXI,0,743,743,v032
VXEXI,352,496,144,v001
VXEXI,0,743,743,v018
VXEXI,0,743,743,v018
VXEXI,62,240,178,v023
VXEXI,0,743,743,v008
VXEXI,285,429,144,v016
VXEXI,0,743,743,v008
GAOV2,216,381,165,v012
GAOV2,288,516,228,v016
GAOV2,0,170,170,v014
GAOV2,460,574,114,v008
GAOV2,285,525,240,v008
GAOV2,0,309,309,v008
GAOV2,55,220,165,v020
GAOV2,0,574,574,v032
132HR,2,129,127,v008
132HR,2,129,127,v008
132HR,2,129,127,v017
132HR,12,129,117,v019
132HR,2,129,127,v008
132HR,0,129,129,v008
132HR,0,129,129,v023
132HR,0,110,110,v029
132HR,0,129,129,v008
ZZ4GP,266,758,492,v008
ZZ4GP,0,285,285,v002
ZZ4GP,240,758,518,v026
HNPX7,0,487,487,v008
HNPX7,0,141,141,v012
HNPX7,604,719,115,v016
HNPX7,307,712,405,v020
HNPX7,0,719,719,v018
9HG4Z,0,184,184,v001
9HG4Z,199,411,212,v016
9HG4Z,254,411,157,v016
9HG4Z,0,411,411,v022
9HG4Z,350,411,61,v016
9HG4Z,0,76,76,v001
9HG4Z,213,411,198,v008
9HG4Z,213,411,198,v016
9HG4Z,36,172,136,v007
9HG4Z,148,319,171,v023
TIWRY,436,636,200,v030
TIWRY,0,134,134,v008
TIWRY,57,302,245,v016
TIWRY,184,362,178,v016
TIWRY,182,297,115,v023
TIWRY,50,211,161,v016
TIWRY,48,398,350,v008
TIWRY,45,405,360,v016
TIWRY,480,636,156,v030
TIWRY,40,271,231,v023
TIWRY,7,134,127,v012
AX46Z,0,196,196,v018
AX46Z,28,172,144,v000
AX46Z,307,688,381,v009
AX46Z,134,307,173,v022
AX46Z,9,280,271,v010
AX46Z,4,333,329,v010
AX46Z,189,314,125,v018
AX46Z,302,700,398,v019
759MY,180,312,132,v016
759MY,350,477,127,v022
759MY,0,175,175,v010
759MY,285,417,132,v003
759MY,43,163,120,v000
759MY,218,331,113,v018
759MY,393,486,93,v016
759MY,345,470,125,v016
759MY,0,288,288,v008
759MY,36,194,158,v000
759MY,189,446,257,v018
759MY,45,165,120,v023
759MY,165,304,139,v016
759MY,0,187,187,v010
AB2V6,122,240,118,v001
AB2V6,0,516,516,v008
AB2V6,420,727,307,v008
AB2V6,480,604,124,v012
AB2V6,0,403,403,v018
AB2V6,285,415,130,v022
AB2V6,163,324,161,v020
AB2V6,0,160,160,v012
AB2V6,285,501,216,v016
AB2V6,278,463,185,v016
AB2V6,530,727,197,v031
AB2V6,420,727,307,v014
AB2V6,0,432,432,v018
AB2V6,405,549,144,v023
Q7IQI,0,413,413,v032
Q7IQI,0,413,413,v021
Q7IQI,43,206,163,v020
Q7IQI,0,413,413,v018
Q7IQI,350,413,63,v031
Q7IQI,0,108,108,v012
Q7IQI,19,413,394,v031
Q7IQI,0,413,413,v032
Q7IQI,0,413,413,v031
LHTSI,0,525,525,v001
LHTSI,0,542,542,v012
LHTSI,516,674,158,v007
LHTSI,470,652,182,v023
LHTSI,458,602,144,v023
LHTSI,0,451,451,v012
LHTSI,14,525,511,v006
LHTSI,451,588,137,v023
LHTSI,453,667,214,v008
LHTSI,487,628,141,v019
LHTSI,0,540,540,v006
SE2K2,117,744,627,v001
SE2K2,14,170,156,v012
SE2K2,148,787,639,v007
SE2K2,146,792,646,v018
SE2K2,86,280,194,v018
SE2K2,679,792,113,v009
SE2K2,0,792,792,v008
SE2K2,688,792,104,v019
SE2K2,0,158,158,v029
1ZWPP,184,355,171,v008
1ZWPP,312,465,153,v012
1ZWPP,31,151,120,v019
1ZWPP,0,184,184,v031
1ZWPP,62,184,122,v019
1ZWPP,0,141,141,v006
1ZWPP,264,384,120,v016
1ZWPP,355,482,127,v029
1ZWPP,307,468,161,v007
3HRNV,0,375,375,v008
3HRNV,0,375,375,v008
3HRNV,165,375,210,v009
3HRNV,7,115,108,v019
3HRNV,0,375,375,v022
77Z0Z,72,297,225,v016
77Z0Z,237,805,568,v009
77Z0Z,96,297,201,v016
77Z0Z,0,108,108,v012
77Z0Z,184,302,118,v016
77Z0Z,7,297,290,v008
77Z0Z,0,136,136,v023
77Z0Z,93,278,185,v026
77Z0Z,225,805,580,v019
3OZUX,26,273,247,v030
3OZUX,206,745,539,v008
3OZUX,0,276,276,v008
3OZUX,16,276,260,v030
3OZUX,0,62,62,v023
3OZUX,532,745,213,v005
3OZUX,700,745,45,v026
3OZUX,698,745,47,v031
3OZUX,700,745,45,v008
D1NT7,408,779,371,v008
D1NT7,412,779,367,v026
D1NT7,259,446,187,v016
D1NT7,76,228,152,v016
D1NT7,372,779,407,v016
D1NT7,225,391,166,v026
D1NT7,225,343,118,v001
D1NT7,372,779,407,v026
D1NT7,256,405,149,v023
D1NT7,372,511,139,v023
D1NT7,381,779,398,v026
WX711,492,664,172,v008
WX711,355,540,185,v004
WX711,225,432,207,v005
WX711,583,684,101,v016
WX711,0,739,739,v018
WX711,0,362,362,v008
WX711,0,739,739,v008
WX711,0,739,739,v018
WX711,0,739,739,v008
WWL0K,0,350,350,v008
WWL0K,189,367,178,v025
WWL0K,201,400,199,v025
WWL0K,88,288,200,v020
WWL0K,0,400,400,v008
WWL0K,0,189,189,v031
WWL0K,252,360,108,v016
WWL0K,0,400,400,v008
WWL0K,0,297,297,v021
WWL0K,232,350,118,v008
7DEBA,0,243,243,v008
7DEBA,38,243,205,v020
VXZBA,0,754,754,v018
VXZBA,487,621,134,v009
VXZBA,408,674,266,v019
VXZBA,369,530,161,v000
MIAE4,48,182,134,v008
MIAE4,55,177,122,v016
MIAE4,216,343,127,v018
MIAE4,477,612,135,v022
MIAE4,273,588,315,v018
MIAE4,93,213,120,v029
G2AMK,530,656,126,v012
G2AMK,0,540,540,v031
G2AMK,0,484,484,v026
G2AMK,127,295,168,v023
G2AMK,146,504,358,v008
G2AMK,0,218,218,v026
G2AMK,343,494,151,v016
G2AMK,523,656,133,v029
G2AMK,576,656,80,v001
G2AMK,0,136,136,v023
G2AMK,141,501,360,v026
G2AMK,69,211,142,v016
ZIP18,604,763,159,v005
ZIP18,679,817,138,v008
ZIP18,45,600,555,v003
ZIP18,604,763,159,v005
ZIP18,506,628,122,v018
ZIP18,592,817,225,v008
ZIP18,480,624,144,v018
ZIP18,528,648,120,v023
ZIP18,0,88,88,v029
ZIP18,40,211,171,v008
ZIP18,0,96,96,v027
ZIP18,33,153,120,v023
LFDQF,0,194,194,v031
LFDQF,0,146,146,v004
LFDQF,268,552,284,v005
LFDQF,480,626,146,v019
TFWNO,484,650,166,v016
TFWNO,0,588,588,v008
TFWNO,448,631,183,v025
TFWNO,0,331,331,v031
TFWNO,213,556,343,v023
TFWNO,216,362,146,v023
TFWNO,547,700,153,v023
TFWNO,612,713,101,v026
TFWNO,280,542,262,v005
TFWNO,0,537,537,v021
TFWNO,556,703,147,v026
TFWNO,504,643,139,v016
TFWNO,468,600,132,v025
TFWNO,235,643,408,v008
AEKYE,213,463,250,v008
AEKYE,235,448,213,v031
AEKYE,477,783,306,v005
AEKYE,468,783,315,v005
AEKYE,0,288,288,v008
AEKYE,0,783,783,v018
AEKYE,0,276,276,v021
AEKYE,0,283,283,v016
AEKYE,0,783,783,v010
AEKYE,446,568,122,v023
AEKYE,0,783,783,v018
AEKYE,472,783,311,v008
MCMTH,273,571,298,v005
MCMTH,273,571,298,v004
MCMTH,504,812,308,v030
MCMTH,69,324,255,v008
MCMTH,117,393,276,v008
MCMTH,93,242,149,v023
MCMTH,187,357,170,v019
MCMTH,619,812,193,v030
MYQZJ,240,472,232,v008
MYQZJ,338,525,187,v016
MYQZJ,213,415,202,v031
MYQZJ,410,1068,658,v026
MYQZJ,600,1056,456,v008
MYQZJ,600,1094,494,v030
MYQZJ,134,1082,948,v026
MYQZJ,592,1075,483,v030
MYQZJ,156,676,520,v026
E84XY,0,651,651,v002
E84XY,376,651,275,v019
E84XY,0,651,651,v008
E84XY,324,518,194,v016
E84XY,158,398,240,v005
E84XY,57,254,197,v008
ABPGE,254,720,466,v008
ABPGE,345,571,226,v012
ABPGE,343,730,387,v031
ABPGE,93,405,312,v008
ABPGE,100,412,312,v004
ABPGE,300,640,340,v016
ABPGE,568,700,132,v016
ABPGE,84,244,160,v023
ABPGE,252,446,194,v023
ABPGE,559,705,146,v016
ABPGE,496,614,118,v001
ABPGE,331,448,117,v019
06LBQ,0,573,573,v008
06LBQ,688,815,127,v012
06LBQ,518,638,120,v001
06LBQ,583,708,125,v019
06LBQ,0,583,583,v026
06LBQ,542,662,120,v012
2Q6SZ,74,336,262,v008
2Q6SZ,192,369,177,v016
2Q6SZ,0,739,739,v005
2Q6SZ,213,340,127,v008
2Q6SZ,60,204,144,v023
1F706,568,700,132,v023
1F706,568,700,132,v023
1F706,72,240,168,v020
1F706,0,124,124,v012
1F706,595,722,127,v008
1F706,0,81,81,v017
1F706,0,132,132,v012
1F706,0,139,139,v007
1F706,604,722,118,v001
1F706,624,722,98,v001
1F706,590,722,132,v008
1F706,117,264,147,v006
WK9HE,0,816,816,v008
WK9HE,439,720,281,v030
WK9HE,0,816,816,v008
WK9HE,0,182,182,v030
WK9HE,201,367,166,v026
WK9HE,655,816,161,v008
WK9HE,0,333,333,v030
WK9HE,446,816,370,v030
WK9HE,254,489,235,v026
WK9HE,688,816,128,v014
WK9HE,0,816,816,v026
WK9HE,0,362,362,v006
WK9HE,679,816,137,v023
WK9HE,434,768,334,v026
J3RD3,290,743,453,v008
J3RD3,283,415,132,v023
J3RD3,520,743,223,v026
J3RD3,427,743,316,v008
J3RD3,424,542,118,v023
J3RD3,487,631,144,v019
J3RD3,494,743,249,v009
J3RD3,26,192,166,v012
J3RD3,127,259,132,v001
J3RD3,45,192,147,v029
BB7WL,7,136,129,v012
BB7WL,252,374,122,v016
BB7WL,201,631,430,v023
BB7WL,187,362,175,v008
BB7WL,151,309,158,v023
BB7WL,249,367,118,v025
BB7WL,182,374,192,v025
BB7WL,0,98,98,v012
A3XXB,115,271,156,v008
A3XXB,112,220,108,v023
A3XXB,0,148,148,v008
A3XXB,52,175,123,v016
A3XXB,0,134,134,v026
A3XXB,84,271,187,v029
A3XXB,84,271,187,v012
A3XXB,0,194,194,v026
A3XXB,0,189,189,v026
A3XXB,0,271,271,v026
A3XXB,105,271,166,v026
A3XXB,0,158,158,v026
A3XXB,45,170,125,v016
PXVRF,0,633,633,v008
PXVRF,0,597,597,v014
PXVRF,547,672,125,v019
PXVRF,499,609,110,v016
PT4XS,48,504,456,v023
PT4XS,386,487,101,v018
PT4XS,357,520,163,v022
PT4XS,189,326,137,v025
PT4XS,518,751,233,v030
PT4XS,492,751,259,v008
PT4XS,444,559,115,v029
PT4XS,278,408,130,v016
PT4XS,0,499,499,v018
PT4XS,146,309,163,v008
PT4XS,525,751,226,v019
PT4XS,285,415,130,v025
EYXSM,0,566,566,v031
EYXSM,540,711,171,v030
EYXSM,475,628,153,v020
EYXSM,0,711,711,v018
EYXSM,540,652,112,v019
OJYDD,511,866,355,v008
OJYDD,775,866,91,v016
OJYDD,340,484,144,v016
OJYDD,290,424,134,v023
OJYDD,480,624,144,v023
OJYDD,26,484,458,v026
OJYDD,511,866,355,v008
OJYDD,542,784,242,v004
OJYDD,506,796,290,v015
OJYDD,345,482,137,v016
OJYDD,710,849,139,v016
OJYDD,4,484,480,v008
OJYDD,276,429,153,v026
SH20Q,218,336,118,v008
SH20Q,391,583,192,v016
SH20Q,489,621,132,v008
SH20Q,304,655,351,v005
SH20Q,182,316,134,v023
SH20Q,240,463,223,v023
SH20Q,204,460,256,v023
SH20Q,0,655,655,v008
SH20Q,84,578,494,v025
SH20Q,192,480,288,v016
SH20Q,112,297,185,v012
OU3XH,393,604,211,v008
OU3XH,640,782,142,v004
OU3XH,0,823,823,v018
OU3XH,571,712,141,v023
OU3XH,460,585,125,v016
OU3XH,398,614,216,v023
OU3XH,0,823,823,v032
OU3XH,336,448,112,v016
OU3XH,460,588,128,v005
OU3XH,554,816,262,v008
OU3XH,696,816,120,v016
OU3XH,0,823,823,v018
OU3XH,0,448,448,v014
OU3XH,0,448,448,v008
OU3XH,696,820,124,v016
VNMNF,542,653,111,v012
VNMNF,0,653,653,v031
VNMNF,525,653,128,v018
VNMNF,525,653,128,v018
VNMNF,470,588,118,v023
VNMNF,0,302,302,v031
VNMNF,0,158,158,v028
VNMNF,456,653,197,v008
RT1JY,273,379,106,v018
RT1JY,348,395,47,v031
RT1JY,79,208,129,v028
RT1JY,266,395,129,v018
RT1JY,177,290,113,v008
RT1JY,259,391,132,v016
RT1JY,283,395,112,v010
RT1JY,230,395,165,v028
RT1JY,124,336,212,v016
RT1JY,0,336,336,v029
RT1JY,240,395,155,v018
RT1JY,235,345,110,v016
HRJX1,0,88,88,v008
HRJX1,7,715,708,v030
6JLD4,552,688,136,v001
6JLD4,504,607,103,v027
6JLD4,74,172,98,v027
6JLD4,268,456,188,v003
6JLD4,535,703,168,v007
6JLD4,523,703,180,v001
6JLD4,96,232,136,v029
6JLD4,180,369,189,v008
6JLD4,165,302,137,v023
M9NAG,0,477,477,v021
M9NAG,518,686,168,v029
M9NAG,499,679,180,v022
M9NAG,357,511,154,v000
M9NAG,0,448,448,v010
M9NAG,345,583,238,v000
07BSH,0,648,648,v008
07BSH,609,794,185,v008
07BSH,0,691,691,v026
LFPWI,0,172,172,v012
LFPWI,96,441,345,v028
LFPWI,292,475,183,v028
LFPWI,321,504,183,v031
LFPWI,96,422,326,v026
LFPWI,91,424,333,v016
LFPWI,0,115,115,v007
LFPWI,288,424,136,v025
LWRKS,79,283,204,v027
LWRKS,12,213,201,v016
LWRKS,0,199,199,v008
LWRKS,4,220,216,v016
LWRKS,0,168,168,v023
LWRKS,0,189,189,v008
LWRKS,144,276,132,v022
LWRKS,4,194,190,v016
LWRKS,679,750,71,v031
ACKR6,0,76,76,v008
ACKR6,2,172,170,v028
ACKR6,0,108,108,v016
ACKR6,31,195,164,v008
ACKR6,0,100,100,v016
ACKR6,72,195,123,v016
7ZL8E,0,751,751,v018
7ZL8E,24,566,542,v008
7ZL8E,396,621,225,v028
7ZL8E,398,652,254,v016
7ZL8E,0,302,302,v008
7ZL8E,0,307,307,v028
7ZL8E,388,571,183,v008
7ZL8E,0,79,79,v023
7ZL8E,352,475,123,v016
7ZL8E,0,67,67,v018
7ZL8E,664,751,87,v022
7ZL8E,0,139,139,v023
7ZL8E,103,300,197,v016
7ZL8E,0,458,458,v008
807JJ,9,763,754,v030
4RKKP,43,733,690,v012
4RKKP,43,720,677,v023
4RKKP,297,643,346,v023
4RKKP,40,732,692,v023
4RKKP,0,84,84,v029
4RKKP,609,733,124,v016
4RKKP,607,733,126,v008
4RKKP,568,733,165,v001
4RKKP,297,456,159,v023
4RKKP,525,640,115,v016
4RKKP,316,468,152,v023
1FIGA,153,477,324,v008
1FIGA,103,237,134,v023
1FIGA,343,525,182,v016
1FIGA,429,650,221,v001
1FIGA,283,508,225,v012
1FIGA,136,614,478,v016
1FIGA,230,362,132,v001
1FIGA,201,331,130,v012
1FIGA,434,597,163,v001
1FIGA,295,468,173,v012
1FIGA,115,280,165,v023
1FIGA,372,568,196,v016
1FIGA,115,482,367,v008
W8XQ9,328,520,192,v016
W8XQ9,0,172,172,v023
W8XQ9,36,506,470,v026
W8XQ9,19,688,669,v022
W8XQ9,338,489,151,v016
W8XQ9,7,532,525,v026
W8XQ9,4,139,135,v026
W8XQ9,14,501,487,v008
HAPCT,206,384,178,v028
HAPCT,139,458,319,v009
HAPCT,213,372,159,v025
HAPCT,0,783,783,v018
HAPCT,148,783,635,v009
HAPCT,0,783,783,v031
HAPCT,211,326,115,v008
HAPCT,132,783,651,v019
HAPCT,225,381,156,v025
7614L,0,172,172,v008
7614L,0,408,408,v008
7614L,0,129,129,v016
7614L,0,424,424,v016
7614L,350,619,269,v008
7614L,0,144,144,v023
7614L,0,424,424,v008
7614L,0,619,619,v018
7614L,45,285,240,v030
7614L,38,158,120,v023
02SKC,532,648,116,v012
02SKC,0,773,773,v010
02SKC,482,773,291,v008
02SKC,693,773,80,v025
02SKC,451,674,223,v016
02SKC,0,496,496,v021
02SKC,492,773,281,v016
02SKC,0,112,112,v008
02SKC,84,211,127,v019
02SKC,458,612,154,v023
VRXQX,400,585,185,v004
VRXQX,96,324,228,v003
VRXQX,86,211,125,v008
VRXQX,379,496,117,v008
VRXQX,340,468,128,v019
VRXQX,372,489,117,v023
VRXQX,79,367,288,v016
VRXQX,609,741,132,v016
VRXQX,384,739,355,v008
VRXQX,384,511,127,v023
SAO1A,0,324,324,v018
SAO1A,74,307,233,v004
SAO1A,168,324,156,v016
SAO1A,74,211,137,v023
SAO1A,211,324,113,v023
SAO1A,0,324,324,v032
SAO1A,0,324,324,v031
SAO1A,0,324,324,v018
SAO1A,84,324,240,v008
SAO1A,4,165,161,v031
BYP85,664,813,149,v023
BYP85,566,712,146,v016
BYP85,595,712,117,v016
BYP85,57,540,483,v003
BYP85,523,655,132,v016
BYP85,484,727,243,v026
BYP85,648,813,165,v008
BYP85,465,597,132,v006
BYP85,523,715,192,v026
BYP85,0,170,170,v008
BYP85,0,124,124,v023
BYP85,523,715,192,v025
BYP85,727,813,86,v029
20LDB,182,859,677,v016
20LDB,7,873,866,v026
20LDB,0,93,93,v008
20LDB,602,864,262,v016
20LDB,172,878,706,v025
20LDB,21,708,687,v008
20LDB,0,103,103,v016
20LDB,787,914,127,v031
20LDB,636,828,192,v023
20LDB,631,832,201,v026
J662Y,0,278,278,v008
J662Y,201,710,509,v026
J662Y,0,273,273,v008
J662Y,0,232,232,v005
J662Y,112,278,166,v022
J662Y,619,764,145,v020
J662Y,194,312,118,v006
J662Y,194,355,161,v023
J662Y,297,764,467,v026
J662Y,0,129,129,v005
J662Y,139,266,127,v016
J662Y,0,220,220,v018
J662Y,223,764,541,v008
MJYTA,28,646,618,v016
MJYTA,160,646,486,v023
MJYTA,55,242,187,v016
MJYTA,55,252,197,v023
MJYTA,410,619,209,v023
MJYTA,57,199,142,v008
MJYTA,472,590,118,v016
MJYTA,206,357,151,v016
4A28I,0,709,709,v022
4A28I,0,709,709,v008
4A28I,55,254,199,v019
4A28I,220,367,147,v009
4A28I,0,709,709,v012
NAZ52,26,429,403,v008
NAZ52,129,376,247,v016
NAZ52,571,792,221,v009
NAZ52,355,549,194,v022
NAZ52,511,652,141,v001
NAZ52,0,146,146,v012
NAZ52,657,816,159,v016
NAZ52,72,609,537,v019
NAZ52,86,597,511,v008
NAZ52,264,381,117,v009
NAZ52,0,688,688,v018
NAZ52,62,187,125,v023
NAZ52,650,775,125,v029
NAZ52,115,410,295,v009
NAZ52,91,446,355,v019
NAZ52,0,672,672,v018
JT537,0,249,249,v008
JT537,405,554,149,v016
JT537,0,223,223,v026
JT537,271,477,206,v026
JT537,400,580,180,v029
JT537,0,535,535,v023
0G50G,0,753,753,v016
0G50G,0,759,759,v008
0G50G,4,759,755,v008
0G50G,0,759,759,v016
0G50G,0,759,759,v016
0G50G,0,386,386,v016
0G50G,304,759,455,v026
0G50G,304,759,455,v026
LTY2P,28,540,512,v004
LTY2P,0,667,667,v008
LTY2P,0,667,667,v008
LTY2P,0,667,667,v008
LTY2P,0,667,667,v008
LTY2P,276,410,134,v021
LTY2P,55,211,156,v019
LLE9B,343,537,194,v001
LLE9B,33,216,183,v005
LLE9B,415,549,134,v022
LLE9B,129,307,178,v016
LLE9B,463,595,132,v016
LLE9B,0,549,549,v032
LLE9B,0,508,508,v031
LLE9B,472,618,146,v016
LLE9B,0,520,520,v018
LLE9B,0,122,122,v023
LLE9B,0,280,280,v008
LLE9B,0,511,511,v018
LLE9B,0,508,508,v018
LLE9B,0,516,516,v014
LLE9B,429,612,183,v008
735W9,403,571,168,v016
735W9,0,566,566,v006
735W9,528,744,216,v016
735W9,556,747,191,v021
735W9,0,549,549,v008
735W9,496,747,251,v008
735W9,0,504,504,v032
735W9,463,747,284,v023
B6XQZ,74,429,355,v009
B6XQZ,52,405,353,v031
B6XQZ,69,405,336,v019
J5DOP,628,728,100,v012
J5DOP,484,609,125,v022
J5DOP,0,580,580,v003
J5DOP,0,583,583,v003
J5DOP,571,700,129,v029
J5DOP,619,728,109,v012
J5DOP,619,728,109,v007
J5DOP,0,556,556,v018
J5DOP,0,271,271,v003
F1LTO,458,676,218,v001
F1LTO,0,208,208,v012
F1LTO,12,208,196,v012
F1LTO,110,324,214,v009
F1LTO,28,156,128,v007
F1LTO,494,645,151,v001
D8K7T,0,76,76,v025
D8K7T,21,104,83,v029
D8K7T,0,76,76,v025
D8K7T,0,72,72,v008
D8K7T,0,76,76,v025
LSKA2,264,708,444,v008
LSKA2,240,472,232,v023
LSKA2,132,708,576,v008
LSKA2,643,708,65,v029
LSKA2,242,410,168,v023
