46GP8,285,508,223,v031
46GP8,0,302,302,v002
N11GT,206,340,134,v008
N11GT,0,280,280,v026
N11GT,0,364,364,v026
N11GT,153,290,137,v020
KRF68,542,667,125,v023
KRF68,98,230,132,v007
KRF68,247,600,353,v003
KRF68,100,261,161,v001
KRF68,163,338,175,v023
KRF68,0,237,237,v017
KRF68,148,367,219,v008
MJO7C,0,754,754,v008
MJO7C,0,754,754,v008
S6MPZ,0,103,103,v016
S6MPZ,0,924,924,v018
S6MPZ,0,924,924,v008
S6MPZ,0,924,924,v024
S6MPZ,0,736,736,v005
S6MPZ,0,924,924,v018
S6MPZ,0,192,192,v008
S6MPZ,120,276,156,v008
S6MPZ,0,852,852,v016
S6MPZ,0,88,88,v023
7HVU8,0,134,134,v008
7HVU8,297,712,415,v026
7HVU8,0,240,240,v016
7HVU8,324,453,129,v006
7HVU8,0,120,120,v026
7HVU8,38,187,149,v026
7HVU8,151,295,144,v026
MCQO5,100,321,221,v003
MCQO5,710,759,49,v004
MCQO5,50,564,514,v008
MCQO5,513,759,246,v008
MCQO5,36,151,115,v023
MCQO5,494,621,127,v023
VPIYF,43,248,205,v008
JSUF4,386,734,348,v018
JSUF4,424,734,310,v004
JSUF4,0,297,297,v026
JSUF4,362,566,204,v018
JSUF4,0,372,372,v026
8WJIR,98,309,211,v016
8WJIR,309,564,255,v004
8WJIR,177,422,245,v001
8WJIR,168,340,172,v022
8WJIR,0,247,247,v008
8WJIR,122,348,226,v009
8WJIR,372,834,462,v008
8WJIR,122,348,226,v019
8WJIR,14,268,254,v031
8WJIR,268,472,204,v023
8WJIR,240,499,259,v018
8WJIR,244,511,267,v018
8WJIR,132,326,194,v016
INQNU,244,415,171,v008
INQNU,206,350,144,v018
INQNU,211,352,141,v018
INQNU,220,355,135,v004
INQNU,304,444,140,v019
INQNU,0,285,285,v026
INQNU,0,285,285,v026
INQNU,230,444,214,v008
LI6LV,0,160,160,v016
LI6LV,724,834,110,v005
LI6LV,753,834,81,v004
LI6LV,64,364,300,v028
LI6LV,319,465,146,v003
LI6LV,460,645,185,v005
LI6LV,0,156,156,v016
LI6LV,693,834,141,v031
LI6LV,0,156,156,v023
MGCM8,0,739,739,v018
MGCM8,0,739,739,v032
MGCM8,0,739,739,v018
I8QJN,0,271,271,v010
I8QJN,516,724,208,v004
I8QJN,156,398,242,v022
I8QJN,309,743,434,v008
I8QJN,163,304,141,v000
XC9EY,100,432,332,v031
XC9EY,381,516,135,v016
XC9EY,386,506,120,v016
XC9EY,0,504,504,v008
XC9EY,381,506,125,v016
XC9EY,0,501,501,v008
DOQ9Y,177,362,185,v016
DOQ9Y,816,981,165,v001
DOQ9Y,422,768,346,v008
DOQ9Y,722,992,270,v029
DOQ9Y,0,362,362,v028
DOQ9Y,580,847,267,v016
DOQ9Y,820,991,171,v007
DOQ9Y,727,992,265,v008
DOQ9Y,156,352,196,v008
DOQ9Y,312,492,180,v023
DOQ9Y,412,588,176,v023
DOQ9Y,516,681,165,v023
RK9II,247,807,560,v026
RK9II,710,807,97,v022
QGQGZ,0,225,225,v012
QGQGZ,249,360,111,v027
QGQGZ,352,791,439,v016
QGQGZ,451,791,340,v008
QGQGZ,458,791,333,v023
QGQGZ,453,791,338,v008
QGQGZ,24,230,206,v029
5S1WQ,0,62,62,v025
5S1WQ,187,756,569,v026
5S1WQ,153,739,586,v026
5S1WQ,144,264,120,v023
5S1WQ,148,736,588,v008
CUCBN,177,309,132,v022
CUCBN,0,271,271,v018
CUCBN,88,261,173,v016
CUCBN,321,470,149,v029
SX0HE,0,254,254,v008
SX0HE,0,141,141,v008
SX0HE,69,254,185,v024
SX0HE,0,141,141,v004
72JYK,160,288,128,v012
72JYK,417,556,139,v008
72JYK,62,199,137,v018
72JYK,100,556,456,v008
72JYK,192,556,364,v014
72JYK,100,556,456,v005
72JYK,100,556,456,v018
BDFDE,175,758,583,v018
BDFDE,129,268,139,v018
BDFDE,415,693,278,v005
BDFDE,492,715,223,v004
BDFDE,252,758,506,v008
H6N4Z,0,172,172,v012
H6N4Z,165,300,135,v016
H6N4Z,0,672,672,v008
H6N4Z,165,302,137,v016
H6N4Z,69,672,603,v026
H6N4Z,0,672,672,v014
OBTP8,84,283,199,v012
OBTP8,429,585,156,v008
OBTP8,220,424,204,v031
OBTP8,0,160,160,v029
OBTP8,225,511,286,v028
OBTP8,67,283,216,v007
4021N,192,667,475,v008
4021N,576,688,112,v016
4021N,0,237,237,v008
4021N,324,532,208,v001
4021N,211,343,132,v012
4021N,144,316,172,v023
4021N,50,249,199,v008
ZSHWE,280,468,188,v016
ZSHWE,0,564,564,v008
ZSHWE,364,676,312,v028
ZSHWE,252,420,168,v023
ZSHWE,0,451,451,v008
ZSHWE,528,667,139,v016
ZSHWE,540,657,117,v008
ZSHWE,376,638,262,v023
SFDTP,355,535,180,v023
SFDTP,369,733,364,v008
SFDTP,0,733,733,v022
SFDTP,350,733,383,v008
SFDTP,343,733,390,v023
Q5EPP,537,667,130,v005
Q5EPP,50,931,881,v008
SK6FW,328,785,457,v008
SK6FW,0,451,451,v028
SK6FW,384,785,401,v023
SK6FW,120,271,151,v025
VHIG7,0,132,132,v008
VHIG7,0,98,98,v023
VHIG7,0,670,670,v031
VHIG7,0,670,670,v005
VHIG7,0,670,670,v014
VHIG7,0,670,670,v032
0R6K4,117,540,423,v004
0R6K4,110,230,120,v008
0R6K4,192,381,189,v004
0R6K4,441,573,132,v016
0R6K4,103,578,475,v008
PSPMA,60,727,667,v003
PSPMA,561,751,190,v008
PSPMA,489,691,202,v023
PSPMA,597,751,154,v005
PSPMA,0,751,751,v031
PSPMA,0,751,751,v018
PSPMA,0,156,156,v016
PSPMA,511,657,146,v023
PSPMA,604,751,147,v016
PSPMA,525,751,226,v008
MD41D,160,948,788,v008
MD41D,264,904,640,v031
MD41D,924,973,49,v013
MD41D,924,973,49,v029
SDXZ8,854,1235,381,v008
SDXZ8,804,931,127,v023
SDXZ8,278,667,389,v008
SDXZ8,199,592,393,v030
SDXZ8,489,652,163,v016
SDXZ8,960,1235,275,v026
SDXZ8,26,672,646,v023
S673O,0,76,76,v010
S673O,585,753,168,v005
S673O,232,595,363,v008
S673O,21,815,794,v018
S673O,585,815,230,v004
S673O,0,451,451,v010
S673O,597,815,218,v005
S673O,768,815,47,v008
S673O,768,815,47,v023
S673O,768,815,47,v023
S673O,768,815,47,v008
U79C9,480,838,358,v021
U79C9,367,648,281,v023
U79C9,76,420,344,v028
N915C,520,813,293,v023
N915C,501,813,312,v026
N915C,345,813,468,v021
N915C,0,398,398,v028
N915C,0,108,108,v029
N915C,566,813,247,v026
N915C,146,434,288,v016
N915C,369,686,317,v023
FXRMG,444,566,122,v016
FXRMG,36,547,511,v008
FXRMG,566,703,137,v001
FXRMG,549,674,125,v012
FXRMG,561,746,185,v029
FXRMG,451,600,149,v016
FXRMG,0,139,139,v023
FXRMG,494,612,118,v022
FXRMG,31,175,144,v031
FXRMG,542,669,127,v007
P68QV,566,715,149,v008
P68QV,0,84,84,v019
P68QV,0,379,379,v014
P68QV,0,672,672,v008
P68QV,554,735,181,v023
P68QV,345,735,390,v005
P68QV,304,735,431,v016
P68QV,324,484,160,v008
P68QV,636,735,99,v029
78XZ9,655,764,109,v001
78XZ9,0,764,764,v008
78XZ9,151,482,331,v012
78XZ9,88,240,152,v019
78XZ9,48,764,716,v019
78XZ9,12,764,752,v031
78XZ9,139,764,625,v009
78XZ9,0,105,105,v023
0VOQC,0,216,216,v008
0VOQC,129,252,123,v012
0VOQC,0,117,117,v017
0VOQC,0,228,228,v016
0VOQC,0,670,670,v008
0VOQC,139,607,468,v005
0VOQC,192,523,331,v008
0VOQC,288,496,208,v005
0VOQC,578,670,92,v023
E6Q95,295,420,125,v031
E6Q95,264,432,168,v021
E6Q95,88,283,195,v028
E6Q95,74,194,120,v018
E6Q95,201,611,410,v008
E6Q95,336,611,275,v008
E6Q95,196,611,415,v023
E6Q95,336,611,275,v005
E6Q95,67,611,544,v018
G99VH,115,568,453,v008
G99VH,220,463,243,v023
G99VH,453,900,447,v008
G99VH,417,801,384,v013
G99VH,36,429,393,v016
G99VH,170,374,204,v005
G99VH,319,732,413,v008
G99VH,477,698,221,v008
DWHPO,76,336,260,v016
DWHPO,31,182,151,v023
DWHPO,0,731,731,v018
DWHPO,0,731,731,v018
DWHPO,252,357,105,v016
DWHPO,211,362,151,v008
DWHPO,657,731,74,v023
DWHPO,376,511,135,v016
DWHPO,645,731,86,v005
DWHPO,93,211,118,v008
H603E,0,693,693,v008
H603E,0,192,192,v012
H603E,0,681,681,v031
H603E,0,777,777,v031
H603E,0,777,777,v018
H603E,496,696,200,v016
H603E,0,180,180,v008
H603E,211,571,360,v008
H603E,76,362,286,v014
H603E,636,777,141,v005
H603E,0,777,777,v032
H603E,566,684,118,v025
H603E,585,777,192,v008
H603E,592,751,159,v023
H603E,0,657,657,v032
H603E,650,777,127,v008
H603E,0,777,777,v018
CBXVQ,180,340,160,v008
CBXVQ,9,244,235,v023
CBXVQ,177,530,353,v012
CBXVQ,451,813,362,v030
CBXVQ,96,520,424,v026
PN4MI,86,331,245,v032
PN4MI,117,314,197,v005
PN4MI,374,717,343,v009
PN4MI,0,256,256,v018
PN4MI,0,733,733,v032
PN4MI,0,733,733,v008
PN4MI,0,733,733,v008
PN4MI,0,733,733,v008
PN4MI,7,165,158,v019
PN4MI,96,326,230,v031
PN4MI,424,609,185,v005
VJ2QS,268,504,236,v008
VJ2QS,247,511,264,v018
VJ2QS,249,513,264,v018
VJ2QS,273,379,106,v023
VJ2QS,273,379,106,v023
VJ2QS,283,492,209,v025
VJ2QS,38,139,101,v023
VJ2QS,0,348,348,v022
VJ2QS,38,261,223,v016
VJ2QS,240,520,280,v025
FI1LR,105,760,655,v016
FI1LR,9,753,744,v016
AY08E,247,519,272,v019
AY08E,259,519,260,v031
AY08E,259,519,260,v019
AY08E,0,519,519,v008
7XNAI,184,282,98,v019
7XNAI,132,282,150,v018
7XNAI,134,282,148,v018
7XNAI,24,194,170,v016
7XNAI,24,194,170,v016
7XNAI,206,282,76,v032
7XNAI,180,282,102,v014
7XNAI,184,282,98,v018
IST7I,398,684,286,v008
IST7I,0,971,971,v031
IST7I,0,100,100,v012
IST7I,441,787,346,v005
IST7I,840,971,131,v008
IST7I,0,120,120,v008
IST7I,530,712,182,v023
IST7I,0,971,971,v018
OI3BC,0,129,129,v029
OI3BC,0,141,141,v008
OI3BC,273,475,202,v001
OI3BC,12,196,184,v016
OI3BC,62,259,197,v016
OI3BC,276,590,314,v001
OI3BC,60,223,163,v025
OI3BC,259,580,321,v026
F4BJJ,252,698,446,v012
F4BJJ,67,307,240,v023
F4BJJ,36,300,264,v008
F4BJJ,184,302,118,v016
F4BJJ,175,698,523,v008
F4BJJ,338,698,360,v019
F4BJJ,237,698,461,v031
F4BJJ,0,108,108,v017
F4BJJ,14,288,274,v016
F4BJJ,134,331,197,v023
F4BJJ,115,288,173,v023
83654,247,717,470,v018
83654,120,362,242,v018
83654,424,655,231,v012
83654,146,307,161,v016
83654,196,357,161,v018
83654,0,242,242,v008
83654,0,237,237,v008
83654,0,314,314,v016
83654,321,717,396,v008
83654,0,302,302,v016
0G0YF,100,706,606,v002
0G0YF,369,520,151,v008
0R5GS,38,753,715,v008
0R5GS,24,172,148,v023
0R5GS,283,710,427,v031
0R5GS,261,753,492,v017
PVB4S,400,609,209,v025
PVB4S,132,441,309,v023
PVB4S,444,595,151,v016
PVB4S,561,727,166,v026
PVB4S,136,448,312,v008
N2OCX,45,266,221,v009
N2OCX,160,324,164,v020
N2OCX,19,422,403,v008
Q5GVZ,81,360,279,v008
Q5GVZ,88,607,519,v031
Q5GVZ,264,393,129,v016
R7107,0,301,301,v014
R7107,4,187,183,v012
R7107,0,301,301,v018
R7107,76,301,225,v008
R7107,84,264,180,v001
UMOE4,120,256,136,v023
UMOE4,0,259,259,v008
UMOE4,156,266,110,v023
UMOE4,148,274,126,v017
UMOE4,0,274,274,v022
QLWQ4,62,340,278,v008
QLWQ4,513,864,351,v023
QLWQ4,57,1041,984,v026
QLWQ4,513,1041,528,v016
QLWQ4,67,345,278,v016
QLWQ4,508,705,197,v025
QLWQ4,62,235,173,v023
QLWQ4,74,213,139,v023
QLWQ4,0,1103,1103,v022
QLWQ4,100,340,240,v016
QLWQ4,232,357,125,v016
QLWQ4,223,357,134,v026
S9P0W,650,782,132,v027
S9P0W,0,328,328,v008
S9P0W,172,324,152,v016
S9P0W,297,525,228,v015
S9P0W,0,290,290,v026
U1DTW,0,786,786,v008
U1DTW,0,590,590,v026
U1DTW,523,786,263,v031
U1DTW,499,602,103,v026
R6CIX,352,482,130,v018
R6CIX,0,273,273,v006
R6CIX,352,482,130,v018
2PREF,45,232,187,v002
2PREF,196,362,166,v012
2PREF,333,470,137,v016
2PREF,0,144,144,v016
2PREF,242,364,122,v001
2PREF,237,472,235,v016
2PREF,208,345,137,v023
2PREF,240,458,218,v008
2PREF,350,468,118,v016
2PREF,0,132,132,v008
57J92,225,880,655,v005
57J92,0,880,880,v008
57J92,237,849,612,v019
57J92,0,880,880,v026
57J92,710,832,122,v008
57J92,26,880,854,v026
57J92,715,849,134,v005
57J92,0,880,880,v031
R2DA8,540,736,196,v016
R2DA8,168,415,247,v020
R2DA8,0,470,470,v018
R2DA8,674,813,139,v012
R2DA8,0,424,424,v014
R2DA8,384,513,129,v022
R2DA8,0,480,480,v018
R2DA8,552,664,112,v023
R2DA8,784,1063,279,v025
R2DA8,789,1034,245,v025
VCU4P,26,513,487,v008
VCU4P,396,585,189,v016
VCU4P,26,477,451,v026
VCU4P,0,96,96,v019
VCU4P,391,576,185,v016
VCU4P,0,84,84,v009
U3OJV,0,665,665,v008
U3OJV,0,665,665,v004
U3OJV,0,665,665,v018
U3OJV,0,665,665,v014
U3OJV,0,665,665,v008
T1CQE,453,657,204,v012
T1CQE,192,357,165,v023
T1CQE,513,717,204,v023
T1CQE,405,856,451,v018
T1CQE,415,712,297,v016
T1CQE,741,856,115,v012
T1CQE,420,856,436,v018
T1CQE,350,489,139,v018
T1CQE,165,751,586,v008
FPNT1,0,430,430,v008
FPNT1,158,268,110,v025
FPNT1,0,338,338,v008
3ZKDY,0,429,429,v010
3ZKDY,0,432,432,v021
3ZKDY,206,614,408,v000
3MAY9,108,487,379,v008
3MAY9,280,465,185,v015
3MAY9,144,566,422,v027
3MAY9,168,470,302,v004
3MAY9,252,620,368,v013
3MAY9,278,620,342,v008
3MAY9,252,369,117,v016
3MAY9,249,367,118,v016
0TQZQ,350,451,101,v001
0TQZQ,0,494,494,v008
0TQZQ,0,451,451,v031
0TQZQ,362,487,125,v029
G70A2,88,290,202,v026
G70A2,0,163,163,v020
R00LO,580,751,171,v005
R00LO,376,508,132,v023
R00LO,211,340,129,v029
R00LO,199,763,564,v023
R00LO,520,763,243,v008
R00LO,520,763,243,v008
R00LO,520,763,243,v023
R00LO,487,763,276,v008
R00LO,208,763,555,v021
R00LO,573,763,190,v005
CMD0M,393,711,318,v008
CMD0M,424,711,287,v015
CMD0M,0,472,472,v026
CMD0M,386,711,325,v023
2WGSN,0,266,266,v004
2WGSN,0,288,288,v008
2WGSN,328,566,238,v030
2WGSN,192,439,247,v030
2WGSN,372,650,278,v030
2WGSN,0,292,292,v016
2WGSN,336,559,223,v023
2WGSN,177,297,120,v023
KV99H,50,312,262,v012
KV99H,211,343,132,v008
KV99H,24,720,696,v008
KV99H,24,144,120,v023
KV99H,192,408,216,v016
KV99H,192,312,120,v023
KV99H,384,552,168,v016
KV99H,506,720,214,v016
EDVAM,0,170,170,v008
EDVAM,244,366,122,v001
EDVAM,74,189,115,v022
EDVAM,0,168,168,v018
R1S1Z,235,360,125,v025
R1S1Z,0,521,521,v016
R1S1Z,0,417,417,v008
R1S1Z,40,494,454,v018
R1S1Z,84,496,412,v016
R1S1Z,0,521,521,v008
R1S1Z,388,518,130,v022
R1S1Z,0,158,158,v012
R1S1Z,48,144,96,v012
R1S1Z,72,360,288,v025
R1S1Z,72,360,288,v016
FDYQZ,0,763,763,v008
FDYQZ,146,386,240,v028
FDYQZ,21,220,199,v009
FDYQZ,21,220,199,v019
FDYQZ,115,398,283,v031
V3DJ5,0,631,631,v021
V3DJ5,405,578,173,v008
V3DJ5,340,580,240,v023
V3DJ5,285,448,163,v020
V3DJ5,340,520,180,v019
V3DJ5,0,631,631,v010
V3DJ5,343,631,288,v005
9GMHF,307,448,141,v012
9GMHF,343,477,134,v023
9GMHF,266,398,132,v001
9GMHF,295,415,120,v001
9GMHF,369,747,378,v008
9GMHF,415,747,332,v026
9GMHF,0,304,304,v008
9GMHF,0,328,328,v026
9GMHF,0,350,350,v016
G6MYM,408,735,327,v016
G6MYM,0,735,735,v031
G6MYM,194,408,214,v012
G6MYM,403,573,170,v006
G6MYM,268,735,467,v008
G6MYM,352,735,383,v016
G6MYM,242,388,146,v029
G6MYM,369,735,366,v012
7HZHM,72,348,276,v023
7HZHM,232,520,288,v028
7HZHM,364,607,243,v020
7HZHM,552,746,194,v028
7HZHM,76,232,156,v031
7HZHM,422,566,144,v025
7HZHM,405,561,156,v025
XOMJ4,12,187,175,v008
XOMJ4,7,456,449,v005
XOMJ4,376,564,188,v001
XOMJ4,460,595,135,v018
XOMJ4,21,580,559,v008
XOMJ4,468,692,224,v018
XOMJ4,0,151,151,v012
XOMJ4,4,134,130,v016
XOMJ4,146,316,170,v015
XOMJ4,492,609,117,v018
XOMJ4,400,540,140,v016
XOMJ4,55,528,473,v008
XOMJ4,45,528,483,v023
L2ZZB,492,672,180,v008
L2ZZB,0,463,463,v028
L2ZZB,487,662,175,v018
L2ZZB,345,535,190,v016
L2ZZB,724,872,148,v014
L2ZZB,720,872,152,v021
L2ZZB,549,872,323,v010
L2ZZB,0,705,705,v016
L2ZZB,561,872,311,v023
L2ZZB,561,872,311,v014
5ACD3,984,1069,85,v016
5ACD3,72,720,648,v031
5ACD3,984,1069,85,v022
5ACD3,984,1069,85,v016
5ACD3,304,679,375,v004
UAT1F,424,628,204,v012
UAT1F,235,374,139,v001
UAT1F,48,192,144,v012
UAT1F,12,187,175,v023
UAT1F,314,556,242,v016
UAT1F,328,489,161,v016
UAT1F,12,453,441,v008
UAT1F,360,489,129,v016
UAT1F,278,492,214,v016
UAT1F,432,602,170,v014
UAT1F,9,482,473,v008
MZOPX,403,590,187,v018
MZOPX,0,460,460,v014
MZOPX,566,876,310,v030
MZOPX,535,876,341,v030
MZOPX,0,520,520,v018
MZOPX,0,583,583,v018
MZOPX,0,530,530,v032
MZOPX,0,530,530,v031
VLE11,532,712,180,v012
VLE11,528,795,267,v032
VLE11,0,795,795,v018
VLE11,0,795,795,v018
VLE11,544,795,251,v032
VLE11,0,367,367,v014
VLE11,508,705,197,v023
VLE11,472,597,125,v016
VLE11,0,592,592,v008
VLE11,691,795,104,v008
VLE11,504,645,141,v016
VLE11,482,597,115,v016
VLE11,588,795,207,v031
S67WR,578,691,113,v012
S67WR,259,624,365,v006
00SL4,432,216,-216,v016
00SL4,432,216,-216,v016
00SL4,0,62,62,v012
00SL4,57,213,156,v016
00SL4,28,156,128,v012
00SL4,144,216,72,v001
00SL4,7,192,185,v008
SYMIR,309,792,483,v028
SYMIR,614,780,166,v022
SYMIR,127,350,223,v028
SYMIR,386,763,377,v023
SYMIR,148,324,176,v023
SYMIR,223,367,144,v008
SYMIR,2,170,168,v029
SYMIR,28,168,140,v001
SYMIR,223,367,144,v016
SYMIR,0,115,115,v012
SYMIR,424,746,322,v025
SYMIR,7,187,180,v007
U3VOM,0,735,735,v021
U3VOM,314,561,247,v016
U3VOM,602,735,133,v031
U3VOM,237,477,240,v008
U3VOM,0,735,735,v031
U3VOM,0,735,735,v010
U3VOM,345,484,139,v025
U3VOM,345,484,139,v025
U3VOM,345,484,139,v025
U3VOM,189,458,269,v008
Q01UB,276,494,218,v028
Q01UB,0,348,348,v003
Q01UB,304,717,413,v023
Q01UB,597,777,180,v016
Q01UB,264,700,436,v028
S72J9,74,276,202,v001
S72J9,60,309,249,v004
S72J9,372,628,256,v031
6EU06,0,573,573,v008
6EU06,0,737,737,v018
6EU06,489,737,248,v030
6EU06,146,518,372,v026
6EU06,91,225,134,v001
6EU06,501,737,236,v030
6EU06,0,201,201,v032
6EU06,132,516,384,v016
6EU06,0,549,549,v032
6EU06,36,151,115,v023
6EU06,201,369,168,v018
6EU06,208,376,168,v025
6EU06,26,170,144,v009
6EU06,0,228,228,v031
6EU06,144,266,122,v019
6EU06,482,604,122,v023
6EU06,160,302,142,v016
PVVQS,132,256,124,v008
PVVQS,120,254,134,v027
PVVQS,168,506,338,v009
PVVQS,552,696,144,v025
PVVQS,0,216,216,v029
PVVQS,168,696,528,v019
PVVQS,556,715,159,v025
PVVQS,561,735,174,v016
FU2HI,0,875,875,v008
FU2HI,0,875,875,v026
FU2HI,0,875,875,v026
MI76A,0,124,124,v010
MI76A,2,100,98,v001
MI76A,0,762,762,v010
MI76A,0,223,223,v016
MI76A,12,578,566,v031
WFVD3,0,297,297,v001
WFVD3,244,441,197,v025
WFVD3,208,343,135,v027
WFVD3,302,480,178,v029
WFVD3,0,488,488,v008
WFVD3,372,488,116,v025
WFVD3,16,136,120,v012
XHQT1,36,643,607,v008
XHQT1,283,571,288,v023
XHQT1,657,777,120,v007
XHQT1,0,136,136,v016
XHQT1,633,809,176,v029
XHQT1,0,523,523,v026
XHQT1,664,801,137,v012
XECIL,480,600,120,v025
XECIL,384,552,168,v016
XECIL,0,700,700,v008
XECIL,292,451,159,v023
XECIL,420,676,256,v012
XECIL,628,784,156,v025
XECIL,684,791,107,v016
XECIL,0,660,660,v005
XECIL,304,470,166,v016
XECIL,237,348,111,v012
XECIL,136,242,106,v016
XECIL,304,525,221,v008
XECIL,288,400,112,v023
XECIL,554,791,237,v008
XECIL,530,650,120,v023
XECIL,36,134,98,v008
XECIL,48,211,163,v005
XECIL,252,412,160,v001
XECIL,2,139,137,v023
TX020,0,168,168,v017
TX020,48,216,168,v022
TX020,96,384,288,v018
TX020,96,384,288,v003
TX020,96,384,288,v016
TX020,192,321,129,v018
TX020,14,141,127,v029
VAXUU,328,505,177,v001
VAXUU,64,505,441,v008
VAXUU,52,220,168,v023
VAXUU,0,76,76,v012
VAXUU,4,120,116,v029
UKCTK,120,742,622,v008
UKCTK,648,742,94,v001
UKCTK,40,742,702,v008
UKCTK,379,742,363,v029
AZC1I,456,734,278,v012
AZC1I,487,738,251,v018
AZC1I,468,648,180,v018
AZC1I,331,571,240,v022
AZC1I,597,738,141,v014
Q24KP,252,434,182,v016
Q24KP,69,372,303,v023
Q24KP,69,357,288,v026
Q24KP,74,405,331,v008
Q24KP,410,738,328,v018
Q24KP,240,410,170,v016
Q24KP,235,410,175,v016
Q24KP,379,520,141,v018
OOWJ9,364,621,257,v015
OOWJ9,520,794,274,v004
OOWJ9,0,348,348,v031
OOWJ9,0,817,817,v018
OOWJ9,352,817,465,v008
OOWJ9,0,477,477,v008
OOWJ9,0,436,436,v005
OOWJ9,530,817,287,v016
OOWJ9,460,674,214,v023
OOWJ9,0,146,146,v008
OOWJ9,672,817,145,v016
5Z1CO,302,600,298,v025
5Z1CO,98,252,154,v018
5Z1CO,93,261,168,v018
5Z1CO,201,333,132,v008
DB4WX,0,714,714,v008
DB4WX,552,679,127,v022
DB4WX,0,712,712,v021
UBVV7,0,204,204,v026
UBVV7,237,441,204,v023
UBVV7,460,650,190,v001
UBVV7,300,614,314,v005
UBVV7,160,482,322,v018
UBVV7,616,842,226,v022
UBVV7,96,893,797,v016
UBVV7,117,893,776,v008
UBVV7,117,893,776,v023
UBVV7,117,893,776,v012
UBVV7,573,856,283,v023
UBVV7,278,669,391,v008
UBVV7,388,676,288,v016
AGWQA,141,732,591,v026
AGWQA,24,187,163,v016
AGWQA,24,187,163,v016
AGWQA,720,769,49,v016
AGWQA,720,769,49,v030
AGWQA,720,769,49,v008
AGWQA,244,393,149,v016
AGWQA,48,213,165,v030
AGWQA,0,170,170,v008
TJBGM,458,731,273,v012
TJBGM,468,731,263,v031
TJBGM,0,393,393,v026
TJBGM,0,381,381,v026
TJBGM,388,731,343,v008
TJBGM,374,499,125,v023
TJBGM,0,436,436,v008
0NFT7,98,273,175,v016
0NFT7,2,177,175,v008
0NFT7,72,230,158,v025
0NFT7,74,237,163,v016
0NFT7,312,529,217,v008
0NFT7,129,232,103,v025
0NFT7,160,276,116,v025
0NFT7,271,444,173,v029
AX4EW,0,401,401,v008
AX4EW,36,338,302,v005
AX4EW,247,401,154,v020
AX4EW,0,401,401,v013
AX4EW,0,331,331,v008
AX4EW,0,401,401,v018
LT2IJ,144,348,204,v023
LT2IJ,247,463,216,v008
LT2IJ,340,535,195,v031
LT2IJ,0,892,892,v026
LT2IJ,60,230,170,v016
LT2IJ,607,739,132,v016
LT2IJ,631,753,122,v016
LT2IJ,0,348,348,v026
LT2IJ,300,417,117,v016
LT2IJ,477,631,154,v016
LT2IJ,331,472,141,v023
LT2IJ,472,604,132,v016
LT2IJ,345,600,255,v008
X0CKA,0,350,350,v008
X0CKA,0,372,372,v031
X0CKA,292,456,164,v004
X0CKA,280,465,185,v008
X0CKA,0,475,475,v018
JZ9L4,0,669,669,v018
JZ9L4,391,734,343,v008
JZ9L4,2,364,362,v003
JZ9L4,484,645,161,v022
MLDGN,146,276,130,v031
MLDGN,146,256,110,v023
MLDGN,213,434,221,v008
VPJLN,0,518,518,v008
VPJLN,64,309,245,v007
VPJLN,393,561,168,v017
VPJLN,31,343,312,v012
CW9VO,367,607,240,v009
CW9VO,0,772,772,v031
XCUOD,0,636,636,v008
XCUOD,0,818,818,v018
XCUOD,492,763,271,v003
XCUOD,451,693,242,v016
XCUOD,40,513,473,v005
XCUOD,0,588,588,v008
XCUOD,0,338,338,v023
XCUOD,528,744,216,v016
XCUOD,0,818,818,v018
XCUOD,0,818,818,v018
XCUOD,69,408,339,v016
YQOPM,81,460,379,v016
YQOPM,372,540,168,v023
YQOPM,0,76,76,v023
YQOPM,108,1118,1010,v026
YQOPM,0,489,489,v008
YQOPM,115,434,319,v025
VJ3B5,122,242,120,v008
VJ3B5,144,244,100,v025
VJ3B5,144,244,100,v025
VJ3B5,0,589,589,v009
VJ3B5,124,242,118,v023
1D31Z,811,929,118,v029
1D31Z,686,847,161,v004
1D31Z,0,396,396,v008
1D31Z,254,415,161,v016
1D31Z,249,420,171,v016
1D31Z,0,929,929,v008
1D31Z,259,415,156,v016
1D31Z,0,196,196,v023
1D31Z,631,929,298,v008
1D31Z,0,360,360,v023
1D31Z,285,727,442,v011
1D31Z,633,929,296,v008
LWP5F,321,734,413,v008
LWP5F,381,604,223,v023
LWP5F,0,422,422,v005
LWP5F,0,386,386,v005
LWP5F,340,480,140,v012
LWP5F,0,415,415,v008
LWP5F,345,734,389,v023
HDDU0,144,340,196,v008
HDDU0,0,846,846,v008
HDDU0,244,482,238,v032
HDDU0,117,357,240,v023
HDDU0,693,846,153,v012
HDDU0,355,549,194,v016
NMG2Z,0,336,336,v028
NMG2Z,256,743,487,v008
TU3IG,7,254,247,v012
TU3IG,158,285,127,v005
TU3IG,242,400,158,v004
TU3IG,153,285,132,v005
TU3IG,7,434,427,v008
TU3IG,0,110,110,v016
TU3IG,16,302,286,v023
TU3IG,0,91,91,v008
TU3IG,208,434,226,v023
C1LJS,19,184,165,v012
C1LJS,355,755,400,v010
WFWTU,0,536,536,v008
WFWTU,439,536,97,v001
WFWTU,0,115,115,v017
WFWTU,0,429,429,v005
WFWTU,0,110,110,v029
KU2T0,24,208,184,v008
KU2T0,0,124,124,v025
KU2T0,0,196,196,v018
KU2T0,0,621,621,v018
9WX7N,355,791,436,v031
9WX7N,0,400,400,v008
9WX7N,415,590,175,v020
9WX7N,0,400,400,v008
8W0XJ,288,763,475,v013
8W0XJ,273,763,490,v008
8W0XJ,247,391,144,v022
8W0XJ,0,228,228,v001
8W0XJ,333,763,430,v023
8W0XJ,0,208,208,v001
8W0XJ,333,763,430,v014
IUW9N,2,141,139,v001
IUW9N,76,728,652,v031
IUW9N,148,564,416,v003
IUW9N,422,686,264,v026
IUW9N,196,324,128,v006
IUW9N,0,139,139,v029
3H0PT,240,415,175,v012
3H0PT,0,98,98,v008
3H0PT,0,312,312,v005
3H0PT,199,321,122,v022
3H0PT,0,312,312,v018
3H0PT,252,393,141,v007
3H0PT,0,295,295,v031
3H0PT,319,419,100,v029
9JIHR,0,400,400,v010
9JIHR,316,494,178,v022
W6QUC,0,745,745,v010
W6QUC,79,532,453,v008
W6QUC,74,492,418,v030
W6QUC,81,295,214,v030
W6QUC,60,667,607,v026
XBXKO,727,880,153,v023
XBXKO,746,938,192,v016
XBXKO,48,312,264,v013
XBXKO,0,784,784,v008
XBXKO,0,784,784,v014
WYHPH,64,379,315,v008
WYHPH,276,379,103,v022
WYHPH,0,367,367,v018
GLH5S,129,388,259,v008
GLH5S,376,552,176,v020
GLH5S,9,132,123,v018
GLH5S,228,350,122,v016
GLH5S,568,708,140,v016
GLH5S,338,463,125,v008
GLH5S,108,235,127,v022
GLH5S,496,604,108,v016
GLH5S,115,696,581,v008
UU5XI,0,616,616,v006
UU5XI,628,729,101,v016
UU5XI,652,729,77,v029
UU5XI,626,729,103,v008
PK2F0,285,460,175,v001
PK2F0,76,230,154,v012
PK2F0,79,244,165,v012
PK2F0,4,288,284,v008
PK2F0,0,273,273,v016
PK2F0,412,580,168,v010
PK2F0,0,120,120,v029
PK2F0,122,283,161,v016
PK2F0,201,336,135,v001
PXKFK,547,855,308,v023
PXKFK,631,855,224,v008
PXKFK,624,784,160,v012
PXKFK,674,855,181,v029
7AH3L,506,804,298,v008
7AH3L,232,566,334,v010
7AH3L,321,518,197,v022
7AH3L,494,804,310,v026
C41G7,67,223,156,v031
C41G7,216,525,309,v008
C41G7,259,559,300,v016
C41G7,261,585,324,v025
C41G7,537,700,163,v026
C41G7,0,74,74,v026
OOOQT,0,716,716,v016
OOOQT,0,716,716,v023
OOOQT,31,716,685,v026
OOOQT,0,716,716,v012
O0C2Z,396,530,134,v023
O0C2Z,0,472,472,v016
O0C2Z,69,758,689,v027
O0C2Z,259,448,189,v030
O0C2Z,172,324,152,v016
O0C2Z,0,153,153,v029
O0C2Z,398,758,360,v008
O0C2Z,81,187,106,v027
OEBAH,0,220,220,v008
OEBAH,0,547,547,v008
OEBAH,240,376,136,v006
17AZ5,376,537,161,v001
17AZ5,391,756,365,v008
17AZ5,110,367,257,v003
17AZ5,252,367,115,v020
17AZ5,324,475,151,v012
17AZ5,19,199,180,v023
17AZ5,319,472,153,v012
17AZ5,324,537,213,v007
17AZ5,110,350,240,v016
YPZQ2,0,633,633,v008
YPZQ2,223,372,149,v023
YPZQ2,187,304,117,v029
MMKKS,0,742,742,v026
MMKKS,400,549,149,v023
MMKKS,456,564,108,v025
MMKKS,624,734,110,v016
BWKJB,0,264,264,v008
BWKJB,122,271,149,v016
BWKJB,0,266,266,v026
BWKJB,175,417,242,v008
BWKJB,196,417,221,v014
BWKJB,0,105,105,v023
BWKJB,139,273,134,v016
7OPHI,600,794,194,v001
7OPHI,0,175,175,v012
7OPHI,60,698,638,v014
7OPHI,722,794,72,v012
7OPHI,0,794,794,v032
R0207,0,798,798,v010
R0207,0,798,798,v014
R0207,144,798,654,v005
R0207,144,798,654,v005
R0207,681,798,117,v016
R0207,146,300,154,v023
R0207,0,139,139,v018
R0207,705,798,93,v016
R0207,338,468,130,v008
R0207,182,798,616,v008
R0207,132,290,158,v023
U75AZ,216,336,120,v016
U75AZ,384,504,120,v025
U75AZ,288,624,336,v023
U75AZ,288,624,336,v028
U75AZ,105,645,540,v028
MIV2M,36,156,120,v001
MIV2M,0,211,211,v008
MIV2M,432,561,129,v018
MIV2M,432,561,129,v018
MIV2M,0,72,72,v029
MIV2M,0,103,103,v012
MIV2M,153,271,118,v025
MIV2M,429,586,157,v018
MIV2M,232,453,221,v015
MIV2M,153,259,106,v016
HXSMP,158,325,167,v031
HXSMP,67,249,182,v001
HXSMP,177,325,148,v019
HXSMP,24,158,134,v029
HXSMP,180,325,145,v019
OVICR,588,732,144,v016
OVICR,0,492,492,v008
OVICR,0,357,357,v014
OVICR,271,511,240,v020
OVICR,0,733,733,v018
OVICR,448,733,285,v008
QGHR6,0,57,57,v008
QGHR6,0,57,57,v026
Z3DBQ,362,547,185,v025
Z3DBQ,112,256,144,v001
Z3DBQ,441,609,168,v019
Z3DBQ,64,537,473,v008
Z3DBQ,9,208,199,v012
Z3DBQ,355,537,182,v016
SL9ZD,112,448,336,v018
SL9ZD,0,112,112,v008
SL9ZD,0,132,132,v016
SL9ZD,336,532,196,v023
SL9ZD,86,252,166,v018
SL9ZD,350,547,197,v022
AZZVK,0,737,737,v008
AZZVK,0,737,737,v026
AZZVK,511,737,226,v026
FO2RD,0,698,698,v018
FO2RD,0,698,698,v008
FO2RD,21,446,425,v005
FO2RD,652,698,46,v032
MS3E8,67,724,657,v016
MS3E8,74,196,122,v023
MS3E8,199,326,127,v023
MS3E8,302,417,115,v023
MS3E8,129,252,123,v016
MS3E8,235,360,125,v016
MS3E8,0,168,168,v008
MS3E8,0,724,724,v016
MS3E8,0,153,153,v016
1X765,36,708,672,v014
1X765,0,679,679,v008
1X765,0,172,172,v005
1X765,0,884,884,v008
1X765,0,648,648,v005
1X765,720,884,164,v023
1X765,576,696,120,v022
1X765,0,688,688,v018
1X765,748,884,136,v008
1X765,0,884,884,v008
1X765,729,884,155,v030
1X765,717,884,167,v023
RGHXS,0,697,697,v008
RGHXS,0,697,697,v024
RGHXS,0,697,697,v030
VG9II,72,441,369,v004
VG9II,38,765,727,v018
VG9II,2,134,132,v018
VG9II,652,772,120,v022
VG9II,26,460,434,v008
VG9II,9,124,115,v023
EN80R,184,333,149,v008
EN80R,230,489,259,v005
EN80R,0,96,96,v002
EN80R,21,192,171,v020
HIOY0,664,856,192,v031
HIOY0,261,398,137,v018
HIOY0,0,314,314,v021
HIOY0,780,875,95,v009
HIOY0,765,875,110,v009
HIOY0,0,355,355,v010
HIOY0,340,480,140,v025
HIOY0,340,480,140,v025
HIOY0,261,424,163,v022
HIOY0,0,307,307,v000
LZ07A,451,727,276,v008
LZ07A,0,108,108,v003
LZ07A,0,516,516,v018
LZ07A,420,578,158,v022
LZ07A,16,384,368,v003
LZ07A,16,384,368,v016
LZ07A,465,681,216,v023
LZ07A,0,528,528,v008
XV8CH,468,624,156,v016
XV8CH,0,302,302,v002
XV8CH,403,518,115,v029
XV8CH,537,678,141,v031
JCKRL,136,808,672,v004
JCKRL,768,864,96,v016
JCKRL,98,864,766,v008
JCKRL,76,864,788,v023
JCKRL,0,187,187,v029
RANB1,0,785,785,v031
RANB1,0,785,785,v018
RANB1,0,528,528,v028
RANB1,465,621,156,v025
RANB1,496,621,125,v016
RANB1,463,785,322,v021
RANB1,439,785,346,v010
RANB1,312,614,302,v008
VIKQG,283,459,176,v023
VIKQG,228,459,231,v017
IR7CA,0,374,374,v026
IR7CA,196,360,164,v012
IR7CA,64,316,252,v020
IR7CA,0,110,110,v023
IR7CA,0,360,360,v016
IR7CA,276,684,408,v026
IR7CA,0,352,352,v008
K2L7F,343,747,404,v010
K2L7F,0,384,384,v008
K2L7F,72,336,264,v020
K2L7F,81,223,142,v029
JNWX7,237,878,641,v015
JNWX7,45,196,151,v012
JNWX7,888,1027,139,v001
JNWX7,775,940,165,v016
JNWX7,2,1183,1181,v008
JNWX7,880,1027,147,v001
WLOCV,276,453,177,v029
WLOCV,391,819,428,v008
WLOCV,480,819,339,v013
WLOCV,374,819,445,v031
94KP4,386,674,288,v027
94KP4,189,309,120,v016
94KP4,0,300,300,v005
94KP4,0,316,316,v008
94KP4,182,324,142,v016
94KP4,333,463,130,v027
94KP4,0,288,288,v008
1Y5H7,218,391,173,v008
1Y5H7,288,532,244,v016
1Y5H7,0,218,218,v008
1Y5H7,62,225,163,v023
1Y5H7,292,710,418,v026
KW4Y1,472,792,320,v030
KW4Y1,105,826,721,v031
KW4Y1,141,631,490,v003
KW4Y1,0,266,266,v028
KW4Y1,0,98,98,v029
KW4Y1,48,415,367,v008
WYYUD,0,321,321,v010
WYYUD,60,362,302,v000
WYYUD,60,362,302,v000
WYYUD,602,765,163,v025
WYYUD,273,807,534,v018
WYYUD,235,722,487,v028
WYYUD,640,807,167,v028
GKH4A,0,230,230,v008
GKH4A,549,698,149,v012
GKH4A,595,757,162,v023
GKH4A,345,604,259,v023
GKH4A,516,669,153,v016
GKH4A,172,400,228,v008
GKH4A,338,664,326,v008
GKH4A,160,403,243,v026
FLCZA,0,206,206,v004
FLCZA,0,206,206,v008
FLCZA,98,213,115,v016
FLCZA,122,257,135,v010
FLCZA,0,257,257,v018
1BUFQ,0,967,967,v031
1BUFQ,518,885,367,v032
1BUFQ,547,924,377,v018
1BUFQ,784,948,164,v022
1BUFQ,542,691,149,v018
1BUFQ,508,952,444,v008
1BUFQ,494,609,115,v023
1BUFQ,218,415,197,v020
KW3BO,0,422,422,v008
KW3BO,158,314,156,v004
KW3BO,247,367,120,v016
KW3BO,0,163,163,v005
KW3BO,0,98,98,v008
KW3BO,302,415,113,v016
KW3BO,0,124,124,v023
KW3BO,141,360,219,v008
KW3BO,112,247,135,v023
KW3BO,264,573,309,v009
KW3BO,0,156,156,v023
KW3BO,268,673,405,v019
KW3BO,309,432,123,v016
CO1S9,40,192,152,v023
CO1S9,93,240,147,v023
CO1S9,160,304,144,v017
CO1S9,62,177,115,v023
CO1S9,67,309,242,v008
N588B,427,566,139,v029
N588B,117,429,312,v001
N588B,336,559,223,v008
N588B,309,566,257,v023
N588B,408,547,139,v012
ZS1P1,297,470,173,v008
ZS1P1,590,844,254,v014
ZS1P1,763,883,120,v008
ZS1P1,763,907,144,v031
ZS1P1,446,571,125,v019
ZS1P1,0,958,958,v018
ZS1P1,24,144,120,v019
2H5YP,1214,1418,204,v031
2H5YP,1305,1418,113,v006
2H5YP,108,700,592,v026
I6AZD,0,300,300,v021
I6AZD,312,465,153,v028
I6AZD,499,721,222,v010
I6AZD,0,307,307,v018
I6AZD,446,595,149,v018
I6AZD,139,321,182,v022
I6AZD,0,285,285,v008
I6AZD,146,333,187,v016
99DTF,235,381,146,v008
99DTF,273,381,108,v008
99DTF,148,381,233,v014
QDINO,0,424,424,v021
QDINO,0,611,611,v018
QDINO,463,611,148,v020
QDINO,0,379,379,v008
QDINO,0,611,611,v018
QDINO,0,372,372,v021
QDINO,288,422,134,v016
3CPVF,0,720,720,v008
3CPVF,355,720,365,v010
3CPVF,340,720,380,v008
3CPVF,223,362,139,v018
3CPVF,21,362,341,v026
3CPVF,254,720,466,v014
3CPVF,384,720,336,v010
QIQXR,379,1528,1149,v008
QIQXR,72,381,309,v003
QIQXR,626,1473,847,v026
QIQXR,55,396,341,v016
SXYLN,81,566,485,v005
SXYLN,0,129,129,v008
SXYLN,477,616,139,v025
SXYLN,84,564,480,v005
SXYLN,9,148,139,v016
SXYLN,4,151,147,v016
SXYLN,0,158,158,v025
SXYLN,669,718,49,v023
SXYLN,669,718,49,v008
SXYLN,669,718,49,v008
I6B5D,0,915,915,v008
I6B5D,0,915,915,v008
I6B5D,0,915,915,v008
MJX48,444,564,120,v025
MJX48,148,367,219,v016
MJX48,196,345,149,v025
MJX48,57,211,154,v023
MJX48,24,153,129,v031
MJX48,199,324,125,v008
MJX48,76,554,478,v008
MJX48,151,345,194,v023
MJX48,105,237,132,v012
MJX48,439,571,132,v016
YMGGV,489,680,191,v021
YMGGV,0,360,360,v031
YMGGV,379,511,132,v018
YMGGV,204,331,127,v022
YMGGV,36,148,112,v019
YMGGV,280,429,149,v023
YMGGV,0,136,136,v018
YMGGV,333,528,195,v008
J39ZC,501,631,130,v008
J39ZC,619,845,226,v005
J39ZC,0,845,845,v008
C5BMA,333,607,274,v005
C5BMA,216,799,583,v008
C5BMA,696,804,108,v016
C5BMA,338,547,209,v005
C5BMA,16,180,164,v029
C5BMA,691,804,113,v025
C5BMA,249,703,454,v008
2INEX,165,736,571,v018
2INEX,74,213,139,v016
2INEX,31,199,168,v008
2INEX,194,691,497,v016
2INEX,194,691,497,v025
2INEX,134,285,151,v018
2INEX,194,691,497,v023
2INEX,112,235,123,v016
2INEX,0,172,172,v029
2INEX,31,199,168,v008
2INEX,662,868,206,v022
GV40M,127,283,156,v000
GV40M,472,569,97,v022
GV40M,0,312,312,v021
GV40M,242,400,158,v020
GV40M,369,569,200,v008
D8QFD,0,731,731,v014
D8QFD,0,204,204,v019
D8QFD,0,731,731,v018
D8QFD,0,731,731,v008
0YXN6,0,516,516,v008
0YXN6,422,669,247,v020
0YXN6,0,516,516,v018
0YXN6,261,508,247,v019
0YXN6,0,508,508,v031
0YXN6,0,508,508,v008
0YXN6,261,508,247,v019
0YXN6,261,754,493,v009
J12SC,388,624,236,v008
J12SC,249,513,264,v023
J12SC,208,475,267,v008
J12SC,264,436,172,v012
J12SC,187,364,177,v023
J12SC,0,266,266,v028
J12SC,259,523,264,v023
J12SC,372,513,141,v016
J12SC,487,624,137,v013
J12SC,33,170,137,v016
J12SC,386,624,238,v014
J12SC,0,624,624,v018
H2ZYY,165,326,161,v001
H2ZYY,0,165,165,v012
H2ZYY,57,208,151,v028
H2ZYY,96,244,148,v025
H2ZYY,218,427,209,v023
H2ZYY,326,477,151,v025
H2ZYY,79,189,110,v023
H2ZYY,93,216,123,v008
H2ZYY,122,242,120,v025
WMBOO,172,727,555,v016
WMBOO,168,732,564,v016
WMBOO,0,800,800,v018
WMBOO,4,180,176,v012
WMBOO,103,475,372,v016
WMBOO,636,763,127,v001
WMBOO,679,800,121,v022
WMBOO,4,175,171,v012
WMBOO,100,736,636,v026
WMBOO,100,712,612,v016
3C36H,14,782,768,v018
3C36H,0,782,782,v008
3C36H,12,736,724,v032
3C36H,0,782,782,v008
3C36H,74,240,166,v012
3C36H,0,122,122,v018
3C36H,657,782,125,v022
ZYVTC,415,924,509,v012
ZYVTC,410,741,331,v031
ZYVTC,93,400,307,v023
ZYVTC,177,391,214,v005
ZYVTC,31,180,149,v018
ZYVTC,823,938,115,v022
ZYVTC,120,400,280,v008
ZYVTC,300,405,105,v016
ZYVTC,415,751,336,v032
ZYVTC,528,672,144,v006
ZYVTC,50,914,864,v018
ZYVTC,31,912,881,v018
ZYVTC,408,804,396,v032
ZYVTC,693,914,221,v014
J40UT,0,132,132,v004
J40UT,0,266,266,v008
9HGNV,108,763,655,v008
9HGNV,100,763,663,v021
9HGNV,81,763,682,v008
9HGNV,81,763,682,v021
9HGNV,134,273,139,v029
HQZ29,405,585,180,v008
HQZ29,338,456,118,v016
HQZ29,482,631,149,v016
LW5O6,230,376,146,v008
LW5O6,0,314,314,v008
LW5O6,175,376,201,v019
LW5O6,228,376,148,v023
LW5O6,230,376,146,v026
LW5O6,0,324,324,v026
PKEZI,132,664,532,v005
PKEZI,698,927,229,v028
PKEZI,0,645,645,v018
PKEZI,0,674,674,v008
PKEZI,127,660,533,v008
PKEZI,684,927,243,v022
PKEZI,504,660,156,v001
PKEZI,535,688,153,v016
PKEZI,12,182,170,v012
PKEZI,7,679,672,v031
PKEZI,0,103,103,v023
PKEZI,0,828,828,v023
PKEZI,688,927,239,v008
PKEZI,679,927,248,v023
ZHLLU,0,600,600,v008
ZHLLU,259,600,341,v021
ZHLLU,0,600,600,v018
ZHLLU,43,379,336,v031
ZHLLU,177,302,125,v020
F50DT,0,768,768,v008
F50DT,0,768,768,v008
F50DT,0,768,768,v019
F50DT,0,768,768,v013
F50DT,0,768,768,v014
F50DT,0,768,768,v009
H3E1E,177,722,545,v031
H3E1E,0,146,146,v004
H3E1E,108,734,626,v012
H3E1E,0,187,187,v008
H3E1E,314,532,218,v008
H3E1E,0,672,672,v016
H3E1E,108,724,616,v008
H3E1E,98,736,638,v023
CXSYS,0,309,309,v008
CXSYS,0,338,338,v018
CXSYS,312,562,250,v002
CXSYS,129,242,113,v016
CXSYS,134,264,130,v022
JL3VT,120,466,346,v008
JL3VT,79,249,170,v023
JL3VT,79,206,127,v023
JL3VT,357,466,109,v016
JL3VT,108,408,300,v008
7P0HA,516,622,106,v008
7P0HA,170,448,278,v030
7P0HA,117,247,130,v016
7P0HA,540,622,82,v021
7P0HA,16,151,135,v008
7P0HA,496,616,120,v023
2XG25,355,583,228,v031
2XG25,0,117,117,v000
2XG25,0,264,264,v000
2XG25,532,700,168,v023
2XG25,535,715,180,v008
MD6P2,336,715,379,v001
MD6P2,0,211,211,v005
MD6P2,0,139,139,v008
MD6P2,120,321,201,v012
MD6P2,122,535,413,v008
MD6P2,316,691,375,v005
MD6P2,168,312,144,v005
MD6P2,278,458,180,v008
MD6P2,230,703,473,v026
MD6P2,340,463,123,v016
YYMLT,84,749,665,v031
YYMLT,621,749,128,v009
YYMLT,379,496,117,v019
V1PRP,496,707,211,v008
V1PRP,228,381,153,v018
V1PRP,271,391,120,v022
V1PRP,0,355,355,v018
V1PRP,460,707,247,v026
X1R6D,146,574,428,v030
X1R6D,52,213,161,v001
X1R6D,52,211,159,v007
X1R6D,0,129,129,v029
29LL7,64,758,694,v008
29LL7,230,388,158,v009
29LL7,232,513,281,v019
29LL7,194,422,228,v008
29LL7,494,691,197,v029
29LL7,194,324,130,v023
0OUEP,201,448,247,v004
0OUEP,0,600,600,v018
0OUEP,628,777,149,v001
0OUEP,501,710,209,v022
0OUEP,40,249,209,v014
0OUEP,655,777,122,v001
0OUEP,0,638,638,v018
0OUEP,446,612,166,v019
0OUEP,64,254,190,v008
705RV,103,508,405,v008
705RV,372,523,151,v016
705RV,43,225,182,v012
705RV,19,484,465,v023
705RV,434,645,211,v005
705RV,0,484,484,v011
705RV,0,727,727,v022
705RV,0,156,156,v008
705RV,0,228,228,v023
705RV,453,708,255,v005
705RV,420,727,307,v008
FKZTG,571,731,160,v008
FKZTG,300,544,244,v008
FKZTG,357,544,187,v008
FKZTG,580,720,140,v017
HOI88,100,559,459,v016
HOI88,256,417,161,v008
HOI88,508,698,190,v018
HOI88,280,518,238,v018
HOI88,508,820,312,v018
HOI88,62,765,703,v018
HOI88,0,820,820,v021
HOI88,669,820,151,v022
SBMQX,0,728,728,v004
SBMQX,0,728,728,v008
SBMQX,0,201,201,v008
CYLQ0,189,367,178,v008
CYLQ0,362,554,192,v023
CYLQ0,290,506,216,v001
CYLQ0,50,249,199,v012
CYLQ0,244,696,452,v029
AEZDA,0,309,309,v008
AEZDA,237,434,197,v008
AEZDA,0,228,228,v005
AEZDA,0,304,304,v008
AEZDA,175,312,137,v025
AEZDA,247,841,594,v008
AEZDA,175,312,137,v016
AEZDA,132,326,194,v016
2BUDH,496,612,116,v015
2BUDH,280,420,140,v018
2BUDH,192,338,146,v016
2BUDH,328,717,389,v018
2BUDH,96,288,192,v008
2BUDH,482,717,235,v008
2BUDH,105,434,329,v023
2BUDH,316,717,401,v018
2BUDH,516,717,201,v004
2BUDH,91,398,307,v016
2BUDH,259,400,141,v016
2ZFG4,33,569,536,v030
W2TL1,0,743,743,v025
W2TL1,0,743,743,v008
G7LU9,324,568,244,v007
G7LU9,240,412,172,v001
G7LU9,120,326,206,v012
G7LU9,268,379,111,v029
WEYV3,0,703,703,v032
WEYV3,348,576,228,v014
WEYV3,0,132,132,v005
WEYV3,0,93,93,v005
WEYV3,0,300,300,v014
WEYV3,0,703,703,v018
WEYV3,0,703,703,v008
WEYV3,0,703,703,v008
WEYV3,451,703,252,v024
WEYV3,338,703,365,v008
BIK4X,57,139,82,v023
BIK4X,0,139,139,v008
BIK4X,0,139,139,v005
BIK4X,0,139,139,v018
BIK4X,0,139,139,v005
E7ESG,628,755,127,v031
E7ESG,338,487,149,v014
E7ESG,319,444,125,v023
E7ESG,408,573,165,v022
E7ESG,583,755,172,v012
E7ESG,266,686,420,v008
E7ESG,523,732,209,v016
E7ESG,285,489,204,v000
E7ESG,564,739,175,v018
E7ESG,0,566,566,v010
E7ESG,621,755,134,v032
E7ESG,609,755,146,v018
E7ESG,616,755,139,v018
E7ESG,667,755,88,v032
KZK6W,0,151,151,v004
KZK6W,127,405,278,v004
KZK6W,208,532,324,v016
KZK6W,352,729,377,v023
KZK6W,352,852,500,v002
KZK6W,208,571,363,v002
A4SR3,0,508,508,v008
A4SR3,410,571,161,v016
A4SR3,0,393,393,v005
A4SR3,295,722,427,v009
A4SR3,0,722,722,v018
A4SR3,319,722,403,v019
A4SR3,0,559,559,v008
CD11G,235,388,153,v005
CD11G,120,285,165,v012
CD11G,100,431,331,v012
CD11G,0,184,184,v002
CD11G,328,431,103,v001
CD11G,43,216,173,v008
0MFAM,532,751,219,v008
0MFAM,549,679,130,v023
OVH9Y,0,475,475,v010
OVH9Y,446,771,325,v008
OVH9Y,492,771,279,v022
OVH9Y,4,465,461,v031
OVH9Y,429,771,342,v026
3W5GB,343,612,269,v008
3W5GB,324,446,122,v023
3W5GB,496,619,123,v025
3W5GB,624,738,114,v019
3W5GB,338,460,122,v023
3W5GB,496,616,120,v025
3W5GB,0,453,453,v026
EASCD,276,585,309,v004
EASCD,249,576,327,v008
EASCD,151,849,698,v008
EASCD,0,840,840,v018
EASCD,415,724,309,v016
EASCD,475,775,300,v026
EASCD,410,600,190,v016
EASCD,300,600,300,v023
EASCD,300,600,300,v016
EASCD,0,873,873,v018
EASCD,300,600,300,v015
EASCD,314,585,271,v008
EASCD,758,900,142,v022
EASCD,76,211,135,v023
EASCD,0,854,854,v018
O1LOW,38,223,185,v012
O1LOW,352,547,195,v016
O1LOW,187,602,415,v026
O1LOW,554,674,120,v016
O1LOW,192,648,456,v008
O1LOW,360,650,290,v016
O1LOW,199,662,463,v023
O1LOW,199,662,463,v008
O1LOW,225,422,197,v023
3BVG1,0,494,494,v008
3BVG1,280,715,435,v018
3BVG1,96,288,192,v029
3BVG1,386,520,134,v016
3BVG1,441,578,137,v007
3BVG1,501,638,137,v001
P5SWU,19,453,434,v008
P5SWU,0,518,518,v021
P5SWU,7,144,137,v023
P5SWU,0,453,453,v018
P5SWU,470,674,204,v031
7B1CR,400,668,268,v004
7B1CR,0,668,668,v008
7B1CR,0,568,568,v008
7B1CR,247,408,161,v020
7B1CR,0,463,463,v014
7B1CR,264,458,194,v016
2JKR8,2,523,521,v026
2JKR8,528,773,245,v016
2JKR8,667,773,106,v029
2JKR8,559,773,214,v008
2JKR8,528,773,245,v023
2JKR8,136,597,461,v016
2JKR8,124,441,317,v026
WJFGC,249,417,168,v023
WJFGC,0,547,547,v008
WJFGC,235,374,139,v012
WJFGC,386,508,122,v018
WJFGC,391,860,469,v018
ON2VH,434,568,134,v023
ON2VH,0,504,504,v002
ON2VH,513,726,213,v008
ON2VH,444,726,282,v008
FN457,424,769,345,v008
FN457,0,436,436,v031
FN457,0,168,168,v019
FN457,429,769,340,v031
WOD0G,0,740,740,v008
WOD0G,259,484,225,v016
WOD0G,0,480,480,v008
WOD0G,259,484,225,v016
WOD0G,259,484,225,v025
WOD0G,0,333,333,v029
WOD0G,348,477,129,v025
J4GX8,398,532,134,v005
J4GX8,451,655,204,v004
J4GX8,0,139,139,v020
J4GX8,0,201,201,v008
J4GX8,86,192,106,v016
J4GX8,379,669,290,v008
YJ2CM,0,547,547,v008
3SIOT,0,160,160,v025
3SIOT,0,726,726,v008
3SIOT,0,726,726,v009
3SIOT,0,726,726,v008
WXUZK,412,580,168,v021
WXUZK,415,714,299,v010
WXUZK,0,352,352,v028
WXUZK,45,266,221,v025
WXUZK,33,208,175,v008
WXUZK,24,208,184,v016
GXIWH,660,827,167,v004
GXIWH,232,827,595,v008
GXIWH,180,386,206,v023
GXIWH,0,316,316,v019
GXIWH,348,763,415,v015
GXIWH,312,458,146,v016
H40VV,134,405,271,v008
H40VV,33,280,247,v012
H40VV,453,592,139,v001
H40VV,170,297,127,v023
V7KBN,67,230,163,v008
V7KBN,247,518,271,v015
V7KBN,36,156,120,v023
V7KBN,117,252,135,v016
7W1ZI,444,590,146,v001
7W1ZI,0,616,616,v018
7W1ZI,520,645,125,v022
7W1ZI,513,696,183,v016
29T54,472,676,204,v016
29T54,554,676,122,v025
29T54,26,189,163,v022
29T54,0,153,153,v018
29T54,290,463,173,v012
29T54,69,410,341,v008
29T54,93,561,468,v028
29T54,292,470,178,v012
29T54,468,676,208,v023
29T54,316,456,140,v007
A9BDS,242,773,531,v018
A9BDS,55,201,146,v008
A9BDS,235,376,141,v018
A9BDS,264,773,509,v008
A9BDS,254,384,130,v023
A9BDS,396,508,112,v023
A9BDS,175,350,175,v016
A9BDS,21,175,154,v023
A9BDS,256,773,517,v018
A9BDS,477,756,279,v004
A9BDS,216,338,122,v016
A9BDS,388,508,120,v016
A9BDS,324,472,148,v015
A9BDS,388,508,120,v016
A9BDS,261,492,231,v008
PTA97,326,693,367,v016
PTA97,0,328,328,v006
PTA97,230,393,163,v026
PTA97,264,693,429,v026
PTA97,364,516,152,v016
PTA97,465,607,142,v016
PTA97,256,451,195,v023
PTA97,264,693,429,v008
MUAR4,0,621,621,v014
MUAR4,0,710,710,v018
MUAR4,0,696,696,v018
MUAR4,0,624,624,v032
MUAR4,576,720,144,v022
VSWNF,0,839,839,v021
VSWNF,417,839,422,v016
VSWNF,192,295,103,v012
VSWNF,194,312,118,v008
VSWNF,228,345,117,v001
VSWNF,132,249,117,v023
VSWNF,636,732,96,v023
VSWNF,144,300,156,v008
VSWNF,220,379,159,v023
VSWNF,165,542,377,v016
9FBAP,148,264,116,v001
9FBAP,48,177,129,v012
9FBAP,141,453,312,v008
9FBAP,108,232,124,v023
U6KQ7,0,120,120,v023
U6KQ7,115,271,156,v012
U6KQ7,0,98,98,v005
U6KQ7,100,297,197,v029
U6KQ7,213,339,126,v001
U6KQ7,67,201,134,v022
U6KQ7,0,339,339,v018
U6KQ7,0,339,339,v018
U6KQ7,0,182,182,v016
F76GD,103,300,197,v025
F76GD,283,477,194,v004
F76GD,208,343,135,v022
F76GD,84,292,208,v028
F76GD,475,844,369,v030
F76GD,16,163,147,v018
F76GD,268,499,231,v008
F76GD,256,379,123,v023
F76GD,372,489,117,v016
WT9CR,36,187,151,v012
WT9CR,376,554,178,v022
WT9CR,0,767,767,v014
WT9CR,492,767,275,v013
WT9CR,0,767,767,v008
WT9CR,0,767,767,v018
T03KF,254,470,216,v025
T03KF,518,747,229,v008
T03KF,208,324,116,v012
T03KF,254,470,216,v025
T03KF,518,747,229,v005
T03KF,74,302,228,v031
T03KF,254,357,103,v023
FCBEQ,0,206,206,v008
FCBEQ,110,312,202,v016
FCBEQ,0,67,67,v023
FCBEQ,266,776,510,v031
FCBEQ,98,312,214,v015
IA5TC,55,295,240,v008
IA5TC,302,482,180,v016
IA5TC,633,738,105,v001
IA5TC,91,235,144,v029
IA5TC,213,369,156,v007
IA5TC,218,362,144,v012
IA5TC,290,624,334,v026
IA5TC,136,288,152,v016
IA5TC,290,516,226,v016
IA5TC,283,403,120,v023
IA5TC,307,705,398,v026
IA5TC,218,364,146,v012
IA5TC,0,446,446,v029
IA5TC,612,738,126,v001
IA5TC,576,738,162,v007
IA5TC,62,738,676,v012
IA5TC,184,480,296,v026
YXPTI,0,357,357,v008
YXPTI,0,350,350,v014
YXPTI,252,523,271,v016
YXPTI,31,297,266,v016
YXPTI,0,665,665,v030
FBIVN,117,489,372,v008
FBIVN,105,302,197,v023
FBIVN,38,247,209,v001
FBIVN,57,235,178,v007
FBIVN,40,223,183,v029
1RHDP,290,451,161,v008
1RHDP,295,448,153,v023
1RHDP,0,379,379,v008
1RHDP,0,384,384,v026
J6L8A,0,808,808,v008
J6L8A,552,679,127,v016
J6L8A,645,777,132,v016
J6L8A,388,652,264,v002
J6L8A,345,470,125,v023
J6L8A,360,672,312,v008
J6L8A,559,684,125,v016
J6L8A,621,777,156,v023
D19IR,247,621,374,v008
D19IR,559,745,186,v026
D19IR,276,434,158,v022
D19IR,530,745,215,v026
D19IR,384,528,144,v029
4SN6Z,117,292,175,v016
4SN6Z,0,139,139,v022
4SN6Z,374,504,130,v001
4SN6Z,0,115,115,v018
4SN6Z,314,477,163,v016
4SN6Z,319,489,170,v016
4SN6Z,302,427,125,v012
M1P59,0,391,391,v008
M1P59,410,707,297,v008
M1P59,328,707,379,v008
M1P59,0,391,391,v005
M1P59,0,376,376,v014
M1P59,278,592,314,v023
M1P59,300,456,156,v023
M1P59,98,259,161,v023
M1P59,98,259,161,v023
M1B7N,292,441,149,v012
M1B7N,31,340,309,v002
M1B7N,350,451,101,v023
M1B7N,492,669,177,v023
M1B7N,501,697,196,v004
M1B7N,283,386,103,v007
M1B7N,290,439,149,v012
M1B7N,422,561,139,v016
ZL7E9,0,402,402,v008
ZL7E9,0,402,402,v002
ZL7E9,2,180,178,v008
ZL7E9,7,230,223,v009
ZL7E9,0,230,230,v019
ZL7E9,199,402,203,v005
88LYX,0,208,208,v002
88LYX,204,393,189,v030
88LYX,556,698,142,v008
S2RIQ,0,98,98,v016
S2RIQ,0,287,287,v002
IVJWH,38,168,130,v025
IVJWH,256,535,279,v020
X1RBM,0,472,472,v008
X1RBM,501,815,314,v005
X1RBM,405,525,120,v022
X1RBM,628,815,187,v016
X1RBM,703,815,112,v016
X1RBM,489,815,326,v008
X1RBM,513,815,302,v005
X1RBM,477,621,144,v023
48CYX,391,542,151,v008
48CYX,420,530,110,v023
48CYX,0,175,175,v028
48CYX,0,499,499,v031
48CYX,134,266,132,v028
48CYX,163,278,115,v016
48CYX,211,448,237,v030
48CYX,33,259,226,v008
3SDJE,168,338,170,v001
3SDJE,0,489,489,v008
3SDJE,331,484,153,v016
3SDJE,0,309,309,v031
3SDJE,0,312,312,v002
3SDJE,458,648,190,v001
3SDJE,316,441,125,v012
3SDJE,345,506,161,v016
SPKSE,0,633,633,v008
SPKSE,501,648,147,v025
SPKSE,0,676,676,v008
SPKSE,64,676,612,v024
SPKSE,532,676,144,v029
SPKSE,0,655,655,v008
UGMJZ,0,759,759,v008
UGMJZ,273,759,486,v023
UGMJZ,96,235,139,v016
UGMJZ,148,280,132,v025
UGMJZ,192,316,124,v023
UGMJZ,184,328,144,v023
UGMJZ,28,151,123,v031
N7AOK,504,731,227,v023
N7AOK,321,578,257,v025
N7AOK,508,643,135,v016
N7AOK,9,172,163,v029
N7AOK,427,600,173,v008
M5C5L,14,314,300,v019
M5C5L,352,760,408,v002
5IOQB,0,523,523,v031
5IOQB,427,612,185,v004
5IOQB,216,480,264,v009
5IOQB,0,683,683,v018
5IOQB,0,683,683,v008
5IOQB,0,683,683,v014
5IOQB,228,504,276,v019
5IOQB,338,660,322,v008
1DYYP,81,585,504,v006
1DYYP,76,592,516,v031
1DYYP,0,252,252,v026
1DYYP,0,319,319,v026
5QJNP,314,444,130,v001
5QJNP,139,283,144,v001
5QJNP,93,223,130,v012
5QJNP,199,410,211,v012
5QJNP,636,787,151,v004
I2DHG,0,273,273,v016
I2DHG,218,499,281,v010
I2DHG,223,544,321,v008
I2DHG,472,740,268,v019
I2DHG,0,124,124,v029
I2DHG,314,561,247,v004
I2DHG,19,273,254,v028
I2DHG,156,259,103,v025
X42YA,343,775,432,v018
X42YA,0,360,360,v017
X42YA,0,64,64,v022
X42YA,31,180,149,v012
X42YA,295,456,161,v018
X42YA,364,772,408,v003
X42YA,52,192,140,v029
X42YA,79,244,165,v001
A5YR8,134,256,122,v001
A5YR8,40,158,118,v012
A5YR8,120,295,175,v008
A5YR8,24,141,117,v012
A5YR8,120,244,124,v001
NM65M,139,379,240,v008
NM65M,120,379,259,v021
NM65M,103,249,146,v023
NM65M,297,379,82,v016
NM65M,290,379,89,v025
NM65M,141,379,238,v021
NM65M,302,379,77,v016
NM65M,302,379,77,v016
NM65M,115,379,264,v008
HKM3R,0,745,745,v018
HKM3R,0,745,745,v031
HKM3R,0,745,745,v014
HKM3R,0,745,745,v005
RXLKF,571,688,117,v001
RXLKF,612,724,112,v016
RXLKF,708,871,163,v004
RXLKF,103,724,621,v008
RXLKF,360,628,268,v019
RXLKF,153,688,535,v031
RXLKF,648,895,247,v008
RXLKF,0,915,915,v008
RXLKF,129,364,235,v012
RXLKF,0,79,79,v023
RXLKF,43,225,182,v018
RXLKF,648,784,136,v023
RXLKF,662,784,122,v016
RXLKF,62,220,158,v018
RXLKF,0,98,98,v021
KWONB,520,711,191,v008
KWONB,0,151,151,v012
KWONB,0,144,144,v012
KWONB,132,523,391,v026
KWONB,470,609,139,v023
KWONB,48,201,153,v025
KWONB,115,528,413,v026
KWONB,439,686,247,v023
KWONB,590,711,121,v001
KWONB,115,528,413,v026
KWONB,48,201,153,v008
1RB92,0,832,832,v014
1RB92,64,763,699,v008
1RB92,0,832,832,v005
1RB92,64,770,706,v026
1RB92,0,292,292,v031
YORQM,405,577,172,v031
YORQM,84,408,324,v029
YORQM,432,577,145,v012
40TYU,232,350,118,v025
40TYU,0,644,644,v018
40TYU,91,312,221,v016
40TYU,0,644,644,v018
40TYU,273,644,371,v008
IJWV9,0,62,62,v008
IJWV9,0,1176,1176,v004
IJWV9,0,62,62,v018
8APDH,0,336,336,v002
8APDH,0,622,622,v008
8APDH,319,532,213,v016
8APDH,0,62,62,v023
TMA9G,124,348,224,v012
TMA9G,120,362,242,v016
TMA9G,472,612,140,v001
TMA9G,31,324,293,v008
TMA9G,280,412,132,v023
TMA9G,468,607,139,v001
TMA9G,108,362,254,v012
TMA9G,55,170,115,v029
GT53K,172,643,471,v008
GT53K,144,288,144,v027
GT53K,206,643,437,v005
GT53K,0,643,643,v008
19PNV,0,422,422,v031
19PNV,350,820,470,v008
19PNV,345,820,475,v021
19PNV,350,820,470,v008
19PNV,350,820,470,v021
19PNV,352,511,159,v023
MD6C0,0,141,141,v029
MD6C0,112,978,866,v030
MD6C0,0,151,151,v012
MD6C0,93,978,885,v026
MD6C0,141,978,837,v030
MD6C0,26,184,158,v001
MD6C0,112,978,866,v030
QO1TO,48,798,750,v032
QO1TO,0,798,798,v008
QO1TO,331,798,467,v032
QO1TO,76,235,159,v031
QO1TO,182,384,202,v014
9QMRD,0,755,755,v020
9QMRD,0,755,755,v031
ZXHLY,48,384,336,v015
ZXHLY,48,384,336,v030
ZXHLY,0,480,480,v008
ZXHLY,362,499,137,v016
ZXHLY,511,626,115,v012
ZXHLY,103,261,158,v030
ZXHLY,376,504,128,v016
NVGDG,304,774,470,v008
NVGDG,0,357,357,v021
NVGDG,691,774,83,v026
NVGDG,0,307,307,v010
NVGDG,336,763,427,v016
NVGDG,400,774,374,v026
NVGDG,40,364,324,v000
NVGDG,307,463,156,v022
NVGDG,235,403,168,v018
NVGDG,312,415,103,v023
3ZHEX,175,348,173,v005
3ZHEX,0,127,127,v012
3ZHEX,33,225,192,v001
3ZHEX,0,600,600,v008
3ZHEX,0,600,600,v008
3ZHEX,2,170,168,v004
3ZHEX,0,600,600,v008
NR94C,326,763,437,v008
NR94C,513,763,250,v031
NR94C,376,564,188,v023
NR94C,9,472,463,v003
NR94C,0,228,228,v023
1U9TF,88,379,291,v008
1U9TF,240,465,225,v020
HS3XP,230,304,74,v027
HS3XP,0,304,304,v022
HS3XP,0,276,276,v031
370X8,0,709,709,v008
370X8,0,709,709,v024
370X8,0,709,709,v014
370X8,16,709,693,v019
370X8,0,709,709,v032
LOSLI,192,338,146,v016
LOSLI,187,336,149,v016
LOSLI,134,338,204,v023
LOSLI,146,278,132,v026
LOSLI,249,372,123,v020
LOSLI,297,432,135,v020
24XHS,91,352,261,v005
24XHS,487,631,144,v012
24XHS,384,578,194,v009
24XHS,372,814,442,v019
24XHS,650,780,130,v001
24XHS,0,698,698,v008
73NG4,136,314,178,v015
73NG4,340,480,140,v001
73NG4,506,667,161,v018
73NG4,0,139,139,v012
73NG4,525,770,245,v018
73NG4,144,297,153,v016
73NG4,578,736,158,v004
73NG4,372,770,398,v008
73NG4,520,770,250,v018
73NG4,62,187,125,v023
409X2,139,648,509,v018
409X2,144,660,516,v021
409X2,88,244,156,v018
409X2,535,669,134,v022
409X2,163,714,551,v028
409X2,26,247,221,v008
409X2,31,254,223,v023
5GEJS,96,336,240,v025
5GEJS,0,307,307,v010
5GEJS,331,468,137,v022
5GEJS,499,715,216,v016
5GEJS,136,302,166,v016
5GEJS,410,763,353,v008
5GEJS,432,648,216,v023
2XT4N,14,396,382,v026
2XT4N,326,453,127,v017
2XT4N,309,417,108,v027
2XT4N,14,376,362,v016
NEM29,96,427,331,v031
NEM29,0,124,124,v028
NEM29,196,590,394,v005
NEM29,295,633,338,v023
NEM29,340,779,439,v018
NEM29,333,779,446,v008
NEM29,331,779,448,v008
NEM29,184,348,164,v025
NEM29,333,460,127,v018
NEM29,451,636,185,v012
NEM29,537,679,142,v023
NEM29,307,453,146,v023
JCGWC,108,582,474,v002
JCGWC,0,168,168,v001
JCGWC,225,582,357,v008
YT3VH,0,504,504,v031
YT3VH,0,504,504,v014
YT3VH,480,699,219,v010
YT3VH,0,504,504,v018
EDKXT,254,329,75,v004
EDKXT,84,266,182,v016
EDKXT,81,266,185,v016
EDKXT,189,329,140,v008
EDKXT,0,148,148,v028
EDKXT,0,201,201,v008
EDKXT,211,329,118,v031
4JWAH,81,737,656,v008
4JWAH,81,336,255,v023
4JWAH,324,737,413,v014
4JWAH,309,441,132,v023
4JWAH,4,737,733,v018
4JWAH,163,420,257,v016
4JWAH,338,737,399,v008
4JWAH,0,139,139,v018
4DWGO,300,757,457,v003
4DWGO,379,757,378,v003
4DWGO,290,400,110,v018
4DWGO,297,757,460,v018
4DWGO,172,295,123,v016
4DWGO,0,115,115,v016
4DWGO,0,112,112,v029
4DWGO,405,757,352,v019
4DWGO,0,283,283,v008
KU3WI,146,571,425,v031
KU3WI,21,211,190,v001
KU3WI,0,136,136,v012
KU3WI,0,571,571,v008
KU3WI,0,172,172,v007
KU3WI,0,165,165,v029
YUEB9,504,705,201,v031
YUEB9,278,525,247,v020
YUEB9,0,542,542,v018
YUEB9,424,628,204,v022
YUEB9,0,218,218,v012
YUEB9,0,559,559,v018
YUEB9,4,554,550,v031
YUEB9,0,535,535,v005
S3TR3,0,583,583,v008
S3TR3,516,796,280,v028
S3TR3,240,417,177,v020
S3TR3,516,796,280,v023
S3TR3,456,648,192,v018
K71S1,0,134,134,v012
K71S1,31,223,192,v016
K71S1,290,643,353,v022
K71S1,120,439,319,v016
K71S1,283,436,153,v008
K71S1,19,583,564,v018
K71S1,0,127,127,v018
K71S1,110,235,125,v023
K71S1,283,516,233,v016
K71S1,242,357,115,v023
K71S1,292,501,209,v026
X8I9J,0,218,218,v009
X8I9J,184,516,332,v016
X8I9J,184,523,339,v025
X8I9J,177,544,367,v028
X8I9J,0,211,211,v019
X8I9J,0,110,110,v001
NV1M1,0,96,96,v008
NV1M1,0,76,76,v008
NV1M1,0,76,76,v017
NV1M1,0,96,96,v026
OA9W5,0,300,300,v008
OA9W5,201,828,627,v008
OA9W5,216,379,163,v023
OA9W5,0,98,98,v019
OA9W5,0,297,297,v005
OA9W5,158,288,130,v016
OA9W5,278,446,168,v012
OA9W5,278,828,550,v031
OA9W5,0,276,276,v005
OA9W5,0,105,105,v008
OA9W5,196,309,113,v016
OA9W5,0,72,72,v023
OA9W5,760,828,68,v001
G5LEA,21,338,317,v008
G5LEA,189,367,178,v016
G5LEA,0,208,208,v026
G5LEA,314,535,221,v001
G5LEA,156,312,156,v012
G5LEA,165,360,195,v016
A4K1X,60,220,160,v023
A4K1X,259,621,362,v023
A4K1X,576,717,141,v016
A4K1X,79,204,125,v023
A4K1X,74,721,647,v008
A4K1X,151,271,120,v008
A4K1X,28,134,106,v029
A4K1X,484,602,118,v008
A4K1X,525,638,113,v023
Y98NJ,0,62,62,v013
Y98NJ,0,62,62,v009
Y98NJ,0,62,62,v008
VSO80,177,309,132,v001
VSO80,470,757,287,v018
VSO80,122,300,178,v023
VSO80,196,757,561,v008
VSO80,187,757,570,v008
VSO80,266,757,491,v005
VSO80,424,757,333,v018
VSO80,24,319,295,v012
PRVHF,372,792,420,v008
PRVHF,372,792,420,v023
PRVHF,0,369,369,v012
PRVHF,0,408,408,v006
PRVHF,331,792,461,v016
PRVHF,336,792,456,v026
PRVHF,206,384,178,v001
9J074,0,672,672,v026
HXCGX,268,771,503,v008
HXCGX,0,771,771,v018
HXCGX,0,352,352,v005
HXCGX,0,357,357,v008
HXCGX,280,446,166,v023
HXCGX,600,771,171,v001
ORM2H,0,683,683,v032
ORM2H,0,683,683,v018
ORM2H,0,683,683,v019
ORM2H,0,683,683,v008
LWJGN,96,177,81,v004
LWJGN,74,177,103,v023
LWJGN,0,124,124,v026
LWJGN,33,156,123,v020
LWJGN,0,124,124,v026
CIGGJ,0,415,415,v026
CIGGJ,403,741,338,v026
CIGGJ,321,448,127,v022
0WGTG,482,705,223,v008
0WGTG,0,110,110,v012
0WGTG,436,724,288,v020
0WGTG,463,578,115,v023
X29NF,0,192,192,v019
X29NF,321,561,240,v005
X29NF,434,751,317,v028
X29NF,321,566,245,v005
X29NF,0,1028,1028,v018
X29NF,0,1028,1028,v031
X29NF,280,506,226,v008
X29NF,24,381,357,v020
X29NF,398,880,482,v008
X29NF,722,864,142,v025
IACBH,261,827,566,v010
IACBH,0,827,827,v031
IACBH,168,292,124,v025
IACBH,307,827,520,v021
E23CT,38,501,463,v008
E23CT,304,496,192,v016
E23CT,0,153,153,v023
E23CT,542,732,190,v027
E23CT,0,120,120,v031
E23CT,122,280,158,v029
AXFJP,319,699,380,v016
AXFJP,213,331,118,v008
AXFJP,319,530,211,v023
AXFJP,0,100,100,v029
AXFJP,319,699,380,v026
HDX87,16,683,667,v031
HDX87,9,683,674,v005
HDX87,9,683,674,v008
HDX87,16,683,667,v005
V1SQH,9,316,307,v008
V1SQH,331,448,117,v023
V1SQH,352,499,147,v004
V1SQH,55,290,235,v004
V1SQH,196,364,168,v016
V1SQH,33,163,130,v008
V1SQH,482,616,134,v016
48WOM,88,211,123,v012
48WOM,415,585,170,v009
48WOM,292,482,190,v008
48WOM,453,593,140,v019
48WOM,36,158,122,v029
48WOM,194,376,182,v023
48WOM,100,244,144,v008
48WOM,100,228,128,v012
48WOM,276,379,103,v023
61N26,297,492,195,v008
61N26,309,501,192,v016
61N26,43,1018,975,v008
61N26,19,1018,999,v014
61N26,0,98,98,v029
IOBKP,441,821,380,v008
IOBKP,292,580,288,v018
IOBKP,472,679,207,v004
IOBKP,0,360,360,v008
IOBKP,100,324,224,v021
IOBKP,338,568,230,v023
IOBKP,103,348,245,v000
IOBKP,674,821,147,v016
IOBKP,84,470,386,v016
IOBKP,559,799,240,v022
IOBKP,424,549,125,v008
IOBKP,86,422,336,v000
IOBKP,403,821,418,v008
IOBKP,686,821,135,v019
TCV1W,0,362,362,v008
TCV1W,316,436,120,v027
TCV1W,367,720,353,v001
TCV1W,355,720,365,v007
TCV1W,273,415,142,v027
TCV1W,0,720,720,v021
B8BSY,304,441,137,v020
B8BSY,0,764,764,v014
B8BSY,0,764,764,v008
B8BSY,0,764,764,v018
B8BSY,722,764,42,v014
B8BSY,722,764,42,v008
B8BSY,722,764,42,v016
B8BSY,722,764,42,v018
B8BSY,722,764,42,v016
7KZ20,0,381,381,v008
7KZ20,175,381,206,v019
QSSCH,177,556,379,v008
QSSCH,211,379,168,v029
QSSCH,328,475,147,v023
VIN8S,105,364,259,v025
VIN8S,91,429,338,v025
VIN8S,297,784,487,v008
VIN8S,319,708,389,v013
VIN8S,16,280,264,v008
VIN8S,187,295,108,v016
ESTDK,204,741,537,v008
ESTDK,199,684,485,v015
ESTDK,0,220,220,v012
ESTDK,285,475,190,v012
ESTDK,194,597,403,v023
ESTDK,21,784,763,v008
ESTDK,657,784,127,v001
ESTDK,0,184,184,v023
ESTDK,590,784,194,v016
ESTDK,148,278,130,v023
ESTDK,535,672,137,v016
ESTDK,0,86,86,v001
ESTDK,12,134,122,v023
ESTDK,664,784,120,v016
ESTDK,504,652,148,v016
XUYCA,0,220,220,v005
XUYCA,146,271,125,v022
XUYCA,0,216,216,v008
XUYCA,86,220,134,v016
XUYCA,98,235,137,v016
XUYCA,0,256,256,v018
XUYCA,28,182,154,v008
XUYCA,93,252,159,v016
XUYCA,489,731,242,v026
25BZ1,0,475,475,v003
25BZ1,0,513,513,v018
25BZ1,465,588,123,v023
25BZ1,472,588,116,v008
25BZ1,400,547,147,v022
25BZ1,463,588,125,v017
L5TI4,0,733,733,v018
L5TI4,19,733,714,v008
L5TI4,0,136,136,v023
L5TI4,19,733,714,v008
L5TI4,0,733,733,v032
L5TI4,652,733,81,v016
L5TI4,0,733,733,v005
L5TI4,0,124,124,v023
L5TI4,0,733,733,v032
L5TI4,0,733,733,v016
VFTRG,86,400,314,v021
VFTRG,204,506,302,v028
VFTRG,247,559,312,v018
VFTRG,0,559,559,v008
VFTRG,0,350,350,v010
VFTRG,278,540,262,v028
6HR54,0,611,611,v018
6HR54,0,611,611,v008
6HR54,0,611,611,v018
6HR54,0,611,611,v004
6HR54,0,611,611,v026
6HR54,0,611,611,v030
6HR54,0,611,611,v030
6HR54,0,100,100,v030
6HR54,21,201,180,v019
6HR54,0,611,611,v008
6HR54,0,611,611,v032
KB0Y8,0,205,205,v008
KB0Y8,0,108,108,v012
KB0Y8,115,205,90,v025
KB0Y8,115,205,90,v025
2C253,0,588,588,v008
2C253,492,628,136,v025
2C253,350,544,194,v016
2C253,458,628,170,v018
2C253,0,595,595,v018
2C253,0,540,540,v014
2C253,422,566,144,v004
2C253,508,628,120,v025
2C253,472,616,144,v022
2C253,508,628,120,v023
2C253,410,576,166,v008
2C253,388,518,130,v023
2C253,458,578,120,v016
2C253,508,628,120,v016
2C253,508,628,120,v008
JMA1R,98,228,130,v016
JMA1R,40,168,128,v023
JMA1R,55,213,158,v008
JMA1R,280,367,87,v030
COPHL,223,340,117,v012
COPHL,328,725,397,v032
COPHL,0,725,725,v018
COPHL,228,725,497,v032
COPHL,208,725,517,v031
COPHL,67,304,237,v000
COPHL,163,725,562,v018
Z5JZD,151,475,324,v016
Z5JZD,76,199,123,v012
Z5JZD,31,168,137,v012
Z5JZD,0,652,652,v008
Z5JZD,477,616,139,v001
Z5JZD,81,391,310,v016
Z5JZD,14,460,446,v023
Z5JZD,148,456,308,v008
Z5JZD,14,568,554,v016
Z5JZD,484,636,152,v001
Z5JZD,31,172,141,v012
AZZ3W,578,693,115,v003
AZZ3W,528,645,117,v018
AZZ3W,204,328,124,v003
AZZ3W,499,616,117,v018
AZZ3W,480,721,241,v018
AZZ3W,0,168,168,v026
AZZ3W,504,721,217,v003
AZZ3W,139,290,151,v023
AZZ3W,0,184,184,v025
AZZ3W,172,285,113,v008
IPH08,146,432,286,v016
IPH08,0,182,182,v008
IPH08,175,297,122,v023
IPH08,285,391,106,v023
IPH08,360,442,82,v016
IPH08,79,189,110,v016
K7FNC,304,766,462,v018
K7FNC,0,132,132,v007
K7FNC,312,766,454,v014
K7FNC,16,235,219,v012
K7FNC,280,766,486,v018
K7FNC,460,766,306,v031
K7FNC,460,766,306,v032
K7FNC,52,187,135,v029
K7FNC,280,556,276,v012
L36YT,427,499,72,v018
L36YT,93,499,406,v008
L36YT,91,240,149,v023
L36YT,144,499,355,v026
L36YT,405,499,94,v018
L36YT,136,499,363,v018
L36YT,141,499,358,v026
DLQIT,177,900,723,v008
DLQIT,122,398,276,v018
DLQIT,297,439,142,v015
DLQIT,422,564,142,v004
DLQIT,168,309,141,v018
DLQIT,780,904,124,v022
DLQIT,693,820,127,v012
DLQIT,208,631,423,v008
DLQIT,523,684,161,v023
DLQIT,753,900,147,v016
DLQIT,700,849,149,v001
DLQIT,614,852,238,v031
DLQIT,549,885,336,v008
DLQIT,218,338,120,v023
FBHBP,220,352,132,v005
FBHBP,45,175,130,v018
FBHBP,0,175,175,v018
FBHBP,96,367,271,v008
FBHBP,194,374,180,v016
FBHBP,86,218,132,v023
FBHBP,228,352,124,v005
FBHBP,357,513,156,v022
FBHBP,45,192,147,v018
FBHBP,91,470,379,v018
D2GQH,338,738,400,v005
D2GQH,324,738,414,v008
D2GQH,307,439,132,v023
D2GQH,410,738,328,v031
D2GQH,0,88,88,v020
D2GQH,364,516,152,v005
D2GQH,345,738,393,v008
UXW88,0,304,304,v010
UXW88,295,422,127,v016
UXW88,283,429,146,v008
UXW88,0,295,295,v014
UXW88,304,624,320,v022
UXW88,345,616,271,v001
UXW88,506,624,118,v026
YL612,297,439,142,v025
YL612,319,439,120,v016
YL612,309,441,132,v025
YL612,206,465,259,v023
EMMYX,566,747,181,v016
EMMYX,460,660,200,v001
EMMYX,0,528,528,v016
EMMYX,444,609,165,v001
EMMYX,12,153,141,v016
EMMYX,144,295,151,v016
5P0ON,609,783,174,v023
5P0ON,194,552,358,v008
5P0ON,0,192,192,v005
5P0ON,645,783,138,v008
5P0ON,417,607,190,v016
5P0ON,0,141,141,v008
5P0ON,612,783,171,v008
5P0ON,612,783,171,v023
5P0ON,199,528,329,v026
POU1Z,715,906,191,v008
POU1Z,319,818,499,v008
POU1Z,0,388,388,v026
POU1Z,768,878,110,v027
POU1Z,38,552,514,v026
POU1Z,465,741,276,v029
JOLLV,259,415,156,v012
JOLLV,319,759,440,v016
JOLLV,0,184,184,v021
JOLLV,319,759,440,v016
JOLLV,0,184,184,v018
JOLLV,96,759,663,v008
JOLLV,110,242,132,v029
XS6PF,184,333,149,v001
XS6PF,79,199,120,v008
XS6PF,129,242,113,v016
XS6PF,571,751,180,v031
XS6PF,436,566,130,v022
XS6PF,76,189,113,v008
XS6PF,352,540,188,v018
XS6PF,57,187,130,v012
XS6PF,91,235,144,v008
XS6PF,129,240,111,v025
XS6PF,331,465,134,v018
XS6PF,50,751,701,v008
XS6PF,136,242,106,v025
XS6PF,52,165,113,v007
E891N,0,755,755,v008
E891N,499,648,149,v012
E891N,307,691,384,v023
E891N,292,475,183,v022
E891N,0,755,755,v021
E891N,446,633,187,v029
E891N,484,691,207,v012
JXF3M,0,451,451,v018
JXF3M,0,456,456,v018
JXF3M,271,492,221,v000
JXF3M,292,508,216,v022
JXF3M,655,831,176,v031
JXF3M,705,831,126,v006
03OQS,319,760,441,v025
03OQS,0,208,208,v023
03OQS,24,326,302,v023
03OQS,204,760,556,v008
03OQS,230,636,406,v016
03OQS,24,326,302,v008
G9IUG,0,737,737,v008
G9IUG,0,696,696,v031
G9IUG,0,737,737,v021
G9IUG,614,737,123,v017
G9IUG,607,736,129,v022
G9IUG,0,710,710,v018
G9IUG,0,660,660,v032
G9IUG,0,720,720,v008
G9IUG,604,720,116,v016
G9IUG,571,679,108,v001
FN71T,0,765,765,v024
FN71T,480,681,201,v023
FN71T,9,765,756,v008
FN71T,0,136,136,v029
OVEXF,336,453,117,v001
OVEXF,283,436,153,v016
OVEXF,559,705,146,v016
OVEXF,0,463,463,v018
OVEXF,0,451,451,v008
0Y8H0,252,417,165,v004
0Y8H0,0,247,247,v017
0Y8H0,328,451,123,v016
0Y8H0,151,271,120,v023
0Y8H0,0,93,93,v029
V3RAX,499,672,173,v005
V3RAX,487,672,185,v005
V3RAX,506,672,166,v008
V3RAX,230,508,278,v023
V3RAX,0,309,309,v021
V3RAX,84,249,165,v028
V3RAX,256,384,128,v022
V3RAX,0,340,340,v010
V3RAX,506,672,166,v023
V3RAX,355,585,230,v026
V3RAX,254,468,214,v008
V3RAX,0,343,343,v008
V3RAX,355,468,113,v016
V3RAX,117,595,478,v008
V3RAX,170,374,204,v025
V3RAX,513,672,159,v016
0F1VF,0,129,129,v016
0F1VF,0,100,100,v008
0F1VF,115,525,410,v008
0F1VF,108,223,115,v023
0F1VF,144,261,117,v018
0F1VF,376,501,125,v022
0F1VF,0,108,108,v016
X3LEM,0,624,624,v008
X3LEM,640,744,104,v018
X3LEM,640,744,104,v018
X3LEM,247,516,269,v027
X3LEM,12,580,568,v016
X3LEM,362,516,154,v031
X3LEM,0,144,144,v013
X3LEM,540,696,156,v023
X3LEM,324,465,141,v027
X3LEM,600,744,144,v008
X3LEM,14,134,120,v023
X3LEM,79,583,504,v031
FM5D5,213,807,594,v018
FM5D5,264,434,170,v026
FM5D5,249,420,171,v008
FM5D5,271,420,149,v016
FM5D5,201,331,130,v018
FM5D5,100,283,183,v025
MN1MC,448,731,283,v008
MN1MC,436,588,152,v023
MN1MC,0,731,731,v008
MN1MC,0,731,731,v031
MN1MC,400,698,298,v005
MN1MC,386,731,345,v005
MN1MC,64,182,118,v020
MN1MC,631,731,100,v025
MN1MC,0,424,424,v031
KT3MJ,547,782,235,v002
KT3MJ,124,247,123,v001
KT3MJ,220,782,562,v002
KT3MJ,0,91,91,v012
KT3MJ,163,326,163,v016
KT3MJ,0,201,201,v023
0MK2C,36,211,175,v017
0MK2C,26,211,185,v008
0MK2C,96,218,122,v029
IIFVE,0,583,583,v008
IIFVE,0,622,622,v008
IIFVE,45,232,187,v025
IIFVE,132,249,117,v008
HWL2J,316,535,219,v029
HWL2J,100,731,631,v014
HWL2J,0,201,201,v020
HWL2J,0,731,731,v008
HYEY7,33,835,802,v008
HYEY7,782,914,132,v023
HYEY7,801,981,180,v004
HYEY7,0,847,847,v026
HYEY7,787,1010,223,v008
HYEY7,909,1031,122,v016
HYEY7,914,1031,117,v016
1PCR7,0,724,724,v008
1PCR7,0,724,724,v031
1PCR7,0,724,724,v018
1PCR7,170,319,149,v019
1PCR7,0,724,724,v018
8LAK1,405,540,135,v008
8LAK1,105,249,144,v016
8LAK1,168,682,514,v023
8LAK1,168,682,514,v012
8LAK1,633,682,49,v023
B2NBR,208,733,525,v018
B2NBR,0,199,199,v017
B2NBR,160,319,159,v018
NAWO1,120,244,124,v008
NAWO1,165,1155,990,v024
QQY8T,115,297,182,v001
QQY8T,0,148,148,v012
QQY8T,96,521,425,v008
9XXJ7,273,444,171,v004
9XXJ7,220,739,519,v008
9XXJ7,14,163,149,v007
9XXJ7,170,739,569,v024
9XXJ7,199,328,129,v019
9XXJ7,177,328,151,v008
9XXJ7,141,273,132,v023
9XXJ7,48,196,148,v020
9XXJ7,14,163,149,v001
9XXJ7,252,362,110,v023
9XXJ7,129,259,130,v029
8RSZ4,45,304,259,v031
8RSZ4,290,692,402,v028
8RSZ4,412,692,280,v016
8RSZ4,312,415,103,v008
GX7SS,0,766,766,v008
WR2Q2,7,694,687,v005
WR2Q2,0,182,182,v005
WR2Q2,206,398,192,v005
FN0F8,751,883,132,v016
FN0F8,439,868,429,v008
FN0F8,36,679,643,v016
FN0F8,638,864,226,v032
HYR9Q,472,640,168,v001
HYR9Q,348,674,326,v008
HYR9Q,0,170,170,v008
HYR9Q,7,218,211,v016
HYR9Q,0,98,98,v029
HYR9Q,292,683,391,v008
HYR9Q,38,216,178,v016
HYR9Q,309,470,161,v023
HYR9Q,350,494,144,v023
HYR9Q,180,333,153,v012
L62J5,180,336,156,v023
L62J5,43,444,401,v008
L62J5,213,444,231,v013
L62J5,240,444,204,v014
L62J5,26,132,106,v029
74P3C,84,187,103,v016
74P3C,0,175,175,v030
74P3C,156,256,100,v004
74P3C,124,235,111,v023
74P3C,0,184,184,v030
RM5IC,355,561,206,v023
RM5IC,357,568,211,v008
G5ZOK,91,316,225,v020
G5ZOK,240,446,206,v012
T3L2A,62,713,651,v008
T3L2A,62,713,651,v008
T3L2A,144,713,569,v013
T3L2A,84,259,175,v008
03AA8,237,444,207,v023
03AA8,127,408,281,v018
03AA8,88,736,648,v023
03AA8,511,652,141,v029
03AA8,84,307,223,v004
03AA8,326,681,355,v008
03AA8,367,782,415,v023
03AA8,374,650,276,v016
03AA8,338,484,146,v022
NMGIV,0,372,372,v031
NMGIV,343,536,193,v008
NMGIV,194,348,154,v020
NMGIV,475,536,61,v029
NMGIV,348,536,188,v026
JUINA,0,141,141,v022
JUINA,235,424,189,v026
JUINA,76,360,284,v016
JUINA,364,544,180,v019
JUINA,96,360,264,v016
JUINA,0,259,259,v008
JUINA,364,778,414,v009
JUINA,0,261,261,v016
JUINA,0,288,288,v023
JUINA,232,444,212,v020
IPNEG,727,864,137,v031
IPNEG,132,901,769,v011
IPNEG,141,901,760,v002
IPNEG,96,264,168,v016
IPNEG,295,504,209,v016
IPNEG,172,314,142,v023
IPNEG,189,547,358,v008
IPNEG,213,674,461,v023
5O0YS,0,499,499,v008
5O0YS,379,499,120,v017
5O0YS,384,499,115,v029
1B2P0,2,360,358,v008
1B2P0,132,276,144,v016
1B2P0,12,504,492,v008
1B2P0,369,504,135,v016
1B2P0,276,494,218,v026
1B2P0,21,268,247,v004
1B2P0,14,501,487,v016
SILHS,0,211,211,v008
SILHS,86,235,149,v016
SILHS,9,158,149,v012
SILHS,568,730,162,v031
SILHS,542,676,134,v018
SILHS,156,307,151,v001
SILHS,252,410,158,v029
SILHS,72,249,177,v016
SILHS,547,730,183,v018
SILHS,69,182,113,v026
QHNTC,434,688,254,v016
QHNTC,0,470,470,v014
QHNTC,456,602,146,v022
QHNTC,0,535,535,v031
QHNTC,432,638,206,v008
QHNTC,0,530,530,v018
ZWY3E,21,120,99,v029
ZWY3E,16,115,99,v022
ZWY3E,0,112,112,v018
ZWY3E,0,110,110,v003
P3XT7,0,648,648,v018
P3XT7,667,798,131,v016
P3XT7,540,679,139,v022
P3XT7,0,638,638,v018
P3XT7,276,444,168,v004
P3XT7,211,328,117,v023
P3XT7,0,312,312,v008
P3XT7,686,798,112,v016
P3XT7,451,595,144,v016
P3XT7,0,304,304,v026
KJWAH,36,182,146,v008
KJWAH,14,232,218,v005
KJWAH,0,216,216,v008
KJWAH,86,216,130,v025
KJWAH,93,216,123,v016
ECLIB,247,858,611,v008
ECLIB,261,684,423,v019
ECLIB,0,858,858,v018
ECLIB,0,858,858,v031
ECLIB,235,343,108,v023
ECLIB,0,858,858,v031
ECLIB,247,858,611,v023
NY5R2,134,681,547,v022
NY5R2,156,453,297,v023
NY5R2,96,285,189,v022
NY5R2,492,607,115,v012
NY5R2,182,700,518,v008
40FKN,0,288,288,v004
40FKN,259,751,492,v026
ZJPK8,578,744,166,v016
ZJPK8,132,360,228,v012
ZJPK8,580,739,159,v016
ZJPK8,242,453,211,v023
ZJPK8,0,720,720,v008
ZJPK8,220,360,140,v029
ZJPK8,276,444,168,v023
ZJPK8,314,705,391,v008
YDSYL,129,823,694,v026
YDSYL,86,823,737,v026
YDSYL,31,842,811,v022
D7MHV,0,432,432,v008
D7MHV,494,708,214,v023
D7MHV,0,424,424,v002
D7MHV,470,708,238,v012
IWF0U,19,180,161,v026
IWF0U,129,463,334,v015
IWF0U,12,314,302,v018
IWF0U,110,504,394,v018
IWF0U,194,657,463,v029
IWF0U,50,487,437,v018
IWF0U,540,793,253,v008
IWF0U,566,729,163,v016
8DGUN,0,792,792,v018
8DGUN,0,110,110,v031
8DGUN,220,768,548,v002
8DGUN,703,792,89,v016
8DGUN,530,768,238,v008
8DGUN,218,333,115,v023
SP8UG,638,751,113,v008
SP8UG,648,799,151,v004
SP8UG,415,600,185,v008
SP8UG,696,799,103,v005
SP8UG,7,408,401,v015
SP8UG,355,799,444,v005
5FYKE,153,316,163,v004
5FYKE,0,695,695,v008
5FYKE,69,194,125,v016
HDHWS,304,590,286,v016
HDHWS,225,374,149,v001
HDHWS,288,422,134,v023
HDHWS,0,165,165,v019
HDHWS,0,304,304,v008
HDHWS,357,487,130,v022
HDHWS,235,520,285,v008
HDHWS,400,595,195,v016
HDHWS,0,439,439,v018
HDHWS,249,448,199,v012
HDHWS,211,357,146,v031
HDHWS,151,307,156,v016
HDHWS,0,141,141,v013
HDHWS,232,362,130,v023
HDHWS,268,674,406,v008
K5CRM,0,312,312,v008
K5CRM,60,423,363,v026
K5CRM,170,423,253,v010
K5CRM,16,423,407,v026
K5CRM,153,273,120,v023
K5CRM,148,271,123,v016
K5CRM,0,423,423,v008
K5CRM,0,283,283,v018
K5CRM,0,261,261,v021
H5TGJ,108,280,172,v000
H5TGJ,108,280,172,v000
H5TGJ,544,863,319,v031
H5TGJ,216,391,175,v022
H5TGJ,0,290,290,v010
H5TGJ,316,863,547,v003
H5TGJ,338,511,173,v023
H5TGJ,338,676,338,v008
1AR0K,266,446,180,v008
1AR0K,350,496,146,v016
1AR0K,408,1216,808,v008
1AR0K,1123,1312,189,v029
IS3OX,0,770,770,v026
IS3OX,696,844,148,v018
IS3OX,0,732,732,v026
IS3OX,705,888,183,v018
UNGPY,165,312,147,v004
UNGPY,0,333,333,v008
UNGPY,0,98,98,v029
UNGPY,350,484,134,v001
UNGPY,218,352,134,v016
UNGPY,110,230,120,v023
UNGPY,333,484,151,v007
ZHDUR,487,813,326,v008
ZHDUR,487,813,326,v014
ZHDUR,232,427,195,v001
ZHDUR,0,362,362,v003
ZHDUR,237,386,149,v001
ZHDUR,412,554,142,v029
YYHX3,33,218,185,v008
YYHX3,216,333,117,v018
YYHX3,124,278,154,v016
YYHX3,76,252,176,v016
YYHX3,196,326,130,v018
YYHX3,379,504,125,v022
YYHX3,386,540,154,v008
YYHX3,88,242,154,v023
YYHX3,220,345,125,v008
W86JJ,0,739,739,v031
W86JJ,0,232,232,v008
W86JJ,0,739,739,v008
L11YV,64,182,118,v008
L11YV,415,549,134,v012
IXVGR,0,659,659,v018
IXVGR,532,657,125,v016
IXVGR,324,650,326,v008
IXVGR,0,659,659,v018
IXVGR,381,638,257,v014
Q4932,45,751,706,v018
Q4932,144,751,607,v005
Q4932,136,751,615,v005
Q4932,33,139,106,v018
Q4932,177,355,178,v009
Q4932,0,108,108,v025
Q4932,192,328,136,v008
Q4932,170,312,142,v019
Q4932,93,266,173,v008
Q4932,76,751,675,v008
VTY0J,0,189,189,v023
VTY0J,506,808,302,v008
VTY0J,0,64,64,v012
VTY0J,460,585,125,v018
VTY0J,88,194,106,v001
VTY0J,482,808,326,v018
VTY0J,57,396,339,v008
VTY0J,482,808,326,v014
VTY0J,213,331,118,v016
VTY0J,458,808,350,v018
5IDF4,256,384,128,v025
5IDF4,384,746,362,v007
5IDF4,256,384,128,v025
5IDF4,187,345,158,v017
5IDF4,0,372,372,v016
5IDF4,698,746,48,v012
5IDF4,0,364,364,v023
5IDF4,268,384,116,v016
5IDF4,208,331,123,v029
0BXRP,45,542,497,v016
0BXRP,0,170,170,v012
0BXRP,465,659,194,v002
0BXRP,0,160,160,v008
0BXRP,120,256,136,v016
0BXRP,194,319,125,v016
0BXRP,266,398,132,v016
0BXRP,91,216,125,v023
0BXRP,168,297,129,v023
0BXRP,259,367,108,v023
0BXRP,398,520,122,v016
U2SJH,0,319,319,v014
U2SJH,0,326,326,v010
U2SJH,403,735,332,v005
U2SJH,290,448,158,v018
U2SJH,194,360,166,v022
U2SJH,331,492,161,v016
U2SJH,360,735,375,v018
U2SJH,568,735,167,v032
U2SJH,223,484,261,v008
U2SJH,223,499,276,v023
U2SJH,420,552,132,v012
U2SJH,484,643,159,v016
U2SJH,230,499,269,v016
U2SJH,309,735,426,v018
U2SJH,422,636,214,v023
U2SJH,451,580,129,v016
U2SJH,374,482,108,v018
U2SJH,352,732,380,v032
R08G9,321,762,441,v031
R08G9,0,429,429,v008
R08G9,0,369,369,v023
R08G9,386,655,269,v020
OYG5H,204,415,211,v025
OYG5H,48,230,182,v016
OYG5H,0,741,741,v022
OYG5H,0,741,741,v026
E2Q68,62,324,262,v012
E2Q68,0,156,156,v023
E2Q68,220,660,440,v016
E2Q68,220,362,142,v016
E2Q68,0,170,170,v016
E2Q68,0,696,696,v008
E2Q68,352,520,168,v016
E2Q68,475,660,185,v016
E2Q68,352,487,135,v023
E2Q68,480,633,153,v023
WTUGM,0,88,88,v025
WTUGM,9,140,131,v008
WTUGM,0,140,140,v021
Q24GF,0,146,146,v008
Q24GF,0,732,732,v018
Q24GF,0,732,732,v018
Q24GF,321,626,305,v012
Q24GF,0,732,732,v019
Q24GF,489,626,137,v001
Q24GF,0,122,122,v014
FIBCE,0,424,424,v026
FIBCE,0,408,408,v008
FIBCE,0,424,424,v026
FIBCE,556,681,125,v027
FIBCE,559,720,161,v029
VL66E,508,752,244,v008
VL66E,463,614,151,v023
VL66E,0,752,752,v008
VL66E,79,465,386,v020
VL66E,0,520,520,v008
VL66E,554,746,192,v029
FCQS8,506,648,142,v008
FCQS8,0,115,115,v029
FCQS8,88,420,332,v003
FCQS8,386,511,125,v012
0VQQL,0,328,328,v010
0VQQL,427,633,206,v012
0VQQL,0,711,711,v008
0VQQL,328,496,168,v022
0VQQL,297,412,115,v001
0VQQL,0,386,386,v031
ZIP5P,0,726,726,v008
ZIP5P,0,726,726,v018
ZIP5P,0,726,726,v010
ZIP5P,0,726,726,v014
8ML3S,115,585,470,v008
8ML3S,103,225,122,v012
8ML3S,76,211,135,v023
8ML3S,0,172,172,v017
8ML3S,115,756,641,v019
8ML3S,261,376,115,v016
8ML3S,384,501,117,v016
8ML3S,98,631,533,v008
8ML3S,259,372,113,v016
8ML3S,384,506,122,v016
XW1LX,324,506,182,v027
XW1LX,0,278,278,v010
XW1LX,0,220,220,v000
XW1LX,456,688,232,v008
XW1LX,456,688,232,v012
XW1LX,14,292,278,v000
B70WK,326,552,226,v012
B70WK,302,665,363,v008
B70WK,0,405,405,v017
B70WK,285,451,166,v029
B70WK,271,391,120,v012
B70WK,345,465,120,v001
B70WK,364,496,132,v019
564DX,148,559,411,v008
564DX,76,201,125,v001
564DX,540,744,204,v004
564DX,160,321,161,v008
564DX,33,853,820,v008
564DX,0,141,141,v012
564DX,0,96,96,v012
564DX,460,573,113,v016
564DX,732,853,121,v020
564DX,33,201,168,v023
564DX,79,252,173,v001
Z4P5B,480,607,127,v007
Z4P5B,12,746,734,v008
Z4P5B,496,648,152,v012
Z4P5B,108,535,427,v005
Z4P5B,643,755,112,v016
Z4P5B,26,619,593,v008
IAFF1,0,566,566,v026
IAFF1,456,764,308,v030
IAFF1,0,489,489,v026
78R4Y,288,408,120,v001
78R4Y,288,408,120,v001
78R4Y,24,144,120,v012
78R4Y,38,160,122,v016
78R4Y,9,129,120,v012
78R4Y,0,112,112,v012
78R4Y,0,88,88,v008
78R4Y,264,369,105,v025
78R4Y,235,374,139,v016
78R4Y,79,352,273,v023
78R4Y,76,369,293,v016
78R4Y,268,372,104,v025
78R4Y,129,300,171,v008
78R4Y,40,331,291,v016
GZ4ZZ,0,770,770,v032
GZ4ZZ,14,751,737,v008
Y2QUJ,0,93,93,v005
Y2QUJ,0,93,93,v005
Y2QUJ,24,134,110,v020
Y2QUJ,0,108,108,v008
Y2QUJ,0,100,100,v023
Y2QUJ,0,115,115,v025
Y2QUJ,0,103,103,v023
Y2QUJ,0,134,134,v018
Y2QUJ,0,134,134,v018
Y2QUJ,0,115,115,v008
Y2QUJ,12,115,103,v016
Y2QUJ,12,117,105,v016
STAFD,650,1113,463,v025
STAFD,333,1082,749,v028
STAFD,0,1498,1498,v010
STAFD,0,326,326,v008
STAFD,79,288,209,v005
ZL55N,268,376,108,v008
ZL55N,280,533,253,v030
ZL55N,0,225,225,v008
ZL55N,24,216,192,v020
ZL55N,240,396,156,v023
ZL55N,151,324,173,v001
ZL55N,122,247,125,v016
ZL55N,180,328,148,v007
ZL55N,290,533,243,v016
Q366H,88,280,192,v008
Q366H,0,225,225,v018
Q366H,206,609,403,v008
Q366H,0,254,254,v032
Q366H,535,738,203,v018
FQNPB,9,156,147,v004
FQNPB,117,221,104,v025
FQNPB,0,110,110,v005
FQNPB,0,221,221,v018
FQNPB,0,117,117,v005
FQNPB,139,221,82,v016
FQNPB,93,221,128,v031
FQNPB,86,221,135,v008
AKKWU,912,293,-619,v012
AKKWU,117,288,171,v008
AKKWU,117,235,118,v001
AKKWU,110,216,106,v008
AKKWU,57,180,123,v016
E64R4,664,787,123,v008
E64R4,568,868,300,v008
E64R4,739,868,129,v012
E64R4,21,268,247,v023
E64R4,631,808,177,v023
E64R4,525,669,144,v023
E64R4,775,868,93,v001
E64R4,38,326,288,v003
E64R4,681,868,187,v029
E64R4,513,868,355,v016
DPCGS,309,458,149,v012
DPCGS,57,235,178,v005
DPCGS,0,146,146,v019
DPCGS,50,235,185,v005
DPCGS,0,731,731,v008
DPCGS,0,129,129,v029
DPCGS,0,731,731,v008
Q3FZ6,84,422,338,v008
Q3FZ6,285,453,168,v016
Q3FZ6,117,451,334,v026
Q3FZ6,0,132,132,v018
Q3FZ6,338,504,166,v022
Q3FZ6,333,456,123,v023
Q3FZ6,48,216,168,v023
DC94A,136,345,209,v001
DC94A,206,463,257,v008
DC94A,292,513,221,v018
DC94A,388,640,252,v018
DC94A,0,132,132,v012
DC94A,50,194,144,v016
DC94A,43,196,153,v016
AAH0C,0,381,381,v026
AAH0C,0,228,228,v016
AAH0C,0,454,454,v031
AAH0C,0,454,454,v018
AAH0C,0,235,235,v023
8DE6J,432,561,129,v012
8DE6J,16,453,437,v023
8DE6J,636,765,129,v022
8DE6J,408,741,333,v001
8DE6J,664,802,138,v020
T9DF0,0,715,715,v008
T9DF0,0,715,715,v008
T9DF0,355,631,276,v019
T9DF0,280,501,221,v019
T9DF0,259,715,456,v012
T9DF0,0,715,715,v008
62VEF,91,256,165,v004
62VEF,528,722,194,v004
62VEF,444,624,180,v005
62VEF,444,624,180,v005
8CUWA,33,444,411,v031
8CUWA,146,432,286,v016
8CUWA,148,436,288,v023
8CUWA,184,362,178,v016
8CUWA,264,484,220,v026
8CUWA,213,343,130,v016
KTOJX,180,716,536,v018
KTOJX,228,352,124,v008
KTOJX,163,297,134,v018
KTOJX,172,716,544,v018
KTOJX,112,230,118,v008
KTOJX,0,252,252,v028
KTOJX,199,716,517,v020
KTOJX,117,230,113,v016
NXM13,0,749,749,v018
NXM13,0,749,749,v025
NXM13,0,749,749,v008
0CX32,52,199,147,v008
0CX32,103,218,115,v016
0CX32,247,547,300,v012
0CX32,441,797,356,v031
0CX32,122,264,142,v008
0CX32,158,283,125,v016
0CX32,0,108,108,v017
0CX32,0,199,199,v008
0CX32,146,271,125,v025
0CX32,103,206,103,v025
0CX32,67,211,144,v025
0CX32,84,228,144,v016
LJ2J6,0,710,710,v008
LJ2J6,4,172,168,v016
LJ2J6,0,710,710,v026
GWZ2A,88,340,252,v008
GWZ2A,0,124,124,v016
GWZ2A,93,492,399,v022
GWZ2A,148,408,260,v031
GWZ2A,0,261,261,v004
SAIDX,93,213,120,v025
SAIDX,0,124,124,v012
SAIDX,88,216,128,v016
SAIDX,98,206,108,v025
SAIDX,4,129,125,v029
YFI1M,494,660,166,v008
YFI1M,484,626,142,v023
YFI1M,340,547,207,v016
YFI1M,484,660,176,v014
YFI1M,225,477,252,v008
YFI1M,93,328,235,v028
YFI1M,398,544,146,v016
F87KZ,432,558,126,v012
F87KZ,72,439,367,v002
F87KZ,417,558,141,v012
F87KZ,7,343,336,v008
0TJ7G,0,362,362,v031
0TJ7G,446,636,190,v015
0TJ7G,0,649,649,v018
0TJ7G,0,649,649,v018
U3NKR,91,1137,1046,v008
U3NKR,124,1149,1025,v026
U3NKR,124,1149,1025,v026
U3NKR,26,273,247,v008
U3NKR,100,273,173,v016
U3NKR,67,204,137,v029
G57R6,0,439,439,v008
G57R6,0,420,420,v031
G57R6,348,587,239,v008
G57R6,369,552,183,v022
G57R6,283,587,304,v023
G57R6,283,587,304,v026
G57R6,288,587,299,v008
1GQAJ,43,424,381,v008
1GQAJ,141,595,454,v026
1GQAJ,204,520,316,v007
1GQAJ,261,746,485,v012
1GQAJ,196,681,485,v026
1GQAJ,4,151,147,v029
6C526,264,384,120,v016
6C526,312,432,120,v023
6C526,0,611,611,v018
6C526,0,611,611,v018
6C526,336,611,275,v026
6C526,331,444,113,v023
OVHFT,182,422,240,v023
OVHFT,196,420,224,v028
OVHFT,151,309,158,v027
OVHFT,220,408,188,v016
OVHFT,55,228,173,v001
OVHFT,220,408,188,v025
OVHFT,220,408,188,v025
OVHFT,0,127,127,v012
OVHFT,204,374,170,v028
OVHFT,24,151,127,v029
YZI2P,259,714,455,v018
YZI2P,112,244,132,v001
YZI2P,103,254,151,v001
YZI2P,242,360,118,v018
YZI2P,271,714,443,v031
QBXRP,184,415,231,v008
QBXRP,62,264,202,v015
0O36O,175,348,173,v001
0O36O,139,345,206,v016
0O36O,381,500,119,v019
7G0HB,784,897,113,v001
7G0HB,928,1082,154,v008
7G0HB,165,336,171,v020
7G0HB,547,688,141,v012
7G0HB,904,1024,120,v023
7G0HB,981,1094,113,v016
S6DKG,247,434,187,v023
S6DKG,132,273,141,v020
S6DKG,314,448,134,v026
S6DKG,271,408,137,v016
MF8AX,232,448,216,v016
MF8AX,504,662,158,v008
MF8AX,86,576,490,v026
MF8AX,0,112,112,v017
C0EJT,0,763,763,v019
C0EJT,0,763,763,v031
C0EJT,0,768,768,v009
C0EJT,0,770,770,v019
D0YWV,158,665,507,v008
D0YWV,160,316,156,v001
D0YWV,81,273,192,v012
D0YWV,74,278,204,v029
D0YWV,62,240,178,v007
56XCX,230,736,506,v003
56XCX,208,741,533,v018
56XCX,158,304,146,v018
HD6GF,0,108,108,v016
HD6GF,0,155,155,v023
HD6GF,0,88,88,v026
HD6GF,0,155,155,v019
HD6GF,0,110,110,v016
UAIHK,667,840,173,v012
UAIHK,117,326,209,v022
UAIHK,645,894,249,v018
UAIHK,0,115,115,v000
UAIHK,578,789,211,v018
UAIHK,0,151,151,v010
UAIHK,0,151,151,v000
UAIHK,211,715,504,v003
UAIHK,189,540,351,v023
UAIHK,0,69,69,v021
UAIHK,609,777,168,v026
P31E5,249,472,223,v004
P31E5,48,216,168,v023
UCX0K,0,499,499,v021
UCX0K,0,199,199,v020
HYD3N,0,640,640,v008
HYD3N,0,640,640,v014
HYD3N,0,597,597,v008
HYD3N,0,612,612,v008
HYD3N,542,742,200,v016
HYD3N,489,648,159,v016
HYD3N,0,652,652,v008
HYD3N,489,648,159,v016
KYFKN,112,364,252,v026
KYFKN,271,412,141,v026
KYFKN,302,460,158,v031
KYFKN,0,694,694,v008
HYIZD,21,725,704,v008
HYIZD,21,141,120,v023
HYIZD,52,725,673,v030
HYIZD,0,725,725,v008
HYIZD,7,134,127,v023
HYIZD,50,725,675,v026
HYIZD,67,725,658,v026
4MUXJ,568,698,130,v012
4MUXJ,141,280,139,v012
4MUXJ,204,333,129,v016
4MUXJ,616,731,115,v001
4MUXJ,21,616,595,v008
4MUXJ,434,566,132,v016
YJ06D,19,184,165,v012
YJ06D,333,468,135,v027
YJ06D,643,825,182,v022
YJ06D,453,744,291,v026
G1BT8,0,124,124,v012
G1BT8,494,663,169,v031
RXF2Q,566,825,259,v018
RXF2Q,609,804,195,v012
RXF2Q,84,489,405,v016
RXF2Q,0,127,127,v007
RXF2Q,492,676,184,v018
RXF2Q,0,105,105,v029
RXF2Q,122,312,190,v006
NGZQ9,328,523,195,v023
NGZQ9,338,480,142,v008
NGZQ9,300,456,156,v016
NGZQ9,7,148,141,v004
TTLFX,256,398,142,v023
TTLFX,256,398,142,v023
TTLFX,0,280,280,v031
TTLFX,0,225,225,v006
P2HZG,96,244,148,v001
P2HZG,177,340,163,v008
P2HZG,556,700,144,v001
P2HZG,312,441,129,v012
P2HZG,384,645,261,v016
P2HZG,0,223,223,v018
GJJA1,0,292,292,v008
GJJA1,0,779,779,v008
GJJA1,0,192,192,v014
GJJA1,172,290,118,v025
P3EW1,223,343,120,v008
P3EW1,50,352,302,v028
P3EW1,0,935,935,v018
P3EW1,0,412,412,v019
P3EW1,396,935,539,v005
P3EW1,96,220,124,v016
P3EW1,242,367,125,v023
P3EW1,391,935,544,v008
O76N2,376,580,204,v016
O76N2,0,228,228,v012
O76N2,0,134,134,v023
TE34B,206,636,430,v008
TE34B,170,424,254,v023
TE34B,1399,1670,271,v016
TE34B,31,372,341,v014
TE34B,1329,1644,315,v008
TE34B,1478,1644,166,v016
TE34B,1461,1574,113,v012
TE34B,338,513,175,v024
1MD1H,506,781,275,v008
1MD1H,0,372,372,v010
1MD1H,158,324,166,v000
1MD1H,506,652,146,v023
1MD1H,458,669,211,v022
1MD1H,276,460,184,v028
1MD1H,259,434,175,v023
1MD1H,369,535,166,v028
1MD1H,549,763,214,v012
1MD1H,201,302,101,v008
1MD1H,0,285,285,v021
1MD1H,669,781,112,v018
1MD1H,0,223,223,v021
1MD1H,319,434,115,v025
1MD1H,681,781,100,v018
1MD1H,220,348,128,v025
1MD1H,312,552,240,v025
C5044,112,319,207,v016
C5044,283,752,469,v004
C5044,189,752,563,v031
C5044,0,338,338,v005
TIGIP,84,220,136,v001
TIGIP,242,532,290,v008
TIGIP,201,324,123,v018
TIGIP,0,139,139,v012
TIGIP,280,518,238,v016
TIGIP,472,904,432,v031
TIGIP,201,360,159,v018
TIGIP,254,904,650,v021
TIGIP,242,904,662,v023
TIGIP,55,156,101,v029
8TNSB,67,242,175,v012
8TNSB,72,292,220,v017
8TNSB,0,206,206,v007
8TNSB,129,242,113,v029
MLBTH,0,734,734,v018
MLBTH,0,192,192,v012
MLBTH,96,734,638,v031
MLBTH,381,734,353,v005
MLBTH,312,504,192,v012
MLBTH,261,451,190,v008
MLBTH,429,554,125,v016
MLBTH,0,734,734,v018
MLBTH,228,374,146,v023
8X49S,168,328,160,v004
8X49S,0,510,510,v014
8X49S,33,201,168,v005
8X49S,0,510,510,v018
8X49S,31,204,173,v005
8X49S,146,292,146,v023
8X49S,216,336,120,v023
8X49S,247,398,151,v008
6FASX,619,795,176,v008
6FASX,638,795,157,v018
6FASX,122,600,478,v022
6FASX,624,795,171,v018
6FASX,192,528,336,v026
D4XVH,0,758,758,v008
D4XVH,213,753,540,v005
D4XVH,76,736,660,v023
D4XVH,64,741,677,v008
4N5P9,0,499,499,v014
4N5P9,0,764,764,v009
4N5P9,31,446,415,v028
4N5P9,487,650,163,v028
4N5P9,405,585,180,v016
4N5P9,0,764,764,v019
4N5P9,0,583,583,v008
IQ0ZX,0,379,379,v008
IQ0ZX,7,336,329,v021
IQ0ZX,499,616,117,v004
IQ0ZX,0,616,616,v018
IQ0ZX,314,616,302,v008
IQ0ZX,0,374,374,v008
IQ0ZX,307,616,309,v023
IQ0ZX,0,81,81,v014
IQ0ZX,4,336,332,v021
IQ0ZX,0,84,84,v031
IQ0ZX,0,88,88,v032
IQ0ZX,314,616,302,v008
IQ0ZX,309,422,113,v023
Y4LT8,127,295,168,v023
Y4LT8,422,597,175,v023
Y4LT8,0,465,465,v018
Y4LT8,242,386,144,v001
Y4LT8,127,453,326,v016
Y4LT8,31,148,117,v012
Y4LT8,415,718,303,v030
Y4LT8,415,718,303,v002
UYJVE,554,811,257,v012
UYJVE,530,900,370,v018
UYJVE,564,729,165,v018
UYJVE,230,400,170,v020
UYJVE,804,940,136,v022
UYJVE,338,547,209,v012
UYJVE,451,660,209,v023
UYJVE,746,861,115,v001
UYJVE,756,895,139,v016
UYJVE,441,852,411,v008
EWCV4,0,436,436,v021
EWCV4,201,410,209,v028
EWCV4,420,657,237,v022
EWCV4,314,614,300,v000
EWCV4,0,160,160,v010
VF3Y0,144,228,84,v016
VF3Y0,0,120,120,v016
VF3Y0,28,225,197,v016
VF3Y0,28,187,159,v023
VF3Y0,45,177,132,v008
9T11N,148,732,584,v008
9T11N,288,410,122,v030
9T11N,0,268,268,v031
9T11N,0,69,69,v018
9T11N,14,732,718,v018
9T11N,626,732,106,v025
9T11N,0,732,732,v008
9T11N,180,578,398,v020
9T11N,636,732,96,v016
9T11N,0,717,717,v031
9T11N,0,732,732,v008
9T11N,619,732,113,v016
9T11N,0,105,105,v023
JI705,0,386,386,v008
JI705,494,638,144,v023
JI705,117,362,245,v009
JI705,432,734,302,v016
JI705,484,734,250,v008
JI705,259,448,189,v022
JI705,444,734,290,v023
JI705,88,333,245,v019
JI705,444,734,290,v012
JI705,84,386,302,v019
JI705,0,345,345,v032
JI705,252,408,156,v016
MJY7E,0,64,64,v023
MJY7E,192,288,96,v025
MJY7E,0,105,105,v025
NDD35,0,679,679,v008
NDD35,0,684,684,v008
NDD35,81,684,603,v007
NDD35,0,285,285,v017
4D5XD,609,735,126,v029
4D5XD,9,614,605,v003
4D5XD,2,592,590,v023
4D5XD,7,595,588,v016
4D5XD,9,158,149,v008
3W31X,544,626,82,v016
3W31X,21,172,151,v020
3W31X,544,626,82,v016
3W31X,504,626,122,v009
3W31X,0,626,626,v008
3W31X,554,626,72,v016
3W31X,74,626,552,v019
Y05U8,458,609,151,v023
Y05U8,513,638,125,v022
Y05U8,0,88,88,v018
Y05U8,0,528,528,v031
Y05U8,600,816,216,v003
Y05U8,504,624,120,v018
Y05U8,600,816,216,v016
Y05U8,0,588,588,v018
Y05U8,602,724,122,v023
Y05U8,446,559,113,v001
Y05U8,480,674,194,v008
Y05U8,0,592,592,v008
Y05U8,0,100,100,v012
Y05U8,549,686,137,v016
TYHA8,530,708,178,v016
TYHA8,309,645,336,v008
TYHA8,48,189,141,v016
TYHA8,350,645,295,v023
TYHA8,535,645,110,v016
VML1Z,0,148,148,v012
VML1Z,0,134,134,v012
K8HXX,0,380,380,v003
K8HXX,0,380,380,v009
K8HXX,0,380,380,v018
K8HXX,0,380,380,v003
K8HXX,0,316,316,v019
AXJUB,300,765,465,v005
AXJUB,268,765,497,v008
AXJUB,616,842,226,v016
AXJUB,160,381,221,v023
AXJUB,0,775,775,v008
AXJUB,0,868,868,v005
AXJUB,772,890,118,v016
AXJUB,112,312,200,v023
AXJUB,691,828,137,v016
AXJUB,0,885,885,v008
AXJUB,0,891,891,v023
AXJUB,108,816,708,v008
OWGPH,292,590,298,v008
OWGPH,302,616,314,v021
OWGPH,132,367,235,v016
OWGPH,177,367,190,v025
OWGPH,189,372,183,v028
ZHGEV,364,745,381,v012
X0O65,62,638,576,v008
X0O65,184,477,293,v020
X0O65,468,621,153,v031
E7TLO,597,734,137,v013
E7TLO,57,660,603,v008
E7TLO,50,667,617,v018
E7TLO,21,153,132,v018
45BIP,271,556,285,v008
45BIP,247,544,297,v021
45BIP,0,328,328,v016
45BIP,264,591,327,v026
2Q3ZJ,432,693,261,v024
2Q3ZJ,468,619,151,v012
2Q3ZJ,453,703,250,v029
2Q3ZJ,0,705,705,v031
2Q3ZJ,0,794,794,v028
2Q3ZJ,487,705,218,v001
2Q3ZJ,436,705,269,v008
2Q3ZJ,0,794,794,v023
7GF4E,0,552,552,v008
7GF4E,480,600,120,v016
3VEJY,0,261,261,v008
3VEJY,0,206,206,v017
3VEJY,148,261,113,v025
R979C,0,674,674,v008
R979C,0,674,674,v002
R979C,0,674,674,v031
R979C,0,674,674,v009
R979C,0,674,674,v008
R979C,0,674,674,v008
R979C,0,674,674,v019
S8X4A,225,722,497,v018
S8X4A,232,722,490,v031
S8X4A,31,199,168,v020
S8X4A,180,319,139,v029
S8X4A,16,242,226,v031
D0V0Y,348,492,144,v027
D0V0Y,523,815,292,v018
D0V0Y,148,288,140,v029
D0V0Y,607,815,208,v028
D0V0Y,624,815,191,v003
D0V0Y,172,398,226,v020
D0V0Y,727,815,88,v016
D0V0Y,540,720,180,v018
D0V0Y,295,427,132,v001
D0V0Y,600,784,184,v023
X8LT0,1125,1315,190,v001
X8LT0,0,1336,1336,v008
X8LT0,67,962,895,v012
X8LT0,1219,1348,129,v016
X8LT0,976,1166,190,v023
X8LT0,290,482,192,v016
X8LT0,386,516,130,v023
MUI01,105,230,125,v016
MUI01,338,693,355,v003
MUI01,470,592,122,v006
MUI01,9,230,221,v025
MUI01,0,427,427,v008
MUI01,0,427,427,v023
MUI01,0,410,410,v026
SA9PB,504,749,245,v014
SA9PB,79,216,137,v005
SA9PB,16,228,212,v008
SA9PB,436,749,313,v008
SA9PB,12,749,737,v005
MFQ5S,0,127,127,v012
MFQ5S,196,660,464,v030
MFQ5S,0,772,772,v026
MFQ5S,700,842,142,v019
MFQ5S,144,307,163,v001
PDRVY,256,642,386,v008
PDRVY,216,393,177,v023
PDRVY,427,600,173,v001
PDRVY,86,307,221,v012
PDRVY,96,297,201,v012
PDRVY,544,642,98,v025
PDRVY,429,590,161,v001
A6NH2,564,780,216,v008
A6NH2,72,480,408,v012
A6NH2,189,631,442,v008
A6NH2,638,2985,2347,v008
A6NH2,100,376,276,v012
A6NH2,1488,2985,1497,v026
A6NH2,206,645,439,v029
5CZRC,170,412,242,v004
5CZRC,0,189,189,v005
5CZRC,72,273,201,v023
5CZRC,0,767,767,v008
8K46I,45,638,593,v010
8K46I,540,681,141,v022
6912B,312,448,136,v008
6912B,352,508,156,v012
6912B,259,391,132,v023
6912B,448,708,260,v014
6912B,297,722,425,v018
6912B,276,429,153,v018
6912B,50,333,283,v026
E6PSM,240,652,412,v012
E6PSM,568,955,387,v008
E6PSM,628,916,288,v012
E6PSM,684,936,252,v009
E6PSM,556,679,123,v025
E6PSM,93,235,142,v029
E6PSM,528,669,141,v023
E6PSM,139,300,161,v001
E6PSM,21,230,209,v012
E6PSM,799,940,141,v001
E6PSM,588,926,338,v031
E6PSM,79,607,528,v008
E6PSM,556,674,118,v025
E6PSM,561,664,103,v023
T1FTD,710,814,104,v001
T1FTD,369,588,219,v012
T1FTD,660,801,141,v016
T1FTD,588,744,156,v021
T1FTD,657,801,144,v016
T1FTD,595,724,129,v019
T1FTD,508,657,149,v023
T1FTD,576,777,201,v008
AZMVM,350,624,274,v008
AZMVM,508,660,152,v001
AZMVM,374,489,115,v022
AZMVM,302,446,144,v016
AZMVM,444,672,228,v016
AZMVM,417,590,173,v012
AZMVM,0,472,472,v018
AZMVM,0,496,496,v028
AZMVM,333,436,103,v025
COBEK,187,316,129,v001
COBEK,177,309,132,v012
COBEK,0,331,331,v009
COBEK,0,324,324,v019
COBEK,0,732,732,v008
COBEK,0,283,283,v030
CH0PM,127,237,110,v027
CH0PM,525,727,202,v028
CH0PM,160,312,152,v008
CH0PM,211,576,365,v028
CH0PM,33,223,190,v012
CH0PM,374,576,202,v025
CH0PM,568,847,279,v025
CH0PM,247,614,367,v016
CH0PM,91,268,177,v012
CH0PM,626,835,209,v025
CH0PM,1077,1188,111,v027
EX1PY,0,362,362,v026
EX1PY,0,374,374,v016
EX1PY,21,235,214,v023
EX1PY,292,814,522,v004
EX1PY,0,381,381,v023
EX1PY,261,386,125,v001
RLS2I,108,240,132,v008
RLS2I,108,240,132,v008
RLS2I,91,201,110,v012
RLS2I,132,240,108,v029
RLS2I,93,240,147,v023
JCBDT,559,664,105,v019
JCBDT,621,744,123,v009
JCBDT,0,554,554,v014
JCBDT,468,744,276,v018
JCBDT,458,744,286,v008
JCBDT,458,744,286,v031
JCBDT,0,744,744,v008
LK1AE,0,516,516,v008
LK1AE,412,549,137,v025
LK1AE,508,643,135,v027
LK1AE,448,585,137,v022
LK1AE,0,549,549,v018
TAZGF,0,237,237,v008
TAZGF,175,290,115,v018
TAZGF,175,290,115,v018
TAZGF,120,228,108,v016
TAZGF,160,264,104,v022
TAZGF,165,290,125,v018
TAZGF,24,213,189,v008
TAZGF,0,290,290,v023
TAZGF,0,290,290,v023
TAZGF,160,259,99,v008
TAZGF,108,252,144,v016
TAZGF,103,254,151,v016
TAZGF,176,290,114,v018
BN4VH,43,530,487,v008
BN4VH,343,453,110,v023
BN4VH,72,206,134,v029
BN4VH,369,513,144,v008
491X2,0,472,472,v014
491X2,379,848,469,v026
491X2,780,848,68,v022
491X2,0,848,848,v018
491X2,0,489,489,v032
491X2,0,848,848,v018
491X2,554,848,294,v026
IS7PL,0,158,158,v005
IS7PL,0,499,499,v008
IS7PL,151,499,348,v031
IS7PL,201,403,202,v005
IS7PL,0,259,259,v029
IS7PL,0,499,499,v008
E2TCA,60,816,756,v004
FVTEU,928,1062,134,v022
FVTEU,319,981,662,v010
FVTEU,84,489,405,v018
FVTEU,264,998,734,v018
AADCE,0,752,752,v018
AADCE,355,752,397,v008
AADCE,396,752,356,v014
AADCE,0,348,348,v004
AADCE,0,432,432,v008
AADCE,355,496,141,v023
AADCE,316,458,142,v016
04MTP,0,754,754,v008
04MTP,0,754,754,v018
04MTP,16,754,738,v005
04MTP,0,754,754,v008
04MTP,0,754,754,v016
04MTP,0,754,754,v023
04MTP,0,754,754,v018
7OW67,0,439,439,v013
7OW67,0,439,439,v008
7OW67,88,230,142,v006
2CFCW,19,300,281,v008
2CFCW,163,448,285,v016
2CFCW,103,244,141,v016
2CFCW,468,718,250,v008
RO116,139,499,360,v008
RO116,28,187,159,v012
RO116,0,360,360,v001
RO116,0,60,60,v012
RO116,0,525,525,v008
BVS38,0,674,674,v008
BVS38,0,362,362,v016
BVS38,0,674,674,v030
BVS38,0,674,674,v024
VOWY1,0,120,120,v031
1Y09V,76,566,490,v004
1Y09V,108,247,139,v004
1Y09V,0,674,674,v008
1Y09V,0,740,740,v016
1Y09V,0,740,740,v008
1Y09V,0,740,740,v016
1Y09V,0,740,740,v016
01ZWG,117,264,147,v012
01ZWG,172,324,152,v018
01ZWG,172,316,144,v018
01ZWG,168,787,619,v018
01ZWG,724,787,63,v019
01ZWG,100,244,144,v016
01ZWG,278,453,175,v031
01ZWG,444,787,343,v032
0CGMQ,746,818,72,v012
0CGMQ,0,650,650,v018
0CGMQ,264,384,120,v009
0CGMQ,487,624,137,v009
0CGMQ,540,669,129,v022
0CGMQ,0,628,628,v031
0CGMQ,0,628,628,v019
0CGMQ,357,650,293,v007
2SIO0,50,417,367,v009
2SIO0,50,417,367,v031
2SIO0,408,530,122,v019
2SIO0,0,115,115,v003
2SIO0,439,636,197,v008
7UV4O,508,631,123,v016
7UV4O,28,324,296,v008
7UV4O,129,324,195,v016
7UV4O,112,328,216,v025
NZ7VY,81,343,262,v015
NZ7VY,576,739,163,v018
NZ7VY,84,340,256,v016
NZ7VY,388,614,226,v016
NZ7VY,547,712,165,v018
NZ7VY,391,559,168,v012
NZ7VY,451,614,163,v001
WJ1GN,194,434,240,v012
WJ1GN,352,720,368,v008
WJ1GN,24,720,696,v016
WJ1GN,0,720,720,v018
WJ1GN,0,720,720,v018
WJ1GN,208,448,240,v001
9SZG2,0,88,88,v029
9SZG2,12,192,180,v026
9SZG2,86,302,216,v023
9SZG2,0,132,132,v012
9SZG2,0,151,151,v001
9SZG2,187,331,144,v005
33I4D,926,1142,216,v004
33I4D,703,1147,444,v008
33I4D,139,1178,1039,v018
33I4D,144,770,626,v008
33I4D,72,223,151,v018
33I4D,120,1178,1058,v018
33I4D,319,684,365,v015
33I4D,163,794,631,v008
33I4D,619,782,163,v016
SQBEE,0,858,858,v021
SQBEE,0,858,858,v008
SQBEE,28,156,128,v005
23X63,0,373,373,v026
23X63,283,373,90,v012
23X63,237,373,136,v019
23X63,0,373,373,v008
23X63,225,373,148,v029
23X63,0,373,373,v026
5KQL2,463,636,173,v012
5KQL2,12,134,122,v008
5KQL2,619,745,126,v012
5KQL2,14,745,731,v008
5KQL2,72,628,556,v016
5KQL2,614,745,131,v012
5KQL2,268,386,118,v016
5KQL2,0,684,684,v026
Z320B,434,1056,622,v008
Z320B,0,477,477,v008
Z320B,348,492,144,v016
Z320B,4,424,420,v026
Z320B,14,429,415,v026
Z320B,448,597,149,v016
Z320B,422,540,118,v023
Z320B,847,988,141,v016
Z320B,813,984,171,v026
Z320B,602,772,170,v008
GISE8,240,398,158,v016
GISE8,100,456,356,v026
GISE8,396,525,129,v001
GISE8,331,468,137,v016
GISE8,451,684,233,v003
3STO2,345,489,144,v020
3STO2,55,795,740,v008
3STO2,122,513,391,v008
3STO2,206,355,149,v004
3STO2,326,652,326,v023
3STO2,381,724,343,v021
3STO2,110,544,434,v008
UFWD5,0,84,84,v001
UFWD5,0,168,168,v001
UFWD5,424,597,173,v022
UFWD5,0,88,88,v012
UFWD5,62,264,202,v018
UFWD5,0,108,108,v029
UFWD5,60,204,144,v012
UFWD5,132,501,369,v018
UFWD5,0,132,132,v007
UFWD5,139,597,458,v026
Z4Y02,247,436,189,v001
Z4Y02,247,436,189,v001
Z4Y02,328,820,492,v002
Z4Y02,28,832,804,v008
K3193,0,372,372,v018
K3193,540,735,195,v008
K3193,230,470,240,v020
K3193,0,103,103,v018
K3193,271,393,122,v022
K3193,595,735,140,v018
K3193,309,446,137,v029
K3193,547,669,122,v023
VRMNI,64,184,120,v001
VRMNI,374,765,391,v008
VRMNI,715,811,96,v016
VRMNI,393,787,394,v030
VRMNI,0,100,100,v012
VRMNI,192,331,139,v023
VRMNI,134,264,130,v027
VRMNI,0,141,141,v029
VRMNI,309,429,120,v016
8Y7P5,0,691,691,v018
8Y7P5,52,691,639,v005
8Y7P5,0,120,120,v017
8Y7P5,0,691,691,v008
8Y7P5,48,691,643,v005
EE6R2,388,576,188,v013
EE6R2,357,732,375,v014
EE6R2,0,732,732,v008
EE6R2,0,732,732,v008
450TW,0,736,736,v018
450TW,151,328,177,v023
450TW,319,525,206,v031
450TW,614,736,122,v024
450TW,240,391,151,v005
450TW,33,208,175,v012
450TW,475,614,139,v023
450TW,0,736,736,v008
NSKMC,0,605,605,v008
NSKMC,14,316,302,v032
NSKMC,0,605,605,v018
NSKMC,391,525,134,v016
NSKMC,290,477,187,v004
NSKMC,0,605,605,v031
NSKMC,276,523,247,v008
NSKMC,0,605,605,v008
NSKMC,252,374,122,v023
CMEA6,319,564,245,v019
CMEA6,511,736,225,v031
CMEA6,0,141,141,v001
CMEA6,204,752,548,v008
CMEA6,535,752,217,v023
CMEA6,163,752,589,v023
CMEA6,528,752,224,v026
SMLI0,151,772,621,v026
SMLI0,64,199,135,v016
L1MR4,396,657,261,v014
L1MR4,273,657,384,v008
L1MR4,175,333,158,v016
L1MR4,398,657,259,v023
L1MR4,352,657,305,v008
L1MR4,103,295,192,v026
L1MR4,103,295,192,v026
154TJ,31,284,253,v023
154TJ,235,284,49,v008
154TJ,235,284,49,v016
IO712,0,141,141,v001
IO712,110,314,204,v016
IO712,132,712,580,v018
IO712,153,676,523,v008
IO712,168,343,175,v012
IO712,45,206,161,v023
IO712,45,300,255,v023
IO712,88,278,190,v018
IO712,160,756,596,v031
IO712,168,756,588,v018
XZPAS,79,218,139,v008
XZPAS,148,346,198,v008
XZPAS,0,211,211,v010
XZPAS,69,199,130,v031
XZPAS,115,312,197,v016
XZPAS,223,345,122,v004
XZPAS,127,346,219,v018
I68J0,112,300,188,v008
I68J0,76,218,142,v023
I68J0,516,918,402,v014
I68J0,172,300,128,v016
I68J0,67,590,523,v026
I68J0,98,259,161,v012
I68J0,0,134,134,v017
I68J0,636,842,206,v013
I68J0,448,585,137,v001
I68J0,604,741,137,v008
I68J0,369,520,151,v016
FQ9QX,117,731,614,v026
FQ9QX,112,731,619,v026
FQ9QX,552,731,179,v023
FQ9QX,480,638,158,v020
FQ9QX,439,696,257,v008
DE8T8,480,626,146,v019
DE8T8,136,750,614,v031
DE8T8,540,669,129,v019
DE8T8,703,750,47,v006
AB06W,554,703,149,v010
AB06W,0,691,691,v018
AB06W,0,571,571,v008
AB06W,19,400,381,v015
AB06W,434,607,173,v016
AB06W,388,532,144,v016
AB06W,199,321,122,v008
AB06W,441,561,120,v016
AB06W,148,288,140,v008
AB06W,532,657,125,v028
A7OCU,427,568,141,v008
A7OCU,458,600,142,v016
A7OCU,148,477,329,v003
FNM0L,50,735,685,v018
FNM0L,309,422,113,v016
FNM0L,172,345,173,v023
FNM0L,172,427,255,v008
FNM0L,184,735,551,v008
FNM0L,242,420,178,v030
FNM0L,0,184,184,v018
FNM0L,12,735,723,v018
FNM0L,657,735,78,v016
FNM0L,206,422,216,v030
FNM0L,194,735,541,v032
FNM0L,319,441,122,v025
URWJL,564,688,124,v016
URWJL,484,790,306,v008
URWJL,470,624,154,v023
URWJL,201,324,123,v018
URWJL,204,340,136,v018
URWJL,724,790,66,v016
URWJL,0,175,175,v012
URWJL,57,177,120,v029
URWJL,472,790,318,v026
URWJL,283,422,139,v022
URWJL,196,355,159,v019
URWJL,434,532,98,v001
URWJL,489,624,135,v031
URWJL,168,268,100,v031
UY7BK,434,703,269,v031
UY7BK,110,749,639,v008
UY7BK,24,180,156,v029
UY7BK,278,427,149,v019
UY7BK,662,749,87,v016
UY7BK,7,156,149,v023
G93A5,0,393,393,v008
G93A5,0,393,393,v014
OWZCZ,201,532,331,v002
OWZCZ,72,285,213,v023
OWZCZ,110,278,168,v001
OWZCZ,192,350,158,v016
OWZCZ,0,122,122,v012
OWZCZ,105,302,197,v008
TZZX3,432,657,225,v005
TZZX3,0,410,410,v024
TZZX3,60,184,124,v020
TZZX3,333,504,171,v029
0WU7S,148,276,128,v023
0WU7S,74,196,122,v012
0WU7S,424,786,362,v005
0WU7S,81,220,139,v007
0WU7S,192,348,156,v001
0WU7S,141,786,645,v008
0WU7S,254,410,156,v012
0WU7S,364,535,171,v008
0WU7S,405,696,291,v008
ETAFB,0,811,811,v008
ETAFB,640,770,130,v001
ETAFB,321,453,132,v012
ETAFB,98,312,214,v008
ETAFB,240,400,160,v001
ETAFB,62,271,209,v023
ETAFB,376,494,118,v023
ETAFB,4,148,144,v012
2YK65,0,829,829,v031
2YK65,220,338,118,v018
2YK65,232,829,597,v018
2YK65,0,829,829,v012
2YK65,0,829,829,v008
XPTXP,0,232,232,v007
XPTXP,0,740,740,v008
6C65Z,117,457,340,v002
6C65Z,264,457,193,v019
6C65Z,28,192,164,v001
6C65Z,180,457,277,v016
36AJ1,0,297,297,v031
36AJ1,367,518,151,v007
36AJ1,595,735,140,v028
36AJ1,223,398,175,v020
36AJ1,98,290,192,v028
36AJ1,492,732,240,v012
36AJ1,175,735,560,v008
36AJ1,554,735,181,v029
FTGSV,86,300,214,v016
FTGSV,208,350,142,v029
CIG76,216,331,115,v001
CIG76,0,774,774,v008
CIG76,158,355,197,v031
CIG76,254,420,166,v004
9IT59,213,338,125,v001
9IT59,81,225,144,v012
9IT59,0,242,242,v008
9IT59,122,252,130,v016
9IT59,0,117,117,v029
E780X,0,136,136,v025
E780X,160,307,147,v008
E780X,40,261,221,v004
E780X,0,136,136,v016
E780X,48,711,663,v016
E780X,48,711,663,v023
E780X,48,711,663,v008
FVDNY,408,758,350,v017
FVDNY,345,460,115,v023
FVDNY,376,487,111,v016
DLBRW,16,480,464,v008
DLBRW,417,770,353,v008
DLBRW,595,770,175,v001
DLBRW,583,770,187,v029
DLBRW,424,770,346,v008
MQSXF,0,605,605,v008
MQSXF,0,605,605,v031
MQSXF,0,605,605,v008
3QVSC,60,767,707,v008
3QVSC,0,767,767,v008
3QVSC,103,767,664,v014
3QVSC,98,767,669,v031
3QVSC,55,247,192,v019
3QVSC,26,201,175,v009
TCQ97,45,177,132,v025
TCQ97,252,472,220,v016
TCQ97,139,345,206,v018
TCQ97,232,448,216,v008
TCQ97,168,331,163,v023
TCQ97,165,472,307,v026
TCQ97,367,501,134,v001
TCQ97,307,415,108,v012
696GE,384,616,232,v023
696GE,456,623,167,v019
696GE,420,532,112,v025
696GE,484,607,123,v015
39TDM,0,763,763,v008
39TDM,0,763,763,v031
39TDM,0,763,763,v018
39TDM,583,763,180,v020
39TDM,0,235,235,v016
39TDM,0,763,763,v018
KTQEL,0,249,249,v007
KTQEL,0,544,544,v008
KTQEL,444,703,259,v031
KTQEL,192,552,360,v016
KTQEL,0,789,789,v031
KTQEL,14,285,271,v012
KTQEL,216,556,340,v016
N8N6U,374,626,252,v005
N8N6U,530,672,142,v018
N8N6U,614,707,93,v029
N8N6U,525,688,163,v022
N8N6U,458,643,185,v004
N8N6U,0,693,693,v018
16OAM,468,579,111,v001
16OAM,60,579,519,v014
4WX0H,372,652,280,v009
4WX0H,350,760,410,v018
4WX0H,338,460,122,v012
372CC,0,733,733,v031
372CC,420,717,297,v020
372CC,0,733,733,v018
P2DV7,278,415,137,v013
P2DV7,48,415,367,v008
HHEIV,120,348,228,v004
HHEIV,192,501,309,v008
HHEIV,120,242,122,v018
HHEIV,278,588,310,v019
HHEIV,321,717,396,v031
AMP3N,0,345,345,v031
AMP3N,0,350,350,v014
AMP3N,328,744,416,v031
AMP3N,312,542,230,v028
AMP3N,223,393,170,v022
D07V2,0,148,148,v004
D07V2,153,494,341,v005
D07V2,62,247,185,v012
D07V2,189,400,211,v023
D07V2,362,489,127,v001
D07V2,0,642,642,v008
D07V2,472,642,170,v002
RI2KG,91,717,626,v008
4Y1AW,0,822,822,v024
4Y1AW,0,631,631,v008
4Y1AW,0,787,787,v005
4Y1AW,0,822,822,v018
4Y1AW,703,822,119,v013
4Y1AW,350,487,137,v023
4Y1AW,0,822,822,v008
4Y1AW,552,822,270,v014
QS0AZ,240,408,168,v001
QS0AZ,184,343,159,v012
QS0AZ,0,345,345,v002
QS0AZ,211,427,216,v023
QS0AZ,0,110,110,v008
QS0AZ,50,244,194,v008
QS0AZ,273,398,125,v016
QS0AZ,254,400,146,v016
QS0AZ,158,324,166,v012
QS0AZ,228,386,158,v001
ZIU9C,0,384,384,v008
ZIU9C,0,120,120,v023
ZIU9C,0,470,470,v029
ZIU9C,235,376,141,v016
ZIU9C,338,552,214,v012
ZIU9C,235,376,141,v016
ZIU9C,398,714,316,v012
9QI0W,0,516,516,v021
9QI0W,0,516,516,v014
9QI0W,0,516,516,v008
9QI0W,0,516,516,v008
SUYMQ,355,865,510,v005
SUYMQ,350,865,515,v005
SUYMQ,285,865,580,v008
SUYMQ,232,410,178,v022
SUYMQ,163,403,240,v016
SUYMQ,0,415,415,v008
SUYMQ,290,865,575,v008
SUYMQ,0,338,338,v018
SUYMQ,799,865,66,v001
YYJ8I,62,475,413,v008
YYJ8I,216,475,259,v012
YYJ8I,172,475,303,v007
YYJ8I,326,475,149,v029
7VHXG,338,465,127,v001
7VHXG,295,434,139,v012
7VHXG,52,372,320,v002
7VHXG,542,694,152,v025
9OH7W,384,771,387,v008
9OH7W,386,542,156,v012
9OH7W,0,384,384,v026
9OH7W,511,756,245,v005
9OH7W,278,436,158,v016
YPQ97,0,751,751,v008
YPQ97,60,751,691,v026
YPQ97,12,148,136,v025
YPQ97,0,141,141,v008
YPQ97,67,751,684,v026
YPQ97,31,146,115,v016
8BNBV,357,484,127,v029
8BNBV,223,345,122,v019
KVYOZ,0,120,120,v008
KVYOZ,72,192,120,v023
KVYOZ,0,62,62,v022
KVYOZ,0,60,60,v018
KVYOZ,28,144,116,v016
KVYOZ,14,129,115,v020
KVYOZ,0,132,132,v008
6BXG4,0,496,496,v008
6BXG4,0,144,144,v018
6BXG4,225,444,219,v004
6BXG4,105,290,185,v015
6BXG4,7,134,127,v022
GJNI4,0,441,441,v008
GJNI4,0,372,372,v014
GJNI4,340,492,152,v006
GJNI4,290,451,161,v016
GJNI4,410,676,266,v004
GJNI4,278,451,173,v016
QQ9RN,48,549,501,v009
327L5,453,962,509,v008
327L5,249,532,283,v016
327L5,453,561,108,v023
327L5,470,924,454,v014
79WPY,235,532,297,v031
79WPY,667,765,98,v001
79WPY,556,691,135,v012
FL4NG,0,709,709,v008
FL4NG,0,643,643,v028
FL4NG,559,672,113,v016
FL4NG,552,672,120,v025
YLIMP,280,729,449,v003
YLIMP,0,1287,1287,v008
YLIMP,1065,1219,154,v022
YLIMP,62,196,134,v029
U9UI8,98,734,636,v023
U9UI8,0,734,734,v004
U9UI8,64,192,128,v008
7QLMY,38,444,406,v001
7QLMY,67,223,156,v017
7QLMY,48,184,136,v029
7ZPHX,0,232,232,v008
7ZPHX,468,690,222,v009
7ZPHX,280,580,300,v031
7ZPHX,0,600,600,v003
V8JOH,360,528,168,v001
V8JOH,0,211,211,v008
V8JOH,0,208,208,v005
V8JOH,314,444,130,v029
A015X,400,710,310,v016
A015X,415,728,313,v008
A015X,408,518,110,v023
A015X,492,621,129,v029
A015X,561,676,115,v029
A015X,0,728,728,v031
D4AJ5,134,326,192,v019
D4AJ5,86,225,139,v004
D4AJ5,432,539,107,v016
OAL0G,88,247,159,v004
OAL0G,0,184,184,v008
OAL0G,0,738,738,v020
OAL0G,0,738,738,v018
QO6RV,556,696,140,v027
QO6RV,57,309,252,v023
QO6RV,0,156,156,v029
QO6RV,175,309,134,v001
QO6RV,0,153,153,v005
QO6RV,0,153,153,v005
QO6RV,0,228,228,v008
QO6RV,223,552,329,v015
4T97L,91,501,410,v004
4T97L,0,501,501,v008
4T97L,199,403,204,v017
4T97L,324,716,392,v006
4T97L,300,420,120,v027
4T97L,309,716,407,v030
4T97L,199,316,117,v029
4T97L,168,716,548,v008
6BFKO,0,683,683,v014
6BFKO,571,683,112,v027
6BFKO,0,683,683,v014
6BFKO,0,683,683,v008
WTMMC,952,1200,248,v004
WTMMC,410,1041,631,v016
WTMMC,369,734,365,v023
WTMMC,362,1020,658,v030
WTMMC,369,998,629,v026
WTMMC,362,484,122,v023
WTMMC,369,484,115,v012
WTMMC,388,528,140,v008
WTMMC,619,770,151,v008
WTMMC,722,861,139,v008
WTMMC,355,484,129,v008
B84SU,0,743,743,v008
B84SU,0,489,489,v028
B84SU,0,743,743,v026
B84SU,312,743,431,v008
6B328,28,252,224,v000
6B328,0,429,429,v010
6B328,518,640,122,v031
6B328,146,381,235,v008
6B328,40,228,188,v000
6B328,448,703,255,v005
6B328,585,708,123,v016
6B328,264,398,134,v016
6B328,321,703,382,v008
6B328,163,355,192,v014
CBG3N,0,399,399,v018
CBG3N,0,211,211,v005
CBG3N,153,376,223,v023
CBG3N,165,399,234,v008
CBG3N,0,264,264,v023
CBG3N,0,259,259,v016
CBG3N,0,256,256,v008
ISHJ4,0,146,146,v007
ISHJ4,0,139,139,v001
ISHJ4,249,403,154,v012
ISHJ4,386,1356,970,v023
ISHJ4,264,410,146,v029
ISHJ4,463,744,281,v008
4N06O,0,600,600,v008
4N06O,504,643,139,v016
4N06O,547,685,138,v029
4N06O,96,292,196,v000
4N06O,362,573,211,v022
4N06O,0,192,192,v010
4N06O,194,496,302,v031
4N06O,511,631,120,v025
JISS4,0,228,228,v025
JISS4,280,1030,750,v005
JISS4,0,69,69,v009
JISS4,148,300,152,v018
JISS4,256,1030,774,v018
JISS4,0,336,336,v008
35P3Q,0,175,175,v008
35P3Q,120,280,160,v030
35P3Q,199,482,283,v008
35P3Q,0,194,194,v030
35P3Q,619,728,109,v023
35P3Q,0,650,650,v030
QDZ38,235,374,139,v030
QDZ38,57,220,163,v017
QDZ38,235,374,139,v030
QDZ38,64,182,118,v029
QDZ38,364,508,144,v030
QDZ38,117,494,377,v008
ZBDB5,350,518,168,v008
ZBDB5,444,636,192,v005
ZBDB5,0,314,314,v031
ZBDB5,225,350,125,v001
ZBDB5,0,712,712,v018
ZBDB5,0,712,712,v018
ZBDB5,525,712,187,v005
ZBDB5,276,621,345,v008
ZBDB5,0,372,372,v014
JHRI6,0,294,294,v018
JHRI6,122,294,172,v009
JHRI6,122,294,172,v019
JHRI6,0,180,180,v008
JHRI6,88,196,108,v025
Y2PNC,0,752,752,v008
Y2PNC,31,752,721,v024
Y2PNC,189,752,563,v031
1EJKT,496,852,356,v007
1EJKT,0,134,134,v003
1EJKT,384,688,304,v028
1EJKT,232,494,262,v020
1EJKT,648,770,122,v016
1EJKT,0,439,439,v008
1EJKT,312,439,127,v008
1EJKT,643,765,122,v025
7JZTY,14,144,130,v023
7JZTY,24,247,223,v012
7JZTY,144,336,192,v005
7JZTY,525,756,231,v004
7JZTY,132,259,127,v008
7JZTY,0,761,761,v018
7JZTY,309,456,147,v009
7JZTY,456,612,156,v009
7JZTY,309,451,142,v019
7JZTY,458,609,151,v019
MEG11,302,566,264,v008
MEG11,588,728,140,v016
MEG11,470,728,258,v023
XWVDK,50,290,240,v008
XWVDK,172,297,125,v025
XWVDK,182,295,113,v016
XWVDK,182,295,113,v016
KRT78,0,919,919,v018
KRT78,0,540,540,v032
KRT78,0,549,549,v005
KRT78,0,554,554,v005
KRT78,595,919,324,v031
KRT78,0,919,919,v008
KRT78,0,919,919,v008
D67MQ,319,508,189,v020
D67MQ,686,780,94,v018
D67MQ,470,626,156,v029
D67MQ,607,780,173,v018
D67MQ,712,780,68,v008
TTQ3V,129,285,156,v008
TTQ3V,0,88,88,v012
TTQ3V,0,218,218,v014
TTQ3V,129,292,163,v008
TTQ3V,484,633,149,v017
TTQ3V,403,724,321,v018
TTQ3V,367,547,180,v008
TTQ3V,158,278,120,v023
TTQ3V,225,728,503,v018
7K9XM,1224,2608,1384,v030
7K9XM,1132,2577,1445,v031
7K9XM,744,3104,2360,v008
7K9XM,744,1228,484,v023
7K9XM,1164,1663,499,v023
7K9XM,1053,1166,113,v031
7K9XM,1442,2719,1277,v008
7K9XM,698,840,142,v026
7K9XM,2467,2640,173,v016
7K9XM,1536,2143,607,v030
7K9XM,2217,2424,207,v030
7K9XM,976,1166,190,v012
OXUKR,0,372,372,v031
OXUKR,0,309,309,v021
OXUKR,0,408,408,v008
OXUKR,0,304,304,v021
OXUKR,0,324,324,v008
OXUKR,0,384,384,v010
OXUKR,300,441,141,v022
OXUKR,273,396,123,v016
OXUKR,331,756,425,v008
OXUKR,345,506,161,v005
OXUKR,348,506,158,v005
OXUKR,213,336,123,v016
OXUKR,288,422,134,v016
OXUKR,326,453,127,v023
SJGZ2,117,842,725,v026
SJGZ2,760,914,154,v001
SJGZ2,84,218,134,v012
SJGZ2,117,847,730,v026
SJGZ2,84,218,134,v012
SJGZ2,69,852,783,v016
SJGZ2,117,842,725,v016
39LQ8,43,206,163,v016
39LQ8,33,216,183,v016
39LQ8,177,393,216,v012
39LQ8,319,453,134,v017
39LQ8,300,420,120,v023
QJ11V,403,508,105,v027
QJ11V,7,446,439,v014
QJ11V,338,453,115,v016
QJ11V,4,456,452,v008
0CVZN,0,172,172,v026
H8QM1,7,122,115,v020
H8QM1,0,738,738,v031
H8QM1,160,738,578,v019
H8QM1,40,738,698,v019
H8QM1,0,738,738,v008
H8QM1,40,482,442,v019
15TWQ,60,398,338,v006
15TWQ,21,136,115,v027
15TWQ,136,470,334,v019
15TWQ,38,477,439,v031
15TWQ,352,661,309,v008
15TWQ,127,494,367,v019
15TWQ,388,661,273,v031
15TWQ,441,643,202,v029
15TWQ,336,661,325,v023
15TWQ,381,573,192,v012
XQC9F,266,520,254,v012
XQC9F,734,828,94,v025
XQC9F,328,561,233,v016
XQC9F,0,828,828,v026
4HGD7,110,249,139,v020
4HGD7,460,636,176,v017
4HGD7,523,667,144,v029
4HGD7,472,685,213,v008
SHVVB,0,721,721,v004
SHVVB,0,721,721,v018
SHVVB,0,721,721,v018
SHVVB,0,721,721,v023
SHVVB,0,721,721,v023
SHVVB,0,721,721,v023
SHVVB,0,721,721,v016
SHVVB,0,487,487,v032
SHVVB,0,484,484,v008
SHVVB,0,484,484,v032
SHVVB,482,721,239,v008
SHVVB,0,721,721,v008
SHVVB,376,492,116,v016
SHVVB,420,657,237,v008
SHVVB,0,721,721,v031
SHVVB,0,721,721,v008
SHVVB,0,721,721,v016
SHVVB,0,721,721,v023
4GWNV,254,427,173,v001
4GWNV,110,240,130,v001
4GWNV,86,307,221,v008
88TGX,184,588,404,v030
88TGX,98,228,130,v001
88TGX,7,196,189,v012
4F76V,475,669,194,v007
4F76V,74,254,180,v002
4F76V,475,631,156,v012
4F76V,312,492,180,v032
4F76V,0,679,679,v008
4F76V,525,662,137,v001
4F76V,0,679,679,v008
5MG4A,76,240,164,v016
5MG4A,134,273,139,v023
5MG4A,81,249,168,v016
5MG4A,0,321,321,v028
5MG4A,0,213,213,v008
5MG4A,105,220,115,v016
S8TI7,55,228,173,v031
S8TI7,0,103,103,v018
S8TI7,640,787,147,v022
S8TI7,4,379,375,v018
S8TI7,40,367,327,v005
P6P6L,468,645,177,v019
P6P6L,158,645,487,v031
P6P6L,0,715,715,v018
P6P6L,0,715,715,v018
FDU31,0,110,110,v008
FDU31,0,84,84,v026
FDU31,19,136,117,v026
06EDS,0,609,609,v016
06EDS,566,852,286,v011
06EDS,573,852,279,v002
06EDS,0,592,592,v016
06EDS,535,852,317,v016
FM078,276,823,547,v016
FM078,722,868,146,v012
FM078,384,765,381,v016
FM078,295,465,170,v016
FM078,309,938,629,v026
FM078,304,475,171,v012
FM078,412,760,348,v012
FM078,664,765,101,v001
FM078,4,297,293,v026
FM078,21,175,154,v016
FM078,115,235,120,v016
FLQ59,2,177,175,v015
FLQ59,0,203,203,v009
41EQS,0,261,261,v016
41EQS,266,403,137,v018
41EQS,273,766,493,v018
41EQS,0,312,312,v008
41EQS,163,331,168,v025
41EQS,0,208,208,v008
41EQS,0,223,223,v025
41EQS,408,766,358,v004
41EQS,0,189,189,v026
41EQS,0,189,189,v008
41EQS,86,208,122,v016
41EQS,266,451,185,v016
41EQS,254,766,512,v008
LNWWJ,110,237,127,v025
LNWWJ,86,232,146,v025
BNEQL,463,1195,732,v026
BNEQL,343,640,297,v004
BNEQL,0,480,480,v003
BNEQL,304,468,164,v023
BNEQL,0,468,468,v008
BNEQL,513,1176,663,v016
BNEQL,0,523,523,v016
BNEQL,336,621,285,v008
QQD2X,110,261,151,v027
QQD2X,180,412,232,v012
QQD2X,0,208,208,v017
QQD2X,76,237,161,v029
QQD2X,216,376,160,v012
FRX6I,0,375,375,v008
FRX6I,0,375,375,v020
FRX6I,0,375,375,v019
FRX6I,0,375,375,v016
FRX6I,0,375,375,v030
VICUM,578,693,115,v008
VICUM,12,141,129,v001
VICUM,12,141,129,v001
VICUM,0,96,96,v012
VICUM,0,96,96,v012
VICUM,547,693,146,v023
VICUM,0,643,643,v007
0NJ26,0,511,511,v008
0NJ26,0,321,321,v016
0NJ26,0,350,350,v016
0NJ26,429,730,301,v026
DXUQS,420,645,225,v016
DXUQS,0,348,348,v008
DXUQS,0,357,357,v026
DXUQS,0,307,307,v026
DXUQS,259,393,134,v009
DXUQS,412,540,128,v016
DXUQS,384,786,402,v023
DXUQS,432,648,216,v016
DXUQS,384,786,402,v008
UK8KW,429,715,286,v008
UK8KW,499,715,216,v021
UK8KW,484,715,231,v008
UK8KW,559,715,156,v005
UK8KW,408,715,307,v008
T4HF9,0,432,432,v031
T4HF9,343,520,177,v012
T4HF9,0,424,424,v003
8M0ZV,530,723,193,v012
8M0ZV,0,723,723,v008
8M0ZV,660,723,63,v004
8M0ZV,0,723,723,v008
8M0ZV,595,723,128,v029
O7N6K,0,134,134,v012
O7N6K,81,529,448,v008
O7N6K,422,529,107,v023
O7N6K,62,184,122,v028
O7N6K,7,170,163,v029
L8HMR,81,336,255,v016
L8HMR,259,571,312,v023
L8HMR,0,336,336,v008
L8HMR,0,110,110,v029
L8HMR,86,324,238,v016
L8HMR,446,564,118,v016
L8HMR,434,566,132,v016
L8HMR,252,566,314,v008
HIC67,19,208,189,v016
HIC67,160,403,243,v026
HIC67,43,345,302,v004
HIC67,292,578,286,v004
HIC67,196,506,310,v023
HIC67,441,590,149,v016
HIC67,316,458,142,v023
HIC67,295,420,125,v025
HIC67,0,396,396,v008
HIC67,338,585,247,v008
PPCWE,96,411,315,v014
PPCWE,0,144,144,v017
PPCWE,72,411,339,v008
VNQES,0,942,942,v008
VNQES,892,942,50,v022
VNQES,573,744,171,v016
VNQES,480,626,146,v018
VNQES,144,321,177,v009
VNQES,856,942,86,v029
VNQES,0,645,645,v018
LTYK5,0,127,127,v019
LTYK5,388,508,120,v022
LTYK5,309,429,120,v001
LTYK5,187,321,134,v016
LTYK5,16,388,372,v026
LTYK5,0,122,122,v012
LTYK5,55,388,333,v016
6PL9Z,81,228,147,v023
6PL9Z,148,271,123,v008
6PL9Z,139,321,182,v023
6PL9Z,0,153,153,v018
6PL9Z,57,172,115,v022
6PL9Z,84,473,389,v008
GK6GN,0,703,703,v008
GK6GN,0,703,703,v016
GK6GN,0,703,703,v019
GK6GN,0,700,700,v016
GK6GN,0,136,136,v016
GK6GN,271,420,149,v016
GK6GN,352,501,149,v016
GK6GN,544,684,140,v016
GK6GN,0,93,93,v023
GK6GN,81,206,125,v023
GK6GN,163,290,127,v023
GK6GN,511,645,134,v023
7NBPG,0,600,600,v008
7NBPG,484,602,118,v025
7NBPG,0,585,585,v031
7NBPG,556,714,158,v008
7NBPG,568,714,146,v031
7NBPG,0,115,115,v012
7NBPG,542,672,130,v023
7NBPG,484,607,123,v016
7NBPG,554,686,132,v023
7NBPG,482,585,103,v001
7NBPG,0,714,714,v012
7NBPG,0,714,714,v023
7NBPG,0,714,714,v016
L3JDK,300,436,136,v008
L3JDK,0,745,745,v002
0M7YH,48,184,136,v012
0M7YH,688,736,48,v004
0M7YH,151,674,523,v008
0M7YH,242,592,350,v004
MQ9PZ,0,187,187,v001
MQ9PZ,259,453,194,v026
MQ9PZ,0,742,742,v018
MQ9PZ,0,187,187,v001
MQ9PZ,0,62,62,v012
MQ9PZ,146,283,137,v012
MQ9PZ,199,348,149,v001
MQ9PZ,184,307,123,v031
MQ9PZ,240,460,220,v016
MQ9PZ,172,321,149,v016
MQ9PZ,552,703,151,v026
MQ9PZ,86,242,156,v026
5DPC8,33,184,151,v027
5DPC8,283,844,561,v014
5DPC8,81,860,779,v018
5DPC8,93,264,171,v018
5DPC8,691,856,165,v022
5DPC8,813,860,47,v029
5DPC8,813,860,47,v016
5DPC8,813,860,47,v023
5DPC8,813,860,47,v008
KVWRK,0,630,630,v008
KVWRK,0,630,630,v008
KVWRK,0,630,630,v008
SXMII,0,232,232,v010
SXMII,516,616,100,v016
SXMII,244,381,137,v008
SXMII,513,657,144,v022
SXMII,4,120,116,v000
SXMII,566,686,120,v025
SXMII,597,744,147,v023
SXMII,189,324,135,v025
SXMII,182,355,173,v025
SXMII,585,767,182,v026
SXMII,600,767,167,v026
SXMII,158,559,401,v018
SAK7K,0,259,259,v008
SAK7K,564,706,142,v004
SAK7K,501,706,205,v008
SAK7K,460,636,176,v023
SAK7K,103,254,151,v016
SAK7K,504,706,202,v008
SAK7K,0,192,192,v026
RQRR6,400,588,188,v001
RQRR6,0,213,213,v031
RQRR6,129,511,382,v014
3J639,559,714,155,v018
3J639,285,520,235,v022
3J639,0,412,412,v018
3J639,396,542,146,v025
3J639,376,535,159,v023
3J639,434,537,103,v016
OL2QI,472,705,233,v025
OL2QI,88,381,293,v025
OL2QI,307,436,129,v008
OL2QI,432,600,168,v016
OL2QI,448,609,161,v016
OL2QI,276,595,319,v016
DRGKV,537,734,197,v008
DRGKV,504,696,192,v013
DRGKV,297,415,118,v025
DRGKV,93,343,250,v028
UKGO4,0,180,180,v023
UKGO4,252,781,529,v003
UKGO4,0,165,165,v008
UKGO4,643,746,103,v027
UKGO4,0,86,86,v016
UKGO4,364,484,120,v003
UKGO4,256,376,120,v016
UKGO4,0,105,105,v023
UKGO4,0,105,105,v008
UKGO4,290,708,418,v008
7DGWM,213,376,163,v008
7DGWM,369,540,171,v023
7DGWM,132,316,184,v016
7DGWM,314,530,216,v023
7DGWM,369,638,269,v018
7DGWM,381,746,365,v001
7DGWM,633,746,113,v016
7DGWM,410,727,317,v008
7DGWM,52,196,144,v017
7DGWM,189,559,370,v022
7DGWM,105,268,163,v018
7DGWM,381,722,341,v021
7DGWM,14,156,142,v029
UIWY2,48,537,489,v006
UIWY2,14,580,566,v022
UIWY2,559,686,127,v018
64HO1,50,709,659,v008
64HO1,69,709,640,v009
64HO1,144,309,165,v001
64HO1,55,709,654,v019
64HO1,19,206,187,v012
64HO1,33,709,676,v008
64HO1,16,247,231,v029
PCXYE,0,645,645,v008
PCXYE,4,343,339,v004
PCXYE,379,520,141,v022
PCXYE,511,830,319,v026
PCXYE,0,504,504,v018
PCXYE,0,633,633,v023
PCXYE,0,633,633,v016
PCXYE,0,633,633,v016
I5PU9,268,552,284,v026
I5PU9,475,770,295,v008
I5PU9,148,770,622,v023
I5PU9,187,561,374,v023
I5PU9,187,561,374,v016
I5PU9,460,770,310,v014
9OJXP,134,417,283,v012
9OJXP,0,760,760,v008
9OJXP,369,645,276,v020
9OJXP,244,427,183,v029
8EYHC,240,537,297,v020
8EYHC,556,633,77,v006
XOFEX,316,716,400,v014
XOFEX,0,374,374,v014
XOFEX,295,412,117,v016
XOFEX,309,716,407,v032
XOFEX,288,412,124,v016
GFON7,0,324,324,v009
GFON7,237,463,226,v019
GFON7,314,549,235,v029
GFON7,0,733,733,v019
T0V4O,0,573,573,v008
T0V4O,612,732,120,v023
T0V4O,0,561,561,v031
T0V4O,648,770,122,v016
T0V4O,559,739,180,v012
T0V4O,724,773,49,v023
T0V4O,724,773,49,v001
T0V4O,724,773,49,v008
MSN1B,199,352,153,v004
MSN1B,134,432,298,v008
MSN1B,160,276,116,v023
MSN1B,0,165,165,v000
MSN1B,427,554,127,v022
MSN1B,0,194,194,v010
MSN1B,0,237,237,v008
2QI8F,0,405,405,v008
2QI8F,232,451,219,v016
2QI8F,0,182,182,v023
2QI8F,244,492,248,v016
2QI8F,0,84,84,v012
2QI8F,201,333,132,v029
2QI8F,100,247,147,v001
2QI8F,0,336,336,v012
2QI8F,0,312,312,v030
2QI8F,232,340,108,v001
JJKNY,156,236,80,v005
JJKNY,129,236,107,v023
JJKNY,50,180,130,v016
JJKNY,81,235,154,v030
JJKNY,139,236,97,v005
JJKNY,148,236,88,v008
JJKNY,60,175,115,v008
JJKNY,48,168,120,v023
JJKNY,0,115,115,v028
JJKNY,0,81,81,v020
JJKNY,0,146,146,v023
ODFF6,108,237,129,v025
ODFF6,146,295,149,v001
ODFF6,228,362,134,v012
ODFF6,468,747,279,v009
ODFF6,74,213,139,v008
EAPFO,0,786,786,v021
EAPFO,0,786,786,v031
EAPFO,136,487,351,v008
EAPFO,2,786,784,v010
1Q8WU,403,561,158,v020
1Q8WU,0,542,542,v008
1Q8WU,0,605,605,v008
QSQK2,528,714,186,v029
QSQK2,168,304,136,v017
QSQK2,540,696,156,v001
QSQK2,460,643,183,v012
QSQK2,235,537,302,v016
QSQK2,448,614,166,v007
GOCDE,129,264,135,v018
GOCDE,43,336,293,v008
GOCDE,223,611,388,v016
GOCDE,86,216,130,v015
GOCDE,177,307,130,v004
GOCDE,52,184,132,v023
GOCDE,218,352,134,v016
GOCDE,456,604,148,v022
OS7VW,0,398,398,v019
OS7VW,259,720,461,v012
OS7VW,0,232,232,v019
OS7VW,0,720,720,v022
OS7VW,316,720,404,v026
OS7VW,0,720,720,v031
ICL1M,386,530,144,v001
ICL1M,0,719,719,v008
ICL1M,0,480,480,v031
ICL1M,547,700,153,v022
ICL1M,0,564,564,v018
ICL1M,482,628,146,v004
ICL1M,456,719,263,v016
IULMX,0,592,592,v025
IULMX,38,264,226,v000
IULMX,175,480,305,v019
IULMX,0,643,643,v010
IULMX,43,254,211,v000
IULMX,283,434,151,v016
IULMX,100,225,125,v008
IULMX,597,643,46,v018
IULMX,0,300,300,v021
IULMX,345,496,151,v025
IULMX,206,331,125,v023
AHLZY,446,789,343,v008
AHLZY,345,508,163,v020
AHLZY,288,542,254,v030
AHLZY,288,410,122,v023
AHLZY,523,770,247,v020
AHLZY,381,520,139,v016
AHLZY,465,691,226,v026
AHLZY,0,170,170,v030
WB17C,180,362,182,v008
WB17C,254,388,134,v001
WB17C,556,819,263,v020
WB17C,21,172,151,v012
WB17C,105,561,456,v016
WB17C,105,362,257,v023
AM3R2,0,333,333,v008
AM3R2,0,249,249,v017
AM3R2,259,626,367,v018
AM3R2,237,388,151,v018
AM3R2,211,355,144,v025
AM3R2,0,626,626,v008
LHMMJ,0,223,223,v018
LHMMJ,352,535,183,v026
LHMMJ,103,223,120,v022
LHMMJ,532,613,81,v029
LHMMJ,396,535,139,v023
65M4K,480,747,267,v023
65M4K,93,669,576,v016
65M4K,492,747,255,v002
65M4K,0,129,129,v012
65M4K,64,280,216,v023
65M4K,321,504,183,v016
65M4K,160,477,317,v008
YSL3Z,0,338,338,v008
YSL3Z,314,718,404,v023
YSL3Z,489,718,229,v009
YSL3Z,247,718,471,v022
YSL3Z,235,338,103,v016
YSL3Z,0,295,295,v030
YSL3Z,0,357,357,v018
YSL3Z,444,718,274,v019
NY5LX,470,650,180,v012
NY5LX,0,338,338,v026
NY5LX,468,829,361,v008
NY5LX,475,829,354,v016
NY5LX,0,829,829,v023
NY5LX,0,508,508,v016
NY5LX,0,829,829,v026
NY5LX,0,829,829,v026
NY5LX,424,829,405,v026
NY5LX,0,829,829,v022
NY5LX,429,829,400,v008
NY5LX,417,576,159,v023
NY5LX,576,696,120,v008
NY5LX,549,688,139,v023
NY5LX,595,734,139,v016
OLH8O,0,724,724,v008
OLH8O,384,501,117,v007
4C5S6,0,535,535,v002
4C5S6,468,633,165,v012
JUGS8,0,738,738,v008
JUGS8,328,568,240,v008
JUGS8,91,355,264,v028
JUGS8,0,163,163,v019
JUGS8,7,129,122,v009
JUGS8,338,645,307,v008
JUGS8,468,590,122,v020
PWR6D,0,643,643,v014
PWR6D,0,745,745,v018
PWR6D,506,745,239,v020
PWR6D,0,559,559,v019
PWR6D,0,745,745,v018
V29QF,0,139,139,v008
V29QF,218,396,178,v031
AXZVQ,55,738,683,v022
AXZVQ,100,738,638,v026
AXZVQ,84,242,158,v012
AXZVQ,19,204,185,v022
AXZVQ,151,290,139,v023
AXZVQ,242,738,496,v026
AXZVQ,513,738,225,v023
VKTYD,326,736,410,v008
VKTYD,67,264,197,v001
VKTYD,290,475,185,v018
VKTYD,177,736,559,v008
VKTYD,26,199,173,v012
VKTYD,302,439,137,v018
VKTYD,36,199,163,v029
VKTYD,91,736,645,v031
VKTYD,168,736,568,v023
H9F6S,580,705,125,v029
H9F6S,0,456,456,v005
H9F6S,0,398,398,v008
H9F6S,26,693,667,v005
H9F6S,0,743,743,v008
II0EJ,352,719,367,v031
II0EJ,0,314,314,v008
II0EJ,218,441,223,v020
II0EJ,0,719,719,v018
II0EJ,182,357,175,v016
1X59T,28,189,161,v012
1X59T,0,117,117,v017
1X59T,21,189,168,v007
W8TE5,0,370,370,v014
W8TE5,0,370,370,v018
W8TE5,0,134,134,v013
W8TE5,0,370,370,v019
W8TE5,0,370,370,v008
W8TE5,55,288,233,v013
ZLRFB,264,412,148,v009
ZLRFB,264,492,228,v031
ZLRFB,504,868,364,v003
ZLRFB,264,412,148,v009
0XV7B,285,862,577,v003
0XV7B,216,862,646,v018
0XV7B,0,862,862,v024
0XV7B,177,319,142,v018
0XV7B,453,862,409,v003
0XV7B,124,237,113,v029
0XV7B,28,216,188,v012
0XV7B,211,345,134,v019
0XV7B,427,619,192,v019
VL20E,0,470,470,v008
VL20E,0,477,477,v014
VL20E,340,530,190,v020
VL20E,403,530,127,v017
VL20E,379,508,129,v022
VL20E,0,480,480,v018
VL20E,280,441,161,v016
VL20E,280,448,168,v016
VL20E,0,482,482,v018
JSY2I,88,304,216,v001
JSY2I,0,165,165,v012
JSY2I,0,734,734,v008
JSY2I,0,206,206,v001
JSY2I,436,636,200,v012
JSY2I,230,393,163,v020
JSY2I,9,206,197,v007
JSY2I,0,144,144,v029
X5YL3,0,442,442,v008
X5YL3,129,355,226,v016
X5YL3,129,355,226,v016
X5YL3,0,67,67,v008
X5YL3,0,64,64,v012
X5YL3,312,442,130,v001
X5YL3,64,182,118,v012
X5YL3,136,252,116,v008
THS0O,0,588,588,v008
THS0O,0,501,501,v014
THS0O,410,588,178,v016
THS0O,518,831,313,v008
THS0O,518,660,142,v023
THS0O,441,576,135,v016
Q0OEU,0,407,407,v012
JTUHP,105,607,502,v008
JTUHP,69,566,497,v002
JTUHP,0,654,654,v014
4878H,0,136,136,v021
4878H,0,541,541,v018
4878H,0,541,541,v008
NMTRI,0,758,758,v010
NMTRI,528,753,225,v004
NMTRI,424,540,116,v005
NMTRI,0,124,124,v000
NMTRI,448,758,310,v008
NMTRI,0,124,124,v000
NMTRI,45,314,269,v023
NMTRI,91,256,165,v008
NMTRI,463,592,129,v005
NMTRI,12,139,127,v021
NMTRI,676,758,82,v016
0N6B0,91,561,470,v013
0N6B0,86,573,487,v008
0N6B0,67,554,487,v014
0N6B0,81,237,156,v018
0N6B0,124,621,497,v018
4Q3KR,112,410,298,v026
4Q3KR,240,552,312,v026
AVVX3,0,153,153,v008
AVVX3,405,572,167,v019
AVVX3,290,427,137,v022
AVVX3,369,572,203,v031
AVVX3,252,369,117,v025
BU2R4,0,384,384,v004
BU2R4,0,628,628,v008
BU2R4,487,655,168,v016
BU2R4,487,655,168,v016
LI5VF,160,463,303,v016
LI5VF,434,676,242,v009
LI5VF,0,177,177,v008
LI5VF,117,283,166,v025
LI5VF,0,180,180,v026
LI5VF,153,336,183,v025
LI5VF,0,261,261,v008
LI5VF,136,297,161,v016
LI5VF,0,247,247,v008
HZA53,0,734,734,v008
SHKHX,568,715,147,v029
SHKHX,2,160,158,v004
SHKHX,494,664,170,v008
SHKHX,244,364,120,v016
SHKHX,636,734,98,v001
SHKHX,244,364,120,v016
SHKHX,0,199,199,v008
SHKHX,345,477,132,v023
SHKHX,631,734,103,v007
SHKHX,487,638,151,v012
UPZJ5,55,242,187,v031
UPZJ5,0,235,235,v032
UPZJ5,151,734,583,v019
JH47V,573,772,199,v004
JH47V,0,408,408,v015
JH47V,0,799,799,v018
JH47V,0,571,571,v008
JH47V,0,799,799,v018
JH47V,0,564,564,v016
XRQDI,0,199,199,v017
XRQDI,172,379,207,v009
XRQDI,84,230,146,v029
XRQDI,432,464,32,v019
57A1A,264,384,120,v025
57A1A,264,384,120,v025
57A1A,72,216,144,v001
57A1A,72,216,144,v001
57A1A,67,216,149,v012
GFALT,124,290,166,v004
GFALT,168,501,333,v019
H9V9I,93,247,154,v016
H9V9I,158,304,146,v001
H9V9I,16,304,288,v016
H9V9I,237,376,139,v029
H9V9I,0,84,84,v008
RTULL,472,758,286,v030
J867Z,81,391,310,v016
J867Z,319,480,161,v025
J867Z,84,369,285,v016
ENCXV,177,691,514,v004
ENCXV,374,775,401,v008
ENCXV,0,775,775,v008
ENCXV,367,501,134,v023
WXMTI,338,487,149,v008
WXMTI,0,79,79,v008
WXMTI,0,103,103,v012
WXMTI,19,206,187,v016
WXMTI,376,578,202,v019
WXMTI,0,206,206,v026
WXMTI,204,484,280,v023
2CR09,0,100,100,v007
2CR09,0,196,196,v008
2CR09,98,376,278,v003
2CR09,144,261,117,v008
2CR09,0,122,122,v001
2CR09,0,88,88,v012
2CR09,0,208,208,v023
2CR09,0,103,103,v029
2CR09,60,213,153,v023
2CR09,110,213,103,v016
2CR09,50,156,106,v012
OTT89,0,451,451,v031
OTT89,355,760,405,v003
OTT89,0,760,760,v003
H4KNQ,338,487,149,v016
H4KNQ,657,763,106,v031
H4KNQ,616,763,147,v018
H4KNQ,189,379,190,v029
H4KNQ,0,441,441,v008
NUMAW,0,733,733,v018
NUMAW,0,733,733,v008
NUMAW,40,292,252,v020
NUMAW,0,733,733,v018
NUMAW,156,312,156,v026
NUMAW,552,681,129,v019
DHPNN,0,738,738,v018
DHPNN,211,372,161,v025
DHPNN,0,110,110,v009
DHPNN,0,738,738,v018
DHPNN,122,738,616,v032
8GXNA,0,192,192,v008
8GXNA,120,240,120,v016
8GXNA,192,360,168,v008
8GXNA,672,759,87,v001
8GXNA,127,276,149,v012
8GXNA,0,69,69,v023
8GXNA,252,400,148,v016
8GXNA,187,314,127,v023
8GXNA,604,759,155,v007
8GXNA,201,420,219,v026
8GXNA,583,759,176,v029
93EOJ,261,376,115,v016
93EOJ,50,357,307,v008
93EOJ,254,381,127,v016
93EOJ,40,223,183,v023
93EOJ,187,357,170,v026
RJIEO,408,660,252,v031
RJIEO,105,350,245,v018
RJIEO,69,304,235,v018
RJIEO,115,237,122,v016
GY9MZ,0,120,120,v004
GY9MZ,28,271,243,v009
GY9MZ,19,288,269,v019
GY9MZ,640,845,205,v023
GY9MZ,640,845,205,v028
GY9MZ,0,845,845,v008
GY9MZ,523,845,322,v026
GY9MZ,535,845,310,v025
YCY9G,674,828,154,v016
YCY9G,105,758,653,v004
4O9A6,614,756,142,v004
4O9A6,597,756,159,v008
4O9A6,0,520,520,v006
4O9A6,542,729,187,v018
4O9A6,0,607,607,v022
4O9A6,554,756,202,v018
4O9A6,576,756,180,v018
R025M,0,120,120,v016
R025M,96,377,281,v012
R025M,0,105,105,v016
R025M,0,64,64,v008
R025M,72,377,305,v001
8OHDL,295,422,127,v025
8OHDL,0,369,369,v026
8OHDL,0,384,384,v008
8OHDL,52,223,171,v026
8OHDL,266,451,185,v025
W74ZY,141,290,149,v018
W74ZY,367,487,120,v008
W74ZY,340,475,135,v023
W74ZY,132,379,247,v018
W74ZY,324,768,444,v003
W74ZY,0,768,768,v022
8VVHR,422,568,146,v008
8VVHR,271,415,144,v023
8VVHR,28,160,132,v007
8VVHR,422,583,161,v016
8VVHR,0,316,316,v026
8VVHR,175,331,156,v012
BWG9B,4,127,123,v004
BWG9B,38,751,713,v018
BWG9B,33,182,149,v018
BWG9B,132,302,170,v028
BWG9B,326,460,134,v016
BWG9B,326,460,134,v016
BWG9B,0,93,93,v023
BPZE3,0,844,844,v008
BPZE3,0,844,844,v014
BPZE3,0,844,844,v002
C7V0X,302,458,156,v004
C7V0X,369,683,314,v008
C7V0X,0,110,110,v025
C7V0X,0,86,86,v016
C7V0X,364,508,144,v016
5OIQ7,0,163,163,v000
5OIQ7,62,456,394,v022
5OIQ7,362,612,250,v016
5OIQ7,0,192,192,v008
5OIQ7,12,333,321,v019
5OIQ7,0,208,208,v010
5OIQ7,309,650,341,v004
5OIQ7,309,691,382,v005
5OIQ7,578,761,183,v008
C4OY0,568,734,166,v024
C4OY0,0,264,264,v008
C4OY0,448,734,286,v008
C4OY0,396,561,165,v023
C4OY0,0,285,285,v026
1O4ZZ,0,612,612,v026
1O4ZZ,0,752,752,v008
1O4ZZ,463,619,156,v016
8R5DD,158,424,266,v016
8R5DD,432,603,171,v000
8R5DD,0,603,603,v010
8R5DD,0,412,412,v008
98NYF,0,376,376,v000
98NYF,326,484,158,v017
98NYF,242,415,173,v022
98NYF,0,175,175,v010
98NYF,355,484,129,v023
98NYF,115,360,245,v018
98NYF,403,484,81,v029
98NYF,357,470,113,v023
D7D89,302,360,58,v004
D7D89,314,360,46,v008
D7D89,300,360,60,v023
D7D89,0,348,348,v031
D7D89,0,360,360,v022
D7D89,0,360,360,v016
201W8,516,662,146,v004
201W8,307,432,125,v001
201W8,0,662,662,v008
201W8,0,415,415,v031
201W8,388,528,140,v015
201W8,2,134,132,v012
CIIWP,348,556,208,v001
CIIWP,640,753,113,v007
CIIWP,26,194,168,v008
CIIWP,50,199,149,v016
CIIWP,57,199,142,v025
CIIWP,482,696,214,v012
CIIWP,321,439,118,v029
PFW9F,271,715,444,v026
PFW9F,0,873,873,v008
PFW9F,0,873,873,v022
PFW9F,165,324,159,v019
PFW9F,0,873,873,v026
JLQLC,0,271,271,v013
JLQLC,0,1060,1060,v008
JLQLC,369,1060,691,v003
JLQLC,0,403,403,v014
JLQLC,333,1060,727,v023
JLQLC,0,1060,1060,v023
JLQLC,333,1060,727,v008
SFPJ7,333,556,223,v016
SFPJ7,331,484,153,v012
SFPJ7,338,556,218,v016
SFPJ7,314,444,130,v023
SFPJ7,0,300,300,v010
SFPJ7,309,660,351,v016
SFPJ7,441,631,190,v016
SFPJ7,316,660,344,v023
SFPJ7,196,324,128,v016
SFPJ7,0,319,319,v008
SFPJ7,0,261,261,v021
SFPJ7,228,398,170,v022
SFPJ7,326,564,238,v008
SFPJ7,108,271,163,v000
VSS68,26,199,173,v016
VSS68,134,685,551,v026
VSS68,16,146,130,v012
VSS68,69,273,204,v016
VSS68,242,685,443,v026
VSS68,64,201,137,v016
ZKNCV,496,778,282,v008
ZKNCV,0,523,523,v008
ZKNCV,0,530,530,v026
WEAT2,26,552,526,v008
WEAT2,7,559,552,v031
WEAT2,408,604,196,v020
WEAT2,429,552,123,v025
WEAT2,0,604,604,v008
UVEPN,52,403,351,v008
UVEPN,259,408,149,v004
UVEPN,40,410,370,v023
AXYF9,69,328,259,v005
AXYF9,132,499,367,v008
AXYF9,204,427,223,v005
AXYF9,0,754,754,v018
AXYF9,0,240,240,v031
5F1AW,0,129,129,v016
5F1AW,0,129,129,v016
5F1AW,108,743,635,v014
5F1AW,86,743,657,v008
E6IL3,672,750,78,v001
E6IL3,0,91,91,v008
E6IL3,0,64,64,v012
E6IL3,0,74,74,v031
E6IL3,0,88,88,v019
E6IL3,0,122,122,v010
E6IL3,0,91,91,v018
E6IL3,0,484,484,v008
CEQM1,48,218,170,v028
CEQM1,530,645,115,v008
CEQM1,0,600,600,v005
CEQM1,484,607,123,v016
CEQM1,0,645,645,v023
CEQM1,0,597,597,v008
CEQM1,513,645,132,v023
CEQM1,48,223,175,v025
CEQM1,0,602,602,v008
CEQM1,0,74,74,v023
406LH,511,746,235,v031
406LH,141,417,276,v005
406LH,136,429,293,v005
406LH,333,482,149,v001
406LH,33,216,183,v012
406LH,720,821,101,v016
406LH,33,180,147,v007
406LH,124,816,692,v008
406LH,72,456,384,v029
406LH,0,816,816,v008
406LH,720,821,101,v016
LURLC,0,429,429,v006
LURLC,494,657,163,v005
LURLC,494,657,163,v005
LURLC,0,747,747,v018
ET9EE,144,463,319,v016
ET9EE,134,458,324,v016
ET9EE,19,156,137,v023
ET9EE,45,168,123,v029
ET9EE,21,283,262,v008
5C837,288,800,512,v008
5C837,93,220,127,v019
5C837,0,800,800,v018
5C837,273,429,156,v023
5C837,381,741,360,v019
5C837,376,775,399,v031
5C837,244,453,209,v012
R5IQ5,0,736,736,v024
R5IQ5,0,736,736,v018
R5IQ5,374,655,281,v019
R5IQ5,0,736,736,v008
NB0S4,0,734,734,v026
NB0S4,578,734,156,v016
NB0S4,501,700,199,v016
NB0S4,153,304,151,v016
DCLLS,266,706,440,v005
DCLLS,57,706,649,v008
DCLLS,117,706,589,v018
DCLLS,79,213,134,v018
DCLLS,266,706,440,v005
DCLLS,0,706,706,v008
C5KNM,602,780,178,v028
C5KNM,684,871,187,v029
C5KNM,4,698,694,v002
C5KNM,710,871,161,v007
C5KNM,614,871,257,v023
C5KNM,614,801,187,v008
M43KR,266,511,245,v013
M43KR,163,333,170,v014
M43KR,645,742,97,v022
M43KR,115,422,307,v008
M43KR,4,156,152,v016
M43KR,0,742,742,v018
M43KR,0,742,742,v018
H7DI3,0,506,506,v008
H7DI3,0,506,506,v008
H7DI3,0,506,506,v014
K85A7,0,775,775,v031
K85A7,0,775,775,v021
K85A7,0,775,775,v018
K85A7,0,775,775,v008
O9L1K,254,745,491,v008
O9L1K,254,528,274,v012
O9L1K,79,460,381,v012
O9L1K,0,688,688,v008
8EYST,0,769,769,v031
8EYST,432,768,336,v012
8EYST,0,769,769,v008
8EYST,0,769,769,v018
GVX7E,856,968,112,v016
GVX7E,132,724,592,v005
GVX7E,0,172,172,v029
GVX7E,604,753,149,v020
GVX7E,132,724,592,v005
GVX7E,127,681,554,v008
GVX7E,117,261,144,v023
GVX7E,0,968,968,v008
432NL,429,724,295,v008
432NL,602,756,154,v005
432NL,326,487,161,v001
432NL,50,180,130,v012
432NL,638,756,118,v005
432NL,108,460,352,v023
432NL,333,756,423,v008
FIY0S,0,696,696,v016
FIY0S,0,508,508,v025
FIY0S,0,738,738,v026
FIY0S,0,504,504,v016
FIY0S,544,736,192,v016
FIY0S,544,738,194,v008
LJ3AI,175,326,151,v004
LJ3AI,12,184,172,v018
LJ3AI,307,444,137,v026
LJ3AI,446,585,139,v032
LJ3AI,415,686,271,v008
LJ3AI,348,715,367,v026
LJ3AI,360,674,314,v023
2KAWJ,408,530,122,v029
2KAWJ,21,436,415,v004
2KAWJ,384,525,141,v017
2KAWJ,360,480,120,v022
2KAWJ,0,468,468,v018
2KAWJ,616,734,118,v016
2KAWJ,667,816,149,v018
2KAWJ,696,806,110,v018
KI0YZ,160,820,660,v009
KI0YZ,67,820,753,v014
KI0YZ,0,820,820,v010
KI0YZ,144,820,676,v019
7B8EQ,376,771,395,v014
7B8EQ,256,771,515,v031
7B8EQ,352,771,419,v008
7B8EQ,345,472,127,v023
7B8EQ,79,333,254,v003
7B8EQ,396,771,375,v013
MY9UC,477,721,244,v031
MY9UC,446,721,275,v018
MY9UC,0,146,146,v030
MY9UC,446,721,275,v018
MY9UC,0,146,146,v008
MY9UC,0,120,120,v016
EYV38,52,494,442,v003
EYV38,0,573,573,v010
EYV38,0,573,573,v021
EYV38,441,566,125,v000
EYV38,12,504,492,v018
EYV38,393,528,135,v018
EYV38,463,573,110,v000
EYV38,0,192,192,v016
EYV38,384,525,141,v022
4HFN2,763,886,123,v001
4HFN2,261,614,353,v008
4HFN2,660,886,226,v002
4HFN2,456,640,184,v001
N0N4I,484,571,87,v001
N0N4I,0,208,208,v002
N0N4I,129,300,171,v012
N0N4I,177,410,233,v008
N0N4I,230,465,235,v005
N0N4I,0,201,201,v008
N0N4I,225,508,283,v004
N0N4I,453,571,118,v016
N0N4I,52,201,149,v016
JNFCE,465,664,199,v006
JNFCE,0,751,751,v008
JNFCE,43,153,110,v023
JNFCE,436,664,228,v030
JNFCE,696,751,55,v025
BYMO6,0,105,105,v031
BYMO6,463,595,132,v016
BYMO6,0,588,588,v008
BYMO6,0,583,583,v014
YKT8I,0,112,112,v012
YKT8I,62,182,120,v016
YKT8I,0,187,187,v008
YKT8I,0,146,146,v029
ZAJYX,350,708,358,v026
ZAJYX,165,357,192,v008
ZAJYX,168,446,278,v016
ZAJYX,172,441,269,v023
ZAJYX,0,268,268,v002
ZAJYX,268,448,180,v023
ZAJYX,374,708,334,v030
JL8XT,0,784,784,v008
JL8XT,578,784,206,v030
JL8XT,0,784,784,v008
JL8XT,578,784,206,v030
JL8XT,0,655,655,v014
JL8XT,590,784,194,v026
5NJRH,57,722,665,v009
5NJRH,0,727,727,v008
5NJRH,0,727,727,v031
FVYSO,273,453,180,v008
FVYSO,55,328,273,v016
FVYSO,55,328,273,v026
CDNNO,0,726,726,v024
CDNNO,513,726,213,v031
CDNNO,261,484,223,v026
RVBQC,117,342,225,v008
JVXMI,232,456,224,v013
JVXMI,2,463,461,v008
JVXMI,45,264,219,v019
JVXMI,2,112,110,v023
JVXMI,45,463,418,v014
LH6LE,129,367,238,v008
LH6LE,0,711,711,v008
LH6LE,518,645,127,v001
LH6LE,364,528,164,v016
LH6LE,84,204,120,v012
LH6LE,208,364,156,v016
LH6LE,261,711,450,v005
LH6LE,134,292,158,v023
KQYR0,408,561,153,v016
KQYR0,165,285,120,v016
KQYR0,408,561,153,v016
KQYR0,312,417,105,v016
KQYR0,468,574,106,v023
KQYR0,0,568,568,v026
KQYR0,391,554,163,v008
KQYR0,393,501,108,v023
KQYR0,21,381,360,v026
NYA5N,0,314,314,v009
NYA5N,0,392,392,v008
NYA5N,0,392,392,v014
0PCAF,0,784,784,v031
0PCAF,19,276,257,v019
0PCAF,161,784,623,v006
BIZ2R,0,733,733,v031
BIZ2R,21,326,305,v006
BIZ2R,0,132,132,v012
BIZ2R,513,733,220,v019
BIZ2R,391,648,257,v001
BIZ2R,0,733,733,v008
CKUYC,24,715,691,v018
CKUYC,9,715,706,v008
CKUYC,0,134,134,v018
CKUYC,463,578,115,v016
CKUYC,4,187,183,v023
CKUYC,4,187,183,v016
CKUYC,91,715,624,v021
N2ZB3,0,87,87,v008
N2ZB3,0,87,87,v017
N2ZB3,0,87,87,v008
N2ZB3,0,81,81,v029
7FVMQ,0,742,742,v008
6E4L5,0,156,156,v005
6E4L5,153,379,226,v005
6E4L5,184,453,269,v008
6E4L5,259,590,331,v013
6E4L5,0,781,781,v008
6E4L5,283,403,120,v023
6E4L5,319,781,462,v014
6E4L5,302,781,479,v008
E40VQ,139,516,377,v032
E40VQ,420,868,448,v026
E40VQ,732,1060,328,v032
E40VQ,0,1171,1171,v018
E40VQ,0,1171,1171,v018
E40VQ,0,64,64,v029
Y9JWG,0,295,295,v030
Y9JWG,0,302,302,v030
Y9JWG,206,357,151,v016
Y9JWG,36,192,156,v031
Y9JWG,211,352,141,v023
Y9JWG,170,391,221,v008
OXPD4,0,602,602,v031
OXPD4,48,160,112,v031
OXPD4,0,771,771,v018
HSPTH,38,103,65,v001
HSPTH,0,93,93,v012
HSPTH,0,103,103,v007
HSPTH,0,103,103,v029
IV7IZ,165,544,379,v008
IV7IZ,45,213,168,v008
IV7IZ,48,211,163,v017
IV7IZ,110,290,180,v012
PNC99,297,554,257,v004
PNC99,52,614,562,v016
PNC99,2,316,314,v016
PNC99,2,316,314,v008
PNC99,592,922,330,v018
PNC99,256,398,142,v023
PNC99,132,256,124,v001
PNC99,67,196,129,v012
PNC99,283,597,314,v008
5HQJ8,0,518,518,v008
5HQJ8,319,561,242,v016
5HQJ8,465,722,257,v020
5HQJ8,0,564,564,v026
I0IW5,132,247,115,v016
I0IW5,132,247,115,v016
I0IW5,319,422,103,v018
I0IW5,55,184,129,v029
I0IW5,52,280,228,v008
I0IW5,0,422,422,v008
I0IW5,0,422,422,v018
I0IW5,57,247,190,v005
I0IW5,0,422,422,v018
I0IW5,136,316,180,v016
I0IW5,312,422,110,v018
I0IW5,0,422,422,v031
VB1HT,628,844,216,v001
VB1HT,136,729,593,v012
VB1HT,81,333,252,v012
VB1HT,67,249,182,v007
VB1HT,607,801,194,v001
VB1HT,60,225,165,v006
BEC09,261,475,214,v012
BEC09,0,384,384,v002
BEC09,379,630,251,v002
BEC09,297,465,168,v016
ZDK40,0,499,499,v007
ZDK40,0,728,728,v018
ZDK40,0,422,422,v006
PVC93,0,730,730,v010
PVC93,0,730,730,v005
PVC93,0,730,730,v032
PVC93,0,730,730,v005
PVC93,0,730,730,v008
S1W8H,134,669,535,v016
S1W8H,134,669,535,v026
S1W8H,134,669,535,v026
S1W8H,45,681,636,v016
S1W8H,28,158,130,v012
S1W8H,578,717,139,v001
S1W8H,62,681,619,v016
0GR11,427,592,165,v001
0GR11,0,607,607,v008
0GR11,0,614,614,v014
0GR11,513,743,230,v005
0GR11,484,633,149,v023
0GR11,499,743,244,v005
0GR11,513,743,230,v023
0GR11,463,607,144,v016
0GR11,537,743,206,v008
0GR11,537,743,206,v008
58VZI,0,482,482,v018
58VZI,19,336,317,v004
58VZI,386,525,139,v022
58VZI,386,508,122,v023
58VZI,220,384,164,v016
58VZI,220,384,164,v016
58VZI,0,487,487,v031
58VZI,396,561,165,v016
58VZI,14,374,360,v023
58VZI,2,379,377,v008
1SCZE,0,288,288,v008
1SCZE,192,288,96,v016
1SCZE,0,72,72,v023
1SCZE,168,264,96,v027
1SCZE,288,408,120,v012
1RNK6,192,340,148,v008
1RNK6,172,300,128,v023
1RNK6,0,120,120,v031
1RNK6,220,340,120,v017
1RNK6,160,336,176,v026
1RNK6,160,336,176,v026
LWEPB,0,333,333,v018
LWEPB,242,367,125,v016
LWEPB,0,295,295,v014
LWEPB,201,369,168,v008
LWEPB,0,367,367,v008
LWEPB,237,403,166,v022
LWEPB,0,333,333,v018
LWEPB,494,626,132,v001
LWEPB,465,626,161,v029
LWEPB,448,631,183,v007
LWEPB,448,631,183,v012
LWEPB,273,398,125,v016
QJIAV,0,773,773,v031
QJIAV,0,175,175,v005
QJIAV,60,225,165,v019
QJIAV,324,592,268,v009
QJIAV,338,592,254,v008
NHUV1,0,74,74,v012
NHUV1,129,427,298,v014
NHUV1,0,427,427,v018
NHUV1,0,170,170,v023
NHUV1,52,427,375,v008
NZX0U,93,321,228,v002
CGLK6,0,380,380,v008
CGLK6,0,380,380,v014
CGLK6,0,380,380,v008
CGLK6,0,380,380,v026
1W28T,108,307,199,v003
1W28T,117,307,190,v016
1W28T,460,597,137,v029
1W28T,211,340,129,v020
1W28T,403,513,110,v006
Z6ZYF,348,556,208,v005
Z6ZYF,57,552,495,v018
Z6ZYF,0,168,168,v017
Z6ZYF,518,698,180,v016
Z6ZYF,24,175,151,v018
Z6ZYF,52,633,581,v018
Z6ZYF,552,710,158,v016
Z6ZYF,0,96,96,v022
Z6ZYF,72,504,432,v026
Z6ZYF,432,552,120,v023
Z6ZYF,456,624,168,v008
Z6ZYF,177,530,353,v032
GNNAE,304,444,140,v004
GNNAE,16,352,336,v016
GNNAE,0,655,655,v018
GNNAE,256,492,236,v008
GNNAE,549,698,149,v019
GNNAE,0,707,707,v032
UZRQD,549,715,166,v023
UZRQD,0,655,655,v018
UZRQD,559,686,127,v022
UZRQD,141,556,415,v013
UZRQD,487,645,158,v016
UZRQD,0,600,600,v008
UZRQD,19,556,537,v014
L218P,72,192,120,v025
L218P,240,408,168,v009
L218P,180,307,127,v026
L218P,62,180,118,v029
L218P,43,196,153,v008
L218P,24,232,208,v016
L218P,132,319,187,v026
L218P,24,232,208,v025
SEDKM,463,604,141,v008
SEDKM,177,307,130,v016
SEDKM,177,307,130,v016
SEDKM,12,156,144,v009
SEDKM,12,156,144,v009
SEDKM,261,388,127,v029
SEDKM,0,319,319,v031
SEDKM,583,764,181,v019
SEDKM,0,295,295,v008
C7P86,259,743,484,v008
C7P86,211,422,211,v023
C7P86,283,743,460,v004
C7P86,211,412,201,v012
C7P86,208,743,535,v031
C7P86,0,314,314,v028
C7P86,115,319,204,v023
C7P86,208,743,535,v008
4ZRHH,0,727,727,v008
4ZRHH,612,746,134,v016
4ZRHH,0,727,727,v008
4ZRHH,612,746,134,v016
P76PG,0,259,259,v008
P76PG,0,879,879,v031
P76PG,0,879,879,v018
Y5CF6,0,738,738,v008
Y5CF6,199,738,539,v019
Y5CF6,0,738,738,v008
B4GM6,62,278,216,v025
B4GM6,62,180,118,v016
B4GM6,288,388,100,v006
B4GM6,55,163,108,v008
B4GM6,0,156,156,v028
B4GM6,62,180,118,v025
1HL2K,0,144,144,v031
1HL2K,156,396,240,v023
1HL2K,33,640,607,v008
1HL2K,40,280,240,v012
1HL2K,535,719,184,v023
OUAIS,748,880,132,v012
OUAIS,616,784,168,v022
OUAIS,0,316,316,v010
OUAIS,554,696,142,v025
OUAIS,285,633,348,v003
OUAIS,271,444,173,v008
OUAIS,110,362,252,v000
OUAIS,708,899,191,v029
OUAIS,280,480,200,v023
HOI6L,684,762,78,v029
HOI6L,0,672,672,v014
HOI6L,537,672,135,v022
HOI6L,621,748,127,v012
HOI6L,0,552,552,v008
HOI6L,0,648,648,v018
NVBBD,0,156,156,v012
NVBBD,0,175,175,v007
NVBBD,458,749,291,v003
NVBBD,86,415,329,v018
NVBBD,307,749,442,v018
NVBBD,252,420,168,v016
9I42K,0,735,735,v005
9I42K,144,735,591,v008
9I42K,151,735,584,v014
9I42K,0,735,735,v005
9I42K,0,735,735,v008
ITODQ,103,734,631,v008
ITODQ,88,228,140,v023
ITODQ,79,626,547,v026
ITODQ,0,151,151,v009
ITODQ,117,679,562,v026
ITODQ,117,679,562,v016
ITODQ,0,153,153,v019
SAFT3,79,748,669,v031
SAFT3,86,748,662,v014
SAFT3,67,240,173,v018
SAFT3,124,748,624,v032
SAFT3,127,748,621,v031
AQ0CP,391,742,351,v007
AQ0CP,357,638,281,v001
AQ0CP,0,81,81,v012
AQ0CP,0,96,96,v012
2QWGI,62,271,209,v016
2QWGI,38,564,526,v008
2QWGI,261,369,108,v016
AK1LN,7,237,230,v016
AK1LN,0,907,907,v012
AK1LN,0,420,420,v026
AK1LN,496,849,353,v030
AK1LN,0,864,864,v026
AK1LN,772,890,118,v001
X8A6H,364,576,212,v016
X8A6H,364,580,216,v016
X8A6H,0,132,132,v010
X8A6H,28,187,159,v000
X8A6H,240,573,333,v008
X8A6H,362,678,316,v022
X8A6H,244,559,315,v023
X8A6H,0,408,408,v018
I20II,91,142,51,v008
I20II,0,142,142,v010
I20II,0,142,142,v021
I20II,86,142,56,v023
I20II,93,142,49,v008
I20II,0,142,142,v000
O95PG,12,184,172,v016
O95PG,132,463,331,v023
O95PG,415,754,339,v028
O95PG,136,754,618,v008
M2DD1,0,736,736,v031
M2DD1,600,751,151,v009
M2DD1,600,751,151,v019
M2DD1,0,724,724,v018
M2DD1,640,760,120,v022
M2DD1,0,744,744,v018
M2DD1,504,657,153,v001
M2DD1,0,736,736,v032
CK5SW,343,553,210,v008
CK5SW,7,319,312,v012
CK5SW,0,338,338,v020
CK5SW,288,436,148,v023
2LCLG,458,745,287,v008
2LCLG,290,412,122,v025
2LCLG,79,540,461,v008
2LCLG,436,552,116,v025
2LCLG,228,480,252,v023
2LCLG,48,384,336,v012
2LCLG,499,643,144,v029
2LCLG,472,745,273,v008
2LCLG,492,626,134,v006
2LCLG,264,393,129,v023
2ODLD,232,518,286,v025
2ODLD,160,312,152,v016
2ODLD,0,247,247,v028
2ODLD,0,518,518,v018
2ODLD,139,297,158,v008
2ODLD,172,312,140,v025
2ODLD,228,494,266,v016
2ODLD,237,475,238,v008
7B3J0,259,763,504,v001
7B3J0,96,230,134,v012
7B3J0,117,384,267,v016
7B3J0,0,350,350,v008
7B3J0,144,376,232,v016
7B3J0,496,851,355,v026
UXEL9,0,458,458,v008
UXEL9,340,643,303,v012
UXEL9,0,441,441,v016
UXEL9,427,855,428,v023
UXEL9,144,288,144,v029
UXEL9,482,765,283,v023
UXEL9,273,448,175,v016
TZL6H,144,525,381,v004
TZL6H,576,739,163,v030
TZL6H,535,669,134,v008
TZL6H,0,192,192,v005
6U8AV,0,726,726,v008
6U8AV,0,726,726,v009
6U8AV,0,726,726,v019
6U8AV,0,726,726,v018
KAFV7,0,672,672,v008
KAFV7,643,720,77,v010
KAFV7,261,364,103,v013
KAFV7,554,681,127,v016
KAFV7,636,720,84,v010
KAFV7,612,720,108,v018
KAFV7,0,645,645,v014
KAFV7,554,679,125,v016
6UMSJ,0,924,924,v008
6UMSJ,0,885,885,v008
6UMSJ,0,148,148,v023
6UMSJ,0,751,751,v024
6UMSJ,192,924,732,v002
6UMSJ,0,98,98,v012
6UMSJ,81,597,516,v016
6UMSJ,216,328,112,v023
3O474,220,470,250,v028
3O474,352,540,188,v028
3O474,189,756,567,v012
3O474,16,139,123,v019
GK15U,16,165,149,v018
GK15U,669,764,95,v005
GK15U,717,764,47,v023
GK15U,717,764,47,v014
GK15U,717,764,47,v008
FQ6OB,568,761,193,v008
FQ6OB,0,748,748,v021
FQ6OB,408,600,192,v016
FQ6OB,0,568,568,v010
FQ6OB,439,607,168,v020
FQ6OB,595,722,127,v016
FQ6OB,0,568,568,v008
FQ6OB,333,761,428,v000
FQ6OB,626,761,135,v022
FQ6OB,0,554,554,v008
FQ6OB,427,559,132,v016
XDT45,0,220,220,v010
XDT45,112,300,188,v018
XDT45,0,297,297,v000
XDT45,0,280,280,v000
XDT45,225,804,579,v022
XDT45,304,643,339,v026
1KDFH,333,561,228,v020
1KDFH,55,264,209,v028
1KDFH,163,345,182,v012
1KDFH,504,688,184,v001
1KDFH,300,571,271,v023
2OK9A,211,343,132,v023
2OK9A,79,264,185,v016
2OK9A,55,244,189,v026
2OK9A,372,729,357,v021
2OK9A,38,196,158,v008
2OK9A,220,729,509,v008
8NW4J,0,129,129,v016
8NW4J,252,398,146,v016
8NW4J,252,398,146,v025
8NW4J,0,134,134,v000
8NW4J,0,74,74,v008
8NW4J,0,93,93,v021
8NW4J,187,621,434,v023
8NW4J,484,624,140,v022
8NW4J,0,88,88,v010
8NW4J,484,609,125,v025
8NW4J,684,745,61,v029
8NW4J,0,69,69,v021
8NW4J,194,745,551,v008
8NW4J,40,204,164,v008
8NW4J,86,204,118,v016
1ZB73,0,199,199,v009
1ZB73,204,733,529,v014
1ZB73,124,307,183,v018
1ZB73,218,733,515,v018
1ZB73,0,213,213,v009
1ZB73,86,206,120,v022
1ZB73,216,733,517,v018
1ZB73,0,180,180,v032
901GH,0,252,252,v012
901GH,0,742,742,v008
901GH,196,324,128,v020
901GH,7,151,144,v012
Z1ZUI,252,405,153,v008
Z1ZUI,331,405,74,v016
Z1ZUI,132,288,156,v022
Z1ZUI,0,235,235,v010
Z1ZUI,103,235,132,v000
Z1ZUI,230,357,127,v023
Z1ZUI,338,405,67,v025
B5X50,0,140,140,v005
B5X50,0,140,140,v008
B5X50,48,140,92,v008
B5X50,62,140,78,v030
B5X50,0,140,140,v005
B5X50,0,140,140,v018
B5X50,36,140,104,v016
B5X50,45,140,95,v023
B5X50,40,140,100,v016
B5X50,0,72,72,v023
B5X50,0,117,117,v008
UK5AT,110,879,769,v008
UK5AT,0,189,189,v031
UK5AT,199,456,257,v019
UK5AT,559,739,180,v020
UK5AT,0,180,180,v006
UK5AT,201,492,291,v019
UK5AT,194,602,408,v024
ZBIUK,52,694,642,v008
ZBIUK,187,694,507,v008
NGMK1,72,240,168,v004
NGMK1,48,384,336,v022
NGMK1,225,379,154,v016
7UP0Q,0,550,550,v008
7UP0Q,211,550,339,v016
7UP0Q,216,550,334,v003
7UP0Q,76,550,474,v008
7UP0Q,64,550,486,v008
7UP0Q,55,550,495,v008
VIDIE,48,528,480,v008
VIDIE,432,621,189,v016
VIDIE,432,621,189,v025
VIDIE,595,667,72,v014
VIDIE,319,484,165,v026
VIDIE,43,168,125,v022
VIDIE,0,667,667,v016
Z6OEM,0,576,576,v008
Z6OEM,139,576,437,v009
Z6OEM,69,576,507,v024
Z6OEM,144,487,343,v003
Z6OEM,0,146,146,v012
Z6OEM,67,290,223,v023
CJP4R,163,355,192,v008
CJP4R,144,268,124,v023
CJP4R,0,225,225,v002
CJP4R,268,355,87,v016
CJP4R,0,81,81,v008
CJP4R,0,129,129,v025
CJP4R,158,355,197,v013
CJP4R,0,72,72,v023
CJP4R,0,84,84,v016
WAOE7,160,264,104,v016
WAOE7,12,261,249,v008
WAOE7,0,165,165,v023
WAOE7,103,276,173,v016
WAOE7,153,319,166,v025
WAOE7,0,117,117,v023
WAOE7,326,570,244,v031
0N8OZ,0,740,740,v018
0N8OZ,0,740,740,v008
0N8OZ,0,740,740,v005
0N8OZ,0,740,740,v018
0N8OZ,88,218,130,v016
0N8OZ,88,218,130,v023
0N8OZ,0,740,740,v032
0N8OZ,0,740,740,v032
E0U3R,408,520,112,v018
E0U3R,393,520,127,v018
E0U3R,194,364,170,v016
E0U3R,134,314,180,v026
E0U3R,86,216,130,v025
E0U3R,117,367,250,v026
E0U3R,0,172,172,v026
E0U3R,292,520,228,v031
E0U3R,0,172,172,v016
CVTII,628,773,145,v005
CVTII,60,492,432,v002
CVTII,451,773,322,v005
CVTII,451,773,322,v008
W28C2,261,859,598,v008
W28C2,235,369,134,v023
W28C2,268,859,591,v008
W28C2,98,271,173,v009
W28C2,0,266,266,v002
W28C2,268,427,159,v023
W28C2,206,319,113,v012
W28C2,0,91,91,v008
W28C2,192,324,132,v012
W28C2,0,266,266,v019
16V9S,0,520,520,v008
16V9S,0,393,393,v026
16V9S,0,393,393,v026
16V9S,0,408,408,v023
16V9S,432,622,190,v023
16V9S,312,480,168,v016
16V9S,309,525,216,v016
B5NS3,463,664,201,v006
B5NS3,484,681,197,v007
B5NS3,0,206,206,v003
B5NS3,482,698,216,v027
B5NS3,616,735,119,v029
B5NS3,151,398,247,v031
2NKX2,43,196,153,v018
2NKX2,184,425,241,v020
2NKX2,91,331,240,v008
2NKX2,60,425,365,v018
UPL9S,1324,1932,608,v016
UPL9S,1324,1932,608,v016
UPL9S,1665,3074,1409,v031
UPL9S,1387,1824,437,v008
AF8VD,0,485,485,v031
AF8VD,427,485,58,v004
AF8VD,0,391,391,v003
AF8VD,348,485,137,v008
AF8VD,177,304,127,v006
AF8VD,0,485,485,v018
D6D85,456,657,201,v005
D6D85,470,657,187,v005
D6D85,0,600,600,v018
D6D85,0,528,528,v011
D6D85,0,74,74,v008
D6D85,0,74,74,v008
D6D85,134,590,456,v032
D6D85,523,650,127,v023
D6D85,45,160,115,v016
I8WPI,0,256,256,v030
I8WPI,496,664,168,v027
I8WPI,504,700,196,v029
I8WPI,0,242,242,v030
MNEQ4,0,496,496,v010
MNEQ4,0,504,504,v008
MNEQ4,0,504,504,v014
MNEQ4,436,758,322,v008
MNEQ4,427,590,163,v023
MNEQ4,434,662,228,v016
MNEQ4,590,758,168,v021
XOIEY,326,713,387,v023
XOIEY,144,276,132,v012
XOIEY,552,713,161,v026
XOIEY,264,408,144,v023
XOIEY,499,652,153,v016
XOIEY,266,633,367,v008
F8E1N,0,601,601,v008
F8E1N,271,573,302,v013
F8E1N,307,601,294,v014
F8E1N,108,410,302,v031
U6L1X,64,182,118,v008
U6L1X,31,182,151,v023
U6L1X,139,453,314,v026
U6L1X,100,232,132,v025
U6L1X,355,537,182,v026
U6L1X,513,655,142,v001
U6L1X,475,590,115,v016
U6L1X,0,72,72,v027
U6L1X,513,652,139,v001
GQ0H2,0,765,765,v008
GQ0H2,600,765,165,v008
GQ0H2,0,528,528,v002
GQ0H2,434,765,331,v023
6VT4U,379,855,476,v016
6VT4U,0,326,326,v008
6VT4U,180,348,168,v016
6VT4U,235,458,223,v028
6VT4U,410,855,445,v025
6VT4U,192,321,129,v016
6VT4U,0,288,288,v014
DJJ24,300,525,225,v008
DJJ24,225,396,171,v023
DJJ24,0,64,64,v008
DJJ24,0,67,67,v023
DJJ24,0,271,271,v003
5LVUF,0,750,750,v025
5LVUF,0,750,750,v008
2IX2Z,0,177,177,v008
UC33W,122,561,439,v019
UC33W,230,504,274,v031
UC33W,148,609,461,v018
UC33W,249,700,451,v018
UC33W,213,542,329,v019
NUSKJ,96,1258,1162,v008
NUSKJ,91,1258,1167,v023
NUSKJ,0,1258,1258,v008
NUSKJ,0,192,192,v024
NUSKJ,0,1258,1258,v016
NUSKJ,770,885,115,v012
AR7ZK,16,434,418,v028
AR7ZK,458,597,139,v016
AR7ZK,0,115,115,v029
AR7ZK,319,489,170,v023
AR7ZK,45,446,401,v025
AR7ZK,45,446,401,v003
AR7ZK,48,446,398,v016
RZ9SZ,288,640,352,v023
RZ9SZ,108,381,273,v031
RZ9SZ,103,338,235,v028
RZ9SZ,268,429,161,v023
RZ9SZ,280,756,476,v008
RZ9SZ,0,74,74,v029
ZYRB9,0,721,721,v031
ZYRB9,0,69,69,v022
ZYRB9,0,721,721,v008
ZYRB9,0,67,67,v018
ZYRB9,0,710,710,v018
6SS4H,45,136,91,v016
6SS4H,0,62,62,v008
PDK24,0,110,110,v027
PDK24,367,600,233,v018
PDK24,295,470,175,v018
PDK24,405,571,166,v020
PDK24,487,619,132,v022
PDK24,163,285,122,v023
PDK24,112,384,272,v026
PDK24,326,592,266,v018
PDK24,189,316,127,v016
RS3SQ,16,194,178,v012
RS3SQ,316,487,171,v005
RS3SQ,376,494,118,v001
RS3SQ,309,429,120,v016
RS3SQ,0,165,165,v012
GYRNY,0,760,760,v006
GYRNY,0,760,760,v018
GYRNY,0,760,760,v006
GYRNY,297,549,252,v001
GYRNY,36,374,338,v012
9LO9F,0,667,667,v008
9LO9F,657,872,215,v018
9LO9F,619,872,253,v000
9LO9F,758,872,114,v008
9LO9F,369,715,346,v010
9LO9F,535,720,185,v000
9LO9F,57,204,147,v029
2L7MW,84,201,117,v001
2L7MW,0,751,751,v008
2L7MW,0,74,74,v012
2L7MW,0,751,751,v031
ZNH10,374,708,334,v030
ZNH10,0,708,708,v010
ZNH10,0,388,388,v000
ZNH10,352,708,356,v008
ZNH10,295,456,161,v023
ZNH10,355,708,353,v008
ZNH10,292,480,188,v023
RIUEI,568,712,144,v025
RIUEI,410,681,271,v028
RIUEI,88,288,200,v005
RIUEI,79,292,213,v005
RIUEI,578,715,137,v025
RIUEI,314,470,156,v027
RIUEI,340,537,197,v029
RIUEI,52,223,171,v008
RIUEI,48,230,182,v008
JLX1D,38,1132,1094,v008
JLX1D,79,1080,1001,v023
JLX1D,62,1108,1046,v005
JLX1D,43,1104,1061,v023
JLX1D,43,1108,1065,v016
H8UJ3,362,554,192,v012
H8UJ3,0,206,206,v027
H8UJ3,211,396,185,v018
H8UJ3,439,1197,758,v031
H8UJ3,218,420,202,v018
H8UJ3,1094,1216,122,v022
H8UJ3,278,1204,926,v018
OHLSE,458,735,277,v016
OHLSE,374,528,154,v005
OHLSE,0,735,735,v022
OHLSE,168,309,141,v023
OHLSE,0,98,98,v012
OHLSE,0,105,105,v012
OHLSE,408,532,124,v005
OHLSE,520,691,171,v008
OHLSE,674,735,61,v016
OHLSE,0,144,144,v001
OHLSE,283,735,452,v008
OHLSE,81,223,142,v023
OHLSE,194,566,372,v012
OHLSE,0,735,735,v016
OHLSE,268,735,467,v023
OHLSE,0,735,735,v026
48BUM,0,297,297,v032
48BUM,415,566,151,v020
48BUM,192,324,132,v022
48BUM,0,288,288,v018
48BUM,0,295,295,v018
48BUM,338,470,132,v006
48BUM,381,511,130,v008
48BUM,0,276,276,v031
48BUM,0,302,302,v008
BOHLW,573,715,142,v027
BOHLW,4,657,653,v026
BOHLW,0,660,660,v026
BOHLW,0,417,417,v008
BOHLW,384,552,168,v026
VXRCZ,0,278,278,v031
VXRCZ,189,374,185,v005
VXRCZ,0,144,144,v009
VXRCZ,189,374,185,v005
VXRCZ,328,484,156,v020
VXRCZ,170,562,392,v008
A84J7,0,326,326,v008
A84J7,321,460,139,v027
A84J7,422,576,154,v029
A84J7,0,324,324,v008
A84J7,410,586,176,v012
XXYWL,12,129,117,v008
XXYWL,12,134,122,v023
XXYWL,0,67,67,v008
XXYWL,93,208,115,v022
XXYWL,33,165,132,v004
XXYWL,36,168,132,v016
XXYWL,0,108,108,v005
XXYWL,0,112,112,v005
XXYWL,0,199,199,v018
XXYWL,0,108,108,v008
XXYWL,153,208,55,v010
ATUOW,691,855,164,v022
ATUOW,0,792,792,v018
ATUOW,0,855,855,v026
ATUOW,0,855,855,v032
ATUOW,295,480,185,v016
ATUOW,0,782,782,v018
0UQU6,0,74,74,v008
0UQU6,0,60,60,v010
0UQU6,0,410,410,v008
0UQU6,237,408,171,v000
0UQU6,288,410,122,v029
0UQU6,172,321,149,v023
0UQU6,67,276,209,v018
0UQU6,256,384,128,v023
0UQU6,240,379,139,v022
0UQU6,0,187,187,v021
4Q766,0,247,247,v005
4Q766,0,223,223,v004
4Q766,302,925,623,v008
4Q766,146,273,127,v016
Z7QTA,0,232,232,v007
Z7QTA,232,417,185,v008
Z7QTA,352,556,204,v016
Z7QTA,208,496,288,v023
Z7QTA,333,547,214,v016
Z7QTA,345,643,298,v026
Z7QTA,271,434,163,v016
KZ746,72,452,380,v018
KZ746,189,452,263,v008
KZ746,16,180,164,v018
KZ746,115,256,141,v028
KZ746,76,196,120,v018
KZ746,189,316,127,v023
KZ746,192,319,127,v023
JL1W2,0,278,278,v008
JL1W2,0,259,259,v023
JL1W2,160,271,111,v016
JL1W2,216,408,192,v020
JL1W2,146,278,132,v016
WIYE2,508,712,204,v023
WIYE2,0,326,326,v008
WIYE2,0,280,280,v004
WIYE2,194,343,149,v016
WIYE2,367,552,185,v023
WIYE2,506,814,308,v023
WIYE2,201,360,159,v016
WIYE2,0,295,295,v008
WIYE2,396,700,304,v026
WIYE2,513,814,301,v008
WIYE2,501,787,286,v026
CH8XJ,324,482,158,v012
CH8XJ,405,609,204,v025
CH8XJ,412,600,188,v016
EMWAP,76,201,125,v005
EMWAP,0,165,165,v000
EMWAP,180,267,87,v001
EMWAP,0,192,192,v008
EMWAP,175,267,92,v029
EMWAP,151,267,116,v012
KX8VW,0,528,528,v008
KX8VW,312,496,184,v004
KX8VW,0,132,132,v005
KX8VW,0,528,528,v018
KX8VW,391,528,137,v016
KX8VW,319,434,115,v016
KX8VW,0,528,528,v008
KX8VW,141,369,228,v015
KX8VW,403,523,120,v016
KX8VW,312,518,206,v008
KX8VW,0,528,528,v023
KX8VW,0,105,105,v023
14A2O,0,163,163,v005
14A2O,0,163,163,v005
14A2O,0,81,81,v008
14A2O,0,314,314,v031
14A2O,0,302,302,v008
14A2O,201,362,161,v016
14A2O,218,384,166,v019
14A2O,211,343,132,v025
8R0SZ,0,81,81,v029
8R0SZ,0,232,232,v017
ZWPS3,364,725,361,v014
ZWPS3,201,436,235,v016
ZWPS3,319,725,406,v018
ZWPS3,134,424,290,v008
ZWPS3,278,429,151,v016
ZWPS3,292,429,137,v018
ZWPS3,127,280,153,v029
ZWPS3,307,432,125,v018
ZWPS3,300,422,122,v016
ZWPS3,285,391,106,v008
ZWPS3,278,415,137,v016
ZWPS3,355,725,370,v032
ZWPS3,369,523,154,v023
2CR02,0,589,589,v018
2CR02,79,451,372,v020
2CR02,0,589,589,v031
WZVHJ,403,597,194,v005
WZVHJ,93,513,420,v004
WZVHJ,364,561,197,v005
WZVHJ,0,642,642,v008
WZVHJ,0,642,642,v008
WZVHJ,0,642,642,v008
VU4J8,0,681,681,v031
VU4J8,0,129,129,v004
VU4J8,254,508,254,v004
VU4J8,0,681,681,v008
PON7X,0,594,594,v008
PON7X,0,594,594,v031
PON7X,110,594,484,v017
PON7X,0,594,594,v018
PON7X,0,594,594,v018
PON7X,0,594,594,v018
PON7X,237,398,161,v019
PON7X,362,513,151,v008
PON7X,386,594,208,v005
PON7X,230,594,364,v009
IJOAK,0,922,922,v008
IJOAK,741,922,181,v016
IJOAK,0,88,88,v029
IJOAK,0,333,333,v008
IJOAK,228,333,105,v016
IJOAK,0,922,922,v008
IJOAK,456,602,146,v023
IJOAK,127,278,151,v018
IJOAK,326,463,137,v023
IJOAK,0,264,264,v023
IJOAK,0,372,372,v012
2FW38,204,733,529,v018
2FW38,300,733,433,v014
2FW38,0,175,175,v001
2FW38,0,300,300,v018
2FW38,252,733,481,v008
2FW38,0,235,235,v022
2FW38,189,733,544,v018
2FW38,0,91,91,v012
N9J83,0,746,746,v010
N9J83,0,746,746,v031
IYVVM,600,734,134,v008
IYVVM,600,734,134,v014
IYVVM,561,686,125,v023
IYVVM,460,580,120,v022
IYVVM,0,520,520,v008
CPDH9,141,290,149,v016
CPDH9,31,280,249,v008
CPDH9,153,304,151,v016
CPDH9,237,386,149,v023
JUI9U,40,688,648,v028
JUI9U,0,81,81,v012
JUI9U,19,237,218,v019
JUI9U,482,652,170,v022
JUI9U,0,74,74,v012
TLCLG,199,352,153,v031
TLCLG,0,158,158,v008
TLCLG,331,540,209,v024
TLCLG,566,764,198,v017
TLCLG,0,91,91,v012
TLCLG,544,686,142,v029
A0CJL,381,525,144,v001
A0CJL,57,477,420,v014
A0CJL,492,667,175,v004
A0CJL,472,667,195,v008
A0CJL,441,571,130,v023
A0CJL,52,667,615,v018
A0CJL,19,153,134,v018
A0CJL,456,667,211,v008
7HWK2,331,561,230,v008
7HWK2,374,669,295,v023
7HWK2,559,948,389,v003
7HWK2,0,300,300,v015
7HWK2,900,948,48,v016
7HWK2,900,948,48,v008
7HWK2,900,948,48,v016
7HWK2,900,948,48,v031
7HWK2,0,360,360,v008
7HWK2,408,552,144,v023
7HWK2,165,360,195,v016
R2ZYS,348,745,397,v009
R2ZYS,122,451,329,v004
R2ZYS,369,745,376,v009
R2ZYS,0,745,745,v010
R2ZYS,0,745,745,v031
8XCHK,0,735,735,v032
8XCHK,0,735,735,v018
8XCHK,132,735,603,v008
8XCHK,175,735,560,v019
8XCHK,182,554,372,v019
8XCHK,139,561,422,v009
8XCHK,127,271,144,v029
L76ND,220,725,505,v018
L76ND,307,725,418,v005
L76ND,230,424,194,v016
L76ND,172,725,553,v018
L76ND,100,725,625,v008
L76ND,324,725,401,v031
HV20I,288,441,153,v008
HV20I,297,436,139,v008
HV20I,0,324,324,v003
HV20I,0,98,98,v008
HV20I,0,244,244,v016
E5TW6,0,734,734,v008
E5TW6,0,734,734,v008
E5TW6,0,441,441,v008
E5TW6,0,734,734,v018
E5TW6,0,734,734,v024
E5TW6,0,429,429,v005
E5TW6,352,715,363,v004
E5TW6,0,734,734,v010
E5TW6,556,734,178,v016
E5TW6,333,624,291,v023
E5TW6,0,734,734,v016
E5TW6,340,734,394,v008
E5TW6,0,444,444,v008
08Y62,266,364,98,v027
08Y62,268,372,104,v027
08Y62,0,720,720,v002
LCKF3,376,589,213,v019
LCKF3,0,328,328,v008
LCKF3,259,393,134,v022
LCKF3,463,589,126,v006
LCKF3,0,362,362,v026
LCKF3,328,589,261,v031
0AGCS,0,520,520,v008
0AGCS,422,540,118,v025
0AGCS,487,607,120,v023
2NV6L,136,506,370,v008
2NV6L,403,799,396,v026
2NV6L,456,799,343,v008
2NV6L,427,667,240,v023
2NV6L,88,456,368,v016
2NV6L,230,434,204,v016
2NV6L,468,631,163,v021
HKBKA,285,597,312,v010
HKBKA,292,489,197,v021
HKBKA,115,384,269,v008
HKBKA,0,723,723,v008
HKBKA,0,723,723,v008
HKBKA,216,723,507,v005
HKBKA,216,723,507,v023
HKBKA,115,723,608,v018
HKBKA,122,264,142,v018
1Q6M7,4,170,166,v001
1Q6M7,0,124,124,v012
1Q6M7,168,288,120,v009
1Q6M7,12,156,144,v023
1Q6M7,117,278,161,v008
2XVR0,331,480,149,v016
2XVR0,482,794,312,v016
2XVR0,343,511,168,v016
2XVR0,0,506,506,v008
2XVR0,52,475,423,v032
2XVR0,386,789,403,v008
2XVR0,0,583,583,v008
2XVR0,463,782,319,v016
5M49C,0,734,734,v008
5M49C,0,734,734,v014
5M49C,2,684,682,v026
5M49C,0,734,734,v018
5M49C,0,679,679,v026
R9TL9,532,711,179,v008
R9TL9,4,600,596,v020
R9TL9,0,711,711,v008
R9TL9,0,711,711,v008
9RA4P,74,288,214,v001
9RA4P,26,189,163,v012
9RA4P,50,189,139,v029
9RA4P,444,631,187,v016
9RA4P,652,1044,392,v026
9RA4P,7,304,297,v012
9RA4P,657,974,317,v016
9PAQ4,0,350,350,v008
9PAQ4,355,459,104,v022
9PAQ4,0,456,456,v018
9PAQ4,285,400,115,v028
9PAQ4,280,436,156,v016
9PAQ4,273,436,163,v025
9PAQ4,0,357,357,v014
6X0OV,0,404,404,v008
6X0OV,129,404,275,v018
6X0OV,62,404,342,v018
6X0OV,55,175,120,v018
229ZR,0,971,971,v018
229ZR,691,835,144,v019
1ES35,2,321,319,v008
1ES35,0,380,380,v008
1ES35,21,295,274,v029
1ES35,0,380,380,v014
SL9P2,0,751,751,v008
SL9P2,624,751,127,v004
SL9P2,398,751,353,v005
SL9P2,458,652,194,v015
SL9P2,0,751,751,v018
SL9P2,244,751,507,v008
SL9P2,196,326,130,v023
SL9P2,612,746,134,v016
SL9P2,0,285,285,v014
HXQ55,0,636,636,v004
HXQ55,523,708,185,v016
HXQ55,739,811,72,v016
HXQ55,0,811,811,v008
47Y1X,0,803,803,v008
47Y1X,0,803,803,v005
47Y1X,0,96,96,v019
MU54W,429,626,197,v021
MU54W,0,288,288,v008
MU54W,14,144,130,v029
MU54W,232,590,358,v023
8ASRQ,288,408,120,v025
8ASRQ,336,436,100,v022
8ASRQ,276,436,160,v023
8ASRQ,276,436,160,v023
8ASRQ,0,369,369,v028
8ASRQ,0,367,367,v003
W4C5O,364,525,161,v008
W4C5O,0,196,196,v004
W4C5O,357,518,161,v019
W4C5O,0,715,715,v008
W4C5O,638,738,100,v022
DV31C,938,1139,201,v016
DV31C,482,698,216,v023
YJFWW,21,738,717,v008
YJFWW,21,738,717,v014
YJFWW,12,738,726,v008
YJFWW,0,146,146,v017
6FSAH,326,609,283,v008
6FSAH,28,379,351,v008
6FSAH,76,364,288,v016
6FSAH,74,364,290,v023
6FSAH,55,350,295,v008
6FSAH,55,350,295,v016
6FSAH,55,350,295,v012
6FSAH,328,600,272,v014
6FSAH,55,350,295,v023
EFI64,432,645,213,v031
EFI64,0,136,136,v004
EFI64,0,729,729,v018
EFI64,0,62,62,v008
EFI64,55,410,355,v014
EFI64,0,729,729,v008
EFI64,0,729,729,v014
EFI64,0,729,729,v016
EFI64,0,729,729,v008
A6UKL,170,604,434,v008
A6UKL,136,300,164,v018
A6UKL,355,561,206,v016
A6UKL,96,568,472,v014
A6UKL,398,566,168,v016
A6UKL,108,571,463,v018
A6UKL,470,592,122,v022
A6UKL,0,112,112,v008
A6UKL,0,129,129,v016
TX7K1,0,393,393,v031
TX7K1,0,750,750,v018
TX7K1,0,340,340,v009
TX7K1,0,750,750,v018
TX7K1,0,750,750,v026
RVV5Q,163,424,261,v014
RVV5Q,21,158,137,v027
RVV5Q,24,430,406,v008
ENFL6,0,787,787,v032
ENFL6,86,638,552,v008
ENFL6,110,249,139,v012
ENFL6,93,446,353,v016
ENFL6,31,583,552,v016
ENFL6,0,787,787,v018
ENFL6,31,597,566,v023
ENFL6,67,182,115,v023
ENFL6,110,307,197,v016
R2RBJ,0,706,706,v008
R2RBJ,0,706,706,v018
R2RBJ,489,706,217,v020
R2RBJ,0,706,706,v024
82XPD,456,578,122,v009
82XPD,429,530,101,v027
82XPD,76,516,440,v031
NIEUC,0,710,710,v014
NIEUC,0,710,710,v018
NIEUC,0,710,710,v008
NIEUC,0,710,710,v018
ZLWXE,504,631,127,v016
ZLWXE,477,600,123,v001
ZLWXE,535,727,192,v022
ZLWXE,21,297,276,v019
ZLWXE,21,297,276,v019
ZLWXE,0,674,674,v018
ZLWXE,0,669,669,v018
ZLWXE,0,875,875,v031
ZLWXE,0,875,875,v008
H3CDC,52,187,135,v023
H3CDC,235,364,129,v023
H3CDC,76,189,113,v001
H3CDC,0,141,141,v012
H3CDC,57,208,151,v023
H3CDC,220,372,152,v026
H3CDC,60,225,165,v008
ZRG93,0,136,136,v008
ZRG93,0,177,177,v008
ZRG93,0,153,153,v020
ZRG93,0,177,177,v026
ZRG93,12,127,115,v016
ZRG93,0,105,105,v014
QU2WL,0,822,822,v008
QU2WL,0,822,822,v024
QU2WL,472,822,350,v018
QU2WL,633,787,154,v004
QU2WL,530,822,292,v018
QU2WL,436,698,262,v008
QU2WL,211,499,288,v008
QU2WL,259,451,192,v023
QU2WL,429,640,211,v023
QU2WL,444,614,170,v015
QU2WL,288,458,170,v005
QU2WL,576,700,124,v016
QU2WL,494,822,328,v018
8L9LQ,278,436,158,v016
8L9LQ,0,734,734,v004
8L9LQ,0,734,734,v018
J3ZQS,276,506,230,v008
J3ZQS,0,816,816,v018
J3ZQS,710,880,170,v022
J3ZQS,621,811,190,v004
J3ZQS,602,717,115,v023
J3ZQS,110,583,473,v016
J3ZQS,204,554,350,v032
J3ZQS,0,98,98,v023
J3ZQS,139,268,129,v023
J3ZQS,31,180,149,v012
J3ZQS,691,816,125,v016
J3ZQS,0,849,849,v018
J3ZQS,434,648,214,v016
QRZK5,847,952,105,v008
QRZK5,290,448,158,v005
QRZK5,127,319,192,v031
QRZK5,309,472,163,v031
QRZK5,823,952,129,v023
QRZK5,0,952,952,v008
QRZK5,256,376,120,v005
QRZK5,794,900,106,v022
QRZK5,0,794,794,v031
QRZK5,0,842,842,v010
QRZK5,194,348,154,v008
PH3R3,45,200,155,v004
PH3R3,0,200,200,v031
PH3R3,0,200,200,v018
PH3R3,0,200,200,v018
7C9RP,38,141,103,v027
7C9RP,69,343,274,v028
7C9RP,247,374,127,v016
7C9RP,280,664,384,v028
7C9RP,2,134,132,v029
7ELBG,240,441,201,v016
7ELBG,340,902,562,v008
7ELBG,424,624,200,v016
7ELBG,499,912,413,v008
7ELBG,0,302,302,v026
7ELBG,328,571,243,v023
7ELBG,225,350,125,v023
7ELBG,554,744,190,v027
7ELBG,518,748,230,v013
7ELBG,0,307,307,v030
7ELBG,276,415,139,v012
7ELBG,345,674,329,v023
7ELBG,468,789,321,v023
XWQ3Z,24,326,302,v008
XWQ3Z,26,160,134,v023
XWQ3Z,153,348,195,v025
XWQ3Z,278,436,158,v022
XWQ3Z,0,393,393,v010
XWQ3Z,48,360,312,v026
XWQ3Z,24,177,153,v018
XWQ3Z,278,398,120,v018
QWTGZ,0,727,727,v008
QWTGZ,0,727,727,v014
QWTGZ,0,727,727,v008
F56YP,0,115,115,v001
F56YP,0,216,216,v008
F56YP,199,374,175,v008
F56YP,0,232,232,v016
F56YP,184,374,190,v031
F56YP,180,326,146,v023
F56YP,324,374,50,v016
CVX9F,0,160,160,v013
CVX9F,60,196,136,v002
CVX9F,122,338,216,v008
CVX9F,276,399,123,v013
CVX9F,48,399,351,v014
91SQ4,108,424,316,v008
91SQ4,0,199,199,v012
91SQ4,328,478,150,v017
91SQ4,156,297,141,v023
91SQ4,381,478,97,v001
91SQ4,98,369,271,v023
91SQ4,352,477,125,v012
QTGM5,398,540,142,v001
QTGM5,36,264,228,v012
QTGM5,372,506,134,v023
QTGM5,415,612,197,v008
81QUM,451,585,134,v025
81QUM,400,576,176,v023
81QUM,0,470,470,v008
81QUM,0,470,470,v026
81QUM,544,705,161,v019
81QUM,441,585,144,v025
81QUM,360,472,112,v016
81QUM,540,696,156,v009
81QUM,0,463,463,v026
TVQO9,55,216,161,v004
TVQO9,0,735,735,v008
TVQO9,0,735,735,v008
TVQO9,0,216,216,v021
TVQO9,124,400,276,v021
TVQO9,0,735,735,v008
TVQO9,0,735,735,v008
GK7S7,0,120,120,v004
GK7S7,2,127,125,v008
GK7S7,0,103,103,v010
GK7S7,0,139,139,v008
GK7S7,38,177,139,v013
GK7S7,0,726,726,v014
Q81A4,64,504,440,v008
Q81A4,0,148,148,v008
Q81A4,4,141,137,v025
Q81A4,64,504,440,v023
Q81A4,0,108,108,v023
Z5KH4,0,991,991,v031
Z5KH4,264,1450,1186,v008
MX9XB,0,830,830,v008
MX9XB,667,830,163,v025
MX9XB,679,851,172,v025
MX9XB,0,851,851,v025
MX9XB,0,98,98,v012
MX9XB,0,851,851,v008
EABOI,0,789,789,v008
EABOI,276,789,513,v014
EABOI,0,789,789,v010
WIEI2,0,774,774,v008
WIEI2,0,774,774,v008
40F42,84,218,134,v022
40F42,0,180,180,v010
40F42,175,338,163,v012
40F42,0,194,194,v000
40F42,268,451,183,v028
40F42,412,520,108,v016
40F42,0,194,194,v000
ZPUVC,4,120,116,v029
ZPUVC,228,372,144,v008
ZPUVC,309,511,202,v023
ZPUVC,422,722,300,v028
ZPUVC,0,93,93,v016
ZPUVC,0,62,62,v017
ZPUVC,0,72,72,v012
ZPUVC,0,72,72,v012
ZPUVC,244,379,135,v001
ZPUVC,640,753,113,v025
ZPUVC,602,724,122,v008
ZPUVC,316,504,188,v025
UGF6Q,422,713,291,v008
UGF6Q,403,552,149,v023
UGF6Q,0,393,393,v008
UGF6Q,266,436,170,v016
UGF6Q,609,713,104,v025
UGF6Q,163,309,146,v019
UGF6Q,458,616,158,v026
UGF6Q,220,348,128,v031
UGF6Q,0,98,98,v012
UGF6Q,235,391,156,v016
UGF6Q,268,386,118,v001
UGF6Q,448,573,125,v023
UGF6Q,420,713,293,v026
UGF6Q,0,362,362,v031
MUO4G,112,307,195,v012
MUO4G,343,444,101,v009
MUO4G,0,160,160,v018
MUO4G,96,273,177,v007
MUO4G,132,444,312,v019
6QDZI,304,446,142,v008
6QDZI,297,444,147,v023
6QDZI,0,139,139,v010
6QDZI,252,396,144,v022
6QDZI,343,477,134,v012
6QDZI,376,733,357,v031
6QDZI,396,733,337,v018
6QDZI,26,340,314,v000
6QDZI,211,331,120,v025
6QDZI,124,300,176,v030
6QDZI,86,220,134,v023
6QDZI,684,733,49,v000
6QDZI,684,733,49,v025
6QDZI,684,733,49,v030
6QDZI,684,733,49,v023
LOBSL,412,840,428,v004
LOBSL,336,487,151,v008
LOBSL,271,871,600,v018
LOBSL,9,160,151,v012
LOBSL,64,871,807,v031
LOBSL,26,160,134,v029
LOBSL,208,374,166,v018
BAFYG,79,682,603,v031
BAFYG,0,182,182,v029
FC7C1,0,769,769,v030
FC7C1,256,769,513,v008
FC7C1,0,769,769,v030
FC7C1,0,151,151,v030
FC7C1,266,540,274,v030
FC7C1,74,276,202,v008
5T607,708,909,201,v012
5T607,708,984,276,v007
5T607,799,957,158,v001
5T607,194,355,161,v016
5T607,650,835,185,v017
5T607,487,626,139,v001
5T607,139,732,593,v026
5ZXR3,333,616,283,v031
5ZXR3,0,364,364,v026
5ZXR3,648,747,99,v001
5ZXR3,576,747,171,v029
5ZXR3,523,662,139,v012
TJ3GZ,93,446,353,v008
TJ3GZ,139,499,360,v003
TJ3GZ,84,331,247,v003
TJ3GZ,242,694,452,v031
TJ3GZ,0,694,694,v018
TJ3GZ,213,432,219,v004
S37QK,352,770,418,v008
S37QK,302,595,293,v026
S37QK,0,232,232,v008
S37QK,79,237,158,v016
S37QK,619,770,151,v019
S37QK,307,770,463,v023
S37QK,583,770,187,v029
9PSZA,208,722,514,v008
9PSZA,0,292,292,v008
9PSZA,0,722,722,v018
9PSZA,79,321,242,v025
9PSZA,96,333,237,v025
UJ69X,408,580,172,v016
UJ69X,408,580,172,v016
UJ69X,0,752,752,v022
UJ69X,0,573,573,v008
EWY6I,0,244,244,v004
EWY6I,0,575,575,v018
EWY6I,0,575,575,v016
EWY6I,0,575,575,v008
EWY6I,0,575,575,v008
EWY6I,0,575,575,v018
24XDE,0,194,194,v016
24XDE,0,201,201,v016
24XDE,0,160,160,v019
24XDE,244,492,248,v003
24XDE,0,679,679,v008
24XDE,105,340,235,v003
24XDE,81,194,113,v016
8DQ3V,0,324,324,v031
8DQ3V,292,400,108,v031
8DQ3V,0,91,91,v019
8DQ3V,254,398,144,v018
8DQ3V,0,60,60,v009
TX1HS,0,68,68,v026
TX1HS,0,68,68,v026
6PST8,62,840,778,v008
6PST8,0,818,818,v008
6PST8,26,876,850,v023
1VUDV,0,206,206,v002
1VUDV,333,540,207,v009
1VUDV,633,733,100,v004
1VUDV,432,733,301,v008
1VUDV,436,564,128,v023
1VUDV,436,564,128,v023
4Y8FU,0,148,148,v008
4Y8FU,24,170,146,v016
4Y8FU,120,316,196,v018
4Y8FU,204,766,562,v018
WVY77,14,609,595,v008
WVY77,55,482,427,v004
29UVO,0,708,708,v031
29UVO,19,295,276,v021
29UVO,0,718,718,v018
29UVO,0,718,718,v018
29UVO,0,718,718,v021
29UVO,0,718,718,v008
RRZU3,12,745,733,v008
RRZU3,112,745,633,v031
RRZU3,64,745,681,v010
RRZU3,180,561,381,v008
RRZU3,79,264,185,v012
RRZU3,156,745,589,v014
RRZU3,228,518,290,v004
RRZU3,0,151,151,v017
RRZU3,405,532,127,v016
RRZU3,48,745,697,v018
T0WKT,631,741,110,v012
T0WKT,518,741,223,v008
T0WKT,393,621,228,v023
T0WKT,441,645,204,v016
T0WKT,556,708,152,v023
T0WKT,556,681,125,v016
T0WKT,436,717,281,v008
T0WKT,408,544,136,v023
T0WKT,55,741,686,v026
T0WKT,614,741,127,v008
T0WKT,408,720,312,v016
T0WKT,168,312,144,v016
T0WKT,408,504,96,v023
T0WKT,288,456,168,v016
T0WKT,216,408,192,v023
UQW95,79,470,391,v002
UQW95,192,379,187,v012
UQW95,33,280,247,v002
2FECZ,640,782,142,v023
2FECZ,84,691,607,v008
2FECZ,319,448,129,v013
2FECZ,319,448,129,v023
2FECZ,652,824,172,v008
2FECZ,652,824,172,v004
2FECZ,336,564,228,v008
2FECZ,417,616,199,v016
2FECZ,136,463,327,v023
T8O8Y,559,832,273,v031
T8O8Y,0,326,326,v018
T8O8Y,501,626,125,v023
T8O8Y,213,343,130,v022
T8O8Y,0,302,302,v014
T8O8Y,268,376,108,v016
T8O8Y,273,384,111,v016
T8O8Y,0,372,372,v008
W9XWS,28,806,778,v005
W9XWS,0,821,821,v008
W9XWS,28,811,783,v005
W9XWS,240,655,415,v009
W9XWS,0,821,821,v008
W9XWS,0,821,821,v031
EGY7O,57,247,190,v001
EGY7O,391,994,603,v008
EGY7O,660,936,276,v002
EGY7O,247,446,199,v012
EGY7O,247,446,199,v012
EGY7O,31,153,122,v001
EGY7O,799,931,132,v016
EGY7O,367,477,110,v023
EGY7O,381,547,166,v001
B4ZJR,74,463,389,v008
B4ZJR,607,698,91,v023
B4ZJR,636,698,62,v008
G3W9M,0,494,494,v028
G3W9M,494,752,258,v008
G3W9M,216,752,536,v008
G3W9M,451,600,149,v023
GHJCC,0,580,580,v010
GHJCC,0,754,754,v008
GHJCC,0,580,580,v018
GHJCC,0,583,583,v021
GHJCC,0,588,588,v010
GHJCC,513,655,142,v023
GHJCC,480,652,172,v022
GHJCC,0,561,561,v031
GHJCC,477,754,277,v016
G4O9P,148,379,231,v028
G4O9P,187,391,204,v025
G4O9P,364,516,152,v012
G4O9P,381,561,180,v031
G4O9P,0,232,232,v017
G4O9P,345,586,241,v008
G4O9P,326,523,197,v023
G4O9P,148,369,221,v028
QDPR8,153,1190,1037,v018
QDPR8,484,604,120,v025
QDPR8,189,470,281,v005
QDPR8,0,249,249,v023
QDPR8,50,597,547,v008
QDPR8,79,1222,1143,v018
QDPR8,806,1159,353,v026
QDPR8,74,297,223,v018
QDPR8,38,597,559,v008
2HAMN,0,737,737,v010
2HAMN,0,737,737,v014
2HAMN,0,737,737,v018
2HAMN,0,737,737,v031
2HAMN,0,737,737,v031
R88ZA,0,538,538,v031
R88ZA,0,538,538,v008
R88ZA,0,538,538,v031
R88ZA,0,538,538,v018
R88ZA,0,538,538,v008
4VCHD,184,362,178,v005
4VCHD,396,607,211,v025
4VCHD,139,285,146,v018
4VCHD,139,271,132,v018
4VCHD,0,76,76,v012
4VCHD,175,340,165,v005
4VCHD,0,129,129,v029
4VCHD,273,458,185,v016
4VCHD,261,501,240,v025
L0YQM,36,302,266,v012
L0YQM,230,739,509,v008
L0YQM,237,374,137,v009
L0YQM,223,674,451,v016
L0YQM,230,636,406,v031
L0YQM,264,628,364,v019
L0YQM,232,664,432,v008
L0YQM,374,499,125,v025
L0YQM,28,504,476,v008
L0YQM,0,211,211,v023
L0YQM,374,499,125,v016
HKS9J,81,240,159,v012
HKS9J,160,345,185,v023
HKS9J,285,482,197,v004
HKS9J,482,679,197,v004
HKS9J,400,679,279,v008
HKS9J,213,484,271,v008
HKS9J,26,151,125,v029
3VM0R,110,453,343,v008
3VM0R,0,184,184,v023
3VM0R,513,669,156,v025
3VM0R,513,657,144,v016
3VM0R,117,453,336,v021
3VM0R,0,453,453,v018
3VM0R,396,614,218,v029
3VM0R,496,662,166,v016
9ITO3,484,669,185,v012
9ITO3,470,614,144,v007
9ITO3,252,501,249,v003
9ITO3,446,549,103,v027
9ITO3,244,540,296,v008
9ITO3,472,667,195,v029
DOB0W,136,232,96,v005
DOB0W,0,232,232,v008
DOB0W,0,232,232,v008
DOB0W,134,232,98,v005
DOB0W,0,232,232,v008
DOB0W,0,91,91,v029
DOB0W,122,232,110,v008
DOB0W,0,160,160,v023
DOB0W,136,232,96,v016
X8MNV,50,194,144,v029
X8MNV,168,787,619,v018
X8MNV,168,787,619,v018
X8MNV,187,787,600,v003
X8MNV,0,232,232,v008
SPG5Q,0,803,803,v008
SPG5Q,268,803,535,v017
SPG5Q,160,362,202,v028
SPG5Q,81,350,269,v025
SPG5Q,0,803,803,v008
5J7FQ,187,422,235,v031
5J7FQ,206,439,233,v030
5J7FQ,0,643,643,v008
5J7FQ,633,761,128,v029
5J7FQ,549,664,115,v025
5J7FQ,0,470,470,v030
1J3I0,0,187,187,v001
1J3I0,84,571,487,v008
1J3I0,129,571,442,v010
1J3I0,0,225,225,v018
1J3I0,55,170,115,v016
1J3I0,100,571,471,v023
QO0FI,163,396,233,v008
QO0FI,110,256,146,v023
QO0FI,163,396,233,v031
QO0FI,16,148,132,v020
I9TIU,64,475,411,v006
I9TIU,508,672,164,v012
I9TIU,384,583,199,v020
I9TIU,684,835,151,v001
I9TIU,504,643,139,v007
I9TIU,288,434,146,v025
I9TIU,559,700,141,v029
U9SH3,199,738,539,v016
U9SH3,165,446,281,v023
U9SH3,115,355,240,v008
U9SH3,609,738,129,v022
U9SH3,240,738,498,v008
U9SH3,237,738,501,v021
U9SH3,657,738,81,v025
U9SH3,45,405,360,v008
U9SH3,230,738,508,v010
7JDU4,362,552,190,v023
7JDU4,0,160,160,v017
7JDU4,420,712,292,v013
7JDU4,244,403,159,v016
7JDU4,316,731,415,v008
NEFHO,206,358,152,v004
NEFHO,0,158,158,v028
NEFHO,0,192,192,v023
NEFHO,60,192,132,v016
K8MMX,122,235,113,v016
K8MMX,0,117,117,v012
K8MMX,93,244,151,v016
K8MMX,12,204,192,v029
K8MMX,0,252,252,v023
K8MMX,4,242,238,v008
687WB,259,480,221,v002
687WB,748,883,135,v019
687WB,427,590,163,v029
687WB,297,475,178,v008
687WB,465,628,163,v031
3VMTS,0,288,288,v010
3VMTS,434,595,161,v016
3VMTS,127,307,180,v000
3VMTS,468,592,124,v022
3VMTS,189,523,334,v018
3VMTS,436,588,152,v008
0IAGO,312,504,192,v027
0IAGO,24,144,120,v018
0IAGO,240,360,120,v022
0IAGO,172,348,176,v022
0IAGO,24,280,256,v018
0IAGO,81,273,192,v028
0IAGO,331,576,245,v006
0IAGO,88,300,212,v016
0IAGO,0,110,110,v029
UT7R3,230,473,243,v006
UT7R3,144,473,329,v031
UT7R3,0,124,124,v016
UT7R3,0,103,103,v008
5MF9Y,31,422,391,v008
5MF9Y,93,367,274,v026
5MF9Y,338,619,281,v016
5MF9Y,355,487,132,v025
5MF9Y,103,369,266,v026
5MF9Y,326,475,149,v016
5MF9Y,446,655,209,v023
5MF9Y,14,156,142,v017
5MF9Y,427,655,228,v019
5MF9Y,424,655,231,v009
5MF9Y,175,290,115,v016
8ICEM,156,340,184,v005
8ICEM,477,619,142,v005
8ICEM,204,393,189,v023
8ICEM,237,645,408,v001
8ICEM,256,386,130,v012
8ICEM,0,752,752,v018
8ICEM,0,752,752,v008
8ICEM,0,752,752,v016
8ICEM,0,752,752,v016
8ICEM,0,752,752,v008
8ICEM,312,752,440,v008
GC51E,1264,1509,245,v012
GC51E,897,1360,463,v028
GC51E,1516,2100,584,v005
GC51E,1339,1584,245,v023
GC51E,1428,2277,849,v008
8CQ9Y,0,726,726,v008
8CQ9Y,0,726,726,v010
8CQ9Y,36,175,139,v020
8CQ9Y,0,726,726,v014
8CQ9Y,655,726,71,v016
Q1L24,196,659,463,v026
Q1L24,0,273,273,v002
Q1L24,196,659,463,v026
Q1L24,194,326,132,v023
Q1L24,216,659,443,v023
Q1L24,216,659,443,v008
EY8S6,0,407,407,v018
EY8S6,110,407,297,v015
EY8S6,0,407,407,v008
EY8S6,360,407,47,v018
F7KFE,604,759,155,v008
F7KFE,609,759,150,v023
F7KFE,0,590,590,v018
SRQPI,304,480,176,v001
SRQPI,84,268,184,v012
SRQPI,422,539,117,v027
SRQPI,124,539,415,v009
SRQPI,369,539,170,v005
SRQPI,369,539,170,v005
SRQPI,168,539,371,v029
SRQPI,427,539,112,v007
3QXPC,343,822,479,v008
3QXPC,280,458,178,v023
3QXPC,14,168,154,v029
3QXPC,420,585,165,v012
3QXPC,72,228,156,v007
3QXPC,50,199,149,v001
3QXPC,0,141,141,v012
3QXPC,199,364,165,v012
3QXPC,345,496,151,v001
KP8VI,336,741,405,v016
KP8VI,240,741,501,v022
KP8VI,0,264,264,v018
KP8VI,345,463,118,v008
KP8VI,386,504,118,v008
KP8VI,427,559,132,v008
KP8VI,333,741,408,v023
HITEM,309,607,298,v032
HITEM,0,842,842,v008
HITEM,504,708,204,v023
CEHLQ,0,655,655,v016
CEHLQ,0,619,619,v008
CEHLQ,0,657,657,v016
CEHLQ,0,758,758,v018
CEHLQ,0,758,758,v018
CEHLQ,0,657,657,v016
CEHLQ,0,645,645,v031
DSG0F,31,314,283,v004
DSG0F,0,103,103,v029
DSG0F,0,750,750,v008
DSG0F,86,523,437,v004
DSG0F,0,206,206,v023
DSG0F,525,636,111,v016
DSG0F,12,163,151,v023
DSG0F,540,648,108,v016
77JB7,0,1038,1038,v008
77JB7,580,998,418,v019
77JB7,573,1029,456,v022
77JB7,741,955,214,v001
77JB7,636,825,189,v012
JHTO5,0,67,67,v031
JHTO5,0,69,69,v012
JHTO5,0,69,69,v012
5B4HF,312,439,127,v016
5B4HF,0,252,252,v004
5B4HF,0,240,240,v029
5B4HF,0,364,364,v008
5B4HF,362,646,284,v008
5B4HF,331,482,151,v023
5B4HF,24,646,622,v008
FIAJP,436,715,279,v008
FIAJP,0,158,158,v028
FIAJP,88,492,404,v016
FIAJP,74,477,403,v028
FIAJP,9,148,139,v016
FIAJP,576,708,132,v029
FIAJP,434,554,120,v023
CXZW3,0,737,737,v008
CXZW3,122,309,187,v032
H1J16,0,665,665,v008
H1J16,0,665,665,v008
H1J16,12,487,475,v003
H1J16,0,307,307,v008
H1J16,0,175,175,v023
Q8QGT,151,600,449,v018
Q8QGT,180,333,153,v005
Q8QGT,105,600,495,v008
Q8QGT,105,600,495,v008
Q8QGT,0,600,600,v008
3KZF7,0,218,218,v008
3KZF7,278,592,314,v003
3KZF7,81,240,159,v016
3KZF7,141,338,197,v023
3KZF7,0,122,122,v016
3KZF7,115,237,122,v025
3KZF7,465,698,233,v026
3KZF7,266,417,151,v023
C4MP2,626,917,291,v008
C4MP2,696,914,218,v012
C4MP2,585,842,257,v023
C4MP2,530,772,242,v016
C4MP2,0,708,708,v008
C4MP2,0,672,672,v032
C4MP2,0,693,693,v008
C4MP2,696,864,168,v023
C4MP2,768,917,149,v008
C4MP2,0,648,648,v031
72VBG,160,417,257,v031
72VBG,105,261,156,v031
72VBG,0,108,108,v007
72VBG,0,108,108,v012
72VBG,0,110,110,v029
0TM53,139,287,148,v016
0TM53,139,287,148,v016
0TM53,0,216,216,v008
0TM53,151,287,136,v026
0TM53,0,175,175,v004
0TM53,120,287,167,v026
MBSW4,0,393,393,v008
MBSW4,129,297,168,v012
MBSW4,201,393,192,v023
MBSW4,288,393,105,v008
MBSW4,88,393,305,v019
MBSW4,256,364,108,v025
MBSW4,201,350,149,v023
XSBZ1,100,256,156,v001
XSBZ1,180,364,184,v016
XSBZ1,216,360,144,v025
XSBZ1,384,518,134,v016
XE4IA,468,712,244,v001
XE4IA,0,564,564,v031
XE4IA,0,727,727,v018
XE4IA,0,542,542,v032
XE4IA,0,727,727,v018
XE4IA,496,727,231,v019
XE4IA,0,513,513,v032
Q71PE,0,648,648,v030
Q71PE,117,749,632,v002
Q71PE,0,194,194,v008
9VK0J,19,662,643,v008
9VK0J,24,662,638,v021
9VK0J,50,662,612,v008
9VK0J,501,633,132,v023
BEUCN,0,379,379,v018
BEUCN,379,583,204,v008
BEUCN,348,511,163,v023
BEUCN,0,499,499,v008
BEUCN,0,475,475,v014
BEUCN,268,424,156,v022
BEUCN,369,518,149,v016
BEUCN,458,585,127,v029
HHCFO,232,415,183,v031
HHCFO,0,292,292,v032
HHCFO,312,439,127,v022
HHCFO,0,600,600,v008
HHCFO,220,619,399,v016
HHCFO,621,782,161,v027
HHCFO,0,427,427,v018
HHCFO,710,816,106,v001
HHCFO,679,804,125,v012
HHCFO,681,792,111,v007
HHCFO,708,816,108,v029
HHCFO,381,729,348,v012
HHCFO,0,472,472,v008
HHCFO,372,816,444,v008
DG5TX,0,595,595,v031
DG5TX,252,580,328,v008
DG5TX,417,590,173,v018
DG5TX,2,492,490,v013
DG5TX,446,723,277,v032
DG5TX,453,723,270,v032
DG5TX,458,723,265,v018
DG5TX,429,561,132,v018
3V7MT,0,88,88,v031
3V7MT,0,74,74,v001
3V7MT,456,730,274,v027
3V7MT,480,696,216,v020
3V7MT,192,730,538,v012
3V7MT,0,69,69,v029
3V7MT,432,730,298,v027
0JA9E,12,357,345,v025
0JA9E,261,393,132,v022
0JA9E,0,348,348,v018
0JA9E,55,292,237,v025
0JA9E,136,300,164,v025
0JA9E,28,206,178,v025
0JA9E,31,307,276,v016
0JA9E,456,602,146,v029
LKSBL,148,278,130,v001
LKSBL,96,232,136,v012
LKSBL,43,170,127,v001
LKSBL,0,100,100,v012
LKSBL,386,537,151,v012
LKSBL,645,822,177,v016
LKSBL,26,146,120,v023
LKSBL,655,820,165,v008
LKSBL,141,283,142,v023
08AQS,477,777,300,v008
08AQS,686,777,91,v016
08AQS,0,722,722,v008
08AQS,0,720,720,v016
08AQS,0,715,715,v005
08AQS,698,777,79,v025
5TUZW,381,760,379,v030
5TUZW,0,767,767,v031
5TUZW,0,767,767,v032
5TUZW,0,767,767,v018
5TUZW,0,767,767,v023
5TUZW,0,767,767,v018
5TUZW,316,767,451,v008
5TUZW,48,182,134,v012
SSP8C,362,724,362,v026
SSP8C,0,276,276,v010
SSP8C,184,417,233,v000
SSP8C,194,420,226,v000
SSP8C,328,458,130,v022
SSP8C,357,724,367,v008
SSP8C,357,724,367,v023
XTMXQ,0,71,71,v008
XTMXQ,0,71,71,v020
KATDX,141,340,199,v029
KATDX,338,741,403,v018
KATDX,396,741,345,v032
KATDX,292,451,159,v018
KATDX,0,100,100,v022
KATDX,331,741,410,v008
KATDX,379,499,120,v019
SC5YW,31,297,266,v009
SC5YW,624,726,102,v026
SC5YW,43,417,374,v009
SC5YW,580,715,135,v022
SC5YW,14,698,684,v018
SC5YW,0,705,705,v031
SC5YW,67,182,115,v006
SC5YW,0,160,160,v019
4DAGZ,199,892,693,v031
4DAGZ,199,892,693,v014
4DAGZ,1012,1178,166,v031
4DAGZ,160,276,116,v016
VSAA7,0,578,578,v018
VSAA7,0,165,165,v008
VSAA7,734,870,136,v021
VSAA7,744,870,126,v010
VSAA7,0,588,588,v032
VSAA7,0,544,544,v032
VSAA7,444,614,170,v022
VSAA7,0,513,513,v018
4MKH4,165,348,183,v008
4MKH4,52,192,140,v022
4MKH4,0,184,184,v026
4MKH4,0,732,732,v026
4MKH4,0,732,732,v023
S2FLE,0,367,367,v008
S2FLE,237,412,175,v016
S2FLE,364,612,248,v020
S2FLE,0,396,396,v016
S2FLE,559,688,129,v023
S2FLE,0,556,556,v023
S2FLE,540,698,158,v008
9N0BP,264,700,436,v008
9N0BP,86,734,648,v008
9N0BP,352,532,180,v009
9N0BP,136,367,231,v016
9N0BP,271,708,437,v023
9N0BP,134,288,154,v012
9N0BP,232,734,502,v024
L1BNN,470,688,218,v016
L1BNN,158,295,137,v008
L1BNN,48,244,196,v005
L1BNN,0,739,739,v018
L1BNN,0,144,144,v004
L1BNN,55,240,185,v004
LCZ8F,453,625,172,v008
LCZ8F,422,544,122,v023
LCZ8F,372,542,170,v026
LCZ8F,0,127,127,v012
LCZ8F,0,127,127,v012
LCZ8F,153,578,425,v026
ZKNHG,0,196,196,v014
ZKNHG,180,480,300,v018
ZKNHG,302,1020,718,v018
ZKNHG,273,1109,836,v008
ZKNHG,12,369,357,v028
ZKNHG,189,398,209,v022
ZKNHG,628,940,312,v013
ZKNHG,278,415,137,v023
ZKNHG,312,1109,797,v016
8U5TE,0,408,408,v008
8U5TE,172,393,221,v001
8U5TE,0,408,408,v005
8U5TE,115,237,122,v022
8U5TE,0,216,216,v018
8U5TE,0,192,192,v023
8U5TE,175,393,218,v001
BOQ5J,199,427,228,v012
BOQ5J,369,650,281,v012
BOQ5J,571,705,134,v016
BOQ5J,571,705,134,v016
BOQ5J,309,436,127,v023
BOQ5J,328,705,377,v008
PB66Q,0,791,791,v008
PB66Q,0,791,791,v008
PB66Q,576,791,215,v020
P4BC1,451,739,288,v014
P4BC1,67,739,672,v008
P4BC1,487,739,252,v019
QO0UU,196,369,173,v008
QO0UU,86,667,581,v008
QO0UU,9,139,130,v012
QO0UU,0,501,501,v007
8HHI3,43,189,146,v023
8HHI3,74,235,161,v016
8HHI3,225,508,283,v023
8HHI3,69,192,123,v008
8HHI3,168,384,216,v008
8HHI3,525,657,132,v009
8HHI3,0,144,144,v012
8HHI3,64,199,135,v019
8HHI3,74,192,118,v016
8HHI3,146,264,118,v016
8HHI3,240,360,120,v016
5GK8W,0,194,194,v010
5GK8W,189,374,185,v014
5GK8W,0,117,117,v021
5GK8W,139,441,302,v008
5GK8W,319,441,122,v016
5GK8W,0,163,163,v000
5GK8W,364,652,288,v003
5GK8W,0,153,153,v010
5GK8W,691,818,127,v012
5GK8W,729,818,89,v029
5GK8W,261,396,135,v025
5GK8W,26,664,638,v018
5GK8W,691,816,125,v007
5GK8W,139,268,129,v023
5GK8W,729,818,89,v001
5GK8W,278,396,118,v016
5GK8W,352,657,305,v003
5GK8W,0,170,170,v000
9NGOG,14,739,725,v008
9NGOG,19,739,720,v021
9NGOG,26,739,713,v008
9NGOG,14,132,118,v029
9NGOG,67,732,665,v031
BJI1D,0,148,148,v008
BJI1D,52,163,111,v028
BJI1D,0,129,129,v016
BJI1D,0,129,129,v008
BJI1D,55,163,108,v023
BJI1D,0,117,117,v016
BJI1D,40,148,108,v016
X529R,0,357,357,v031
X529R,235,735,500,v031
X529R,0,735,735,v008
X529R,0,735,735,v018
X529R,0,223,223,v032
X529R,0,735,735,v008
X529R,194,735,541,v026
N59H5,12,153,141,v012
N59H5,307,515,208,v008
N59H5,26,384,358,v016
N59H5,398,515,117,v017
E24EQ,0,719,719,v005
E24EQ,0,719,719,v031
E24EQ,0,719,719,v018
E24EQ,0,719,719,v005
E24EQ,0,719,719,v008
E24EQ,0,719,719,v014
E24EQ,0,719,719,v008
E24EQ,0,719,719,v018
SP6M4,148,273,125,v012
SP6M4,184,308,124,v023
SP6M4,0,308,308,v018
SP6M4,64,180,116,v001
SP6M4,0,308,308,v018
SP6M4,192,308,116,v008
SP6M4,235,308,73,v005
SP6M4,235,308,73,v005
SP6M4,177,297,120,v023
SP6M4,86,199,113,v016
SP6M4,0,165,165,v032
2XSK6,540,739,199,v018
2XSK6,232,436,204,v001
2XSK6,9,148,139,v012
2XSK6,532,720,188,v018
2XSK6,400,631,231,v018
2XSK6,2,158,156,v007
2XSK6,67,189,122,v029
TANB8,350,540,190,v020
TANB8,69,180,111,v012
TANB8,232,360,128,v016
ZAO65,74,218,144,v001
ZAO65,33,172,139,v012
ZAO65,448,643,195,v028
ZAO65,175,338,163,v004
ZAO65,110,273,163,v008
ZAO65,189,331,142,v005
ZAO65,76,228,152,v029
ZAO65,0,643,643,v008
511AM,530,643,113,v007
511AM,460,624,164,v004
511AM,528,665,137,v008
511AM,441,556,115,v023
511AM,0,540,540,v030
511AM,213,436,223,v016
511AM,0,283,283,v008
511AM,148,292,144,v016
511AM,355,472,117,v001
511AM,0,108,108,v023
VVP85,0,744,744,v008
VVP85,148,744,596,v004
VVP85,112,710,598,v008
VVP85,420,744,324,v019
VVP85,0,744,744,v018
VVP85,0,148,148,v014
VVP85,0,744,744,v018
VVP85,276,744,468,v016
WGFU7,348,536,188,v008
WGFU7,0,182,182,v008
WGFU7,338,536,198,v026
WGFU7,74,417,343,v030
WGFU7,0,536,536,v031
WGFU7,0,170,170,v016
2D5GN,0,120,120,v026
2D5GN,360,696,336,v008
O495M,96,415,319,v026
O495M,24,218,194,v008
O495M,7,132,125,v023
O495M,79,199,120,v016
HFW6H,986,1137,151,v029
HFW6H,0,643,643,v028
HFW6H,873,1000,127,v025
HFW6H,703,830,127,v008
HFW6H,842,1039,197,v025
HFW6H,648,861,213,v016
HFW6H,396,732,336,v008
HFW6H,710,844,134,v016
2JT00,278,516,238,v008
2JT00,345,482,137,v016
2JT00,136,386,250,v022
2JT00,367,516,149,v005
2JT00,0,352,352,v008
2JT00,331,516,185,v008
2JT00,0,206,206,v018
2JT00,331,516,185,v023
2JT00,67,295,228,v019
2JT00,309,516,207,v008
2JT00,309,451,142,v023
2JT00,309,453,144,v023
UEC1F,316,465,149,v023
UEC1F,40,180,140,v008
UEC1F,240,369,129,v016
UEC1F,302,432,130,v023
UEC1F,228,367,139,v016
UEC1F,307,448,141,v008
UEC1F,40,160,120,v023
UEC1F,304,448,144,v008
4ZSAR,844,915,71,v018
4ZSAR,727,915,188,v008
4ZSAR,844,915,71,v018
4ZSAR,405,616,211,v016
4ZSAR,273,532,259,v026
4ZSAR,410,638,228,v008
X89FW,0,436,436,v031
X89FW,439,936,497,v026
X89FW,31,151,120,v009
X89FW,556,688,132,v023
X89FW,592,741,149,v016
X89FW,494,936,442,v026
GHJPQ,134,532,398,v008
GHJPQ,379,520,141,v018
GHJPQ,352,588,236,v022
GHJPQ,556,727,171,v013
P8OVC,0,136,136,v004
P8OVC,556,698,142,v008
P8OVC,576,715,139,v022
P8OVC,0,552,552,v018
66J84,182,763,581,v008
66J84,177,739,562,v008
66J84,520,720,200,v004
66J84,372,633,261,v009
66J84,170,763,593,v008
66J84,170,763,593,v008
FNM5E,0,235,235,v028
FNM5E,139,391,252,v008
FNM5E,304,391,87,v001
FNM5E,254,352,98,v012
FNM5E,43,192,149,v023
FNM5E,170,290,120,v009
FNM5E,276,391,115,v029
6N2ZB,0,454,454,v018
6N2ZB,24,216,192,v012
6N2ZB,57,454,397,v016
6N2ZB,60,314,254,v023
6N2ZB,79,314,235,v016
QT6X8,120,314,194,v023
QT6X8,194,357,163,v025
QT6X8,628,866,238,v008
QT6X8,789,916,127,v016
QT6X8,633,892,259,v016
QT6X8,110,364,254,v025
T2XVO,0,424,424,v008
T2XVO,276,436,160,v016
T2XVO,0,372,372,v026
T2XVO,36,290,254,v004
T2XVO,0,648,648,v018
T2XVO,374,648,274,v008
T2XVO,33,314,281,v008
T2XVO,0,439,439,v026
T2XVO,369,530,161,v023
T2XVO,441,648,207,v030
T2XVO,331,458,127,v029
2544C,96,336,240,v008
2544C,0,144,144,v025
2544C,264,1080,816,v016
2544C,0,76,76,v008
2544C,0,60,60,v026
2544C,0,75,75,v026
2544C,0,350,350,v008
2544C,254,379,125,v016
2544C,273,1070,797,v026
2544C,1216,1888,672,v023
2544C,292,1080,788,v026
2544C,1821,1947,126,v029
2544C,88,369,281,v026
GAC1W,26,251,225,v008
GAC1W,7,170,163,v029
GAC1W,115,249,134,v019
GAC1W,7,139,132,v012
GAC1W,2,136,134,v007
GAC1W,108,235,127,v001
VKLP7,0,151,151,v017
GE4SD,669,871,202,v004
GE4SD,144,650,506,v030
GE4SD,909,1169,260,v027
GE4SD,852,964,112,v030
GE4SD,787,907,120,v016
GE4SD,175,300,125,v023
GE4SD,196,638,442,v008
GE4SD,660,895,235,v008
GE4SD,636,760,124,v023
YW5C4,240,432,192,v008
YW5C4,432,576,144,v005
YW5C4,24,168,144,v012
YW5C4,0,628,628,v008
YW5C4,96,230,134,v001
YW5C4,122,285,163,v020
YW5C4,436,621,185,v005
884C0,0,230,230,v008
884C0,146,280,134,v016
884C0,276,730,454,v002
884C0,0,237,237,v020
884C0,0,127,127,v026
884C0,218,730,512,v008
KWQKH,276,424,148,v008
KWQKH,91,295,204,v004
KWQKH,196,328,132,v012
KWQKH,240,408,168,v023
KWQKH,48,528,480,v008
KWQKH,216,480,264,v001
KWQKH,48,537,489,v008
KWQKH,220,336,116,v012
KWQKH,199,309,110,v007
KWQKH,408,516,108,v027
1O6PH,355,537,182,v001
1O6PH,0,348,348,v008
1O6PH,141,348,207,v016
1O6PH,14,153,139,v023
P0DXX,146,492,346,v023
P0DXX,782,948,166,v008
P0DXX,763,909,146,v023
P0DXX,420,828,408,v016
P0DXX,664,784,120,v022
P0DXX,146,753,607,v026
P0DXX,189,516,327,v025
P0DXX,763,948,185,v016
P0DXX,415,847,432,v008
P0DXX,388,835,447,v025
P0DXX,196,753,557,v018
CLORP,12,242,230,v018
CLORP,691,907,216,v012
CLORP,693,928,235,v031
CLORP,676,928,252,v018
CLORP,350,585,235,v031
CLORP,676,928,252,v005
CLORP,86,336,250,v022
CLORP,768,897,129,v008
CLORP,782,928,146,v031
CLORP,0,153,153,v010
CLORP,415,600,185,v012
CLORP,36,177,141,v000
CLORP,712,859,147,v018
CLORP,712,823,111,v016
CLORP,612,744,132,v023
CLORP,612,828,216,v008
CLORP,760,883,123,v023
AMX7S,0,211,211,v008
AMX7S,0,192,192,v008
AMX7S,504,553,49,v023
AMX7S,504,553,49,v029
AMX7S,504,553,49,v030
AMX7S,504,553,49,v016
9B9OE,374,773,399,v008
9B9OE,376,773,397,v014
9B9OE,0,74,74,v008
9B9OE,0,403,403,v016
9B9OE,0,420,420,v030
M9KMN,0,463,463,v026
M9KMN,400,736,336,v008
M9KMN,499,736,237,v020
M9KMN,0,139,139,v016
M9KMN,0,475,475,v026
M9KMN,216,468,252,v026
M9KMN,386,736,350,v023
M9KMN,0,69,69,v031
M9KMN,393,523,130,v012
M9KMN,484,607,123,v001
NCJ1X,194,643,449,v008
NCJ1X,177,316,139,v023
NCJ1X,295,427,132,v016
NCJ1X,148,604,456,v016
39T0D,283,807,524,v008
39T0D,182,384,202,v012
39T0D,415,804,389,v020
39T0D,0,177,177,v012
39T0D,300,693,393,v023
WU8I6,28,494,466,v008
WU8I6,50,184,134,v008
WU8I6,374,532,158,v016
WU8I6,156,384,228,v015
RO3A2,362,518,156,v018
RO3A2,350,504,154,v018
RO3A2,0,120,120,v017
RO3A2,24,336,312,v030
RO3A2,36,300,264,v030
QOWXK,772,1063,291,v008
QOWXK,967,1082,115,v016
QOWXK,784,1082,298,v016
QOWXK,748,888,140,v023
QOWXK,201,444,243,v004
QOWXK,141,504,363,v010
QOWXK,91,242,151,v018
QOWXK,962,1106,144,v022
QOWXK,376,1082,706,v018
QOWXK,427,832,405,v003
6APUA,376,738,362,v024
6APUA,0,434,434,v022
6APUA,355,738,383,v010
6APUA,14,405,391,v006
CPZI6,0,579,579,v008
CPZI6,0,579,579,v007
P8UT3,487,658,171,v008
P8UT3,427,600,173,v023
P8UT3,494,658,164,v001
P8UT3,283,504,221,v019
P8UT3,458,616,158,v007
Q7G9N,127,405,278,v031
Q7G9N,0,405,405,v019
BRS5P,0,268,268,v031
BRS5P,0,268,268,v008
BRS5P,0,213,213,v031
KA9T3,357,739,382,v031
KA9T3,12,420,408,v008
KA9T3,439,710,271,v006
KA9T3,0,400,400,v014
KA9T3,0,151,151,v023
KA9T3,336,468,132,v003
07AWM,0,581,581,v008
07AWM,0,581,581,v008
07AWM,218,484,266,v021
07AWM,364,581,217,v009
07AWM,0,581,581,v014
RZIAJ,43,302,259,v014
RZIAJ,540,726,186,v001
RZIAJ,456,600,144,v022
RZIAJ,0,134,134,v018
RZIAJ,667,726,59,v007
RZIAJ,0,726,726,v008
RZIAJ,43,331,288,v008
RZIAJ,297,607,310,v008
C1F1D,19,451,432,v031
C1F1D,0,136,136,v004
C1F1D,352,700,348,v008
C1F1D,403,700,297,v024
C1F1D,0,700,700,v018
C1F1D,607,700,93,v020
C1F1D,307,415,108,v016
C1F1D,340,525,185,v023
C1F1D,0,369,369,v008
C1F1D,0,700,700,v008
DSWBA,38,595,557,v008
DSWBA,216,540,324,v022
O7I5K,124,846,722,v008
O7I5K,31,213,182,v018
O7I5K,79,846,767,v018
O7I5K,129,846,717,v023
W6210,316,475,159,v007
W6210,326,494,168,v016
W6210,208,468,260,v008
W6210,208,348,140,v023
W6210,340,600,260,v016
W6210,69,237,168,v026
W6210,448,741,293,v012
1Z5FK,0,280,280,v008
1Z5FK,122,300,178,v016
1Z5FK,393,775,382,v018
1Z5FK,38,326,288,v020
1Z5FK,410,602,192,v018
1Z5FK,0,91,91,v026
1Z5FK,0,98,98,v026
1Z5FK,444,775,331,v018
DU7H1,81,312,231,v004
DU7H1,225,770,545,v026
DU7H1,952,1118,166,v019
DU7H1,192,384,192,v022
DU7H1,271,780,509,v030
DU7H1,31,316,285,v024
DU7H1,24,177,153,v004
DU7H1,645,854,209,v018
DU7H1,249,511,262,v023
DU7H1,98,271,173,v016
H0O39,0,187,187,v021
H0O39,0,211,211,v010
H0O39,0,249,249,v000
H0O39,652,935,283,v017
H0O39,168,772,604,v018
H0O39,0,240,240,v000
H0O39,676,792,116,v022
H0O39,168,772,604,v003
H0O39,168,542,374,v023
H0O39,751,861,110,v029
H0O39,717,842,125,v012
H0O39,148,264,116,v018
T7T0S,427,576,149,v027
T7T0S,0,319,319,v002
T7T0S,506,660,154,v019
VEX8Z,0,570,570,v031
VEX8Z,0,570,570,v023
VEX8Z,0,570,570,v008
VEX8Z,0,570,570,v008
VEX8Z,0,570,570,v012
XLF4J,0,673,673,v032
XLF4J,0,673,673,v003
XLF4J,0,673,673,v032
XLF4J,0,79,79,v023
069GJ,0,422,422,v008
069GJ,364,574,210,v019
069GJ,364,574,210,v019
069GJ,360,559,199,v009
069GJ,345,574,229,v031
069GJ,295,432,137,v025
H6ROK,412,733,321,v031
H6ROK,0,362,362,v025
H6ROK,424,640,216,v006
H6ROK,312,432,120,v025
H6ROK,304,429,125,v025
H6ROK,244,733,489,v019
H6ROK,412,733,321,v019
H6ROK,0,331,331,v021
H6ROK,319,470,151,v019
H6ROK,684,733,49,v009
H6ROK,684,733,49,v023
H6ROK,684,733,49,v006
H6ROK,684,733,49,v025
H6ROK,223,393,170,v016
H6ROK,223,388,165,v008
2SYBS,0,76,76,v018
2SYBS,120,758,638,v008
2SYBS,657,770,113,v025
2SYBS,194,487,293,v020
2SYBS,688,784,96,v022
URG8B,0,74,74,v018
URG8B,0,720,720,v018
URG8B,7,139,132,v012
URG8B,0,720,720,v032
URG8B,31,218,187,v005
URG8B,324,528,204,v004
URG8B,309,463,154,v023
URG8B,0,720,720,v018
URG8B,331,537,206,v008
URG8B,60,720,660,v032
A6CF6,0,158,158,v025
A6CF6,410,537,127,v008
A6CF6,91,336,245,v012
A6CF6,276,537,261,v023
K4X20,369,667,298,v004
K4X20,0,192,192,v008
K4X20,88,235,147,v016
K4X20,321,460,139,v029
1SUIC,220,384,164,v001
1SUIC,81,292,211,v012
S67HC,444,746,302,v008
S67HC,523,746,223,v022
S67HC,384,518,134,v022
QYMWC,0,738,738,v031
QYMWC,0,278,278,v020
QYMWC,0,738,738,v008
1HDAC,0,772,772,v008
1HDAC,434,724,290,v026
1HDAC,122,535,413,v031
1HDAC,98,568,470,v009
1HDAC,0,772,772,v009
1HDAC,0,772,772,v019
FSWT4,408,556,148,v016
FSWT4,0,408,408,v028
FSWT4,0,96,96,v018
FSWT4,417,556,139,v016
FSWT4,297,513,216,v008
FSWT4,14,211,197,v016
FSWT4,292,542,250,v026
FSWT4,24,196,172,v028
FSWT4,110,388,278,v023
OQU53,96,235,139,v001
OQU53,0,79,79,v012
ANA5N,48,535,487,v008
ANA5N,340,518,178,v012
ANA5N,40,256,216,v009
ANA5N,9,139,130,v012
ANA5N,369,564,195,v016
ANA5N,110,254,144,v001
ANA5N,103,247,144,v001
ANA5N,163,489,326,v026
ANA5N,355,523,168,v016
0Z36L,537,738,201,v031
0Z36L,0,163,163,v016
0Z36L,688,738,50,v016
0Z36L,412,564,152,v007
0Z36L,14,738,724,v008
0Z36L,0,738,738,v012
0Z36L,213,738,525,v008
0Z36L,0,132,132,v023
8MDSA,412,595,183,v016
8MDSA,657,780,123,v027
8MDSA,134,340,206,v028
8MDSA,45,482,437,v016
8MDSA,232,388,156,v012
8MDSA,458,648,190,v023
8MDSA,468,780,312,v008
8MDSA,592,780,188,v023
8MDSA,595,758,163,v001
8MDSA,220,453,233,v012
GLLNH,583,746,163,v013
GLLNH,343,499,156,v023
GLLNH,283,417,134,v022
GLLNH,393,746,353,v008
GLLNH,422,746,324,v013
GLLNH,396,746,350,v014
GLLNH,0,412,412,v018
GLLNH,0,412,412,v018
C6LW1,0,216,216,v031
C6LW1,600,720,120,v004
C6LW1,120,264,144,v019
C6LW1,182,297,115,v023
C6LW1,506,619,113,v023
C6LW1,307,513,206,v013
C6LW1,465,583,118,v016
C6LW1,189,542,353,v014
C6LW1,453,576,123,v016
C6LW1,170,576,406,v008
R6TI2,0,652,652,v018
R6TI2,0,638,638,v006
R6TI2,540,652,112,v007
R6TI2,554,684,130,v022
R6TI2,549,700,151,v012
1OIPY,0,172,172,v018
1OIPY,355,885,530,v016
1OIPY,0,182,182,v018
1OIPY,355,513,158,v008
1OIPY,489,775,286,v009
1OIPY,427,741,314,v005
1OIPY,345,518,173,v023
1OIPY,427,741,314,v005
1OIPY,0,115,115,v022
1OIPY,432,866,434,v008
1OIPY,799,924,125,v016
1OIPY,374,523,149,v023
CZY4Q,0,254,254,v008
CZY4Q,163,357,194,v016
CZY4Q,288,1017,729,v008
CZY4Q,292,981,689,v023
CZY4Q,136,326,190,v016
CZY4Q,316,1010,694,v005
CZY4Q,895,1030,135,v016
CZY4Q,316,1027,711,v005
CZY4Q,271,1027,756,v023
CZY4Q,312,1017,705,v008
CZY4Q,873,1027,154,v016
OIOIO,98,247,149,v025
OIOIO,316,767,451,v026
OIOIO,309,767,458,v008
ITJZB,163,312,149,v012
ITJZB,192,367,175,v016
ITJZB,384,595,211,v018
ITJZB,0,211,211,v028
ITJZB,374,506,132,v018
ECGY1,45,374,329,v016
ECGY1,108,295,187,v008
ECGY1,151,432,281,v016
ECGY1,88,360,272,v023
ECGY1,345,502,157,v031
ECGY1,127,434,307,v009
ECGY1,189,460,271,v031
ECGY1,177,451,274,v008
ECGY1,228,460,232,v009
ECGY1,218,441,223,v019
ULAWO,153,374,221,v013
ULAWO,244,374,130,v008
ULAWO,132,268,136,v013
Z6I0R,0,216,216,v008
Z6I0R,144,480,336,v008
Z6I0R,288,408,120,v016
Z6I0R,0,393,393,v016
Z6I0R,0,216,216,v029
Z6I0R,211,400,189,v004
Z6I0R,177,494,317,v016
Z6I0R,0,252,252,v014
QS6O1,288,585,297,v008
QS6O1,69,381,312,v004
QS6O1,336,585,249,v025
QS6O1,468,585,117,v016
QS6O1,369,489,120,v023
QS6O1,110,264,154,v015
QS6O1,393,542,149,v012
EHTB6,0,985,985,v008
EHTB6,0,985,985,v009
EHTB6,0,985,985,v014
EHTB6,0,985,985,v010
R0M34,554,904,350,v023
R0M34,739,909,170,v001
R0M34,292,468,176,v012
R0M34,2,367,365,v002
R0M34,585,1012,427,v008
A3Y9O,376,684,308,v008
A3Y9O,134,352,218,v016
A3Y9O,0,177,177,v008
A3Y9O,0,141,141,v012
A3Y9O,182,350,168,v016
A3Y9O,360,559,199,v023
A3Y9O,374,684,310,v008
A3Y9O,588,684,96,v029
A3Y9O,0,684,684,v023
A3Y9O,115,374,259,v025
LD8PU,12,160,148,v029
LD8PU,242,412,170,v008
LD8PU,24,189,165,v017
LD8PU,196,338,142,v023
LD8PU,196,340,144,v023
INT61,436,564,128,v020
INT61,477,588,111,v022
INT61,0,731,731,v018
INT61,0,372,372,v018
XSZ4H,0,436,436,v002
2LTCY,422,554,132,v013
2LTCY,156,276,120,v008
2LTCY,340,532,192,v019
2LTCY,304,451,147,v013
2LTCY,184,316,132,v023
2LTCY,213,703,490,v008
2LTCY,314,660,346,v014
IJ587,492,696,204,v004
IJ587,196,422,226,v005
IJ587,0,60,60,v022
IJ587,264,734,470,v008
IJ587,0,754,754,v008
IJ587,12,324,312,v005
IJ587,9,324,315,v008
KI34A,0,582,582,v010
KI34A,0,582,582,v031
KI34A,0,582,582,v008
KI34A,0,582,582,v018
KFD4I,492,730,238,v004
KFD4I,386,532,146,v016
KFD4I,276,391,115,v016
KFD4I,0,112,112,v008
KFD4I,511,730,219,v026
KFD4I,0,96,96,v012
KFD4I,276,391,115,v016
MUE7H,547,1140,593,v008
MUE7H,571,976,405,v026
MUE7H,0,199,199,v000
MUE7H,0,194,194,v000
MUE7H,158,504,346,v003
MUE7H,504,636,132,v023
MUE7H,0,194,194,v010
MUE7H,139,480,341,v028
MUE7H,400,564,164,v022
MUE7H,547,1032,485,v026
SNECW,528,664,136,v027
SNECW,621,813,192,v031
SNECW,290,540,250,v000
SNECW,540,744,204,v022
SNECW,0,556,556,v010
SNECW,614,756,142,v012
SNECW,672,801,129,v001
AGELP,141,314,173,v012
AGELP,110,561,451,v031
AGELP,456,628,172,v008
AGELP,235,369,134,v020
AGELP,432,657,225,v023
AGELP,316,506,190,v001
DF6FY,261,453,192,v004
DF6FY,0,228,228,v008
DF6FY,484,722,238,v021
DF6FY,21,223,202,v008
DF6FY,0,292,292,v031
DF6FY,230,352,122,v023
DF6FY,458,573,115,v016
DF6FY,0,745,745,v018
KX90W,249,561,312,v003
KX90W,21,218,197,v012
KX90W,0,117,117,v029
KX90W,122,252,130,v001
QRHJJ,199,758,559,v008
QRHJJ,204,758,554,v031
QRHJJ,0,132,132,v023
QRHJJ,4,340,336,v008
QRHJJ,0,307,307,v031
52D5Q,86,747,661,v028
52D5Q,45,182,137,v016
52D5Q,0,153,153,v024
52D5Q,0,100,100,v009
52D5Q,0,170,170,v008
PNOSZ,0,352,352,v031
PNOSZ,175,352,177,v019
PNOSZ,381,568,187,v018
PNOSZ,468,754,286,v018
PNOSZ,0,180,180,v006
PNOSZ,0,333,333,v019
IF4Y9,381,736,355,v001
IF4Y9,0,768,768,v024
IF4Y9,0,124,124,v029
IF4Y9,379,729,350,v001
IF4Y9,225,655,430,v031
KA3ER,444,710,266,v008
KA3ER,0,312,312,v008
KA3ER,256,420,164,v023
KA3ER,0,326,326,v016
KA3ER,357,530,173,v012
KA3ER,132,280,148,v026
KA3ER,28,177,149,v016
KA3ER,28,177,149,v016
KA3ER,28,177,149,v016
KA3ER,132,280,148,v026
AH4UW,0,124,124,v016
AH4UW,33,204,171,v001
AH4UW,0,136,136,v016
AH4UW,0,84,84,v029
AH4UW,0,122,122,v008
AH4UW,38,223,185,v007
GR130,465,702,237,v008
GR130,48,432,384,v020
GR130,451,578,127,v023
GR130,448,702,254,v008
GR130,343,446,103,v023
GR130,408,537,129,v016
GR130,0,530,530,v008
ZDX0Y,129,352,223,v012
ZDX0Y,0,400,400,v008
ZDX0Y,141,415,274,v016
ZDX0Y,225,626,401,v023
ZDX0Y,216,628,412,v023
ZDX0Y,422,741,319,v008
ZDX0Y,0,158,158,v031
RZDEA,0,165,165,v008
RZDEA,0,120,120,v016
RZDEA,79,252,173,v008
RZDEA,148,357,209,v023
RZDEA,160,350,190,v019
RZDEA,448,686,238,v020
RZDEA,0,693,693,v008
RZDEA,256,693,437,v014
282ZZ,444,628,184,v005
282ZZ,0,453,453,v003
282ZZ,444,628,184,v005
282ZZ,463,636,173,v023
IYCOH,434,741,307,v014
IYCOH,333,532,199,v031
IYCOH,393,544,151,v022
IYCOH,393,684,291,v031
IYCOH,0,314,314,v018
IADJE,0,61,61,v018
IADJE,0,61,61,v032
IADJE,0,61,61,v008
IADJE,0,61,61,v008
JBJGX,295,477,182,v001
JBJGX,590,756,166,v012
JBJGX,300,604,304,v028
JBJGX,0,773,773,v018
JBJGX,292,561,269,v023
JBJGX,561,681,120,v016
JBJGX,0,458,458,v014
9O889,458,748,290,v014
9O889,0,748,748,v018
9O889,19,448,429,v005
9O889,386,523,137,v016
9O889,151,268,117,v004
9O889,0,748,748,v018
9O889,0,504,504,v008
9O889,0,748,748,v032
43FG9,0,105,105,v012
43FG9,7,261,254,v008
43FG9,76,208,132,v016
43FG9,160,280,120,v025
43FG9,0,76,76,v012
43FG9,16,151,135,v001
43FG9,12,132,120,v001
43FG9,86,273,187,v025
43FG9,12,271,259,v008
0PFL9,333,731,398,v009
64IAU,336,458,122,v007
64IAU,12,122,110,v031
64IAU,576,747,171,v009
64IAU,489,626,137,v019
64IAU,422,571,149,v012
64IAU,388,544,156,v012
RMS26,0,731,731,v031
RMS26,0,158,158,v028
RMS26,259,504,245,v004
RMS26,72,182,110,v025
V149B,0,211,211,v026
V149B,160,410,250,v026
V149B,511,757,246,v030
V149B,108,237,129,v022
V149B,170,403,233,v026
V149B,0,223,223,v026
9335E,26,513,487,v011
9335E,496,672,176,v022
9335E,571,849,278,v002
9335E,0,559,559,v018
9335E,900,1032,132,v012
9335E,458,655,197,v016
9335E,0,655,655,v008
9335E,0,1137,1137,v016
HVBES,264,405,141,v017
HVBES,256,376,120,v029
HVBES,194,352,158,v028
OEIRN,55,432,377,v005
OEIRN,770,904,134,v016
OEIRN,415,568,153,v008
OEIRN,463,880,417,v005
OEIRN,55,441,386,v005
OEIRN,780,924,144,v016
OEIRN,24,484,460,v008
OEIRN,638,871,233,v004
OEIRN,614,720,106,v023
OEIRN,45,943,898,v018
OEIRN,842,962,120,v022
OEIRN,568,686,118,v005
OEIRN,472,655,183,v016
OEIRN,595,895,300,v008
OEIRN,369,928,559,v008
OEIRN,19,151,132,v018
OEIRN,79,972,893,v018
OEIRN,28,972,944,v008
30PG2,556,674,118,v016
30PG2,0,597,597,v032
30PG2,532,655,123,v008
30PG2,0,759,759,v018
30PG2,0,244,244,v014
30PG2,564,674,110,v016
30PG2,0,759,759,v018
WLA52,434,792,358,v008
WLA52,451,614,163,v023
WLA52,7,482,475,v008
WLA52,379,552,173,v016
WLA52,168,475,307,v016
WLA52,420,724,304,v029
WLA52,14,146,132,v023
WLA52,31,441,410,v008
KP88I,408,693,285,v008
KP88I,403,679,276,v005
KP88I,410,600,190,v016
KP88I,436,667,231,v005
KP88I,444,597,153,v023
KP88I,0,681,681,v018
KP88I,422,540,118,v023
KP88I,504,607,103,v016
KP88I,456,607,151,v008
QEFFJ,0,362,362,v008
QEFFJ,0,372,372,v031
QEFFJ,0,626,626,v018
QEFFJ,302,600,298,v004
QEFFJ,496,648,152,v022
QEFFJ,276,456,180,v023
QEFFJ,602,778,176,v029
QEFFJ,314,456,142,v016
L09BS,458,616,158,v012
L09BS,0,484,484,v004
L09BS,460,602,142,v007
L09BS,0,616,616,v008
KHXGJ,31,113,82,v008
KHXGJ,19,113,94,v008
KHXGJ,21,113,92,v023
KHXGJ,21,113,92,v023
CEL4V,422,698,276,v004
CEL4V,0,134,134,v012
CEL4V,201,453,252,v015
CEL4V,38,158,120,v001
CEL4V,55,814,759,v016
CEL4V,0,814,814,v023
CEL4V,0,814,814,v016
CEL4V,40,751,711,v008
CEL4V,21,158,137,v023
IDDTF,16,312,296,v008
IDDTF,16,312,296,v008
IDDTF,93,266,173,v005
IDDTF,0,148,148,v012
IDDTF,297,345,48,v023
IDDTF,297,345,48,v029
ZCH1J,0,1071,1071,v008
ZCH1J,0,1071,1071,v031
ZCH1J,60,1071,1011,v005
ZCH1J,0,192,192,v012
ZCH1J,0,374,374,v008
ZCH1J,348,556,208,v008
RKU88,0,115,115,v029
RKU88,79,518,439,v028
RKU88,72,587,515,v031
RKU88,458,587,129,v025
RKU88,208,321,113,v025
NKNVR,0,429,429,v026
NKNVR,592,818,226,v005
2VCOB,103,618,515,v008
2VCOB,112,328,216,v012
2VCOB,0,199,199,v023
2VCOB,456,618,162,v001
2VCOB,456,618,162,v001
MCMCR,0,734,734,v005
MCMCR,0,735,735,v018
MCMCR,33,669,636,v024
MCMCR,112,242,130,v031
MCMCR,499,614,115,v016
MCMCR,192,316,124,v008
4GDTQ,326,528,202,v001
4GDTQ,0,661,661,v008
4GDTQ,194,405,211,v012
4GDTQ,0,661,661,v031
4GDTQ,0,661,661,v031
IFO3G,732,888,156,v012
IFO3G,0,76,76,v018
IFO3G,69,799,730,v018
IFO3G,756,970,214,v012
IFO3G,0,96,96,v022
55DDW,765,931,166,v019
55DDW,81,931,850,v018
55DDW,81,931,850,v018
55DDW,72,820,748,v031
55DDW,768,931,163,v000
LNEAG,0,579,579,v008
LNEAG,144,333,189,v016
LNEAG,247,520,273,v009
N4SA2,0,410,410,v008
N4SA2,739,895,156,v023
N4SA2,427,883,456,v008
N4SA2,302,513,211,v023
N4SA2,799,938,139,v022
N4SA2,26,151,125,v019
N4SA2,628,751,123,v003
N4SA2,571,715,144,v016
16IDQ,556,715,159,v030
16IDQ,0,100,100,v012
16IDQ,350,492,142,v020
16IDQ,105,288,183,v008
16IDQ,163,292,129,v014
16IDQ,0,100,100,v016
16IDQ,0,134,134,v025
16IDQ,0,100,100,v008
16IDQ,357,504,147,v023
HP94W,52,268,216,v016
HP94W,0,806,806,v008
HP94W,24,806,782,v021
HP94W,172,806,634,v019
HP94W,0,806,806,v008
LNR61,288,530,242,v025
LNR61,304,456,152,v008
20WZU,0,156,156,v005
20WZU,28,240,212,v008
20WZU,316,516,200,v012
20WZU,350,726,376,v031
20WZU,0,117,117,v020
20WZU,14,170,156,v023
20WZU,115,259,144,v005
20WZU,31,566,535,v008
20WZU,295,726,431,v008
20WZU,271,424,153,v023
VU0UY,0,803,803,v005
VU0UY,0,803,803,v005
VU0UY,679,803,124,v020
VU0UY,0,803,803,v008
VU0UY,0,803,803,v008
V6XXN,110,636,526,v010
V6XXN,62,684,622,v008
V6XXN,112,650,538,v014
V6XXN,79,684,605,v023
V6XXN,55,211,156,v018
V6XXN,81,664,583,v018
QDVXO,316,735,419,v008
QDVXO,324,482,158,v023
QDVXO,386,735,349,v030
QDVXO,0,364,364,v026
QDVXO,0,415,415,v026
QDVXO,0,350,350,v008
QDVXO,271,735,464,v031
V4Q75,0,722,722,v008
V4Q75,0,722,722,v008
V4Q75,252,559,307,v004
V4Q75,254,559,305,v008
V4Q75,50,343,293,v005
V4Q75,0,722,722,v018
V4Q75,0,722,722,v018
N2GFQ,96,288,192,v028
N2GFQ,96,288,192,v028
N2GFQ,336,720,384,v030
N2GFQ,801,904,103,v010
N2GFQ,165,324,159,v016
N2GFQ,0,134,134,v012
N2GFQ,602,722,120,v031
N2GFQ,0,151,151,v007
N2GFQ,0,175,175,v029
N2GFQ,309,441,132,v029
N2GFQ,168,309,141,v008
N2GFQ,38,180,142,v001
N2GFQ,386,518,132,v031
P23HN,9,132,123,v025
P23HN,108,607,499,v018
P23HN,122,607,485,v008
P23HN,127,261,134,v012
P23HN,64,204,140,v018
P23HN,307,422,115,v023
P23HN,124,607,483,v031
P23HN,100,232,132,v023
P23HN,4,132,128,v016
P23HN,304,607,303,v008
P23HN,4,127,123,v016
U6P8F,0,373,373,v008
U6P8F,43,373,330,v004
U6P8F,16,369,353,v008
U6P8F,290,373,83,v016
1F4YB,0,316,316,v008
1F4YB,228,355,127,v016
1F4YB,0,767,767,v008
2IC8O,69,261,192,v008
2IC8O,165,439,274,v031
2IC8O,379,600,221,v031
2IC8O,0,170,170,v018
2IC8O,0,165,165,v031
2IC8O,268,420,152,v019
2IC8O,108,230,122,v019
2IC8O,168,439,271,v006
2IC8O,62,664,602,v018
C9HLB,705,815,110,v001
C9HLB,0,815,815,v008
C9HLB,0,784,784,v014
C9HLB,0,815,815,v032
C9HLB,0,815,815,v018
VGU6Y,0,780,780,v008
VGU6Y,249,780,531,v008
VGU6Y,240,398,158,v023
VGU6Y,201,780,579,v008
VGU6Y,144,297,153,v023
VGU6Y,571,734,163,v014
MRF8T,0,396,396,v016
MRF8T,0,396,396,v016
MRF8T,300,579,279,v019
MRF8T,300,579,279,v019
MRF8T,266,579,313,v031
MRF8T,249,579,330,v008
OKVGK,427,729,302,v031
OKVGK,50,192,142,v001
OKVGK,12,141,129,v012
OKVGK,139,268,129,v018
OKVGK,206,436,230,v028
OKVGK,693,823,130,v022
OKVGK,163,801,638,v018
OKVGK,384,530,146,v023
OKVGK,175,796,621,v018
OKVGK,429,768,339,v008
OKVGK,638,775,137,v016
OKVGK,417,648,231,v008
OKVGK,19,163,144,v029
OKVGK,417,648,231,v014
OKVGK,417,648,231,v016
EYABM,0,98,98,v004
EYABM,0,788,788,v004
EYABM,0,788,788,v002
MI0ZQ,122,345,223,v028
MI0ZQ,0,105,105,v016
MI0ZQ,362,619,257,v028
MI0ZQ,21,655,634,v028
MI0ZQ,0,98,98,v023
MI0ZQ,0,60,60,v029
MI0ZQ,0,103,103,v016
MI0ZQ,225,345,120,v016
MI0ZQ,0,98,98,v016
VY1GQ,0,151,151,v030
VY1GQ,232,499,267,v019
VY1GQ,499,715,216,v009
VY1GQ,232,499,267,v031
VY1GQ,244,475,231,v019
VY1GQ,432,717,285,v031
463UL,146,343,197,v028
463UL,350,518,168,v004
463UL,0,213,213,v028
463UL,0,74,74,v029
WWNVG,230,702,472,v014
WWNVG,232,702,470,v019
WWNVG,240,702,462,v008
WWNVG,112,314,202,v008
V4YCA,367,530,163,v001
V4YCA,355,513,158,v016
V4YCA,357,523,166,v025
V4YCA,0,333,333,v009
V4YCA,0,136,136,v012
V4YCA,268,482,214,v023
RBAO4,415,604,189,v016
RBAO4,218,376,158,v001
RBAO4,549,736,187,v018
RBAO4,273,578,305,v008
RBAO4,566,748,182,v008
RBAO4,513,748,235,v010
RBAO4,184,376,192,v012
RBAO4,547,748,201,v005
RBAO4,528,748,220,v010
RBAO4,194,367,173,v029
ZVV1Y,0,513,513,v018
ZVV1Y,480,604,124,v012
ZVV1Y,0,494,494,v003
ZVV1Y,403,535,132,v022
ZVV1Y,0,62,62,v018
ZVV1Y,45,297,252,v018
YK7FT,367,700,333,v006
YK7FT,98,266,168,v012
YK7FT,364,698,334,v007
YK7FT,69,213,144,v012
YK7FT,0,338,338,v008
YK7FT,134,338,204,v016
WRW74,45,393,348,v023
WRW74,112,314,202,v027
WRW74,165,345,180,v019
WRW74,285,597,312,v023
WRW74,194,458,264,v008
WRW74,88,223,135,v012
WRW74,391,523,132,v023
WRW74,477,585,108,v027
K2BY7,508,720,212,v029
K2BY7,86,624,538,v003
K2BY7,0,324,324,v008
K2BY7,0,117,117,v025
K2BY7,552,710,158,v017
K2BY7,0,120,120,v016
0TIHC,208,621,413,v008
0TIHC,187,743,556,v018
0TIHC,0,199,199,v025
0TIHC,549,732,183,v004
0TIHC,19,218,199,v025
0TIHC,0,223,223,v028
0TIHC,201,743,542,v018
0TIHC,187,602,415,v008
0TIHC,482,624,142,v016
0TIHC,528,664,136,v023
0TIHC,549,664,115,v008
8YNSB,544,667,123,v015
8YNSB,170,300,130,v001
8YNSB,0,273,273,v031
8YNSB,0,273,273,v010
8YNSB,220,398,178,v022
8YNSB,530,717,187,v030
8YNSB,266,434,168,v008
8YNSB,482,612,130,v023
8YNSB,0,115,115,v012
8YNSB,278,432,154,v016
8YNSB,432,554,122,v029
CVX3K,271,537,266,v004
CVX3K,441,798,357,v014
CVX3K,24,798,774,v018
CVX3K,24,798,774,v018
CVX3K,84,547,463,v005
CVX3K,295,559,264,v008
CVX3K,367,798,431,v008
CVX3K,360,480,120,v023
CVX3K,266,386,120,v023
CVX3K,408,561,153,v016
CVX3K,403,549,146,v016
W7SGQ,362,790,428,v008
W7SGQ,0,790,790,v005
W7SGQ,0,790,790,v008
W7SGQ,0,410,410,v031
W7SGQ,0,790,790,v005
W7SGQ,566,790,224,v013
W7SGQ,333,463,130,v023
W7SGQ,0,790,790,v008
W7SGQ,374,790,416,v014
NOLQ7,146,655,509,v008
NOLQ7,9,763,754,v020
NOLQ7,105,705,600,v030
NOLQ7,451,643,192,v016
D98TV,76,357,281,v030
D98TV,33,180,147,v016
D98TV,81,357,276,v008
D98TV,0,357,357,v008
D98TV,74,187,113,v023
D98TV,0,93,93,v029
IL0JH,0,300,300,v031
IL0JH,276,434,158,v012
IL0JH,0,300,300,v018
IL0JH,201,391,190,v029
IL0JH,211,357,146,v022
IL0JH,0,312,312,v014
XED6W,96,297,201,v016
XED6W,0,321,321,v016
XED6W,0,127,127,v008
XED6W,84,280,196,v016
XED6W,86,280,194,v016
OQ4SO,0,752,752,v008
OQ4SO,0,752,752,v008
OQ4SO,0,752,752,v008
HHZUI,624,788,164,v008
HHZUI,626,758,132,v012
HHZUI,0,640,640,v002
HHZUI,559,688,129,v012
HHZUI,580,788,208,v031
HHZUI,580,788,208,v023
HHZUI,576,727,151,v001
HHZUI,124,451,327,v016
BQKW5,0,184,184,v008
BQKW5,112,619,507,v023
BQKW5,276,415,139,v016
BQKW5,120,388,268,v023
BQKW5,242,357,115,v008
BQKW5,285,782,497,v030
BQKW5,64,192,128,v016
BQKW5,280,782,502,v016
P7RQS,31,172,141,v012
P7RQS,43,170,127,v009
P7RQS,285,475,190,v012
P7RQS,0,60,60,v019
P7RQS,0,108,108,v018
P7RQS,74,244,170,v018
P7RQS,127,283,156,v001
P7RQS,0,98,98,v014
P7RQS,0,86,86,v032
GIZCL,568,747,179,v008
GIZCL,93,398,305,v008
GIZCL,595,747,152,v023
GIZCL,199,403,204,v026
GIZCL,554,747,193,v023
AB7ZD,0,760,760,v008
AB7ZD,0,760,760,v008
1YDCG,127,602,475,v002
1YDCG,163,597,434,v008
3WAWR,184,415,231,v020
3WAWR,453,585,132,v005
3WAWR,0,319,319,v004
3WAWR,518,655,137,v022
3WAWR,326,470,144,v012
3WAWR,0,600,600,v018
3WAWR,204,348,144,v016
3WAWR,0,321,321,v008
3WAWR,199,328,129,v016
NIH53,271,456,185,v008
NIH53,343,523,180,v023
NIH53,268,460,192,v016
NIH53,384,650,266,v008
0PKMF,496,743,247,v008
0PKMF,494,743,249,v014
0PKMF,4,117,113,v019
0PKMF,33,163,130,v009
0PKMF,0,743,743,v018
0PKMF,0,134,134,v009
R2G6S,259,1159,900,v016
R2G6S,259,1152,893,v023
R2G6S,408,626,218,v016
R2G6S,1022,1171,149,v016
R2G6S,844,1123,279,v008
R2G6S,1087,1182,95,v022
R2G6S,76,1070,994,v018
R2G6S,28,177,149,v018
R2G6S,64,1164,1100,v018
R2G6S,400,1130,730,v021
R2G6S,266,1147,881,v024
15FVJ,21,189,168,v008
15FVJ,256,656,400,v010
15FVJ,319,656,337,v005
15FVJ,192,656,464,v031
15FVJ,69,196,127,v025
15FVJ,381,656,275,v008
15FVJ,184,477,293,v008
NK9RX,0,225,225,v008
NK9RX,148,333,185,v008
NK9RX,122,252,130,v023
NK9RX,316,676,360,v004
NK9RX,0,739,739,v018
NK9RX,0,163,163,v023
NK9RX,96,218,122,v016
NK9RX,36,177,141,v012
NK9RX,148,333,185,v014
OVMCM,0,292,292,v018
OVMCM,309,475,166,v023
OVMCM,0,103,103,v000
OVMCM,146,304,158,v022
OVMCM,650,743,93,v029
OVMCM,412,743,331,v008
YE991,441,650,209,v004
YE991,400,650,250,v008
YE991,547,650,103,v016
YE991,436,578,142,v023
YE991,0,518,518,v002
YE991,376,561,185,v020
LSAMR,412,552,140,v022
LSAMR,180,516,336,v018
LSAMR,0,249,249,v008
LSAMR,420,580,160,v029
LSAMR,201,494,293,v026
5FCAU,0,664,664,v008
5FCAU,0,664,664,v008
SM0HI,36,722,686,v008
SM0HI,304,722,418,v014
SM0HI,67,422,355,v024
SM0HI,0,722,722,v018
ZGTP8,261,557,296,v008
ZGTP8,36,163,127,v001
ZGTP8,0,115,115,v012
ZGTP8,69,240,171,v020
ZGTP8,271,391,120,v031
ZGTP8,0,225,225,v008
MOA3N,0,597,597,v026
MOA3N,518,640,122,v008
MOA3N,554,727,173,v012
MOA3N,504,640,136,v016
MOA3N,0,604,604,v026
2X2C5,0,439,439,v008
2X2C5,57,175,118,v018
2X2C5,316,463,147,v022
2X2C5,86,424,338,v018
2X2C5,0,91,91,v016
1T3B4,0,859,859,v008
GXZHG,0,259,259,v032
GXZHG,302,399,97,v010
GXZHG,194,352,158,v017
GXZHG,165,302,137,v022
GXZHG,0,283,283,v031
GXZHG,0,288,288,v018
GXZHG,0,302,302,v018
AWITI,0,249,249,v027
AWITI,441,691,250,v016
AWITI,237,381,144,v023
AWITI,340,463,123,v008
AWITI,561,708,147,v016
AWITI,0,103,103,v029
AWITI,55,189,134,v001
0POYO,367,564,197,v012
0POYO,376,554,178,v007
0POYO,0,345,345,v003
0POYO,417,587,170,v001
0POYO,0,333,333,v016
0POYO,0,244,244,v008
0POYO,420,587,167,v029
EJJIO,249,556,307,v001
EJJIO,117,254,137,v012
EJJIO,511,663,152,v030
EJJIO,115,252,137,v012
R3S1V,0,726,726,v008
R3S1V,0,669,669,v026
R3S1V,595,708,113,v029
DQTAY,0,666,666,v010
DQTAY,0,666,666,v031
DQTAY,0,571,571,v008
B3SF6,525,657,132,v012
B3SF6,576,722,146,v008
B3SF6,576,852,276,v023
B3SF6,484,621,137,v012
B3SF6,566,708,142,v023
B3SF6,616,880,264,v016
B3SF6,309,482,173,v022
B3SF6,105,410,305,v010
B3SF6,177,391,214,v031
86810,0,737,737,v021
86810,0,737,737,v005
86810,2,737,735,v020
86810,0,737,737,v022
86810,201,429,228,v008
DR13T,261,495,234,v008
DR13T,127,495,368,v008
XXIT4,0,146,146,v018
XXIT4,0,153,153,v018
XXIT4,69,453,384,v005
XXIT4,69,463,394,v005
XXIT4,0,789,789,v008
XXIT4,456,604,148,v022
E653K,168,288,120,v016
E653K,384,528,144,v007
E653K,504,648,144,v001
E653K,432,576,144,v012
E653K,168,288,120,v016
E653K,492,688,196,v029
KF2MN,0,647,647,v031
KF2MN,0,528,528,v019
KF2MN,0,530,530,v031
3TK88,900,1089,189,v012
3TK88,0,823,823,v008
3TK88,194,367,173,v027
3TK88,964,1161,197,v029
3TK88,513,811,298,v016
F082Z,405,777,372,v013
F082Z,0,777,777,v008
F082Z,0,777,777,v014
ZKC7M,148,855,707,v028
ZKC7M,554,855,301,v022
ZKC7M,499,664,165,v010
ZKC7M,192,595,403,v000
ZKC7M,602,806,204,v018
ZEID0,0,648,648,v008
ZEID0,4,648,644,v031
ZEID0,0,96,96,v020
0O022,21,242,221,v001
0O022,312,523,211,v015
0O022,633,748,115,v016
0O022,0,232,232,v001
RE9O1,345,583,238,v001
RE9O1,240,556,316,v007
RE9O1,261,532,271,v029
N1RJW,415,566,151,v025
N1RJW,645,868,223,v001
N1RJW,0,525,525,v025
N1RJW,724,892,168,v007
N1RJW,0,525,525,v025
N1RJW,645,820,175,v012
N1RJW,0,556,556,v008
N1RJW,0,556,556,v008
N1RJW,1346,1593,247,v029
BUBT0,0,427,427,v001
BUBT0,331,499,168,v018
BUBT0,403,750,347,v009
AMUDT,0,594,594,v014
AMUDT,266,398,132,v020
AMUDT,0,594,594,v018
AMUDT,0,594,594,v008
D5SB7,0,736,736,v031
D5SB7,0,750,750,v018
D5SB7,0,750,750,v008
O45BC,218,388,170,v016
O45BC,43,259,216,v008
O45BC,266,386,120,v025
O45BC,266,386,120,v025
O45BC,14,264,250,v016
FPQRX,110,259,149,v025
FPQRX,352,604,252,v019
FPQRX,556,688,132,v022
FPQRX,0,96,96,v010
FPQRX,0,266,266,v000
FPQRX,708,1120,412,v003
FPQRX,122,259,137,v008
FPQRX,158,278,120,v003
FPQRX,115,266,151,v025
FPQRX,720,907,187,v008
FPQRX,115,266,151,v025
FPQRX,242,648,406,v018
QB8O7,756,868,112,v022
QB8O7,0,868,868,v031
QB8O7,0,192,192,v019
QB8O7,0,868,868,v014
PDTXL,0,424,424,v008
PDTXL,300,465,165,v016
PDTXL,424,580,156,v022
XAX61,132,252,120,v012
XAX61,38,268,230,v016
XAX61,91,232,141,v016
XAX61,33,216,183,v008
7WOW1,0,844,844,v018
19ZGX,103,566,463,v004
19ZGX,427,585,158,v016
19ZGX,0,127,127,v029
19ZGX,0,552,552,v008
19ZGX,456,576,120,v016
19ZGX,420,585,165,v016
19ZGX,0,549,549,v008
O1D7K,448,863,415,v003
O1D7K,415,532,117,v025
O1D7K,0,350,350,v026
O1D7K,0,360,360,v026
DSHVL,0,527,527,v008
DSHVL,415,527,112,v029
DSHVL,278,468,190,v020
2MTYU,16,580,564,v008
2MTYU,0,103,103,v023
2MTYU,21,552,531,v002
2MTYU,463,597,134,v001
2MTYU,31,201,170,v012
2MTYU,86,573,487,v031
E7QDZ,84,508,424,v031
E7QDZ,388,542,154,v027
E7QDZ,456,578,122,v009
QEQJ3,57,223,166,v014
QEQJ3,362,583,221,v001
QEQJ3,235,535,300,v025
QEQJ3,146,316,170,v026
QEQJ3,511,693,182,v008
QEQJ3,619,734,115,v029
KZN8C,67,808,741,v005
KZN8C,264,388,124,v016
KZN8C,0,398,398,v008
KZN8C,302,549,247,v015
KZN8C,290,768,478,v023
KZN8C,304,600,296,v008
KZN8C,429,624,195,v016
KZN8C,429,624,195,v016
028CE,48,264,216,v006
028CE,223,350,127,v009
028CE,28,168,140,v018
028CE,206,340,134,v022
028CE,31,350,319,v026
SG99Q,0,492,492,v030
SG99Q,0,492,492,v026
SG99Q,391,568,177,v018
SG99Q,468,732,264,v018
SG99Q,487,732,245,v018
Z2MBK,110,456,346,v008
Z2MBK,165,355,190,v004
Z2MBK,204,544,340,v004
Z2MBK,324,721,397,v008
Z2MBK,0,721,721,v008
H2B7U,0,81,81,v008
H2B7U,417,544,127,v001
H2B7U,0,129,129,v016
H2B7U,381,544,163,v012
H2B7U,0,100,100,v008
H2B7U,0,156,156,v016
H2B7U,0,192,192,v030
H2B7U,369,554,185,v029
H2B7U,108,434,326,v016
9BCZU,600,770,170,v016
9BCZU,0,319,319,v008
9BCZU,446,638,192,v028
9BCZU,590,782,192,v016
9BCZU,626,798,172,v030
9BCZU,0,288,288,v026
9BCZU,530,722,192,v008
9BCZU,511,648,137,v023
HM7J7,7,228,221,v029
HM7J7,0,105,105,v027
HM7J7,244,463,219,v008
HM7J7,295,482,187,v031
HM7J7,400,525,125,v025
HM7J7,400,525,125,v025
HJM82,24,816,792,v024
HJM82,156,736,580,v004
HJM82,177,681,504,v009
HJM82,168,703,535,v019
HJM82,0,120,120,v023
X1624,0,219,219,v008
X1624,0,151,151,v008
X1624,79,204,125,v020
X1624,0,151,151,v031
X1624,57,219,162,v028
X0JKJ,501,804,303,v008
X0JKJ,0,499,499,v026
X0JKJ,0,499,499,v008
X0JKJ,715,804,89,v013
X0JKJ,458,804,346,v023
ZED9E,108,225,117,v006
ZED9E,0,74,74,v005
ZED9E,0,91,91,v008
ZED9E,7,117,110,v005
ZED9E,0,60,60,v022
IUVT3,88,213,125,v012
YU9BS,535,734,199,v031
YU9BS,837,952,115,v027
YU9BS,43,367,324,v026
YU9BS,220,333,113,v016
NZG0R,72,292,220,v001
NZG0R,72,292,220,v001
NZG0R,232,652,420,v008
NZG0R,266,400,134,v019
NZG0R,487,638,151,v029
29CB7,0,727,727,v008
29CB7,0,727,727,v008
29CB7,180,372,192,v019
29CB7,0,727,727,v008
29CB7,2,381,379,v009
29CB7,98,283,185,v019
29CB7,0,276,276,v031
29CB7,290,549,259,v031
JYC6G,0,333,333,v003
JYC6G,4,170,166,v008
GC7L9,98,348,250,v012
GC7L9,458,809,351,v008
GC7L9,458,624,166,v012
GC7L9,458,809,351,v023
TLBWW,427,709,282,v016
TLBWW,434,709,275,v025
TLBWW,0,427,427,v028
TLBWW,31,367,336,v029
TLBWW,324,645,321,v016
TLBWW,374,571,197,v008
TLBWW,386,573,187,v023
TLBWW,316,648,332,v026
TLBWW,292,633,341,v008
TLBWW,463,648,185,v025
L4VNK,216,357,141,v008
L4VNK,172,360,188,v008
L4VNK,144,288,144,v023
L4VNK,194,328,134,v023
9PXC0,501,727,226,v008
9PXC0,388,631,243,v008
9PXC0,0,141,141,v000
9PXC0,192,360,168,v023
9PXC0,564,727,163,v012
9PXC0,0,208,208,v010
9PXC0,199,360,161,v008
9PXC0,271,571,300,v023
9PXC0,31,727,696,v018
9PXC0,268,458,190,v012
G8O8P,0,830,830,v008
G8O8P,55,213,158,v001
G8O8P,122,271,149,v012
G8O8P,264,777,513,v014
G8O8P,38,168,130,v007
G8O8P,26,168,142,v029
MMY3N,38,724,686,v030
MMY3N,74,268,194,v016
MMY3N,33,698,665,v030
MMY3N,0,739,739,v008
KTL2G,328,456,128,v027
KTL2G,187,429,242,v001
KTL2G,0,252,252,v008
KTL2G,144,259,115,v016
KTL2G,136,256,120,v025
KTL2G,21,244,223,v029
KTL2G,52,769,717,v026
EFD6M,0,734,734,v021
EFD6M,0,506,506,v031
EFD6M,0,734,734,v018
EFD6M,319,549,230,v016
EFD6M,259,458,199,v001
57N4Z,544,662,118,v027
57N4Z,384,592,208,v004
57N4Z,182,393,211,v031
57N4Z,218,345,127,v006
57N4Z,120,242,122,v029
RGZVZ,134,692,558,v018
RGZVZ,84,254,170,v018
RGZVZ,242,400,158,v020
RGZVZ,0,692,692,v008
RGZVZ,626,692,66,v022
RGZVZ,153,692,539,v018
5ZHOX,194,597,403,v023
5ZHOX,508,657,149,v001
5ZHOX,105,688,583,v022
5ZHOX,297,439,142,v020
5ZHOX,67,201,134,v012
5ZHOX,240,633,393,v023
5ZHOX,240,717,477,v008
ZD3GI,340,1036,696,v008
ZD3GI,103,240,137,v023
ZD3GI,595,1036,441,v008
ZD3GI,600,1036,436,v005
ZD3GI,676,852,176,v004
ZD3GI,237,508,271,v015
ZD3GI,600,763,163,v005
ZD3GI,573,700,127,v023
ZD3GI,0,1036,1036,v018
ZD3GI,578,700,122,v023
ZD3GI,588,1036,448,v008
ZD3GI,588,715,127,v023
ZD3GI,940,1036,96,v016
ZD3GI,501,669,168,v016
MVTAL,444,739,295,v008
MVTAL,429,544,115,v023
MVTAL,856,972,116,v016
7HSUM,0,835,835,v006
7HSUM,0,825,825,v031
E3S4O,72,542,470,v012
E3S4O,451,743,292,v027
E3S4O,631,743,112,v027
E3S4O,62,196,134,v023
E3S4O,211,352,141,v001
E3S4O,0,60,60,v022
1K0SU,357,552,195,v004
1K0SU,105,225,120,v027
1K0SU,132,751,619,v008
1K0SU,156,751,595,v005
1K0SU,19,148,129,v012
1K0SU,0,751,751,v008
1K0SU,38,156,118,v029
1K0SU,0,751,751,v008
1K0SU,136,751,615,v005
1K0SU,50,208,158,v001
WR1QE,156,302,146,v012
WR1QE,264,381,117,v001
WR1QE,410,730,320,v015
WR1QE,218,508,290,v023
WR1QE,384,730,346,v008
M0KTN,148,588,440,v004
M0KTN,144,636,492,v008
M0KTN,487,652,165,v016
M0KTN,583,799,216,v008
M0KTN,720,799,79,v021
M0KTN,564,691,127,v023
M0KTN,0,799,799,v018
2074D,79,268,189,v027
2074D,206,545,339,v008
2074D,129,328,199,v023
2074D,235,545,310,v025
2074D,374,545,171,v026
2074D,0,110,110,v029
2074D,172,499,327,v019
BLPAB,523,732,209,v015
BLPAB,369,537,168,v016
BLPAB,0,530,530,v031
BLPAB,0,530,530,v008
BLPAB,0,732,732,v018
BLPAB,348,480,132,v001
BLPAB,564,732,168,v008
BLPAB,0,444,444,v032
R0OI6,122,573,451,v010
R0OI6,338,698,360,v008
R0OI6,336,609,273,v014
R0OI6,290,580,290,v009
R0OI6,336,712,376,v018
R0OI6,0,367,367,v008
R0OI6,0,398,398,v010
R0OI6,0,398,398,v021
WYM1M,0,300,300,v008
WYM1M,573,730,157,v005
WYM1M,568,730,162,v018
WYM1M,338,730,392,v008
WYM1M,345,730,385,v014
WYM1M,338,475,137,v014
WYM1M,7,244,237,v023
WYM1M,0,182,182,v012
A8LZE,26,180,154,v001
A8LZE,0,122,122,v012
A8LZE,84,705,621,v014
A8LZE,84,705,621,v008
A8LZE,4,182,178,v019
5FJRT,0,722,722,v008
5FJRT,0,722,722,v018
0PA3N,184,316,132,v018
0PA3N,460,624,164,v022
0PA3N,211,568,357,v018
0PA3N,64,211,147,v025
0PA3N,69,184,115,v025
EFSIN,0,261,261,v030
EFSIN,0,738,738,v008
EFSIN,0,180,180,v019
EFSIN,76,192,116,v016
EFSIN,28,156,128,v023
EFSIN,0,460,460,v030
EFSIN,376,738,362,v030
EFSIN,496,604,108,v016
EFSIN,556,679,123,v023
RYDUK,129,504,375,v023
RYDUK,0,254,254,v008
RYDUK,0,256,256,v028
RYDUK,237,504,267,v008
RYDUK,242,504,262,v026
RYDUK,103,218,115,v016
RYDUK,84,199,115,v028
RYDUK,170,504,334,v026
RYDUK,0,158,158,v023
5QW1X,600,720,120,v001
5QW1X,168,321,153,v012
5QW1X,0,785,785,v002
5QW1X,117,739,622,v008
5QW1X,117,785,668,v031
5QW1X,650,785,135,v016
WQYET,247,750,503,v026
WQYET,427,561,134,v016
WQYET,232,750,518,v018
WQYET,244,750,506,v026
TSI2S,628,856,228,v008
TSI2S,508,655,147,v023
TSI2S,252,544,292,v008
TSI2S,379,532,153,v016
TSI2S,240,408,168,v017
TSI2S,672,856,184,v020
TSI2S,684,856,172,v005
TSI2S,247,463,216,v019
USNFB,170,714,544,v032
USNFB,0,295,295,v012
USNFB,208,714,506,v018
USNFB,194,714,520,v018
USNFB,0,261,261,v007
USNFB,223,714,491,v032
DPKMU,0,151,151,v008
DPKMU,4,151,147,v016
DPKMU,139,746,607,v031
DPKMU,232,746,514,v009
DPKMU,223,494,271,v019
4S3UZ,602,847,245,v008
4S3UZ,619,760,141,v016
4S3UZ,343,556,213,v019
4S3UZ,609,782,173,v026
4S3UZ,0,672,672,v031
4S3UZ,0,722,722,v018
BCONW,16,693,677,v008
BCONW,508,722,214,v016
BCONW,50,182,132,v012
BCONW,151,513,362,v015
BCONW,132,319,187,v001
BCONW,410,696,286,v004
BCONW,108,273,165,v023
BCONW,43,708,665,v008
QZPO6,0,648,648,v008
QZPO6,0,648,648,v031
QZPO6,0,648,648,v008
QZPO6,0,648,648,v018
O8S0J,151,411,260,v004
O8S0J,316,411,95,v016
O8S0J,0,201,201,v005
O8S0J,326,411,85,v016
O8S0J,0,411,411,v018
O8S0J,0,411,411,v008
O8S0J,0,411,411,v018
O8S0J,0,411,411,v023
O8S0J,0,411,411,v008
1KFLX,360,670,310,v004
1KFLX,259,403,144,v023
1KFLX,336,494,158,v001
1KFLX,28,355,327,v003
1KFLX,348,477,129,v008
1KFLX,86,201,115,v008
1KFLX,196,352,156,v016
1KFLX,451,580,129,v031
DB3Y6,0,688,688,v008
DB3Y6,0,688,688,v023
DB3Y6,0,735,735,v008
DB3Y6,33,170,137,v016
DB3Y6,0,735,735,v004
DB3Y6,0,170,170,v016
YVK8M,100,264,164,v016
YVK8M,194,422,228,v015
YVK8M,0,91,91,v012
NU0UK,0,218,218,v018
NU0UK,60,182,122,v016
NU0UK,192,724,532,v011
NU0UK,28,376,348,v004
NU0UK,0,156,156,v023
NU0UK,0,117,117,v004
NU0UK,0,724,724,v018
NU0UK,0,724,724,v008
NU0UK,0,724,724,v023
YRPAR,57,223,166,v008
YRPAR,232,357,125,v025
YRPAR,40,216,176,v008
YRPAR,232,345,113,v025
X10CG,0,468,468,v004
X10CG,0,763,763,v031
CF55N,64,794,730,v030
CF55N,729,830,101,v027
CF55N,184,321,137,v019
CF55N,160,328,168,v031
CF55N,184,321,137,v019
99SGB,28,235,207,v008
99SGB,110,235,125,v016
99SGB,0,132,132,v023
99SGB,7,141,134,v001
99SGB,0,98,98,v012
99SGB,146,278,132,v023
99SGB,124,244,120,v016
99SGB,124,220,96,v016
YJV3E,2,231,229,v008
YJV3E,0,120,120,v023
YJV3E,52,231,179,v004
YJV3E,144,231,87,v016
YJV3E,0,120,120,v026
YJV3E,0,231,231,v008
QZIRQ,0,251,251,v008
QZIRQ,0,251,251,v014
QZIRQ,0,251,251,v031
QZIRQ,0,251,251,v018
4ZJSI,156,417,261,v012
4ZJSI,528,711,183,v008
4ZJSI,424,631,207,v023
4ZJSI,484,711,227,v008
4ZJSI,300,711,411,v008
4ZJSI,57,201,144,v029
ZQ27G,0,115,115,v008
ZQ27G,7,108,101,v021
ZQ27G,0,112,112,v016
SFOPU,76,242,166,v016
SFOPU,0,244,244,v026
SFOPU,259,587,328,v003
SFOPU,242,587,345,v018
SFOPU,244,587,343,v018
SFOPU,232,384,152,v023
SFOPU,0,225,225,v008
SFOPU,0,240,240,v016
SFOPU,105,240,135,v029
SFOPU,156,271,115,v027
SFOPU,69,266,197,v023
AJLGU,412,532,120,v001
AJLGU,309,446,137,v012
AJLGU,0,699,699,v002
AJLGU,352,463,111,v023
AJLGU,456,571,115,v016
AJLGU,463,585,122,v016
8BSG7,0,182,182,v014
8BSG7,400,518,118,v012
8BSG7,153,384,231,v018
8BSG7,268,381,113,v018
8BSG7,0,408,408,v031
8BSG7,415,576,161,v001
8BSG7,259,422,163,v022
PTPJL,508,688,180,v016
PTPJL,631,737,106,v023
PTPJL,213,693,480,v023
PTPJL,0,640,640,v008
0J5T4,470,801,331,v004
0J5T4,352,566,214,v001
0J5T4,16,182,166,v012
0J5T4,48,240,192,v023
0J5T4,223,345,122,v023
0J5T4,736,872,136,v016
8LWV7,321,708,387,v004
8LWV7,144,331,187,v000
8LWV7,0,705,705,v010
8LWV7,691,722,31,v016
8LWV7,691,722,31,v021
8LWV7,691,722,31,v000
8LWV7,218,722,504,v018
8LWV7,307,722,415,v008
8LWV7,266,432,166,v023
8LWV7,307,722,415,v016
8LWV7,0,300,300,v000
C8KER,492,669,177,v001
C8KER,525,799,274,v016
C8KER,0,146,146,v012
C8KER,379,604,225,v023
C8KER,120,422,302,v007
C8KER,237,789,552,v012
C8KER,667,1039,372,v001
C8KER,835,1065,230,v004
C8KER,0,1082,1082,v004
N00HR,0,554,554,v018
N00HR,458,751,293,v031
N00HR,463,597,134,v022
N00HR,0,554,554,v018
N00HR,98,247,149,v019
XE4FF,204,355,151,v016
XE4FF,218,355,137,v016
XE4FF,45,163,118,v008
XE4FF,36,148,112,v029
3Z08H,278,758,480,v008
3Z08H,91,252,161,v028
3Z08H,240,388,148,v023
3Z08H,285,758,473,v026
3Z08H,31,192,161,v029
JZDL6,24,192,168,v031
JZDL6,336,672,336,v003
JZDL6,600,720,120,v018
JZDL6,600,720,120,v022
JZDL6,216,336,120,v018
JZDL6,187,652,465,v023
JZDL6,340,696,356,v003
JZDL6,350,688,338,v008
DYY73,0,781,781,v018
DYY73,0,781,781,v031
DYY73,300,475,175,v016
DYY73,338,781,443,v005
DYY73,0,781,781,v008
DYY73,0,781,781,v008
PB0JI,199,439,240,v016
PB0JI,0,745,745,v008
PB0JI,0,590,590,v024
PB0JI,199,439,240,v016
PB0JI,441,698,257,v020
PB0JI,0,336,336,v008
PB0JI,276,429,153,v031
QYSER,40,187,147,v005
QYSER,0,405,405,v010
QYSER,336,672,336,v018
QYSER,12,336,324,v005
QYSER,494,638,144,v019
QYSER,240,355,115,v016
QYSER,240,350,110,v016
QYSER,0,93,93,v023
QYSER,0,93,93,v023
QYSER,326,684,358,v018
QYSER,0,343,343,v008
QYSER,26,314,288,v008
QYSER,31,321,290,v008
QYSER,482,652,170,v009
QYSER,213,357,144,v016
JMTI2,0,743,743,v005
JMTI2,0,743,743,v018
JMTI2,0,743,743,v018
JMTI2,33,156,123,v023
JMTI2,153,271,118,v023
JMTI2,266,422,156,v023
AVJFE,549,741,192,v008
AVJFE,259,475,216,v005
AVJFE,456,645,189,v023
AVJFE,453,652,199,v023
AVJFE,0,652,652,v018
AVJFE,0,648,648,v018
AVJFE,542,746,204,v022
AVJFE,163,333,170,v016
AVJFE,367,520,153,v012
AVJFE,424,537,113,v001
AVJFE,0,175,175,v004
3SKPS,422,758,336,v014
3SKPS,2,369,367,v016
3SKPS,415,758,343,v018
8J2K5,724,854,130,v001
8J2K5,528,679,151,v012
8J2K5,0,223,223,v008
8J2K5,540,679,139,v007
H9U38,0,624,624,v014
H9U38,0,725,725,v018
H9U38,506,624,118,v001
H9U38,0,725,725,v008
H9U38,0,631,631,v031
H9U38,554,725,171,v008
H9U38,549,725,176,v023
C2QK3,91,732,641,v008
C2QK3,0,110,110,v019
C2QK3,0,153,153,v012
C2QK3,79,732,653,v008
C2QK3,0,187,187,v023
C2QK3,84,732,648,v008
FETME,369,508,139,v016
FETME,196,475,279,v008
FETME,177,304,127,v023
FETME,331,465,134,v001
FETME,196,489,293,v008
FETME,244,376,132,v012
FETME,384,508,124,v025
FETME,244,453,209,v032
M704T,314,638,324,v008
M704T,278,470,192,v023
M704T,271,446,175,v020
M704T,122,316,194,v012
M704T,384,628,244,v016
M704T,444,628,184,v025
M704T,213,398,185,v001
M704T,117,240,123,v012
M704T,235,388,153,v001
YSABV,0,206,206,v008
YSABV,100,242,142,v016
YSABV,88,249,161,v025
YSABV,220,432,212,v027
YSABV,79,242,163,v025
YSABV,343,463,120,v019
YSABV,345,487,142,v009
OHVMG,0,738,738,v008
OHVMG,0,738,738,v005
OHVMG,0,144,144,v009
OHVMG,0,738,738,v008
OHVMG,0,738,738,v016
OHVMG,0,738,738,v008
OHVMG,0,110,110,v019
OHVMG,0,357,357,v019
OHVMG,0,738,738,v023
1E1VE,21,379,358,v008
1E1VE,88,300,212,v008
1E1VE,199,300,101,v025
1E1VE,0,379,379,v023
GBOZR,0,719,719,v018
GBOZR,0,719,719,v026
GBOZR,96,719,623,v008
BOOKV,655,753,98,v010
BOOKV,487,645,158,v018
BOOKV,640,753,113,v004
BOOKV,84,194,110,v025
BOOKV,535,753,218,v018
BOOKV,36,180,144,v008
BOOKV,4,132,128,v023
F2KKH,268,746,478,v008
F2KKH,276,746,470,v014
F2KKH,0,288,288,v008
F2KKH,0,295,295,v031
F2KKH,208,362,154,v018
F2KKH,0,108,108,v001
F2KKH,295,746,451,v018
F2KKH,0,261,261,v023
DC3PF,484,693,209,v020
DC3PF,81,721,640,v008
UJO36,196,396,200,v008
UJO36,45,223,178,v015
UJO36,264,400,136,v016
UJO36,184,333,149,v023
UJO36,379,743,364,v007
UJO36,453,743,290,v019
UJO36,134,297,163,v016
UJO36,259,396,137,v016
UJO36,182,396,214,v008
O58M8,69,352,283,v012
O58M8,0,401,401,v024
O58M8,280,393,113,v007
O58M8,0,401,401,v008
O58M8,69,345,276,v007
O58M8,302,401,99,v029
5R83A,0,662,662,v008
5R83A,319,662,343,v023
5R83A,0,264,264,v008
5R83A,136,309,173,v016
5R83A,528,662,134,v029
ECG4S,237,405,168,v016
ECG4S,439,615,176,v029
ECG4S,170,422,252,v016
ECG4S,0,427,427,v023
ECG4S,266,513,247,v023
ECG4S,304,615,311,v008
ECG4S,276,384,108,v023
ECG4S,268,615,347,v008
ECG4S,261,386,125,v023
CG45V,0,604,604,v008
CG45V,57,638,581,v016
CG45V,0,652,652,v008
CG45V,0,645,645,v016
4RVZB,0,633,633,v018
4RVZB,525,638,113,v022
4RVZB,554,669,115,v016
4RVZB,484,674,190,v008
4RVZB,0,638,638,v018
4RVZB,475,652,177,v023
KFZ55,0,691,691,v018
KFZ55,4,172,168,v004
KFZ55,326,542,216,v005
KFZ55,0,580,580,v008
KFZ55,139,355,216,v008
BPN95,309,410,101,v027
BPN95,180,410,230,v008
BPN95,199,410,211,v023
BPN95,26,240,214,v028
BPN95,206,410,204,v008
BPN95,158,302,144,v023
BPN95,110,254,144,v016
P2EM5,0,502,502,v008
P2EM5,148,480,332,v021
P2EM5,216,480,264,v019
P2EM5,136,489,353,v021
P2EM5,0,502,502,v008
SE3WY,278,612,334,v020
SE3WY,472,676,204,v022
SE3WY,0,607,607,v032
SE3WY,0,600,600,v016
SE3WY,501,759,258,v023
SE3WY,484,759,275,v023
SE3WY,0,636,636,v032
E4C1C,494,706,212,v014
E4C1C,0,444,444,v008
E4C1C,12,444,432,v005
E4C1C,405,530,125,v016
E4C1C,494,607,113,v005
E4C1C,0,448,448,v008
E4C1C,393,504,111,v016
XBPEJ,74,228,154,v008
XBPEJ,74,235,161,v023
XBPEJ,31,144,113,v017
MZK2X,352,669,317,v008
MZK2X,45,168,123,v012
MZK2X,446,667,221,v013
MZK2X,374,669,295,v014
MZK2X,309,439,130,v023
1UHL7,292,482,190,v012
1UHL7,230,528,298,v016
1UHL7,0,292,292,v028
1UHL7,91,751,660,v008
1UHL7,530,751,221,v001
1UHL7,364,561,197,v016
1UHL7,516,727,211,v019
1UHL7,304,472,168,v012
1UHL7,564,751,187,v001
XHL3Z,0,1017,1017,v014
XHL3Z,628,794,166,v020
XHL3Z,0,1017,1017,v018
XHL3Z,928,1017,89,v004
XHL3Z,801,1017,216,v005
XHL3Z,0,1017,1017,v018
XHL3Z,866,984,118,v023
JVV45,0,427,427,v005
JVV45,0,446,446,v008
JVV45,0,451,451,v018
JVV45,345,639,294,v010
JVV45,0,456,456,v018
Y1HOV,144,588,444,v008
Y1HOV,480,580,100,v016
Y1HOV,0,599,599,v018
Y1HOV,511,599,88,v022
Y1HOV,141,580,439,v008
PDA4B,182,658,476,v014
PDA4B,0,658,658,v018
PDA4B,225,559,334,v009
PDA4B,232,658,426,v019
PDA4B,0,658,658,v008
0W39H,4,235,231,v015
0W39H,0,624,624,v023
0W39H,398,547,149,v018
0W39H,436,762,326,v018
0W39H,432,762,330,v018
0W39H,489,614,125,v016
0W39H,556,762,206,v014
0W39H,439,762,323,v032
0W39H,465,573,108,v016
0W39H,451,568,117,v031
0W39H,12,228,216,v008
0W39H,290,424,134,v029
D9FR4,429,561,132,v009
D9FR4,273,1060,787,v031
D9FR4,0,194,194,v018
D9FR4,127,1108,981,v010
D9FR4,86,223,137,v018
D9FR4,273,415,142,v006
D9FR4,0,72,72,v008
J6TVB,0,525,525,v004
J6TVB,0,136,136,v018
J6TVB,518,712,194,v014
J6TVB,0,712,712,v018
J6TVB,492,607,115,v023
J6TVB,504,712,208,v008
J6TVB,0,84,84,v023
J6TVB,259,535,276,v023
J6TVB,252,540,288,v008
J6TVB,259,513,254,v016
J6TVB,252,492,240,v016
G8SWD,230,345,115,v001
G8SWD,0,456,456,v002
G8SWD,600,646,46,v017
G8SWD,93,576,483,v008
G8SWD,0,120,120,v012
FYDYO,441,699,258,v013
FYDYO,405,699,294,v008
FYDYO,249,453,204,v020
FYDYO,0,699,699,v018
FYDYO,412,699,287,v019
FYDYO,381,699,318,v016
FYDYO,360,699,339,v023
FYDYO,379,699,320,v014
KHWI5,273,439,166,v008
KHWI5,549,641,92,v016
KHWI5,240,360,120,v023
KHWI5,357,607,250,v024
KHWI5,151,331,180,v000
KHWI5,0,264,264,v010
KHWI5,237,641,404,v018
KHWI5,256,641,385,v014
PC0M6,21,235,214,v023
PC0M6,31,158,127,v016
PC0M6,31,158,127,v016
PC0M6,240,393,153,v001
PC0M6,206,336,130,v012
85ABO,0,108,108,v016
85ABO,7,105,98,v025
85ABO,50,612,562,v010
85ABO,194,612,418,v008
85ABO,228,612,384,v031
Z2A7Q,412,530,118,v016
Z2A7Q,124,340,216,v026
Z2A7Q,124,340,216,v025
Z2A7Q,0,218,218,v017
Z2A7Q,136,254,118,v023
Z2A7Q,79,196,117,v014
8SA46,144,837,693,v018
8SA46,158,837,679,v016
8SA46,160,837,677,v016
8SA46,160,837,677,v018
8SA46,0,93,93,v001
8SA46,40,160,120,v029
8SA46,182,837,655,v023
BQ07S,405,964,559,v014
BQ07S,0,367,367,v015
BQ07S,338,501,163,v018
BQ07S,338,964,626,v008
BQ07S,854,964,110,v022
KPNJ5,396,516,120,v014
KPNJ5,153,292,139,v016
KPNJ5,300,422,122,v029
KPNJ5,456,612,156,v016
KPNJ5,290,683,393,v008
KPNJ5,0,683,683,v026
70S6Y,124,319,195,v005
70S6Y,124,369,245,v008
70S6Y,232,379,147,v016
70S6Y,314,475,161,v027
70S6Y,0,304,304,v017
70S6Y,120,338,218,v005
70S6Y,100,362,262,v008
70S6Y,213,355,142,v016
70S6Y,100,376,276,v023
N30A9,0,811,811,v008
N30A9,24,650,626,v030
N30A9,0,626,626,v030
DTJS6,0,376,376,v008
DTJS6,691,859,168,v017
DTJS6,434,607,173,v031
DTJS6,384,902,518,v008
DTJS6,384,902,518,v008
DTJS6,115,386,271,v016
DTJS6,336,472,136,v023
107YZ,0,576,576,v010
107YZ,621,723,102,v008
107YZ,158,333,175,v021
107YZ,0,384,384,v000
107YZ,288,463,175,v008
107YZ,592,723,131,v023
107YZ,0,489,489,v000
107YZ,72,247,175,v008
U6QKX,204,333,129,v023
U6QKX,192,340,148,v016
U6QKX,196,344,148,v016
U6QKX,165,344,179,v008
U6QKX,0,160,160,v030
U6QKX,0,72,72,v023
U6QKX,0,165,165,v008
U6QKX,0,307,307,v026
MUK89,506,645,139,v027
MUK89,451,738,287,v029
MUK89,424,540,116,v030
41FNM,96,252,156,v003
41FNM,88,247,159,v016
41FNM,367,700,333,v012
41FNM,0,369,369,v008
DHVLP,216,796,580,v008
DHVLP,0,1511,1511,v008
DHVLP,1320,1511,191,v029
LK13H,0,436,436,v031
LK13H,360,552,192,v023
LK13H,422,742,320,v008
5K0KJ,432,709,277,v008
5K0KJ,432,607,175,v023
5K0KJ,336,709,373,v014
5K0KJ,16,232,216,v030
U72GG,398,628,230,v023
U72GG,304,489,185,v016
U72GG,45,460,415,v030
2U0QT,240,439,199,v004
2U0QT,148,285,137,v023
2U0QT,55,172,117,v012
2U0QT,55,172,117,v012
2U0QT,148,740,592,v008
2U0QT,489,602,113,v001
2U0QT,489,602,113,v001
2U0QT,280,410,130,v031
PFLFU,0,731,731,v014
PFLFU,0,731,731,v032
PFLFU,343,731,388,v031
PFLFU,0,731,731,v018
72HTA,24,300,276,v028
72HTA,115,278,163,v030
72HTA,216,619,403,v028
72HTA,362,535,173,v016
72HTA,180,350,170,v026
72HTA,182,340,158,v026
72HTA,0,264,264,v023
72HTA,345,487,142,v025
72HTA,2,722,720,v026
72HTA,165,492,327,v026
72HTA,165,492,327,v023
72HTA,14,492,478,v008
I77FD,216,480,264,v016
I77FD,31,499,468,v030
I77FD,0,711,711,v016
I77FD,9,711,702,v008
I77FD,0,711,711,v032
I77FD,91,711,620,v026
I77FD,136,268,132,v023
I77FD,0,711,711,v030
8370R,0,758,758,v008
8370R,0,549,549,v010
8370R,0,441,441,v010
8370R,460,758,298,v018
PD30D,0,851,851,v008
PD30D,0,724,724,v030
YQ9ML,604,751,147,v008
YQ9ML,211,415,204,v006
YQ9ML,324,492,168,v004
YQ9ML,0,103,103,v029
YQ9ML,604,751,147,v014
CLVGY,367,492,125,v020
CLVGY,40,153,113,v030
CLVGY,244,350,106,v019
KZTDH,489,614,125,v023
KZTDH,304,516,212,v016
KZTDH,19,290,271,v030
KZTDH,501,627,126,v029
KZTDH,415,544,129,v016
KZTDH,290,547,257,v008
KZTDH,499,627,128,v008
KZTDH,0,290,290,v031
I5F23,136,767,631,v016
I5F23,139,278,139,v023
I5F23,561,767,206,v022
I5F23,151,271,120,v016
I5F23,213,331,118,v016
I5F23,144,254,110,v023
I5F23,204,328,124,v023
I5F23,144,271,127,v008
I5F23,213,338,125,v008
I5F23,62,232,170,v012
I5F23,146,261,115,v023
I5F23,204,328,124,v023
I5F23,4,124,120,v027
I5F23,67,220,153,v012
I5F23,136,278,142,v016
I5F23,196,367,171,v016
I5F23,273,451,178,v016
I5F23,60,196,136,v007
I5F23,710,767,57,v008
WLKEF,0,450,450,v009
WLKEF,0,450,450,v022
WLKEF,0,450,450,v008
WLKEF,0,450,450,v008
WLKEF,0,450,450,v009
WLKEF,0,450,450,v031
ZURT8,254,570,316,v021
ZURT8,0,570,570,v008
ZURT8,0,280,280,v013
ZURT8,0,570,570,v008
F99PM,0,738,738,v018
F99PM,465,612,147,v022
F99PM,602,729,127,v012
F99PM,537,738,201,v001
F99PM,98,384,286,v019
F99PM,33,542,509,v018
IN2RL,789,916,127,v025
IN2RL,0,873,873,v031
IN2RL,172,868,696,v014
IN2RL,818,916,98,v025
IN2RL,772,876,104,v016
IN2RL,144,876,732,v008
IN2RL,0,916,916,v018
2P273,74,537,463,v007
2P273,0,784,784,v008
2P273,74,537,463,v001
2P273,160,424,264,v029
2P273,0,72,72,v008
2P273,484,631,147,v019
QLQNJ,343,604,261,v004
QLQNJ,266,723,457,v008
QLQNJ,225,376,151,v017
QLQNJ,285,470,185,v018
QLQNJ,343,723,380,v018
QLQNJ,343,723,380,v018
GBDJX,122,307,185,v023
GBDJX,211,355,144,v001
GBDJX,0,117,117,v012
GBDJX,372,543,171,v005
GBDJX,316,472,156,v023
GBDJX,254,374,120,v012
GBDJX,0,112,112,v012
GBDJX,134,292,158,v023
GBDJX,194,543,349,v008
GBDJX,184,543,359,v008
GBDJX,225,355,130,v001
CG7FL,273,441,168,v025
CG7FL,254,436,182,v008
CG7FL,0,388,388,v008
CG7FL,0,386,386,v026
CG7FL,206,345,139,v023
CG7FL,254,447,193,v025
CG7FL,0,345,345,v026
CG7FL,280,429,149,v025
VXM6A,343,484,141,v001
VXM6A,0,336,336,v026
VXM6A,312,444,132,v016
VXM6A,261,379,118,v008
VXM6A,172,288,116,v018
VXM6A,432,592,160,v022
VXM6A,484,662,178,v008
VXM6A,405,573,168,v016
VXM6A,43,182,139,v023
VXM6A,297,465,168,v023
VXM6A,314,472,158,v016
VXM6A,235,393,158,v008
VXM6A,177,492,315,v026
VXM6A,0,120,120,v016
VXM6A,0,662,662,v026
5AR9B,81,426,345,v026
5AR9B,0,141,141,v004
5AR9B,0,170,170,v008
5AR9B,0,426,426,v018
5AR9B,0,175,175,v008
5AR9B,88,426,338,v026
5AR9B,57,175,118,v016
9UNLE,0,501,501,v031
9UNLE,638,777,139,v004
9UNLE,0,506,506,v019
9UNLE,729,777,48,v012
9OEWM,0,223,223,v004
9OEWM,288,412,124,v027
9OEWM,160,398,238,v017
9OEWM,117,240,123,v022
9OEWM,0,232,232,v018
9OEWM,0,240,240,v018
9OEWM,333,441,108,v027
9OEWM,376,487,111,v027
N9VOV,134,652,518,v008
N9VOV,139,554,415,v015
N9VOV,499,660,161,v016
N9VOV,98,235,137,v023
N9VOV,456,583,127,v016
N9VOV,516,640,124,v016
OXKR5,74,613,539,v008
OXKR5,96,307,211,v012
OXKR5,177,613,436,v031
OXKR5,0,613,613,v002
OXKR5,64,192,128,v023
RSLIM,0,735,735,v008
WDCGH,120,278,158,v001
WDCGH,81,268,187,v008
WDCGH,0,69,69,v012
WDCGH,0,91,91,v031
WDCGH,223,735,512,v031
WDCGH,0,735,735,v018
WDCGH,0,735,735,v018
WDCGH,0,276,276,v032
WDCGH,0,278,278,v019
8JTF4,0,666,666,v008
8JTF4,0,666,666,v019
8JTF4,0,666,666,v008
AERV9,33,873,840,v018
AERV9,84,897,813,v031
AERV9,247,717,470,v004
AERV9,271,756,485,v008
AERV9,19,199,180,v018
AERV9,772,940,168,v022
AERV9,98,883,785,v018
4CV3F,96,668,572,v003
4CV3F,0,201,201,v008
4CV3F,86,668,582,v018
4CV3F,0,67,67,v008
4CV3F,0,88,88,v016
4CV3F,31,182,151,v016
4CV3F,64,235,171,v018
4CV3F,88,668,580,v016
4CV3F,170,668,498,v003
I713Z,81,276,195,v016
I713Z,180,403,223,v008
I713Z,309,489,180,v008
I713Z,386,549,163,v022
I713Z,585,723,138,v012
I713Z,0,228,228,v018
I713Z,465,592,127,v012
JUNX2,0,372,372,v008
JUNX2,0,372,372,v014
EJFBM,213,362,149,v004
EJFBM,115,605,490,v031
EJFBM,9,605,596,v008
EJFBM,216,554,338,v004
EJFBM,40,187,147,v018
EJFBM,60,544,484,v018
EJFBM,427,578,151,v022
EJFBM,0,605,605,v008
IB987,0,746,746,v010
IB987,0,616,616,v008
IB987,376,626,250,v025
FWQYI,16,496,480,v026
FWQYI,26,427,401,v030
FWQYI,386,936,550,v016
FWQYI,458,609,151,v026
FWQYI,0,496,496,v016
FWQYI,0,496,496,v008
FWQYI,720,936,216,v026
F2EA8,240,477,237,v004
F2EA8,50,264,214,v015
F2EA8,141,352,211,v016
F2EA8,393,624,231,v022
F2EA8,0,568,568,v018
F2EA8,0,206,206,v008
F2EA8,237,463,226,v023
F2EA8,98,482,384,v018
F2EA8,446,672,226,v015
F2EA8,432,568,136,v016
DGSBQ,0,648,648,v016
DGSBQ,0,648,648,v026
DGSBQ,0,648,648,v016
DGSBQ,583,724,141,v001
DGSBQ,120,326,206,v008
DGSBQ,237,388,151,v008
DGSBQ,556,667,111,v027
DGSBQ,48,158,110,v027
DGSBQ,7,139,132,v029
DGSBQ,194,480,286,v016
DGSBQ,578,733,155,v001
SFWBN,108,242,134,v018
SFWBN,264,745,481,v031
SFWBN,0,127,127,v003
SFWBN,60,177,117,v023
SFWBN,132,259,127,v016
SFWBN,180,372,192,v014
SFWBN,105,235,130,v018
SFWBN,14,127,113,v025
3BH39,0,452,452,v018
3BH39,0,163,163,v012
3BH39,64,452,388,v014
Q7RK6,182,321,139,v016
Q7RK6,230,573,343,v031
Q7RK6,0,132,132,v028
Q7RK6,52,199,147,v025
Q7RK6,232,379,147,v006
5U1IT,168,225,57,v020
H5RDP,0,793,793,v010
H5RDP,0,793,793,v018
H5RDP,0,793,793,v010
H5RDP,0,793,793,v018
H5RDP,0,793,793,v008
H5RDP,0,793,793,v021
Z1LVD,230,427,197,v001
Z1LVD,26,223,197,v012
Z1LVD,127,290,163,v031
Z1LVD,410,531,121,v023
AM4QC,103,254,151,v001
AM4QC,252,582,330,v032
AM4QC,93,333,240,v008
AM4QC,199,340,141,v016
AM4QC,7,242,235,v012
AM4QC,108,348,240,v008
AM4QC,12,396,384,v023
AM4QC,9,403,394,v016
AM4QC,0,144,144,v012
AM4QC,86,254,168,v001
AM4QC,88,348,260,v023
QTRIN,0,738,738,v008
QTRIN,602,738,136,v012
QTRIN,0,738,738,v008
WQWT0,117,405,288,v016
WQWT0,0,122,122,v012
WQWT0,21,405,384,v023
WQWT0,321,765,444,v023
WQWT0,739,869,130,v022
WQWT0,333,760,427,v005
WQWT0,264,400,136,v018
WQWT0,26,408,382,v008
WQWT0,338,679,341,v008
WQWT0,352,600,248,v005
WQWT0,74,343,269,v026
WQWT0,247,405,158,v016
WQWT0,247,405,158,v016
WQWT0,256,396,140,v018
WQWT0,256,396,140,v018
WQWT0,247,405,158,v016
WQWT0,360,792,432,v032
R6XU9,187,737,550,v008
R6XU9,201,737,536,v019
R6XU9,201,737,536,v009
R6XU9,201,737,536,v019
R6XU9,0,288,288,v003
R6XU9,213,737,524,v031
R6XU9,0,737,737,v018
6XT4W,309,578,269,v008
6XT4W,484,650,166,v016
6XT4W,283,393,110,v023
6XT4W,314,597,283,v031
YGYU5,0,592,592,v008
YGYU5,456,566,110,v022
YGYU5,115,552,437,v018
YGYU5,141,504,363,v004
YGYU5,0,79,79,v018
YGYU5,523,877,354,v026
PUY9Q,48,168,120,v012
PUY9Q,302,465,163,v016
PUY9Q,379,508,129,v001
PUY9Q,115,472,357,v016
PUY9Q,19,562,543,v008
PUY9Q,139,444,305,v016
00X3U,0,117,117,v029
00X3U,232,369,137,v023
00X3U,357,492,135,v001
00X3U,410,507,97,v017
00X3U,103,204,101,v019
00X3U,244,507,263,v008
CPFLM,194,530,336,v016
CPFLM,0,530,530,v008
CPFLM,0,237,237,v020
CPFLM,218,530,312,v023
CPFLM,43,156,113,v021
CPFLM,184,343,159,v025
CPFLM,247,412,165,v025
CPFLM,199,324,125,v008
CPFLM,259,386,127,v008
GX4B1,321,528,207,v025
GX4B1,261,393,132,v025
OSVF7,436,785,349,v004
OSVF7,67,785,718,v029
OSVF7,307,785,478,v008
9S0NZ,0,590,590,v031
9S0NZ,0,590,590,v008
9S0NZ,0,590,590,v013
9S0NZ,0,633,633,v014
Z2UX3,0,664,664,v019
Z2UX3,0,664,664,v009
Z2UX3,0,664,664,v031
S29H6,300,583,283,v012
S29H6,463,640,177,v029
S29H6,0,244,244,v008
S29H6,0,220,220,v031
S29H6,81,266,185,v022
S29H6,153,357,204,v016
7JTEK,448,612,164,v016
7JTEK,439,595,156,v009
7JTEK,0,848,848,v005
7JTEK,372,585,213,v008
7JTEK,0,848,848,v005
7JTEK,0,848,848,v002
7JTEK,172,429,257,v019
7JTEK,0,848,848,v008
7JTEK,0,848,848,v008
7JTEK,432,848,416,v023
7JTEK,0,848,848,v008
7JTEK,753,848,95,v016
7JTEK,0,124,124,v023
7JTEK,12,148,136,v016
T9ZNR,62,271,209,v023
T9ZNR,175,369,194,v020
6LR93,242,715,473,v008
6LR93,242,715,473,v030
6LR93,252,715,463,v030
6LR93,0,357,357,v016
6LR93,261,484,223,v023
6LR93,280,715,435,v008
6LR93,0,225,225,v026
6LR93,523,638,115,v016
6LR93,242,355,113,v023
6LR93,0,309,309,v026
CVK5Z,175,355,180,v012
CVK5Z,321,542,221,v023
CVK5Z,530,792,262,v016
CVK5Z,0,206,206,v018
CVK5Z,0,136,136,v022
CVK5Z,304,643,339,v028
CVK5Z,48,530,482,v018
CVK5Z,288,468,180,v016
CVK5Z,141,400,259,v008
CVK5Z,146,408,262,v023
CVK5Z,436,809,373,v028
CVK5Z,436,809,373,v031
CVK5Z,163,283,120,v023
CVK5Z,640,780,140,v025
CVK5Z,146,456,310,v023
4SW5W,0,738,738,v007
4SW5W,0,738,738,v005
4SW5W,0,738,738,v031
4SW5W,0,738,738,v008
5LFGO,0,374,374,v006
5LFGO,652,881,229,v008
5LFGO,410,585,175,v003
5LFGO,552,760,208,v026
5LFGO,516,881,365,v023
5LFGO,542,881,339,v023
5LFGO,273,432,159,v023
58JKZ,0,364,364,v031
58JKZ,0,551,551,v018
58JKZ,0,551,551,v018
ME7RO,0,211,211,v008
ME7RO,0,211,211,v008
ME7RO,50,211,161,v019
ME7RO,52,211,159,v013
ME7RO,0,211,211,v008
ME7RO,0,211,211,v010
1MZJF,405,578,173,v018
1MZJF,403,547,144,v018
1MZJF,264,427,163,v022
1MZJF,50,388,338,v028
1MZJF,0,424,424,v018
1MZJF,333,468,135,v029
1MZJF,496,578,82,v031
662ZU,151,847,696,v006
DEXMO,458,600,142,v023
DEXMO,172,520,348,v026
DEXMO,403,745,342,v008
4MPPQ,0,932,932,v006
4MPPQ,0,932,932,v018
4MPPQ,852,932,80,v026
23Y3I,0,218,218,v008
23Y3I,81,343,262,v016
23Y3I,129,273,144,v025
23Y3I,297,612,315,v012
23Y3I,40,158,118,v029
H6BT7,0,686,686,v008
H6BT7,0,693,693,v008
H6BT7,0,146,146,v012
H6BT7,794,1296,502,v010
H6BT7,432,724,292,v001
H6BT7,0,544,544,v012
H6BT7,636,897,261,v018
H6BT7,0,153,153,v029
H6BT7,0,693,693,v016
H6BT7,268,528,260,v023
H6BT7,0,703,703,v023
H6BT7,544,693,149,v025
5FSDB,0,673,673,v014
5FSDB,0,673,673,v030
5FSDB,0,98,98,v030
5FSDB,0,96,96,v008
Q4SH4,76,240,164,v018
Q4SH4,38,192,154,v018
Q4SH4,0,134,134,v002
H32FR,285,386,101,v008
H32FR,208,309,101,v023
H32FR,547,648,101,v016
H32FR,26,127,101,v012
H32FR,532,948,416,v008
H32FR,228,446,218,v016
H32FR,0,146,146,v029
H32FR,0,117,117,v007
5BQMX,76,194,118,v025
5BQMX,0,115,115,v022
5BQMX,76,189,113,v016
5BQMX,31,175,144,v023
5BQMX,0,96,96,v018
5BQMX,343,537,194,v012
5BQMX,364,537,173,v012
5BQMX,172,285,113,v027
5BQMX,453,537,84,v031
5BQMX,43,184,141,v008
7FTBS,74,206,132,v016
7FTBS,940,1072,132,v016
7FTBS,940,1200,260,v018
7FTBS,1111,1213,102,v018
7FTBS,559,746,187,v001
7FTBS,60,182,122,v016
7FTBS,984,1207,223,v004
7FTBS,480,619,139,v012
7FTBS,830,1207,377,v018
7FTBS,36,187,151,v016
7FTBS,48,175,127,v008
7FTBS,31,156,125,v023
MSW4E,0,690,690,v008
MSW4E,19,319,300,v004
MSW4E,2,312,310,v008
MSW4E,148,333,185,v016
MSW4E,240,396,156,v023
MSW4E,259,463,204,v005
MSW4E,0,690,690,v014
O7FDB,165,396,231,v024
O7FDB,266,547,281,v001
O7FDB,444,600,156,v012
O7FDB,439,576,137,v016
O7FDB,307,619,312,v012
O7FDB,504,710,206,v001
O7FDB,72,721,649,v008
O7FDB,151,626,475,v016
O7FDB,146,264,118,v016
O7FDB,240,367,127,v016
T5FHD,0,554,554,v030
T5FHD,0,554,554,v026
T5FHD,0,728,728,v008
T5FHD,511,655,144,v023
T5FHD,547,676,129,v029
ZAJAJ,12,240,228,v008
ZAJAJ,86,218,132,v021
ZAJAJ,292,422,130,v023
ZAJAJ,0,175,175,v018
ZAJAJ,57,292,235,v016
ZAJAJ,331,756,425,v008
ZAJAJ,278,812,534,v031
ZAJAJ,744,812,68,v022
ZAJAJ,50,812,762,v018
ZAJAJ,501,657,156,v014
ZAJAJ,578,698,120,v012
ZAJAJ,460,588,128,v031
ZAJAJ,655,772,117,v016
APJQ8,100,266,166,v016
APJQ8,60,220,160,v016
APJQ8,64,292,228,v030
APJQ8,69,172,103,v008
JQY4L,172,307,135,v008
JQY4L,172,326,154,v017
JQY4L,168,309,141,v016
JQY4L,180,343,163,v026
L4FWN,266,410,144,v009
L4FWN,0,739,739,v010
L4FWN,0,408,408,v009
L4FWN,691,739,48,v016
L4FWN,691,739,48,v018
L4FWN,691,739,48,v008
L4FWN,691,739,48,v014
E7CJ0,357,770,413,v008
E7CJ0,0,496,496,v008
E7CJ0,381,592,211,v020
E7CJ0,696,770,74,v019
E7CJ0,0,408,408,v014
DCNQI,0,134,134,v005
DCNQI,168,257,89,v029
Q166J,182,360,178,v012
Q166J,151,448,297,v019
Q166J,168,735,567,v031
Q166J,0,735,735,v008
Q166J,0,735,735,v024
Q166J,139,532,393,v019
Q166J,160,285,125,v016
Q166J,0,735,735,v018
Q166J,151,302,151,v023
8ESHT,43,489,446,v008
8ESHT,194,412,218,v016
8ESHT,405,634,229,v008
8ESHT,396,592,196,v023
8ESHT,206,393,187,v018
8ESHT,52,194,142,v016
8ESHT,343,568,225,v012
8ESHT,340,465,125,v018
8ESHT,148,492,344,v031
8ESHT,316,634,318,v014
8ESHT,326,634,308,v031
8ESHT,31,379,348,v008
R1OUC,650,784,134,v008
R1OUC,717,968,251,v030
R1OUC,364,710,346,v026
R1OUC,62,247,185,v012
R1OUC,103,328,225,v029
76BFU,432,738,306,v023
76BFU,434,738,304,v024
76BFU,0,523,523,v030
76BFU,379,542,163,v016
76BFU,0,537,537,v008
TOUXU,0,393,393,v021
TOUXU,199,328,129,v001
TOUXU,81,302,221,v029
TOUXU,127,307,180,v012
TOUXU,0,760,760,v018
TOUXU,122,261,139,v012
TOUXU,184,316,132,v001
TOUXU,129,276,147,v012
LTBKU,156,304,148,v009
LTBKU,398,621,223,v019
LTBKU,0,729,729,v014
LTBKU,0,744,744,v008
LTBKU,0,720,720,v018
LTBKU,621,748,127,v022
GFH4E,0,352,352,v008
GFH4E,0,350,350,v031
X8DZV,156,309,153,v018
X8DZV,391,698,307,v023
X8DZV,151,319,168,v018
X8DZV,33,208,175,v027
X8DZV,206,427,221,v004
X8DZV,652,765,113,v025
X8DZV,374,525,151,v022
X8DZV,434,691,257,v023
X8DZV,595,722,127,v025
X8DZV,328,470,142,v016
X8DZV,182,458,276,v008
X8DZV,242,470,228,v018
X8DZV,393,686,293,v012
X8DZV,516,765,249,v016
ON6CG,31,292,261,v020
XKLW2,196,328,132,v029
XKLW2,134,691,557,v015
XKLW2,0,691,691,v008
XKLW2,0,691,691,v008
1AI3U,124,1239,1115,v018
1AI3U,199,1239,1040,v014
1AI3U,124,1239,1115,v032
1AI3U,124,1239,1115,v031
1AI3U,26,189,163,v018
1AI3U,182,1239,1057,v032
1AI3U,136,1239,1103,v018
UIIF3,38,185,147,v008
UIIF3,14,158,144,v023
UIIF3,67,185,118,v019
Q9IYO,0,553,553,v008
Q9IYO,0,553,553,v021
Q9IYO,0,553,553,v008
Q9IYO,64,553,489,v031
Q9IYO,84,228,144,v012
L0NFK,456,600,144,v025
L0NFK,0,769,769,v018
L0NFK,0,720,720,v009
L0NFK,475,655,180,v025
L0NFK,0,424,424,v019
VNVRA,115,230,115,v016
VNVRA,0,412,412,v012
VNVRA,12,139,127,v023
VNVRA,38,228,190,v008
VNVRA,170,446,276,v001
VNVRA,0,79,79,v012
VNVRA,127,240,113,v016
AYKC6,122,254,132,v022
AYKC6,7,175,168,v000
AYKC6,0,218,218,v018
AYKC6,0,218,218,v018
SFHY2,115,237,122,v016
SFHY2,50,216,166,v008
SFHY2,98,225,127,v025
SFHY2,48,192,144,v029
SFHY2,108,223,115,v016
EN9TD,79,254,175,v004
EN9TD,0,463,463,v008
EN9TD,319,463,144,v001
4BSR0,0,261,261,v008
4BSR0,84,264,180,v016
4BSR0,0,276,276,v008
4BSR0,81,644,563,v002
4BSR0,0,247,247,v015
1NDVD,0,254,254,v008
1NDVD,208,554,346,v003
1NDVD,458,633,175,v014
EB1RG,67,324,257,v023
EB1RG,194,566,372,v023
EB1RG,86,674,588,v008
EB1RG,9,153,144,v029
EB1RG,578,674,96,v008
AZTTC,64,348,284,v008
AZTTC,307,528,221,v001
AZTTC,609,726,117,v016
AZTTC,398,530,132,v029
AZTTC,616,726,110,v016
NJM82,0,633,633,v006
NJM82,631,1221,590,v026
NJM82,1149,1248,99,v018
NJM82,1132,1248,116,v018
NJM82,662,1221,559,v026
L9H3O,672,795,123,v005
L9H3O,326,679,353,v008
L9H3O,571,691,120,v016
L9H3O,0,79,79,v022
L9H3O,384,576,192,v004
L9H3O,216,456,240,v015
L9H3O,336,456,120,v016
L9H3O,696,795,99,v005
L9H3O,0,72,72,v018
L9H3O,568,700,132,v023
L2LF6,31,247,216,v029
L2LF6,302,823,521,v008
L2LF6,302,823,521,v021
L2LF6,302,506,204,v023
L2LF6,105,357,252,v001
L2LF6,777,823,46,v028
5OB3W,0,724,724,v016
5OB3W,312,583,271,v016
5OB3W,312,583,271,v023
5OB3W,0,737,737,v016
5OB3W,0,151,151,v012
5OB3W,0,576,576,v008
5OB3W,312,578,266,v008
5OB3W,496,645,149,v023
AHLVF,0,218,218,v031
AHLVF,163,535,372,v003
AHLVF,681,799,118,v029
AHLVF,609,784,175,v012
P8Y27,0,110,110,v008
P8Y27,14,122,108,v025
P8Y27,88,220,132,v012
P8Y27,129,254,125,v030
P8Y27,0,96,96,v023
WGZ29,43,300,257,v018
WGZ29,295,532,237,v004
WGZ29,0,208,208,v018
WGZ29,1051,1180,129,v022
WGZ29,0,1212,1212,v008
WGZ29,0,105,105,v023
WGZ29,192,1173,981,v031
WGZ29,1058,1224,166,v016
I20N2,235,770,535,v008
I20N2,201,336,135,v023
I20N2,655,789,134,v025
I20N2,252,789,537,v026
I20N2,57,276,219,v031
I20N2,0,187,187,v017
I20N2,240,746,506,v008
I20N2,189,367,178,v023
I20N2,638,789,151,v016
I20N2,638,789,151,v025
PW3GG,26,520,494,v008
PW3GG,26,535,509,v026
PW3GG,69,496,427,v026
PW3GG,420,566,146,v012
PW3GG,7,132,125,v029
OZ6SB,0,453,453,v008
OZ6SB,180,391,211,v020
GIA8M,0,729,729,v008
GIA8M,0,343,343,v019
GIA8M,0,729,729,v026
GIA8M,0,729,729,v023
XTZYM,523,696,173,v004
XTZYM,0,787,787,v008
XTZYM,513,628,115,v008
XTZYM,124,542,418,v003
XTZYM,0,86,86,v003
XTZYM,0,271,271,v008
XTZYM,105,554,449,v016
2CDEG,60,542,482,v031
QNQOG,105,256,151,v016
QNQOG,88,259,171,v025
QNQOG,360,632,272,v020
QNQOG,24,180,156,v008
QNQOG,112,220,108,v025
QNQOG,312,456,144,v031
QNQOG,0,115,115,v028
KLP7V,309,572,263,v004
KLP7V,110,242,132,v016
KLP7V,189,391,202,v016
KLP7V,0,415,415,v026
VFDQU,67,381,314,v008
VFDQU,55,168,113,v001
VFDQU,336,487,151,v006
VFDQU,528,638,110,v009
VFDQU,0,211,211,v031
VFDQU,127,388,261,v004
VFDQU,62,249,187,v023
VFDQU,0,127,127,v012
VFDQU,0,163,163,v023
KOAQD,292,492,200,v008
KOAQD,847,1032,185,v021
KOAQD,0,177,177,v015
KOAQD,0,1287,1287,v018
KOAQD,280,626,346,v005
KOAQD,144,273,129,v004
KOAQD,595,866,271,v028
KOAQD,81,196,115,v016
KOAQD,794,1287,493,v008
KOAQD,1015,1287,272,v031
KOAQD,0,292,292,v008
KOAQD,280,544,264,v008
G4JHX,115,240,125,v008
G4JHX,14,194,180,v008
G4JHX,0,120,120,v023
G4JHX,480,660,180,v018
G4JHX,124,417,293,v012
G4JHX,429,588,159,v016
T53HV,297,410,113,v027
T53HV,292,822,530,v008
T53HV,729,822,93,v025
LA0DB,0,110,110,v025
LA0DB,86,232,146,v027
LA0DB,156,739,583,v003
LA0DB,26,739,713,v016
LA0DB,26,739,713,v023
LA0DB,26,739,713,v008
NOGF3,0,156,156,v021
NOGF3,103,156,53,v023
NOGF3,16,139,123,v022
NOGF3,0,117,117,v018
NOGF3,0,156,156,v008
O18DS,148,314,166,v027
O18DS,588,746,158,v031
O18DS,357,771,414,v023
O18DS,357,771,414,v016
O18DS,357,771,414,v012
O18DS,357,771,414,v016
O18DS,0,278,278,v029
O18DS,379,771,392,v008
O18DS,465,580,115,v001
KBJL0,297,441,144,v018
AAGZ2,264,811,547,v002
2UZUJ,652,710,58,v008
2UZUJ,0,420,420,v014
2UZUJ,338,489,151,v008
2UZUJ,381,710,329,v026
2UZUJ,655,710,55,v008
2UZUJ,393,588,195,v026
2UZUJ,612,710,98,v031
9GUX4,153,724,571,v008
9GUX4,180,297,117,v012
9GUX4,374,724,350,v019
9GUX4,72,240,168,v006
9GUX4,0,288,288,v031
3GFIC,372,518,146,v001
3GFIC,0,487,487,v008
3GFIC,345,508,163,v016
3GFIC,0,444,444,v014
3GFIC,422,540,118,v022
3GFIC,0,528,528,v018
3GFIC,496,677,181,v031
3GFIC,0,501,501,v031
WHJ70,0,103,103,v008
WHJ70,48,278,230,v012
WHJ70,213,355,142,v030
WHJ70,163,280,117,v001
WHJ70,0,639,639,v008
EKBW4,28,511,483,v016
EKBW4,4,492,488,v016
EKBW4,381,571,190,v029
EKBW4,496,742,246,v026
EKBW4,7,492,485,v016
K87AC,0,117,117,v012
K87AC,348,472,124,v008
K87AC,182,304,122,v003
K87AC,664,767,103,v029
K87AC,16,244,228,v001
K87AC,144,396,252,v028
K87AC,300,751,451,v003
K87AC,304,446,142,v023
K87AC,206,393,187,v016
DHVYY,571,678,107,v008
DHVYY,175,348,173,v030
DHVYY,252,432,180,v016
DHVYY,0,415,415,v008
FRXS5,295,714,419,v008
FRXS5,0,165,165,v017
FRXS5,67,208,141,v026
AUYOZ,120,367,247,v004
AUYOZ,417,710,293,v014
AUYOZ,26,146,120,v018
AUYOZ,48,439,391,v018
AUYOZ,285,403,118,v016
AUYOZ,405,691,286,v008
AUYOZ,352,472,120,v022
AUYOZ,264,410,146,v016
AUYOZ,57,218,161,v023
AUYOZ,374,487,113,v023
AUYOZ,91,386,295,v008
ABHC6,0,662,662,v008
ABHC6,60,288,228,v012
ABHC6,420,573,153,v027
ABHC6,60,480,420,v016
ABHC6,0,117,117,v029
ABHC6,72,244,172,v012
ABHC6,249,364,115,v023
ABHC6,256,388,132,v008
JSBMM,146,290,144,v012
JSBMM,206,338,132,v016
JSBMM,355,621,266,v005
JSBMM,254,607,353,v008
2GGH3,93,244,151,v016
2GGH3,0,216,216,v008
2GGH3,223,520,297,v008
2GGH3,36,172,136,v025
2GGH3,0,182,182,v016
HUU4X,132,326,194,v016
HUU4X,336,518,182,v012
HUU4X,0,117,117,v029
HUU4X,81,228,147,v020
HUU4X,14,172,158,v023
HUU4X,568,777,209,v001
HUU4X,290,765,475,v006
HUU4X,655,784,129,v022
6CGRP,0,280,280,v008
6CGRP,602,768,166,v010
EIB97,148,628,480,v003
EIB97,549,776,227,v008
EIB97,0,194,194,v003
EIB97,0,86,86,v023
EIB97,614,751,137,v016
EIB97,0,242,242,v008
EIB97,7,112,105,v016
EIB97,607,776,169,v026
EIB97,0,110,110,v012
EIB97,537,776,239,v016
D0E8H,612,1236,624,v005
D0E8H,249,410,161,v018
D0E8H,88,1404,1316,v021
D0E8H,496,1281,785,v005
D0E8H,909,1092,183,v016
D0E8H,1279,1432,153,v022
D0E8H,712,1070,358,v008
D0E8H,192,396,204,v018
D0E8H,271,1389,1118,v018
D0E8H,712,880,168,v023
D0E8H,784,998,214,v004
6YGBD,0,76,76,v004
6YGBD,0,249,249,v008
6YGBD,0,700,700,v004
6YGBD,0,731,731,v031
6YGBD,0,731,731,v018
6YGBD,146,532,386,v005
6YGBD,168,731,563,v005
6YGBD,0,731,731,v018
6YGBD,139,249,110,v023
6YGBD,0,731,731,v008
6YGBD,156,273,117,v005
TKAFY,573,756,183,v016
TKAFY,696,825,129,v009
TKAFY,0,235,235,v000
TKAFY,249,482,233,v003
TKAFY,568,746,178,v018
TKAFY,787,914,127,v031
TKAFY,0,129,129,v010
TKAFY,458,624,166,v029
KMAQ2,0,722,722,v031
KMAQ2,554,672,118,v025
KMAQ2,223,405,182,v008
KMAQ2,182,333,151,v023
KMAQ2,0,211,211,v023
VMQ20,76,178,102,v017
VMQ20,38,170,132,v023
VMQ20,48,175,127,v008
T4NAU,357,463,106,v004
T4NAU,7,124,117,v001
T4NAU,81,199,118,v012
T4NAU,331,475,144,v001
T4NAU,0,91,91,v012
T4NAU,7,552,545,v016
T4NAU,422,547,125,v016
T4NAU,470,669,199,v023
T4NAU,564,676,112,v016
T4NAU,0,552,552,v023
T4NAU,163,398,235,v015
T4NAU,499,734,235,v008
T4NAU,504,751,247,v028
XSY2P,441,636,195,v016
XSY2P,612,759,147,v008
XSY2P,456,585,129,v012
XSY2P,96,484,388,v003
XSY2P,0,144,144,v023
XSY2P,578,759,181,v023
WBS4I,136,769,633,v023
WBS4I,24,129,105,v027
WBS4I,540,729,189,v031
WBS4I,213,372,159,v001
WBS4I,412,732,320,v012
WBS4I,340,501,161,v008
WBS4I,0,81,81,v029
WBS4I,340,489,149,v012
VI2TX,0,751,751,v005
VI2TX,0,751,751,v005
VI2TX,0,751,751,v030
VI2TX,31,134,103,v016
VI2TX,165,295,130,v008
VI2TX,0,751,751,v026
VI2TX,0,751,751,v030
VI2TX,0,751,751,v018
K95WN,84,735,651,v032
K95WN,0,213,213,v024
K95WN,72,192,120,v029
K95WN,0,192,192,v008
K95WN,96,735,639,v010
JTM7L,136,302,166,v007
JTM7L,165,319,154,v012
RSG1C,69,381,312,v001
RSG1C,117,304,187,v012
RSG1C,372,676,304,v026
RSG1C,415,867,452,v019
RSG1C,31,333,302,v008
RSG1C,21,396,375,v016
RSG1C,252,386,134,v001
RSG1C,26,148,122,v012
RSG1C,355,504,149,v016
RSG1C,220,396,176,v022
Y9WZW,52,864,812,v032
Y9WZW,916,1190,274,v016
Y9WZW,1041,1190,149,v022
Y9WZW,28,1190,1162,v018
Y9WZW,784,1118,334,v004
Y9WZW,0,1154,1154,v018
Y9WZW,172,864,692,v032
Y9WZW,760,888,128,v023
Y9WZW,768,892,124,v008
S7RGX,525,662,137,v016
S7RGX,720,948,228,v020
S7RGX,127,552,425,v030
F8SNW,69,1063,994,v008
F8SNW,936,1058,122,v016
F8SNW,1130,1291,161,v018
F8SNW,1092,1260,168,v018
F8SNW,1190,1303,113,v022
5NG8W,2,761,759,v031
5NG8W,705,761,56,v019
5NG8W,712,761,49,v009
5NG8W,712,761,49,v008
5NG8W,712,761,49,v014
CUONA,0,648,648,v008
CUONA,0,477,477,v031
CUONA,405,725,320,v023
P4DL9,220,434,214,v002
P4DL9,600,772,172,v023
P4DL9,213,696,483,v002
P4DL9,0,172,172,v001
J10KY,571,765,194,v025
J10KY,0,540,540,v028
OY50Q,192,417,225,v012
OY50Q,40,420,380,v008
OY50Q,36,436,400,v023
OY50Q,199,436,237,v029
OY50Q,240,446,206,v007
OY50Q,304,451,147,v001
OY50Q,429,544,115,v016
646CU,0,211,211,v028
646CU,172,307,135,v027
OO4FE,254,718,464,v018
OO4FE,2,158,156,v025
OO4FE,321,718,397,v008
OO4FE,288,446,158,v012
OO4FE,132,271,139,v018
OO4FE,249,439,190,v023
OO4FE,0,163,163,v023
OO4FE,0,165,165,v026
OO4FE,0,151,151,v008
OO4FE,343,718,375,v031
OO4FE,168,718,550,v018
X0VAO,0,708,708,v031
X0VAO,484,746,262,v008
X0VAO,578,712,134,v022
X0VAO,650,746,96,v014
X0VAO,0,691,691,v018
52WDV,300,504,204,v031
52WDV,468,640,172,v012
52WDV,112,357,245,v003
52WDV,21,208,187,v008
52WDV,554,913,359,v031
52WDV,532,913,381,v008
52WDV,28,244,216,v023
AZFKK,0,127,127,v008
AZFKK,16,211,195,v012
AZFKK,0,132,132,v016
AZFKK,79,316,237,v023
AZFKK,235,386,151,v023
AZFKK,0,81,81,v025
AZFKK,31,182,151,v023
AZFKK,290,424,134,v016
DVO31,832,1011,179,v004
DVO31,811,964,153,v023
DVO31,285,468,183,v023
DVO31,422,823,401,v008
DVO31,948,1011,63,v016
DVO31,276,468,192,v008
DVO31,352,468,116,v025
DVO31,806,1011,205,v008
DVO31,280,468,188,v025
DVO31,290,463,173,v016
DVO31,280,472,192,v026
DVO31,0,357,357,v026
DVO31,727,856,129,v022
AFY5E,254,752,498,v026
AFY5E,0,168,168,v012
AFY5E,122,350,228,v004
AFY5E,9,175,166,v029
AFY5E,249,752,503,v026
AFY5E,0,127,127,v007
AFY5E,9,752,743,v008
T2EIY,458,592,134,v016
T2EIY,417,573,156,v004
T2EIY,273,501,228,v015
T2EIY,686,750,64,v016
T2EIY,518,750,232,v023
T2EIY,518,750,232,v008
T2EIY,0,336,336,v003
2846J,0,232,232,v008
2846J,112,252,140,v016
2846J,0,156,156,v029
12QGZ,175,420,245,v025
12QGZ,0,561,561,v018
12QGZ,410,530,120,v022
12QGZ,0,592,592,v018
12QGZ,0,588,588,v008
12QGZ,0,556,556,v014
12QGZ,0,695,695,v008
9S0QC,146,504,358,v003
9S0QC,285,412,127,v016
9S0QC,585,732,147,v012
9S0QC,508,624,116,v017
9S0QC,559,698,139,v007
9S0QC,290,535,245,v008
9S0QC,232,405,173,v012
9S0QC,0,110,110,v025
W4Z9Z,0,592,592,v018
W4Z9Z,0,592,592,v008
W4Z9Z,189,583,394,v020
NF9ZR,0,170,170,v007
NF9ZR,415,556,141,v025
NF9ZR,134,326,192,v012
NF9ZR,297,544,247,v008
NF9ZR,324,508,184,v026
NF9ZR,278,396,118,v022
NF9ZR,0,237,237,v006
NF9ZR,520,742,222,v003
NF9ZR,415,561,146,v016
NF9ZR,112,300,188,v012
34IUI,0,278,278,v021
34IUI,88,444,356,v000
34IUI,355,496,141,v016
34IUI,362,605,243,v021
34IUI,295,412,117,v025
34IUI,127,333,206,v000
34IUI,360,605,245,v008
QJPA0,0,672,672,v022
QJPA0,0,732,732,v002
QJPA0,0,336,336,v026
QJPA0,0,328,328,v026
QJPA0,336,453,117,v025
HLMQ8,220,374,154,v031
HLMQ8,0,391,391,v008
HLMQ8,172,352,180,v012
HLMQ8,0,175,175,v009
HLMQ8,0,117,117,v029
HLMQ8,314,391,77,v025
HLMQ8,0,189,189,v019
LSVHK,434,571,137,v025
LSVHK,499,609,110,v007
LSVHK,501,655,154,v012
LSVHK,585,753,168,v029
LSVHK,367,496,129,v023
LSVHK,420,564,144,v008
FX1T5,14,735,721,v008
FX1T5,0,735,735,v008
FX1T5,108,343,235,v012
FX1T5,199,735,536,v031
FX1T5,62,288,226,v016
FX1T5,91,280,189,v031
FX1T5,21,578,557,v001
ILKXV,446,652,206,v008
ILKXV,446,652,206,v026
ILKXV,472,738,266,v019
ILKXV,48,403,355,v029
ILKXV,432,583,151,v023
ILKXV,0,115,115,v012
ILKXV,638,738,100,v009
ILKXV,475,667,192,v026
ILKXV,343,576,233,v026
DP8U3,132,271,139,v021
DP8U3,4,532,528,v009
DP8U3,0,610,610,v008
DP8U3,165,542,377,v023
DP8U3,0,319,319,v019
DP8U3,379,610,231,v010
92TUQ,0,504,504,v008
92TUQ,120,264,144,v028
92TUQ,120,271,151,v025
92TUQ,0,520,520,v016
9JZO3,400,703,303,v000
T9BED,350,549,199,v004
T9BED,384,610,226,v008
T9BED,105,610,505,v008
T9BED,177,530,353,v004
T9BED,0,136,136,v012
T9BED,45,273,228,v018
85OEC,552,746,194,v008
85OEC,672,852,180,v018
85OEC,76,583,507,v031
85OEC,556,852,296,v018
D1VWG,372,546,174,v008
D1VWG,388,528,140,v001
D1VWG,103,240,137,v012
D1VWG,105,546,441,v018
D1VWG,74,546,472,v018
D1VWG,64,546,482,v016
D1VWG,12,124,112,v029
D1VWG,439,546,107,v016
D1VWG,74,194,120,v018
D1VWG,343,470,127,v023
08QQS,511,672,161,v007
08QQS,568,720,152,v012
08QQS,175,350,175,v004
08QQS,0,715,715,v008
FS94F,33,297,264,v015
FS94F,319,739,420,v009
FS94F,367,743,376,v007
FS94F,364,743,379,v019
FS94F,189,333,144,v023
FS94F,271,405,134,v016
FS94F,0,134,134,v023
FS94F,201,374,173,v008
FS94F,283,396,113,v016
FS94F,19,290,271,v008
FS94F,271,393,122,v016
XIVBU,0,722,722,v018
XIVBU,0,156,156,v004
XIVBU,0,722,722,v008
XIVBU,0,722,722,v024
XIVBU,0,722,722,v031
XIVBU,0,722,722,v031
XIVBU,50,319,269,v008
XIVBU,324,643,319,v008
XIVBU,0,722,722,v010
I0588,463,597,134,v001
I0588,213,338,125,v012
I0588,151,302,151,v001
I0588,14,144,130,v012
I0588,192,528,336,v016
I0588,312,516,204,v016
I0588,312,518,206,v016
Q49E0,595,776,181,v031
Q49E0,0,776,776,v024
Q49E0,0,213,213,v008
Q49E0,0,583,583,v018
Q49E0,0,776,776,v008
Q49E0,165,518,353,v005
Q49E0,444,657,213,v022
Q49E0,607,776,169,v012
05124,0,734,734,v008
05124,0,734,734,v008
05124,0,734,734,v004
05124,0,734,734,v008
05124,456,734,278,v018
05124,0,734,734,v014
05124,410,734,324,v018
05124,292,410,118,v029
89MAO,379,570,191,v008
89MAO,350,520,170,v023
89MAO,0,398,398,v003
89MAO,146,348,202,v020
89MAO,357,570,213,v008
89MAO,0,360,360,v016
89MAO,0,348,348,v023
89MAO,364,570,206,v014
89MAO,405,570,165,v013
89MAO,372,570,198,v023
VX1GX,110,235,125,v001
VX1GX,0,129,129,v012
VX1GX,679,909,230,v012
VX1GX,192,410,218,v016
VX1GX,936,1172,236,v015
VX1GX,21,165,144,v023
VX1GX,0,112,112,v012
VX1GX,187,300,113,v016
VX1GX,391,511,120,v016
VX1GX,948,1172,224,v008
VX1GX,69,300,231,v008
VX1GX,321,516,195,v008
2J4MA,0,369,369,v008
2J4MA,0,151,151,v005
2J4MA,295,494,199,v012
Y1BWP,108,271,163,v008
Y1BWP,0,103,103,v029
Y1BWP,86,242,156,v012
Y1BWP,175,292,117,v020
Y1BWP,489,628,139,v016
Y1BWP,412,571,159,v023
Y1BWP,247,391,144,v023
Y1BWP,177,348,171,v025
Y1BWP,434,636,202,v019
Y1BWP,0,110,110,v001
Y1BWP,170,292,122,v025
DTUJD,276,385,109,v023
DTUJD,0,357,357,v008
DTUJD,26,283,257,v030
DTUJD,309,385,76,v016
DTUJD,26,273,247,v030
DTUJD,31,280,249,v030
DTUJD,316,385,69,v012
DTUJD,4,280,276,v031
DTUJD,220,331,111,v016
DTUJD,220,331,111,v025
8UQVB,504,813,309,v014
8UQVB,0,544,544,v032
8UQVB,19,153,134,v020
8UQVB,0,820,820,v018
8UQVB,0,532,532,v031
8UQVB,494,808,314,v031
K0C0A,0,343,343,v008
K0C0A,0,304,304,v031
K0C0A,45,376,331,v019
K0C0A,40,232,192,v019
K0C0A,0,372,372,v018
K0C0A,360,511,151,v012
K0C0A,256,376,120,v022
K0C0A,566,898,332,v016
G8R5Q,0,308,308,v019
G8R5Q,0,308,308,v009
G8R5Q,0,308,308,v019
G8R5Q,0,308,308,v031
G8R5Q,259,308,49,v022
61Y90,739,1036,297,v016
61Y90,0,777,777,v026
61Y90,0,792,792,v032
CL9M5,662,743,81,v008
CL9M5,0,645,645,v016
CL9M5,0,482,482,v008
DP7DG,297,552,255,v016
DP7DG,0,712,712,v008
DP7DG,225,379,154,v012
DP7DG,0,98,98,v012
DP7DG,616,719,103,v016
DP7DG,664,719,55,v026
DP7DG,24,184,160,v008
DP7DG,0,105,105,v023
7YV59,19,853,834,v030
7YV59,16,820,804,v031
7YV59,676,853,177,v025
7YV59,28,853,825,v030
7YV59,686,837,151,v025
LUU2S,0,727,727,v010
LUU2S,2,549,547,v004
LUU2S,0,727,727,v008
LUU2S,0,727,727,v008
UI0QG,0,206,206,v016
UI0QG,0,206,206,v016
UI0QG,0,206,206,v016
UI0QG,84,208,124,v023
UI0QG,93,723,630,v008
UI0QG,2,136,134,v012
4A81E,187,856,669,v018
4A81E,93,283,190,v018
4A81E,338,830,492,v005
4A81E,739,878,139,v022
4A81E,55,789,734,v008
4A81E,672,820,148,v016
4A81E,676,820,144,v025
2MAZY,470,739,269,v001
2MAZY,0,739,739,v008
2MAZY,12,194,182,v016
2MAZY,141,283,142,v016
2MAZY,24,144,120,v023
2MAZY,146,264,118,v023
2MAZY,52,170,118,v020
2MAZY,228,343,115,v020
2MAZY,0,96,96,v012
C0207,0,875,875,v008
C0207,0,875,875,v018
U5M7E,276,400,124,v016
U5M7E,391,549,158,v007
U5M7E,391,583,192,v001
U5M7E,0,396,396,v014
U5M7E,0,393,393,v008
U5M7E,388,528,140,v029
U5M7E,264,388,124,v025
01K8X,0,170,170,v008
01K8X,506,612,106,v008
01K8X,662,743,81,v012
01K8X,129,556,427,v016
01K8X,460,631,171,v004
01K8X,0,460,460,v030
01K8X,652,743,91,v029
HSH5R,208,379,171,v022
HSH5R,0,324,324,v032
HSH5R,0,314,314,v032
HSH5R,0,312,312,v018
HSH5R,326,422,96,v026
HSH5R,0,96,96,v018
HSH5R,278,393,115,v008
HSH5R,398,504,106,v030
6TV29,43,405,362,v008
6TV29,136,609,473,v016
6TV29,285,696,411,v003
6TV29,324,513,189,v016
6TV29,576,957,381,v012
6TV29,876,969,93,v029
6TV29,890,969,79,v001
6TV29,828,969,141,v007
6TV29,0,969,969,v030
MTUR3,283,739,456,v010
MTUR3,739,1183,444,v019
MTUR3,643,876,233,v021
MTUR3,141,444,303,v018
MTUR3,69,314,245,v029
MTUR3,720,1183,463,v009
MTUR3,259,1183,924,v010
YD26T,67,513,446,v008
YD26T,134,271,137,v020
BNSQN,146,420,274,v023
BNSQN,391,660,269,v029
CVH2Y,0,304,304,v003
CVH2Y,0,510,510,v008
CVH2Y,0,510,510,v018
CVH2Y,0,108,108,v008
KSIYE,0,624,624,v008
KSIYE,0,609,609,v026
KSIYE,559,642,83,v010
NSHA7,386,662,276,v012
NSHA7,271,484,213,v023
NSHA7,376,753,377,v031
NSHA7,336,753,417,v008
NSHA7,336,753,417,v023
NSHA7,0,417,417,v026
NSHA7,360,753,393,v008
4YAR6,0,839,839,v018
4YAR6,0,839,839,v008
4YAR6,0,839,839,v031
4YAR6,0,839,839,v008
HXLVN,571,724,153,v018
HXLVN,211,355,144,v022
STG2D,115,333,218,v008
STG2D,160,290,130,v001
STG2D,0,132,132,v012
STG2D,0,290,290,v012
STG2D,9,136,127,v012
OM2NF,0,127,127,v008
OM2NF,0,645,645,v018
OM2NF,141,259,118,v016
OM2NF,52,211,159,v004
OM2NF,549,712,163,v023
OM2NF,9,242,233,v008
OM2NF,0,844,844,v018
OM2NF,304,518,214,v008
OM2NF,739,876,137,v022
OM2NF,818,1056,238,v002
OM2NF,568,835,267,v003
OM2NF,444,628,184,v026
OM2NF,0,619,619,v008
OM2NF,559,818,259,v003
OM2NF,168,624,456,v032
OM2NF,21,122,101,v008
CW4AU,324,460,136,v008
CW4AU,0,669,669,v018
CW4AU,578,715,137,v022
CW4AU,444,669,225,v003
CW4AU,619,834,215,v017
CW4AU,408,686,278,v016
CW4AU,194,314,120,v000
CW4AU,0,86,86,v018
OCVY4,122,381,259,v002
OCVY4,31,177,146,v012
OCVY4,0,117,117,v016
OCVY4,93,240,147,v016
OCVY4,26,194,168,v023
OCVY4,0,132,132,v008
OCVY4,446,832,386,v026
OCVY4,520,832,312,v016
OCVY4,513,832,319,v023
OCVY4,213,472,259,v016
OCVY4,100,256,156,v008
O6FSN,0,115,115,v012
O6FSN,396,638,242,v008
O6FSN,398,648,250,v023
O6FSN,391,588,197,v023
O6FSN,364,672,308,v008
O6FSN,0,144,144,v012
O6FSN,448,583,135,v001
O6FSN,364,552,188,v023
DLCH0,62,1165,1103,v006
DLCH0,0,105,105,v012
DLCH0,0,129,129,v012
DLCH0,0,93,93,v007
FEKJQ,0,127,127,v031
FEKJQ,518,712,194,v008
FEKJQ,31,355,324,v020
FEKJQ,422,712,290,v023
TW12W,0,451,451,v018
TW12W,100,415,315,v005
TW12W,470,614,144,v031
TW12W,379,597,218,v008
TW12W,352,619,267,v025
TW12W,530,686,156,v008
TW12W,556,736,180,v025
TW12W,556,736,180,v025
TW12W,693,742,49,v008
TW12W,691,742,51,v008
TW12W,693,742,49,v016
TW12W,528,742,214,v025
TW12W,535,742,207,v016
TW12W,530,664,134,v023
KXAIZ,194,343,149,v012
KXAIZ,256,1036,780,v026
KXAIZ,9,136,127,v029
KXAIZ,444,624,180,v016
KXAIZ,216,1036,820,v023
KXAIZ,264,1036,772,v026
KXAIZ,542,691,149,v008
KXAIZ,434,556,122,v016
869NM,117,554,437,v026
869NM,0,554,554,v018
869NM,24,247,223,v012
869NM,98,307,209,v023
869NM,72,328,256,v023
869NM,72,336,264,v023
TQ9GQ,626,782,156,v016
TQ9GQ,189,840,651,v016
TQ9GQ,696,852,156,v001
TQ9GQ,477,662,185,v016
16WZF,158,400,242,v006
16WZF,0,187,187,v008
16WZF,67,204,137,v016
16WZF,144,400,256,v031
16WZF,0,160,160,v020
F3ULU,369,525,156,v016
F3ULU,304,501,197,v016
F3ULU,36,204,168,v029
F3ULU,379,511,132,v016
F3ULU,12,506,494,v023
RUMS5,518,669,151,v001
RUMS5,0,132,132,v012
RUMS5,122,276,154,v027
RUMS5,583,710,127,v017
RUMS5,583,700,117,v009
RUMS5,14,636,622,v023
RUMS5,504,662,158,v001
RUMS5,0,117,117,v012
RUMS5,290,556,266,v014
RUMS5,216,386,170,v008
RUMS5,105,266,161,v008
WSS3R,252,403,151,v008
WSS3R,307,552,245,v003
WSS3R,398,878,480,v003
IUGG8,511,941,430,v008
IUGG8,31,204,173,v015
IUGG8,412,650,238,v023
IUGG8,417,602,185,v012
IUGG8,127,312,185,v004
H31ZH,0,927,927,v021
H31ZH,0,927,927,v021
H31ZH,0,927,927,v010
LB4AR,81,213,132,v008
LB4AR,230,400,170,v012
LB4AR,0,108,108,v025
LB4AR,0,72,72,v023
LB4AR,0,72,72,v028
LB4AR,518,660,142,v016
LB4AR,451,576,125,v023
LB4AR,0,98,98,v025
LB4AR,439,583,144,v001
S0Z00,96,216,120,v008
S0Z00,384,480,96,v001
S0Z00,360,456,96,v012
S0Z00,105,218,113,v016
S0Z00,84,350,266,v008
S0Z00,489,728,239,v009
S0Z00,362,480,118,v001
S0Z00,141,268,127,v031
S0Z00,439,571,132,v020
S0Z00,232,360,128,v016
S0Z00,679,728,49,v016
S0Z00,679,728,49,v008
S0Z00,679,728,49,v012
S0Z00,679,728,49,v019
QU8YS,156,506,350,v004
QU8YS,0,506,506,v018
QU8YS,0,506,506,v031
QU8YS,0,506,506,v008
QU8YS,0,506,506,v018
QU8YS,0,506,506,v008
KU656,0,163,163,v010
KU656,189,307,118,v023
KU656,0,175,175,v000
KU656,81,271,190,v022
KU656,175,316,141,v026
KU656,189,523,334,v008
KU656,360,506,146,v029
KU656,338,516,178,v007
KU656,208,526,318,v023
KU656,0,254,254,v000
N6R39,105,764,659,v008
N6R39,132,242,110,v023
N6R39,0,764,764,v018
N6R39,504,648,144,v001
N6R39,48,764,716,v016
N6R39,600,696,96,v025
N6R39,0,764,764,v018
H4YTC,4,693,689,v026
H4YTC,2,693,691,v026
H4YTC,655,789,134,v027
H4YTC,717,827,110,v029
VOX2S,410,559,149,v001
VOX2S,405,624,219,v008
VOX2S,319,465,146,v012
VOX2S,122,244,122,v029
VOX2S,352,643,291,v023
Z9IF5,12,180,168,v018
Z9IF5,168,338,170,v022
Z9IF5,0,709,709,v008
7EBTI,168,698,530,v005
7EBTI,446,708,262,v016
7EBTI,168,612,444,v005
7EBTI,175,616,441,v008
7EBTI,460,645,185,v023
7EBTI,439,708,269,v016
7EBTI,612,742,130,v029
7EBTI,177,679,502,v008
7EBTI,100,225,125,v023
7EBTI,177,679,502,v008
7EBTI,588,698,110,v023
7EBTI,588,698,110,v016
7EBTI,86,252,166,v022
7EBTI,112,271,159,v016
LVLVR,64,194,130,v008
LVLVR,98,252,154,v012
LVLVR,357,604,247,v005
LVLVR,0,786,786,v018
AZXRK,115,393,278,v015
AZXRK,40,196,156,v018
AZXRK,0,735,735,v018
AZXRK,0,735,735,v018
AZXRK,208,340,132,v001
AZXRK,0,348,348,v031
AZXRK,26,735,709,v008
AZXRK,19,735,716,v008
AFY37,14,158,144,v025
AFY37,91,273,182,v004
AFY37,172,367,195,v004
AFY37,0,144,144,v008
HDMN4,415,571,156,v026
HDMN4,0,175,175,v004
HDMN4,338,463,125,v016
HDMN4,158,393,235,v028
HDMN4,501,728,227,v010
HDMN4,115,230,115,v016
HDMN4,403,564,161,v016
HDMN4,396,513,117,v023
HDMN4,475,592,117,v018
HDMN4,91,232,141,v016
IM4UD,26,735,709,v016
IM4UD,0,103,103,v012
IM4UD,0,199,199,v028
IM4UD,103,735,632,v028
SL401,0,105,105,v016
SL401,0,81,81,v029
SL401,50,105,55,v008
SL401,50,105,55,v023
WI6NB,108,480,372,v004
WI6NB,321,626,305,v005
WI6NB,758,993,235,v030
WI6NB,391,561,170,v019
WI6NB,86,892,806,v008
VQOBM,129,362,233,v008
VQOBM,235,393,158,v016
VQOBM,74,321,247,v023
VQOBM,7,168,161,v012
VQOBM,7,168,161,v012
F1DQD,261,767,506,v019
F1DQD,264,767,503,v031
F1DQD,0,767,767,v019
F1DQD,0,767,767,v018
F1DQD,249,767,518,v008
F1DQD,230,410,180,v023
F1DQD,0,767,767,v018
F1DQD,0,767,767,v009
F1DQD,254,767,513,v008
F1DQD,283,396,113,v012
DWU60,580,709,129,v030
DWU60,196,345,149,v018
DWU60,187,300,113,v016
DWU60,573,679,106,v023
DWU60,160,403,243,v018
DWU60,187,709,522,v026
DWU60,0,285,285,v030
DWU60,172,709,537,v026
DWU60,0,709,709,v008
FET0V,60,867,807,v008
FET0V,103,794,691,v004
FET0V,108,867,759,v008
FET0V,43,867,824,v008
FET0V,139,867,728,v031
FET0V,252,867,615,v009
FET0V,264,867,603,v019
BBZKE,0,829,829,v008
BBZKE,616,829,213,v019
BBZKE,0,829,829,v008
36EK5,172,764,592,v031
36EK5,16,254,238,v029
36EK5,196,764,568,v006
36EK5,100,242,142,v020
YKD6U,285,508,223,v018
YKD6U,439,801,362,v018
YKD6U,180,297,117,v025
YKD6U,276,420,144,v018
YKD6U,715,844,129,v022
YKD6U,218,355,137,v023
YKD6U,0,338,338,v029
YKD6U,180,446,266,v008
YKD6U,307,823,516,v005
YKD6U,43,340,297,v012
YKD6U,0,91,91,v007
YKD6U,52,158,106,v016
77HDM,288,391,103,v027
77HDM,0,348,348,v008
77HDM,252,357,105,v025
77HDM,295,415,120,v029
GKVBS,0,840,840,v006
GKVBS,0,444,444,v008
GKVBS,758,902,144,v016
GKVBS,811,955,144,v009
GKVBS,0,100,100,v018
ZISOA,0,194,194,v008
ZISOA,151,292,141,v027
XMANZ,0,755,755,v032
XMANZ,0,755,755,v018
XMANZ,204,566,362,v019
XMANZ,0,755,755,v008
HUOZ0,268,867,599,v008
HUOZ0,295,477,182,v012
HUOZ0,300,746,446,v031
HUOZ0,278,460,182,v023
HUOZ0,472,804,332,v019
HUOZ0,81,230,149,v016
D444N,112,355,243,v016
D444N,391,714,323,v008
D444N,264,458,194,v009
D444N,0,244,244,v018
D444N,192,714,522,v014
D444N,345,499,154,v019
9JHH9,595,689,94,v001
9JHH9,0,689,689,v008
9JHH9,0,689,689,v014
QODUB,648,786,138,v001
QODUB,0,744,744,v031
QODUB,0,736,736,v013
QODUB,0,741,741,v008
QODUB,0,732,732,v014
U3T5A,448,621,173,v008
U3T5A,21,196,175,v023
U3T5A,201,391,190,v015
U3T5A,48,225,177,v023
U3T5A,79,228,149,v012
U3T5A,540,667,127,v016
U3T5A,398,535,137,v004
U3T5A,439,571,132,v016
U3T5A,540,669,129,v023
U3T5A,24,182,158,v016
U3T5A,24,168,144,v016
P73KX,31,225,194,v028
P73KX,252,489,237,v018
P73KX,256,391,135,v018
P73KX,247,391,144,v018
P73KX,136,285,149,v026
PGGRZ,0,112,112,v008
PGGRZ,0,103,103,v023
PGGRZ,9,132,123,v025
PGGRZ,115,300,185,v021
PGGRZ,0,300,300,v018
PGGRZ,4,151,147,v025
PGGRZ,115,300,185,v021
PGGRZ,74,206,132,v023
PGGRZ,110,300,190,v008
IUOC0,408,684,276,v018
IUOC0,266,400,134,v001
IUOC0,532,684,152,v005
IUOC0,398,684,286,v018
IUOC0,122,360,238,v017
IUOC0,369,684,315,v018
IUOC0,153,590,437,v008
IUOC0,508,684,176,v005
T9V1I,21,454,433,v008
T9V1I,194,444,250,v030
T9V1I,199,321,122,v008
T9V1I,393,454,61,v014
9L71W,252,684,432,v008
9L71W,724,772,48,v031
9L71W,724,772,48,v009
9L71W,724,772,48,v019
9L71W,724,772,48,v016
EO9UA,412,769,357,v026
EO9UA,0,444,444,v026
EO9UA,0,444,444,v030
EO9UA,0,314,314,v026
EN3QY,487,772,285,v031
EN3QY,0,590,590,v008
EN3QY,0,669,669,v026
YV874,33,223,190,v020
YV874,314,456,142,v018
YV874,340,727,387,v018
XI9LI,160,523,363,v009
XI9LI,103,556,453,v031
XI9LI,460,631,171,v012
XI9LI,122,684,562,v019
XI9LI,470,631,161,v012
XI9LI,679,758,79,v023
XI9LI,163,340,177,v009
VYW49,432,749,317,v018
VYW49,0,528,528,v026
VYW49,504,660,156,v018
VYW49,0,528,528,v026
VYW49,700,749,49,v018
LKKQQ,0,465,465,v032
LKKQQ,396,520,124,v025
LKKQQ,487,565,78,v022
LKKQQ,38,333,295,v019
LKKQQ,398,565,167,v026
LKKQQ,0,463,463,v008
RXNW7,0,651,651,v008
RXNW7,220,566,346,v032
FXIVQ,129,518,389,v004
FXIVQ,494,559,65,v016
FXIVQ,0,559,559,v008
FXIVQ,487,559,72,v016
FXIVQ,124,508,384,v008
FXIVQ,31,223,192,v023
FXIVQ,7,180,173,v012
FXIVQ,379,559,180,v016
FXIVQ,139,427,288,v008
FXIVQ,192,559,367,v023
FXIVQ,120,352,232,v022
FXIVQ,501,559,58,v016
FXIVQ,0,559,559,v008
GSIYV,0,427,427,v008
GSIYV,600,731,131,v023
GSIYV,508,698,190,v016
GSIYV,148,290,142,v016
GSIYV,362,518,156,v008
GSIYV,350,518,168,v023
GSIYV,194,434,240,v026
GSIYV,0,266,266,v026
B8WPE,657,788,131,v023
B8WPE,295,487,192,v008
B8WPE,302,458,156,v016
B8WPE,67,446,379,v026
B8WPE,636,788,152,v008
TK76G,297,375,78,v005
TK76G,259,375,116,v016
TK76G,0,333,333,v030
TK76G,0,340,340,v008
TK76G,0,199,199,v023
TK76G,0,375,375,v026
AI6KJ,124,295,171,v016
AI6KJ,120,295,175,v016
AI6KJ,278,441,163,v001
AI6KJ,0,314,314,v008
AI6KJ,136,314,178,v025
AI6KJ,240,376,136,v007
AI6KJ,19,177,158,v029
SMRL1,0,760,760,v026
SMRL1,0,760,760,v022
KOF86,588,758,170,v005
KOF86,64,576,512,v028
KOF86,559,940,381,v031
KOF86,134,283,149,v025
KOF86,530,940,410,v008
KOF86,607,792,185,v005
EU10X,429,544,115,v004
EU10X,240,713,473,v008
EU10X,237,713,476,v014
EU10X,100,328,228,v031
EU10X,0,196,196,v005
EU10X,211,333,122,v016
EU10X,0,713,713,v018
EU10X,0,713,713,v018
EU10X,0,336,336,v008
EU10X,211,336,125,v016
MERBU,477,755,278,v008
MERBU,0,451,451,v017
MERBU,499,755,256,v005
MERBU,424,547,123,v018
MERBU,472,755,283,v008
MERBU,151,283,132,v029
MERBU,216,547,331,v019
NJ8KM,0,403,403,v031
NJ8KM,420,526,106,v023
29E4A,408,871,463,v003
29E4A,67,477,410,v003
8817I,156,540,384,v008
8817I,21,216,195,v028
8817I,2,216,214,v023
8817I,117,237,120,v025
8817I,199,525,326,v013
8817I,52,635,583,v023
8817I,168,537,369,v016
8817I,88,216,128,v023
8817I,168,535,367,v014
KNN3G,0,309,309,v016
KNN3G,436,726,290,v004
KNN3G,292,508,216,v016
KNN3G,0,448,448,v023
KNN3G,2,528,526,v016
KNN3G,2,549,547,v026
KNN3G,427,590,163,v018
KNN3G,381,614,233,v016
KNN3G,84,350,266,v016
KNN3G,432,726,294,v018
KNN3G,537,726,189,v023
KNN3G,544,726,182,v005
KNN3G,256,528,272,v015
KNN3G,532,726,194,v005
KNN3G,525,726,201,v008
KNN3G,518,726,208,v023
KNN3G,326,513,187,v008
2GF6R,256,372,116,v008
2GF6R,84,316,232,v000
2GF6R,151,388,237,v005
2GF6R,67,208,141,v031
2GF6R,103,518,415,v005
2GF6R,0,100,100,v023
2GF6R,21,196,175,v022
2GF6R,0,60,60,v010
2GF6R,16,518,502,v008
OEYA3,0,268,268,v018
OEYA3,0,79,79,v018
OEYA3,307,714,407,v026
OEYA3,165,312,147,v022
OEYA3,300,714,414,v026
RY8ZS,0,362,362,v030
RY8ZS,264,463,199,v019
RY8ZS,0,564,564,v001
RY8ZS,0,244,244,v016
RY8ZS,21,276,255,v025
7UPGT,384,532,148,v009
7UPGT,384,532,148,v019
7UPGT,360,480,120,v001
7UPGT,336,552,216,v008
7UPGT,0,120,120,v012
7UPGT,333,472,139,v023
7UPGT,340,558,218,v008
7UPGT,120,268,148,v023
F1C8I,148,319,171,v016
F1C8I,0,302,302,v008
F1C8I,2,722,720,v031
F1C8I,583,708,125,v023
KA8IR,100,343,243,v016
KA8IR,460,710,250,v008
KA8IR,266,626,360,v023
KA8IR,218,518,300,v023
KA8IR,0,201,201,v028
KA8IR,472,710,238,v016
KA8IR,170,292,122,v022
KA8IR,252,710,458,v008
KA8IR,472,710,238,v008
KA8IR,266,710,444,v016
4WUNC,136,340,204,v001
4WUNC,434,686,252,v023
4WUNC,561,904,343,v008
4WUNC,561,734,173,v023
4WUNC,0,160,160,v012
4WUNC,213,381,168,v016
4WUNC,621,904,283,v005
4WUNC,182,355,173,v016
4WUNC,648,904,256,v005
4WUNC,192,904,712,v016
4WUNC,192,720,528,v008
4WUNC,168,904,736,v016
4WUNC,72,648,576,v023
4WUNC,792,904,112,v009
XXX1O,0,129,129,v012
XXX1O,333,480,147,v015
XXX1O,72,314,242,v005
XXX1O,518,662,144,v018
XXX1O,0,139,139,v023
XXX1O,532,731,199,v018
XXX1O,264,376,112,v022
XXX1O,0,352,352,v018
XXX1O,0,355,355,v018
MOWLI,69,175,106,v007
MOWLI,69,271,202,v012
MOWLI,96,259,163,v029
MOWLI,460,590,130,v023
MOWLI,463,706,243,v008
4UR1F,0,73,73,v008
4UR1F,0,73,73,v020
Y3KJW,0,674,674,v008
Y3KJW,0,674,674,v026
Y3KJW,0,674,674,v008
Y3KJW,0,674,674,v026
DS5J7,0,597,597,v031
DS5J7,415,597,182,v019
DS5J7,0,597,597,v018
RP64Z,0,412,412,v008
RP64Z,0,410,410,v026
RP64Z,364,484,120,v029
RP64Z,0,350,350,v026
RP64Z,0,199,199,v009
OCYT9,165,379,214,v001
OCYT9,2,364,362,v008
OCYT9,393,736,343,v016
OCYT9,0,345,345,v031
OCYT9,537,655,118,v023
OCYT9,326,508,182,v029
OCYT9,0,386,386,v014
OCYT9,537,736,199,v008
9V66G,134,374,240,v016
9V66G,453,849,396,v008
9V66G,492,849,357,v031
9V66G,19,295,276,v023
9V66G,112,312,200,v012
9V66G,7,400,393,v023
9V66G,292,412,120,v001
9V66G,19,278,259,v008
9V66G,19,278,259,v016
9V66G,547,820,273,v004
SM5WL,0,158,158,v008
SM5WL,72,745,673,v032
SM5WL,0,225,225,v000
SM5WL,0,745,745,v018
SM5WL,115,745,630,v018
SM5WL,0,199,199,v010
SM5WL,0,192,192,v008
SM5WL,148,410,262,v026
EFX3U,254,393,139,v001
EFX3U,0,468,468,v008
EFX3U,0,412,412,v031
EFX3U,429,734,305,v005
EFX3U,436,734,298,v005
EFX3U,427,734,307,v008
EFX3U,312,508,196,v016
MGBLJ,266,568,302,v004
MGBLJ,532,749,217,v031
MGBLJ,24,268,244,v018
MGBLJ,0,235,235,v022
MGBLJ,151,614,463,v018
3IRHH,513,691,178,v012
3IRHH,590,732,142,v016
3IRHH,0,789,789,v002
3IRHH,16,175,159,v023
3IRHH,350,511,161,v016
3IRHH,715,868,153,v029
3IRHH,0,160,160,v008
6E6GF,100,242,142,v027
6E6GF,662,1082,420,v016
6E6GF,122,616,494,v002
YLGF5,194,352,158,v028
YLGF5,0,160,160,v008
YLGF5,52,170,118,v025
YLGF5,96,211,115,v023
YLGF5,182,304,122,v025
YLGF5,112,413,301,v008
YLGF5,50,196,146,v016
YLGF5,127,413,286,v019
YLGF5,192,362,170,v028
YLGF5,52,184,132,v016
XDS14,0,230,230,v001
XDS14,986,1142,156,v008
XDS14,0,204,204,v023
XDS14,0,163,163,v012
XDS14,1046,1352,306,v030
XDS14,156,1352,1196,v005
XDS14,120,1352,1232,v008
XDS14,0,1068,1068,v002
XDS14,0,1352,1352,v008
XDS14,0,1352,1352,v023
4ZY8C,499,657,158,v025
4ZY8C,319,480,161,v016
4ZY8C,487,614,127,v001
4ZY8C,580,734,154,v012
4ZY8C,16,163,147,v004
4ZY8C,602,746,144,v016
4ZY8C,384,501,117,v023
4ZY8C,424,542,118,v012
4ZY8C,448,568,120,v031
4ZY8C,384,771,387,v008
4ZY8C,0,468,468,v016
4ZY8C,0,453,453,v008
QDOXA,549,709,160,v020
QDOXA,187,374,187,v028
QDOXA,256,388,132,v025
QDOXA,242,360,118,v016
QDOXA,460,709,249,v008
QDOXA,216,338,122,v008
G3K6P,0,292,292,v004
G3K6P,196,732,536,v030
G3K6P,0,732,732,v031
G3K6P,0,110,110,v023
G3K6P,307,424,117,v023
G3K6P,0,732,732,v008
G3K6P,312,604,292,v008
G3K6P,0,732,732,v008
XVBTO,0,475,475,v003
XVBTO,0,487,487,v016
VYNEU,0,180,180,v029
VYNEU,0,759,759,v021
VYNEU,247,759,512,v004
VYNEU,168,360,192,v018
VYNEU,172,759,587,v018
SNU9T,266,751,485,v008
SNU9T,0,566,566,v008
SNU9T,0,254,254,v008
SNU9T,360,751,391,v004
SNU9T,256,708,452,v005
SXI64,0,774,774,v031
SXI64,134,324,190,v028
SXI64,0,237,237,v006
SXI64,199,362,163,v016
SXI64,228,362,134,v025
SXI64,288,774,486,v003
SXI64,254,403,149,v023
SXI64,187,338,151,v008
5EDX4,376,609,233,v001
5EDX4,508,758,250,v001
5EDX4,429,662,233,v022
5EDX4,528,715,187,v022
5EDX4,631,758,127,v016
5EDX4,0,748,748,v014
5EDX4,631,758,127,v012
5EDX4,0,703,703,v018
5EDX4,0,624,624,v031
5EDX4,0,631,631,v032
7SXQS,24,168,144,v001
7SXQS,436,746,310,v021
7SXQS,0,554,554,v018
7SXQS,458,746,288,v018
7SXQS,362,480,118,v008
7SXQS,264,420,156,v023
7SXQS,0,103,103,v022
7SXQS,0,60,60,v031
7SXQS,0,86,86,v018
914NC,0,368,368,v023
914NC,0,368,368,v008
3ZUVI,189,316,127,v001
3ZUVI,148,276,128,v012
3ZUVI,0,177,177,v008
3ZUVI,24,163,139,v012
3ZUVI,0,134,134,v008
3ZUVI,0,134,134,v016
3ZUVI,0,81,81,v023
3ZUVI,67,175,108,v025
3ZUVI,67,182,115,v025
3ZUVI,67,182,115,v016
9FH1E,76,744,668,v006
9FH1E,0,787,787,v011
9FH1E,160,336,176,v012
9FH1E,14,115,101,v023
9FH1E,67,288,221,v012
9FH1E,0,96,96,v016
9FH1E,0,96,96,v008
9FH1E,504,619,115,v023
9FH1E,302,410,108,v016
9FH1E,475,583,108,v016
9FH1E,235,372,137,v023
QK5KC,0,741,741,v018
QK5KC,204,530,326,v009
QK5KC,264,547,283,v008
QK5KC,266,537,271,v031
QK5KC,0,741,741,v018
QK5KC,297,532,235,v019
QK5KC,7,129,122,v012
QK5KC,588,741,153,v031
QK5KC,604,741,137,v001
QK5KC,0,88,88,v023
1IYEW,0,738,738,v021
1IYEW,0,738,738,v018
1IYEW,0,738,738,v031
1IYEW,0,738,738,v008
D2T7Z,0,115,115,v031
D2T7Z,165,513,348,v023
D2T7Z,122,396,274,v010
D2T7Z,444,732,288,v022
D2T7Z,285,446,161,v001
D2T7Z,33,211,178,v012
D2T7Z,403,576,173,v025
D2T7Z,396,583,187,v025
D2T7Z,0,91,91,v018
D2T7Z,0,624,624,v008
YVOM4,218,439,221,v017
YVOM4,0,674,674,v026
YVOM4,216,328,112,v029
Y716N,374,580,206,v008
Y716N,0,376,376,v010
Y716N,494,709,215,v018
MWAGL,400,525,125,v001
MWAGL,369,516,147,v023
MWAGL,216,381,165,v012
MWAGL,220,520,300,v012
MWAGL,0,146,146,v010
MWAGL,91,261,170,v022
MWAGL,379,969,590,v008
MWAGL,508,724,216,v023
MWAGL,554,700,146,v016
MWAGL,0,136,136,v000
MWAGL,355,511,156,v023
MWAGL,355,660,305,v008
MWAGL,355,660,305,v012
MWAGL,355,660,305,v016
ZZXQF,67,552,485,v031
ZZXQF,0,208,208,v008
ZZXQF,153,352,199,v008
ZZXQF,225,403,178,v005
ZZXQF,228,436,208,v005
AR4S6,9,470,461,v008
AR4S6,0,494,494,v008
AR4S6,542,679,137,v001
AR4S6,501,638,137,v012
GJN99,0,495,495,v018
GJN99,0,495,495,v014
GJN99,0,495,495,v008
GJN99,0,495,495,v031
I0THD,530,736,206,v020
I0THD,501,736,235,v012
I0THD,0,475,475,v026
TWU2U,338,928,590,v016
TWU2U,338,566,228,v016
TWU2U,338,566,228,v023
TWU2U,242,429,187,v012
TWU2U,242,429,187,v012
TWU2U,348,556,208,v008
TWU2U,367,856,489,v008
TWU2U,348,919,571,v023
0RJKT,278,647,369,v008
0RJKT,369,647,278,v008
0RJKT,292,647,355,v018
0RJKT,206,398,192,v018
0RJKT,343,647,304,v014
0RJKT,0,439,439,v028
1UI6I,244,393,149,v008
1UI6I,280,400,120,v031
1UI6I,0,211,211,v003
1UI6I,0,208,208,v012
1UI6I,108,312,204,v001
ET224,290,518,228,v023
ET224,208,1128,920,v010
ET224,223,1113,890,v021
ET224,1156,1296,140,v012
ET224,48,216,168,v018
ET224,1068,1207,139,v022
ET224,1339,1468,129,v025
ET224,48,180,132,v008
ET224,134,283,149,v008
ET224,1082,1317,235,v008
ET224,1317,1435,118,v007
ET224,1207,1346,139,v001
ET224,376,1214,838,v005
ET224,604,782,178,v006
ET224,1142,1317,175,v029
B9F4P,0,763,763,v031
B9F4P,228,434,206,v007
B9F4P,264,415,151,v001
B9F4P,0,763,763,v008
B9F4P,216,360,144,v012
B9F4P,0,763,763,v008
B9F4P,249,364,115,v001
5I4UT,0,908,908,v021
5I4UT,0,908,908,v031
5I4UT,0,908,908,v010
5I4UT,64,194,130,v010
5I4UT,79,256,177,v031
HJH7H,0,288,288,v031
HJH7H,264,384,120,v025
HJH7H,0,616,616,v010
HJH7H,216,336,120,v022
HJH7H,302,580,278,v019
GEAB1,674,763,89,v004
GEAB1,331,736,405,v008
GEAB1,295,441,146,v023
GEAB1,352,717,365,v005
GEAB1,621,751,130,v016
GEAB1,357,732,375,v005
GEAB1,0,763,763,v031
GEAB1,331,456,125,v023
GEAB1,364,693,329,v008
GEAB1,609,736,127,v016
F8PNY,297,451,154,v018
F8PNY,0,254,254,v001
F8PNY,204,448,244,v018
F8PNY,679,727,48,v018
L5842,127,331,204,v008
L5842,194,427,233,v016
L5842,436,631,195,v005
L5842,592,757,165,v009
L5842,271,465,194,v019
L5842,429,590,161,v019
L5842,424,612,188,v023
H3LUW,525,851,326,v004
H3LUW,79,851,772,v018
H3LUW,88,851,763,v018
H3LUW,50,295,245,v018
H3LUW,487,851,364,v019
H3LUW,508,851,343,v008
H3LUW,93,851,758,v008
H3LUW,751,851,100,v016
H3LUW,266,412,146,v016
H3LUW,96,600,504,v005
H3LUW,504,840,336,v023
H3LUW,2,175,173,v008
H3LUW,12,192,180,v023
H3LUW,93,256,163,v005
H3LUW,619,851,232,v016
WJ6JM,100,680,580,v008
WJ6JM,0,103,103,v022
WJ6JM,316,680,364,v019
WJ6JM,316,680,364,v019
DPJH4,172,345,173,v001
DPJH4,124,304,180,v012
DPJH4,355,525,170,v023
DPJH4,276,424,148,v020
DPJH4,0,108,108,v029
DPJH4,352,607,255,v008
NCRCW,148,547,399,v021
NCRCW,48,211,163,v018
NCRCW,127,244,117,v023
NCRCW,465,604,139,v022
NCRCW,160,554,394,v021
NCRCW,88,559,471,v018
NCRCW,463,597,134,v016
MPBM1,208,720,512,v008
MPBM1,268,638,370,v005
MPBM1,237,720,483,v005
MPBM1,187,391,204,v018
MPBM1,0,105,105,v029
OLSMC,0,115,115,v031
OLSMC,31,204,173,v008
OLSMC,0,98,98,v020
OLSMC,67,204,137,v016
OLSMC,148,204,56,v025
5MDL5,0,139,139,v016
5MDL5,110,436,326,v020
5MDL5,0,156,156,v008
ERC0T,307,636,329,v006
ERC0T,0,758,758,v008
ERC0T,273,758,485,v022
ERC0T,0,376,376,v018
ERC0T,547,676,129,v018
ONT61,120,432,312,v016
ONT61,127,432,305,v016
ONT61,405,554,149,v031
ONT61,424,664,240,v026
ONT61,508,633,125,v006
ONT61,0,513,513,v008
ONT61,48,501,453,v026
47DR8,0,754,754,v008
47DR8,0,96,96,v026
47DR8,237,648,411,v026
47DR8,0,754,754,v019
3RN5M,273,422,149,v025
3RN5M,0,336,336,v008
3RN5M,271,405,134,v023
3RN5M,300,422,122,v025
3RN5M,0,91,91,v029
08F85,511,717,206,v008
08F85,24,362,338,v012
08F85,607,717,110,v016
08F85,266,592,326,v012
08F85,182,412,230,v016
08F85,345,556,211,v005
WLE0F,55,632,577,v008
WLE0F,79,220,141,v012
WLE0F,55,632,577,v023
WLE0F,372,597,225,v017
WLE0F,48,170,122,v029
OVYAC,139,662,523,v008
OVYAC,170,331,161,v012
OVYAC,16,172,156,v008
OVYAC,72,196,124,v016
OVYAC,237,566,329,v023
OVYAC,31,204,173,v025
OVYAC,21,151,130,v022
7L0TN,292,758,466,v008
7L0TN,0,756,756,v008
7L0TN,16,753,737,v031
7L0TN,259,434,175,v023
7L0TN,0,146,146,v012
7L0TN,0,225,225,v029
7L0TN,247,472,225,v026
IFFPZ,0,427,427,v010
IFFPZ,0,127,127,v021
IFFPZ,48,196,148,v000
IFFPZ,292,513,221,v025
IFFPZ,57,581,524,v000
J6WE2,657,801,144,v008
J6WE2,693,837,144,v025
J6WE2,52,304,252,v012
J6WE2,0,84,84,v029
J6WE2,549,732,183,v016
J6WE2,156,720,564,v008
J6WE2,192,374,182,v023
DIB6D,0,436,436,v013
DIB6D,0,480,480,v014
DIB6D,453,585,132,v004
DIB6D,220,434,214,v019
DIB6D,0,434,434,v019
DIB6D,0,728,728,v031
DIB6D,381,516,135,v023
DIB6D,660,728,68,v016
DIB6D,0,472,472,v008
DIB6D,340,480,140,v016
DIB6D,679,728,49,v019
DIB6D,679,728,49,v031
UCOGP,26,744,718,v008
UCOGP,319,744,425,v018
UCOGP,302,482,180,v018
5GITI,26,172,146,v016
5GITI,189,434,245,v008
5GITI,408,580,172,v016
5GITI,60,771,711,v005
5GITI,0,146,146,v008
5GITI,91,343,252,v023
5GITI,21,153,132,v016
YWO77,237,350,113,v016
YWO77,7,146,139,v029
YWO77,91,394,303,v008
KVYBY,38,319,281,v005
KVYBY,235,391,156,v020
KVYBY,21,158,137,v023
KVYBY,40,400,360,v008
8B9CX,0,362,362,v004
8B9CX,0,446,446,v008
8B9CX,0,410,410,v018
BALXZ,201,367,166,v001
BALXZ,38,264,226,v008
BALXZ,38,266,228,v005
BALXZ,151,288,137,v007
BALXZ,168,312,144,v012
BALXZ,0,336,336,v008
BALXZ,0,96,96,v017
BALXZ,48,240,192,v005
BALXZ,153,352,199,v029
BALXZ,12,160,148,v023
2DPW0,148,412,264,v004
2DPW0,0,153,153,v008
2DPW0,0,192,192,v016
2DPW0,0,201,201,v016
2DPW0,103,506,403,v008
2DPW0,43,182,139,v016
2DPW0,86,218,132,v023
ICPRQ,0,580,580,v032
ICPRQ,0,735,735,v014
ICPRQ,0,735,735,v018
FJM2Y,252,400,148,v008
FJM2Y,261,580,319,v016
FJM2Y,484,715,231,v023
FJM2Y,204,333,129,v019
FJM2Y,0,175,175,v008
FJM2Y,0,391,391,v016
FJM2Y,597,728,131,v008
FJM2Y,624,728,104,v031
FJM2Y,182,340,158,v012
FJM2Y,254,405,151,v016
FJM2Y,381,547,166,v008
ETT15,0,180,180,v018
ETT15,201,613,412,v026
ETT15,72,352,280,v008
ETT15,136,297,161,v022
ETT15,0,223,223,v018
ETT15,91,211,120,v001
2C2AI,0,194,194,v031
2C2AI,350,737,387,v031
2C2AI,156,324,168,v020
2C2AI,110,259,149,v022
2C2AI,232,737,505,v003
SHMU7,24,168,144,v016
SHMU7,96,743,647,v018
SHMU7,24,743,719,v016
SHMU7,384,743,359,v005
SHMU7,168,372,204,v023
SHMU7,168,422,254,v012
SHMU7,28,144,116,v016
SHMU7,0,117,117,v008
SHMU7,112,244,132,v018
SHMU7,153,743,590,v018
SHMU7,103,456,353,v019
0ACZ8,0,244,244,v019
0ACZ8,0,96,96,v019
0ACZ8,0,549,549,v031
0ACZ8,532,748,216,v008
HOLED,0,740,740,v018
HOLED,0,740,740,v018
HOLED,223,676,453,v004
HOLED,201,312,111,v016
HOLED,45,192,147,v015
HOLED,0,297,297,v008
HOLED,40,319,279,v019
HOLED,0,84,84,v023
4MFE0,9,206,197,v008
4MFE0,156,465,309,v012
4MFE0,280,501,221,v031
4MFE0,9,146,137,v005
4MFE0,331,576,245,v008
4MFE0,475,652,177,v023
4MFE0,0,585,585,v008
4MFE0,312,672,360,v023
4MFE0,480,672,192,v029
D8BTU,100,247,147,v008
D8BTU,148,261,113,v016
D8BTU,261,532,271,v026
D8BTU,163,544,381,v018
D8BTU,444,552,108,v022
D8BTU,129,300,171,v012
D8BTU,86,225,139,v018
D8BTU,252,496,244,v026
NSV0N,21,194,173,v018
NSV0N,48,736,688,v008
NSV0N,48,736,688,v014
NSV0N,50,736,686,v018
622EX,547,727,180,v008
622EX,508,662,154,v023
622EX,609,727,118,v025
622EX,0,626,626,v002
622EX,0,494,494,v031
2YO6G,151,264,113,v001
2YO6G,151,264,113,v001
2YO6G,0,120,120,v012
2YO6G,62,278,216,v023
9JPV3,0,697,697,v024
9JPV3,0,86,86,v001
9JPV3,45,697,652,v028
9JPV3,381,525,144,v016
9JPV3,388,535,147,v008
ELFEW,0,710,710,v008
41CZS,194,324,130,v025
41CZS,276,679,403,v008
41CZS,343,561,218,v012
41CZS,55,376,321,v028
41CZS,300,564,264,v016
41CZS,300,470,170,v023
41CZS,446,568,122,v029
41CZS,211,319,108,v008
41CZS,170,333,163,v025
41CZS,264,470,206,v023
MNXXD,60,799,739,v008
MNXXD,528,674,146,v004
MNXXD,67,794,727,v008
I6H4R,381,487,106,v027
I6H4R,208,348,140,v012
I6H4R,0,103,103,v029
I6H4R,487,600,113,v007
I6H4R,446,624,178,v001
I6H4R,153,278,125,v023
I6H4R,163,590,427,v008
7G6F0,489,652,163,v004
7G6F0,0,535,535,v016
7G6F0,408,542,134,v001
7G6F0,475,600,125,v023
7G6F0,489,737,248,v008
TIY7F,0,321,321,v002
TIY7F,0,146,146,v004
PKRP5,300,468,168,v016
PKRP5,0,756,756,v018
PKRP5,98,756,658,v026
PKRP5,69,256,187,v018
PKRP5,72,264,192,v018
HORZO,115,214,99,v015
HORZO,0,132,132,v012
HORZO,0,148,148,v029
HORZO,36,214,178,v008
OEHJD,0,728,728,v008
OEHJD,0,728,728,v019
OEHJD,0,728,728,v031
OEHJD,0,728,728,v026
OEHJD,0,728,728,v023
OEHJD,0,405,405,v029
XP6CJ,288,959,671,v031
XP6CJ,0,192,192,v018
XP6CJ,28,321,293,v018
XP6CJ,172,345,173,v022
XP6CJ,307,959,652,v014
RIE30,232,400,168,v004
RIE30,184,345,161,v023
RIE30,72,240,168,v009
RIE30,240,408,168,v016
RIE30,72,240,168,v009
RIE30,24,408,384,v008
TZV01,410,624,214,v022
TZV01,410,624,214,v022
TZV01,528,755,227,v008
TZV01,537,679,142,v008
TZV01,645,755,110,v001
TZV01,568,684,116,v008
TZV01,84,237,153,v026
TZV01,91,218,127,v029
7SLK1,0,326,326,v008
7SLK1,312,525,213,v001
7SLK1,0,331,331,v014
7SLK1,326,484,158,v007
297S4,148,636,488,v022
297S4,660,832,172,v001
297S4,1111,1264,153,v012
297S4,914,1108,194,v004
297S4,926,1140,214,v008
297S4,914,1135,221,v016
297S4,888,1173,285,v007
297S4,1039,1200,161,v029
297S4,684,832,148,v001
QNXGG,261,504,243,v008
QNXGG,295,504,209,v015
QNXGG,220,384,164,v008
QNXGG,43,273,230,v028
QNXGG,2,218,216,v016
7FOBX,7,160,153,v016
7FOBX,218,451,233,v028
7FOBX,441,794,353,v008
7FOBX,504,844,340,v028
7FOBX,237,864,627,v026
7FOBX,160,292,132,v025
7FOBX,160,292,132,v016
G9JMG,2,597,595,v008
G9JMG,84,576,492,v031
G9JMG,468,592,124,v022
G9JMG,84,571,487,v018
G9JMG,482,604,122,v016
G9JMG,0,115,115,v023
G9JMG,67,199,132,v018
G9JMG,0,600,600,v008
FT3D7,124,261,137,v008
FT3D7,141,259,118,v022
FT3D7,0,74,74,v018
FT3D7,0,211,211,v005
FT3D7,0,208,208,v005
FT3D7,105,273,168,v008
FT3D7,12,244,232,v019
FT3D7,103,230,127,v009
NAF1C,638,825,187,v009
NAF1C,14,528,514,v031
NAF1C,535,720,185,v022
NAF1C,31,590,559,v018
NAF1C,664,808,144,v009
NAF1C,638,760,122,v031
NAF1C,4,523,519,v014
NAF1C,753,880,127,v012
KP53W,403,590,187,v001
KP53W,244,369,125,v025
KP53W,691,739,48,v025
U4FR1,0,91,91,v012
U4FR1,122,1071,949,v026
U4FR1,122,1071,949,v008
U4FR1,122,1071,949,v026
U4FR1,0,91,91,v007
LGS4C,0,744,744,v008
LGS4C,384,744,360,v014
LGS4C,141,472,331,v031
LGS4C,0,271,271,v017
LGS4C,379,588,209,v001
LGS4C,662,744,82,v009
Z9W47,122,355,233,v008
Z9W47,261,376,115,v025
Z9W47,345,554,209,v019
Z9W47,0,141,141,v012
Z9W47,0,141,141,v012
Z9W47,0,386,386,v016
V34GF,0,460,460,v008
V34GF,405,501,96,v029
V34GF,0,468,468,v004
V34GF,309,489,180,v016
V34GF,307,492,185,v016
V34GF,0,456,456,v008
AFUBV,0,398,398,v004
AFUBV,0,769,769,v008
AFUBV,0,769,769,v008
AFUBV,0,769,769,v008
BV5CC,424,561,137,v023
BV5CC,14,134,120,v012
BV5CC,480,723,243,v008
BV5CC,343,528,185,v001
BV5CC,465,723,258,v005
BV5CC,309,511,202,v001
BV5CC,292,477,185,v016
BV5CC,165,297,132,v023
BV5CC,309,424,115,v016
LM4GS,0,705,705,v018
LM4GS,278,650,372,v008
LM4GS,189,624,435,v031
LM4GS,571,777,206,v000
LM4GS,727,1107,380,v022
LM4GS,0,746,746,v018
LM4GS,748,1107,359,v012
LM4GS,321,700,379,v032
ZP5TG,0,69,69,v008
ZP5TG,0,139,139,v005
ZP5TG,79,256,177,v009
ZP5TG,0,914,914,v018
ZP5TG,0,1020,1020,v008
ZP5TG,0,1020,1020,v018
ZP5TG,0,931,931,v019
TW46G,156,309,153,v005
TW46G,84,204,120,v001
TW46G,0,120,120,v012
TW46G,0,723,723,v018
TW46G,108,400,292,v008
J3UGZ,360,528,168,v008
J3UGZ,0,436,436,v014
J3UGZ,0,384,384,v009
J3UGZ,381,501,120,v018
J3UGZ,506,553,47,v022
J3UGZ,506,553,47,v019
J3UGZ,506,553,47,v008
XNBUT,108,220,112,v001
XNBUT,0,220,220,v008
XNBUT,0,175,175,v013
XNBUT,108,220,112,v007
XNBUT,0,172,172,v014
892RS,405,628,223,v008
892RS,532,672,140,v001
892RS,372,499,127,v016
892RS,652,737,85,v029
892RS,520,638,118,v016
892RS,499,609,110,v012
892RS,0,465,465,v008
892RS,0,465,465,v030
892RS,0,206,206,v031
892RS,350,480,130,v025
892RS,535,669,134,v001
892RS,499,650,151,v016
892RS,0,737,737,v022
892RS,0,532,532,v026
892RS,691,737,46,v023
892RS,484,737,253,v016
892RS,506,643,137,v012
892RS,451,609,158,v008
21A0W,660,754,94,v008
21A0W,645,754,109,v023
21A0W,0,754,754,v008
21A0W,316,715,399,v008
21A0W,612,754,142,v016
21A0W,619,754,135,v016
21A0W,0,754,754,v005
21A0W,0,754,754,v005
21A0W,0,754,754,v008
TCGAY,0,424,424,v014
TCGAY,439,662,223,v008
TCGAY,477,600,123,v023
TCGAY,511,755,244,v030
TCGAY,487,755,268,v008
TCGAY,415,561,146,v016
TCGAY,592,755,163,v016
TCGAY,328,523,195,v016
TCGAY,420,696,276,v023
TCGAY,494,755,261,v016
TCGAY,0,477,477,v008
W0A0Z,0,660,660,v032
W0A0Z,19,312,293,v008
W0A0Z,0,674,674,v018
W0A0Z,216,384,168,v012
W0A0Z,312,528,216,v031
W0A0Z,624,703,79,v016
W0A0Z,0,703,703,v018
W0A0Z,0,703,703,v032
MT9NE,0,228,228,v008
MT9NE,496,722,226,v008
MT9NE,338,472,134,v016
MT9NE,50,271,221,v005
MT9NE,223,722,499,v010
MT9NE,0,139,139,v012
4FD1T,595,744,149,v008
4FD1T,616,744,128,v019
4FD1T,0,67,67,v030
4FD1T,48,374,326,v026
4FD1T,602,720,118,v029
2Z0LU,211,764,553,v003
2Z0LU,208,764,556,v003
2Z0LU,216,764,548,v018
2Z0LU,0,213,213,v000
2Z0LU,0,259,259,v010
2Z0LU,208,343,135,v023
CXXVI,0,622,622,v008
J5WOX,0,725,725,v010
J5WOX,100,725,625,v005
J5WOX,2,725,723,v031
YBP5F,211,653,442,v008
YBP5F,177,372,195,v023
YBP5F,312,653,341,v024
YBP5F,98,220,122,v006
YBP5F,60,653,593,v002
YBP5F,148,280,132,v023
6AVDE,302,429,127,v008
6AVDE,0,139,139,v005
6AVDE,607,795,188,v012
9CCDY,163,393,230,v009
9CCDY,0,530,530,v031
9CCDY,124,422,298,v009
9CCDY,158,266,108,v004
XJLHC,0,640,640,v018
XJLHC,612,746,134,v001
XJLHC,0,640,640,v014
XJLHC,530,700,170,v022
XJLHC,0,768,768,v018
XJLHC,0,760,760,v031
6R7QY,525,731,206,v008
6R7QY,633,731,98,v016
6R7QY,0,103,103,v022
6R7QY,50,513,463,v006
6R7QY,633,731,98,v016
6R7QY,544,720,176,v029
R0OGE,775,1022,247,v004
R0OGE,0,156,156,v023
R0OGE,724,902,178,v026
R0OGE,0,196,196,v016
GQR08,0,182,182,v008
GQR08,91,319,228,v008
GQR08,4,244,240,v023
GQR08,117,331,214,v023
GQR08,122,372,250,v022
GQR08,417,752,335,v029
E27NK,146,580,434,v032
E27NK,0,568,568,v018
E27NK,432,597,165,v022
E27NK,0,597,597,v014
E27NK,600,761,161,v001
E27NK,537,679,142,v027
E27NK,0,592,592,v032
E27NK,0,580,580,v018
E27NK,127,633,506,v012
E27NK,612,748,136,v029
E27NK,168,631,463,v031
E27NK,0,254,254,v031
E27NK,122,235,113,v001
E27NK,583,761,178,v007
E27NK,580,708,128,v012
7YUJR,0,369,369,v026
7YUJR,0,688,688,v008
7YUJR,0,688,688,v005
7YUJR,0,688,688,v026
W0RSP,64,283,219,v008
W0RSP,28,165,137,v000
W0RSP,0,163,163,v000
W0RSP,81,276,195,v013
W0RSP,0,334,334,v008
W0RSP,0,334,334,v010
W0RSP,0,334,334,v021
W0RSP,60,292,232,v014
HG8G1,0,885,885,v010
HG8G1,0,885,885,v005
HG8G1,0,885,885,v008
HG8G1,0,885,885,v005
HG8G1,624,885,261,v019
BWLA8,0,360,360,v023
BWLA8,381,722,341,v031
BWLA8,276,422,146,v018
BWLA8,144,312,168,v001
BWLA8,144,312,168,v012
BWLA8,264,434,170,v018
MFOVZ,187,508,321,v030
MFOVZ,0,117,117,v005
MFOVZ,619,737,118,v029
MFOVZ,12,144,132,v016
MFOVZ,0,110,110,v005
30TL5,4,208,204,v001
30TL5,184,369,185,v031
30TL5,220,631,411,v022
30TL5,331,458,127,v016
30TL5,0,417,417,v018
30TL5,396,578,182,v012
30TL5,0,453,453,v008
E5O0F,254,511,257,v008
E5O0F,348,741,393,v014
E5O0F,62,468,406,v016
E5O0F,420,722,302,v025
E5O0F,280,400,120,v001
E5O0F,0,376,376,v031
E5O0F,420,813,393,v030
E5O0F,856,956,100,v016
E5O0F,249,396,147,v022
E5O0F,746,866,120,v023
E5O0F,780,956,176,v008
DPDER,429,578,149,v003
DPDER,580,823,243,v027
DPDER,304,508,204,v022
DPDER,360,504,144,v001
DPDER,0,427,427,v014
DPDER,355,504,149,v016
DPDER,0,520,520,v008
DPDER,626,739,113,v007
DPDER,631,823,192,v012
DPDER,700,823,123,v029
E1U37,127,247,120,v023
E1U37,175,247,72,v025
E1U37,127,247,120,v023
E1U37,158,247,89,v025
E1U37,0,247,247,v022
E1U37,0,74,74,v012
E1U37,4,115,111,v012
E1U37,122,240,118,v025
FSKKQ,388,746,358,v008
FSKKQ,566,811,245,v006
FSKKQ,520,657,137,v022
FSKKQ,448,612,164,v031
FSKKQ,163,458,295,v000
FSKKQ,727,847,120,v007
FSKKQ,384,523,139,v023
FSKKQ,736,847,111,v029
A42FN,0,480,480,v008
A42FN,12,136,124,v023
A42FN,496,602,106,v012
A42FN,4,326,322,v016
A42FN,52,216,164,v016
A42FN,201,544,343,v001
A42FN,141,412,271,v005
A42FN,0,487,487,v008
A42FN,506,744,238,v026
A42FN,362,484,122,v016
ROEB7,0,396,396,v008
ROEB7,0,412,412,v008
ROEB7,96,261,165,v017
N7IH0,388,566,178,v008
N7IH0,477,698,221,v005
N7IH0,254,424,170,v012
N7IH0,0,848,848,v024
N7IH0,0,848,848,v018
N7IH0,168,340,172,v023
N7IH0,338,463,125,v025
N7IH0,180,848,668,v023
N7IH0,189,456,267,v025
N7IH0,0,848,848,v008
N7IH0,189,463,274,v008
391VK,336,669,333,v008
391VK,360,470,110,v025
391VK,417,540,123,v025
391VK,0,360,360,v026
391VK,345,648,303,v025
391VK,580,723,143,v001
391VK,264,424,160,v012
391VK,360,499,139,v016
391VK,424,568,144,v016
HEIW9,0,208,208,v008
HEIW9,93,244,151,v016
HEIW9,230,417,187,v018
HEIW9,0,117,117,v029
UHDEF,0,363,363,v008
UHDEF,96,363,267,v008
UHDEF,134,363,229,v016
UHDEF,98,363,265,v023
UHDEF,103,363,260,v025
UHDEF,110,363,253,v026
UHDEF,0,76,76,v008
UHDEF,50,177,127,v008
UHDEF,0,67,67,v023
UHDEF,43,182,139,v026
UHDEF,31,163,132,v023
UHDEF,0,93,93,v016
UHDEF,69,187,118,v016
UVRMR,350,552,202,v023
UVRMR,693,806,113,v016
UVRMR,230,350,120,v008
UVRMR,12,160,148,v023
UVRMR,12,160,148,v026
UVRMR,100,249,149,v026
UVRMR,201,350,149,v026
UVRMR,57,189,132,v016
UVRMR,165,297,132,v016
UVRMR,242,367,125,v016
UVRMR,129,278,149,v008
UVRMR,12,192,180,v016
UVRMR,367,760,393,v016
UVRMR,367,758,391,v008
RYHHP,0,964,964,v031
RYHHP,0,940,940,v018
RYHHP,830,964,134,v022
RYHHP,0,388,388,v006
RYHHP,0,940,940,v018
RYHHP,0,972,972,v014
RYHHP,0,1013,1013,v008
RYHHP,0,1013,1013,v026
RYHHP,0,1013,1013,v018
Y1BRA,0,98,98,v004
Y1BRA,0,98,98,v008
8EKYA,40,513,473,v008
8EKYA,48,216,168,v029
8EKYA,0,168,168,v012
8EKYA,120,268,148,v001
F5C5M,549,734,185,v008
F5C5M,549,734,185,v031
F5C5M,0,520,520,v032
F5C5M,0,734,734,v018
F5C5M,549,734,185,v013
F5C5M,439,568,129,v023
F5C5M,492,734,242,v014
F5C5M,0,734,734,v018
F5C5M,0,734,734,v008
E5WJJ,900,1048,148,v017
E5WJJ,669,1003,334,v018
E5WJJ,686,996,310,v003
E5WJJ,465,693,228,v016
E5WJJ,376,504,128,v016
E5WJJ,340,513,173,v008
E5WJJ,199,384,185,v026
E5WJJ,355,494,139,v023
E5WJJ,0,64,64,v029
E5WJJ,523,662,139,v016
9RLQK,36,737,701,v030
37Y0B,0,216,216,v015
HAA4O,326,960,634,v008
HAA4O,297,432,135,v023
HAA4O,110,316,206,v001
HAA4O,787,960,173,v016
HAA4O,384,724,340,v013
HAA4O,868,960,92,v016
HAA4O,62,220,158,v029
HAA4O,374,907,533,v031
1GQ73,0,110,110,v025
1GQ73,432,549,117,v022
1GQ73,28,739,711,v009
1GQ73,0,739,739,v019
HMTRB,211,362,151,v012
HMTRB,0,662,662,v008
HMTRB,36,280,244,v008
HMTRB,218,372,154,v001
RVZ7X,218,470,252,v001
RVZ7X,424,792,368,v019
RVZ7X,194,444,250,v012
RVZ7X,69,568,499,v028
RVZ7X,76,556,480,v016
RVZ7X,168,312,144,v008
6EZH6,0,480,480,v008
6EZH6,0,480,480,v008
6EZH6,28,465,437,v009
6EZH6,26,480,454,v017
F87XT,0,225,225,v008
F87XT,0,225,225,v021
F87XT,0,225,225,v031
F87XT,0,225,225,v019
F87XT,0,225,225,v019
P9RNA,300,422,122,v025
P9RNA,33,396,363,v008
P9RNA,21,129,108,v023
P9RNA,300,417,117,v025
P9RNA,302,432,130,v016
P9RNA,36,396,360,v026
STY6W,93,236,143,v008
STY6W,72,192,120,v023
STY6W,0,148,148,v004
STY6W,0,236,236,v008
STY6W,115,236,121,v019
9TL3J,400,573,173,v016
9TL3J,0,136,136,v030
9TL3J,765,855,90,v027
9TL3J,532,727,195,v004
9TL3J,88,312,224,v030
9TL3J,525,818,293,v008
9TL3J,696,830,134,v016
9TL3J,696,840,144,v016
68JOO,194,386,192,v018
68JOO,0,88,88,v008
68JOO,283,470,187,v021
68JOO,194,386,192,v018
68JOO,0,91,91,v022
68JOO,249,735,486,v018
BKEYX,124,276,152,v016
BKEYX,108,326,218,v016
BKEYX,559,770,211,v004
XDVAY,0,168,168,v010
XDVAY,72,764,692,v018
XDVAY,297,722,425,v004
XDVAY,264,764,500,v008
XDVAY,0,189,189,v000
XDVAY,0,764,764,v000
XDVAY,249,432,183,v023
EAGYP,355,722,367,v005
EAGYP,580,748,168,v016
EAGYP,333,465,132,v023
EAGYP,369,710,341,v005
EAGYP,0,754,754,v017
EAGYP,348,465,117,v023
FMXZS,0,189,189,v012
FMXZS,170,422,252,v012
FMXZS,40,698,658,v016
FMXZS,628,768,140,v001
FMXZS,175,460,285,v008
FMXZS,0,79,79,v012
FMXZS,828,1040,212,v004
FMXZS,624,777,153,v016
SGUK6,0,642,642,v008
SGUK6,0,412,412,v005
SGUK6,0,412,412,v008
SGUK6,0,412,412,v005
SGUK6,0,391,391,v008
SGUK6,292,642,350,v019
SGUK6,292,642,350,v009
LP1F3,26,470,444,v008
LP1F3,280,494,214,v016
LP1F3,21,201,180,v023
LP1F3,415,628,213,v007
LP1F3,0,153,153,v020
LP1F3,439,628,189,v022
LP1F3,513,643,130,v029
LP1F3,0,568,568,v018
LP1F3,520,652,132,v001
LP1F3,429,609,180,v012
DIDRB,0,336,336,v004
DIDRB,0,345,345,v008
DIDRB,252,727,475,v030
YH7K4,0,336,336,v008
YH7K4,316,482,166,v012
YH7K4,120,393,273,v004
YH7K4,405,695,290,v005
YH7K4,74,695,621,v008
YH7K4,0,695,695,v018
TDD74,28,244,216,v008
TDD74,295,492,197,v003
TDD74,52,182,130,v023
CK6OL,0,100,100,v016
CK6OL,0,100,100,v016
7LYA9,194,348,154,v008
7LYA9,184,314,130,v023
7LYA9,247,360,113,v025
7LYA9,247,360,113,v025
7LYA9,232,532,300,v009
7LYA9,223,590,367,v019
4YL07,360,720,360,v008
4YL07,290,609,319,v015
4YL07,578,720,142,v004
4YL07,168,312,144,v031
4YL07,0,76,76,v023
4YL07,232,340,108,v023
4YL07,489,607,118,v016
G13QI,0,892,892,v026
G13QI,0,892,892,v008
TBU3U,180,350,170,v023
TBU3U,0,120,120,v029
PM2GT,91,225,134,v008
PM2GT,120,237,117,v016
PM2GT,218,343,125,v012
PM2GT,100,230,130,v008
PM2GT,554,686,132,v016
KAHM2,9,151,142,v029
KAHM2,43,319,276,v008
KAHM2,223,448,225,v030
KAHM2,45,819,774,v030
V58VE,259,758,499,v008
V58VE,0,758,758,v018
V58VE,398,556,158,v019
V58VE,0,758,758,v008
V58VE,0,758,758,v014
GADLP,0,754,754,v008
GADLP,564,754,190,v019
GADLP,235,754,519,v013
GADLP,0,754,754,v014
VKKIQ,268,408,140,v001
VKKIQ,4,201,197,v012
VKKIQ,134,264,130,v008
VKKIQ,273,415,142,v001
VKKIQ,7,177,170,v012
VKKIQ,86,264,178,v023
53HOB,242,691,449,v008
53HOB,242,691,449,v008
FVITB,585,787,202,v008
FVITB,528,691,163,v001
FVITB,0,787,787,v002
FVITB,475,607,132,v012
FVITB,148,268,120,v023
3EHAJ,0,336,336,v008
3EHAJ,0,328,328,v016
3EHAJ,204,731,527,v032
3EHAJ,0,168,168,v019
3EHAJ,0,168,168,v009
3EHAJ,482,657,175,v031
QXI52,535,755,220,v029
QXI52,518,664,146,v022
QXI52,628,755,127,v001
QXI52,0,112,112,v031
QXI52,0,621,621,v008
QXI52,50,547,497,v020
QXI52,583,732,149,v012
QXI52,0,614,614,v018
QXI52,0,621,621,v018
QXI52,0,621,621,v031
22A2G,276,875,599,v008
22A2G,312,875,563,v018
22A2G,760,875,115,v020
22A2G,739,861,122,v001
22A2G,206,861,655,v031
2SKOA,192,489,297,v016
2SKOA,192,489,297,v016
2SKOA,134,304,170,v016
2SKOA,0,336,336,v008
2SKOA,0,336,336,v008
KCLMY,240,405,165,v031
KCLMY,0,91,91,v029
KCLMY,254,398,144,v023
KCLMY,302,412,110,v008
DDUXF,427,772,345,v008
DDUXF,0,787,787,v031
DDUXF,0,789,789,v005
DDUXF,0,513,513,v032
DDUXF,436,624,188,v023
DDUXF,585,758,173,v014
R1RDT,120,312,192,v010
R1RDT,292,484,192,v014
R1RDT,496,626,130,v001
R1RDT,0,235,235,v021
R1RDT,0,175,175,v000
R1RDT,187,631,444,v008
R1RDT,242,463,221,v022
R1RDT,458,626,168,v029
YMM1Z,388,508,120,v001
YMM1Z,0,393,393,v002
YMM1Z,345,532,187,v017
YMM1Z,357,487,130,v012
YMM1Z,412,544,132,v029
FL6DF,9,472,463,v008
FL6DF,247,381,134,v025
FL6DF,367,482,115,v022
FL6DF,21,470,449,v018
FL6DF,144,331,187,v023
FL6DF,76,194,118,v012
FL6DF,0,117,117,v018
FL6DF,213,333,120,v016
FL6DF,144,326,182,v026
FL6DF,146,324,178,v008
FL6DF,350,472,122,v016
MRXEW,321,652,331,v008
MRXEW,468,652,184,v016
MRXEW,259,432,173,v023
7N4TW,1874,2011,137,v010
7N4TW,892,1082,190,v028
7N4TW,254,2089,1835,v018
7N4TW,108,664,556,v028
7N4TW,871,1216,345,v023
7N4TW,1456,1605,149,v016
7N4TW,1843,2011,168,v021
7N4TW,192,350,158,v018
7N4TW,912,1478,566,v003
7N4TW,1644,1771,127,v023
7N4TW,1404,1646,242,v016
7N4TW,1404,1562,158,v022
7N4TW,484,780,296,v008
WZO6V,0,168,168,v012
WZO6V,240,750,510,v021
WZO6V,76,206,130,v023
WZO6V,93,292,199,v008
WZO6V,19,180,161,v029
WZO6V,264,410,146,v001
WZO6V,204,369,165,v016
3PXGQ,568,705,137,v023
3PXGQ,115,475,360,v003
3PXGQ,4,264,260,v008
3PXGQ,532,705,173,v026
3PXGQ,0,235,235,v026
3PXGQ,0,297,297,v023
3PXGQ,72,492,420,v016
B3HCE,420,559,139,v012
B3HCE,105,290,185,v016
B3HCE,108,295,187,v016
B3HCE,249,424,175,v001
B3HCE,31,201,170,v012
B3HCE,105,244,139,v029
B3HCE,396,726,330,v008
B3HCE,381,494,113,v023
B3HCE,424,726,302,v031
B3HCE,52,487,435,v007
B3HCE,31,309,278,v008
AA104,91,376,285,v015
AA104,0,561,561,v008
EZ3CG,268,753,485,v014
EZ3CG,240,760,520,v018
EZ3CG,189,350,161,v023
EZ3CG,124,336,212,v018
EZ3CG,0,199,199,v016
EZ3CG,60,177,117,v029
EZ3CG,232,760,528,v031
GG4UR,240,369,129,v012
GG4UR,328,456,128,v001
GG4UR,0,86,86,v031
GG4UR,264,408,144,v023
GG4UR,240,360,120,v012
GG4UR,120,216,96,v018
GG4UR,283,474,191,v023
GG4UR,283,474,191,v008
GG4UR,321,451,130,v001
GG4UR,0,228,228,v018
GG4UR,0,117,117,v020
V4HY4,242,391,149,v008
V4HY4,0,120,120,v029
KSPZY,33,770,737,v026
KSPZY,367,770,403,v008
KSPZY,374,770,396,v013
KSPZY,0,770,770,v008
KSPZY,0,91,91,v001
KSPZY,350,770,420,v014
KSPZY,38,770,732,v026
CYT5I,472,652,180,v029
CYT5I,170,398,228,v016
CYT5I,501,660,159,v001
CYT5I,266,369,103,v016
CYT5I,259,360,101,v025
CYT5I,477,626,149,v007
CYT5I,0,369,369,v008
CYT5I,336,439,103,v016
ZS9XR,36,218,182,v023
ZS9XR,355,480,125,v022
ZS9XR,0,451,451,v008
ZS9XR,57,420,363,v005
ZS9XR,4,139,135,v018
ZS9XR,31,451,420,v018
ZS9XR,362,1005,643,v026
ZS9XR,782,1036,254,v030
ZS9XR,388,573,185,v026
ZS9XR,213,345,132,v008
ZS9XR,559,799,240,v016
ZS9XR,254,410,156,v005
NQ1V6,398,652,254,v003
NQ1V6,0,177,177,v008
NQ1V6,168,398,230,v028
NQ1V6,295,405,110,v016
NQ1V6,244,372,128,v023
NNUHF,38,218,180,v018
NNUHF,81,743,662,v008
NNUHF,19,223,204,v016
NNUHF,0,743,743,v008
NNUHF,0,230,230,v016
NNUHF,72,743,671,v018
NNUHF,55,192,137,v018
EM1K2,0,156,156,v015
EM1K2,151,304,153,v018
EM1K2,192,742,550,v031
EM1K2,189,742,553,v018
EM1K2,81,196,115,v029
L5GEN,64,621,557,v031
L5GEN,525,643,118,v019
L5GEN,314,472,158,v029
MAMJ8,0,136,136,v029
MAMJ8,592,737,145,v008
MAMJ8,564,708,144,v023
MAMJ8,40,259,219,v026
1DW7H,0,698,698,v014
1DW7H,0,748,748,v008
1DW7H,669,748,79,v031
MN1O2,0,425,425,v008
MN1O2,45,232,187,v008
MN1O2,158,355,197,v019
MN1O2,220,338,118,v031
MN1O2,158,355,197,v019
MN1O2,0,425,425,v026
MN1O2,144,398,254,v009
X58SH,384,638,254,v016
X58SH,43,307,264,v015
X58SH,621,746,125,v023
X58SH,475,643,168,v026
X58SH,345,643,298,v016
X58SH,616,832,216,v016
X58SH,432,561,129,v012
X58SH,470,643,173,v016
GQ4PM,0,196,196,v008
GQ4PM,0,196,196,v031
GQ4PM,0,196,196,v019
SYGU0,0,355,355,v030
Y9SMX,496,732,236,v004
Y9SMX,1034,1169,135,v012
Y9SMX,1034,1169,135,v012
Y9SMX,484,1058,574,v031
Y9SMX,0,458,458,v015
Y9SMX,1120,1169,49,v016
Y9SMX,1120,1169,49,v023
Y9SMX,1120,1169,49,v008
SN85M,614,734,120,v025
SN85M,0,136,136,v006
SN85M,604,734,130,v025
HRFGY,249,398,149,v016
HRFGY,232,439,207,v020
HRFGY,158,271,113,v001
HRFGY,33,252,219,v031
HRFGY,237,386,149,v016
HRFGY,9,372,363,v008
HRFGY,24,134,110,v012
85LEB,355,480,125,v014
85LEB,0,112,112,v004
85LEB,0,487,487,v018
85LEB,391,528,137,v022
85LEB,602,732,130,v026
85LEB,0,751,751,v008
A53A6,0,697,697,v008
A53A6,0,697,697,v018
A53A6,0,697,697,v023
JWVW9,9,237,228,v020
JWVW9,0,493,493,v018
JWVW9,0,493,493,v008
03D66,0,204,204,v023
03D66,206,304,98,v019
03D66,108,223,115,v008
03D66,115,746,631,v005
03D66,216,746,530,v031
03D66,0,746,746,v008
E1TJI,0,273,273,v008
E1TJI,134,343,209,v016
E1TJI,520,783,263,v019
E1TJI,559,783,224,v031
E1TJI,540,648,108,v020
FZVQN,0,516,516,v008
FZVQN,148,412,264,v016
FZVQN,0,522,522,v026
FZVQN,146,388,242,v012
FZVQN,146,388,242,v023
FZVQN,148,388,240,v008
NIG0Z,84,410,326,v004
NIG0Z,446,614,168,v008
NIG0Z,549,691,142,v016
NIG0Z,530,645,115,v018
NIG0Z,9,120,111,v018
NIG0Z,38,312,274,v008
TTRAJ,0,285,285,v008
TTRAJ,108,295,187,v016
TTRAJ,165,412,247,v020
TTRAJ,0,604,604,v008
TTRAJ,434,607,173,v023
TTRAJ,0,607,607,v023
QX89T,132,762,630,v018
QX89T,139,451,312,v006
QX89T,96,228,132,v018
QX89T,482,762,280,v013
QX89T,468,762,294,v019
QX89T,352,487,135,v023
QX89T,0,88,88,v029
QX89T,372,762,390,v014
QX89T,504,762,258,v019
QX89T,76,762,686,v031
QX89T,374,762,388,v008
2B3BL,127,624,497,v008
2B3BL,0,182,182,v012
2B3BL,535,1030,495,v016
2B3BL,213,424,211,v012
2B3BL,276,1030,754,v008
2B3BL,396,1030,634,v026
2B3BL,105,1030,925,v026
2B3BL,100,938,838,v023
2B3BL,316,636,320,v016
2B3BL,136,268,132,v023
UWL8I,0,672,672,v008
UWL8I,492,655,163,v008
UWL8I,350,580,230,v017
L5G6N,609,720,111,v027
L5G6N,2,218,216,v001
L5G6N,516,705,189,v022
L5G6N,12,189,177,v026
JJLTF,69,811,742,v008
JJLTF,192,369,177,v020
JJLTF,127,288,161,v004
JJLTF,657,811,154,v016
JJLTF,57,811,754,v008
5E01W,228,489,261,v014
5E01W,0,300,300,v008
5E01W,247,477,230,v023
5E01W,247,477,230,v008
7L4DW,0,331,331,v008
7L4DW,105,424,319,v012
7L4DW,172,348,176,v016
7L4DW,0,86,86,v023
5J9HP,297,609,312,v008
5J9HP,494,674,180,v005
5J9HP,64,324,260,v012
5J9HP,499,652,153,v005
5J9HP,218,842,624,v008
5J9HP,0,168,168,v017
5J9HP,340,844,504,v005
XKM5R,0,734,734,v008
XKM5R,0,700,700,v004
XKM5R,0,734,734,v008
2MR5K,537,778,241,v008
2MR5K,0,328,328,v014
2MR5K,237,384,147,v008
2MR5K,0,391,391,v008
2MR5K,0,360,360,v031
2MR5K,525,645,120,v023
2MR5K,232,391,159,v016
O5FR0,0,302,302,v028
O5FR0,0,520,520,v008
LWB5E,0,127,127,v016
LWB5E,0,108,108,v016
LWB5E,0,199,199,v023
LWB5E,525,748,223,v023
LWB5E,0,1207,1207,v008
NIRNP,122,295,173,v008
NIRNP,163,304,141,v016
NIRNP,105,223,118,v023
NIRNP,74,406,332,v008
NIRNP,72,204,132,v017
NIRNP,124,256,132,v020
0KISF,0,733,733,v008
0KISF,484,733,249,v009
0KISF,187,316,129,v018
0KISF,0,733,733,v008
0KISF,96,729,633,v026
0KISF,237,733,496,v019
YX0YS,0,744,744,v031
YX0YS,283,523,240,v008
YX0YS,0,744,744,v008
A3OWG,0,242,242,v008
A3OWG,290,422,132,v008
A3OWG,254,408,154,v023
A3OWG,242,422,180,v019
S6RYI,141,528,387,v008
S6RYI,415,534,119,v023
S6RYI,201,328,127,v020
S6RYI,67,532,465,v008
S6RYI,276,528,252,v008
S6RYI,280,525,245,v004
S6RYI,72,218,146,v023
MI7WU,0,559,559,v031
MI7WU,0,566,566,v018
MI7WU,456,597,141,v022
03TL7,331,516,185,v008
03TL7,235,364,129,v022
03TL7,0,213,213,v005
03TL7,0,350,350,v018
03TL7,638,904,266,v016
03TL7,511,904,393,v016
03TL7,0,360,360,v018
QKIYJ,0,256,256,v006
QKIYJ,38,208,170,v031
QKIYJ,352,669,317,v031
QKIYJ,136,468,332,v009
QKIYJ,184,429,245,v020
QKIYJ,640,786,146,v023
QKIYJ,0,108,108,v029
N8XDV,43,189,146,v005
N8XDV,211,386,175,v031
N8XDV,0,425,425,v018
N8XDV,376,425,49,v008
N8XDV,376,425,49,v014
N8XDV,376,425,49,v016
N8XDV,376,425,49,v008
N8XDV,0,288,288,v031
N8XDV,60,180,120,v005
N8XDV,0,240,240,v008
N8XDV,376,425,49,v031
N8XDV,376,425,49,v005
N8XDV,376,425,49,v008
N8XDV,376,425,49,v016
2K755,0,74,74,v002
2K755,362,496,134,v028
2K755,0,132,132,v005
2K755,0,439,439,v023
2K755,470,726,256,v016
2K755,0,439,439,v016
2K755,470,726,256,v016
4IWYR,60,223,163,v031
4IWYR,4,158,154,v018
4IWYR,38,690,652,v018
4IWYR,0,690,690,v008
JDQB8,0,509,509,v008
JDQB8,0,472,472,v008
JDQB8,0,509,509,v024
8ISS6,456,612,156,v021
8ISS6,0,480,480,v003
8ISS6,0,81,81,v023
8ISS6,417,761,344,v008
5I54H,151,309,158,v016
5I54H,297,570,273,v008
5I54H,381,508,127,v020
5I54H,0,122,122,v012
E0IME,0,417,417,v005
E0IME,712,805,93,v017
E0IME,705,805,100,v022
E0IME,72,789,717,v031
E0IME,24,784,760,v032
E0IME,112,780,668,v008
E0IME,0,112,112,v023
E0IME,0,789,789,v018
E0IME,0,91,91,v016
E0IME,684,804,120,v025
E0IME,0,805,805,v016
E0IME,0,801,801,v018
E0IME,0,801,801,v032
IRF8X,0,740,740,v032
IRF8X,0,740,740,v014
IRF8X,141,300,159,v020
UD7R8,14,304,290,v003
UD7R8,237,369,132,v020
UD7R8,280,583,303,v018
UD7R8,530,720,190,v003
UD7R8,655,731,76,v012
UD7R8,16,468,452,v023
UD7R8,679,731,52,v029
UD7R8,650,731,81,v007
UD7R8,504,643,139,v022
2JTRG,0,764,764,v005
2JTRG,602,764,162,v023
2JTRG,0,764,764,v005
2JTRG,0,764,764,v018
2JTRG,0,764,764,v018
2JTRG,189,379,190,v016
2JTRG,360,602,242,v009
2JTRG,360,604,244,v019
2JTRG,31,662,631,v008
2JTRG,28,132,104,v023
2JTRG,31,144,113,v008
2JTRG,616,764,148,v008
MLS4T,62,252,190,v008
MLS4T,50,249,199,v016
MLS4T,218,499,281,v016
MLS4T,177,468,291,v004
MLS4T,124,482,358,v008
MLS4T,112,295,183,v023
MLS4T,55,180,125,v025
YGQ7E,0,213,213,v018
YGQ7E,213,396,183,v026
YGQ7E,182,292,110,v022
YGQ7E,0,223,223,v018
YGQ7E,0,451,451,v032
YGQ7E,405,517,112,v012
OC6YU,285,540,255,v008
OC6YU,230,444,214,v018
OC6YU,237,434,197,v018
OC6YU,290,880,590,v018
OC6YU,67,343,276,v015
OC6YU,268,417,149,v016
OC6YU,448,880,432,v019
PVSVG,0,730,730,v008
PVSVG,100,730,630,v009
PVSVG,0,98,98,v019
PVSVG,28,230,202,v023
275W0,0,522,522,v008
275W0,336,460,124,v016
275W0,7,124,117,v029
275W0,0,522,522,v008
275W0,458,522,64,v016
275W0,0,312,312,v008
BCUTT,0,662,662,v014
BCUTT,0,740,740,v008
BCUTT,405,576,171,v020
BCUTT,0,720,720,v018
BCUTT,636,740,104,v022
BCUTT,127,333,206,v031
GWQ73,208,340,132,v008
GWQ73,0,744,744,v006
GWQ73,208,340,132,v005
HXAIA,0,175,175,v008
SWZWL,501,763,262,v008
SWZWL,523,763,240,v014
SWZWL,477,619,142,v023
SWZWL,0,604,604,v026
SWZWL,520,763,243,v013
SWZWL,0,600,600,v016
SWZWL,0,763,763,v019
SWZWL,0,763,763,v008
SWZWL,21,151,130,v008
SWZWL,16,158,142,v023
P71W7,0,738,738,v008
P71W7,14,738,724,v009
P71W7,0,74,74,v029
4YVE0,21,626,605,v008
4YVE0,256,628,372,v021
4YVE0,16,597,581,v031
5VS8B,223,597,374,v008
5VS8B,0,88,88,v010
5VS8B,350,598,248,v029
5VS8B,120,598,478,v022
5VS8B,0,204,204,v021
56JT8,211,492,281,v026
56JT8,0,196,196,v008
56JT8,0,122,122,v005
56JT8,0,220,220,v008
56JT8,110,225,115,v016
3IJGQ,0,362,362,v008
3IJGQ,0,405,405,v008
3IJGQ,288,434,146,v016
3IJGQ,0,393,393,v005
3IJGQ,0,242,242,v019
3IJGQ,0,343,343,v005
3IJGQ,324,520,196,v023
3IJGQ,355,720,365,v008
3IJGQ,453,720,267,v004
QUPLC,134,275,141,v016
QUPLC,0,105,105,v012
QUPLC,110,240,130,v008
QUPLC,33,204,171,v001
QUPLC,134,275,141,v016
QUPLC,134,275,141,v016
QUPLC,0,108,108,v029
Z06HO,163,386,223,v026
Z06HO,427,703,276,v008
Z06HO,4,292,288,v030
Z06HO,0,328,328,v030
Z06HO,156,273,117,v025
Z06HO,367,540,173,v023
Z06HO,158,280,122,v025
Z06HO,165,276,111,v025
Z06HO,14,242,228,v030
BAUQE,120,244,124,v023
BAUQE,196,352,156,v026
BAUQE,2,129,127,v026
BAUQE,180,352,172,v026
BAUQE,0,168,168,v026
4UW2K,367,487,120,v026
4UW2K,410,547,137,v026
4UW2K,93,432,339,v004
561H5,132,273,141,v018
561H5,0,288,288,v008
561H5,309,451,142,v005
561H5,254,451,197,v031
561H5,292,417,125,v008
561H5,0,163,163,v029
4ISIX,28,386,358,v008
4ISIX,374,520,146,v023
4ISIX,465,621,156,v029
4ISIX,446,621,175,v012
4ISIX,120,381,261,v025
ZSJ2I,561,741,180,v001
ZSJ2I,235,424,189,v004
ZSJ2I,0,468,468,v018
ZSJ2I,40,367,327,v004
ZSJ2I,304,568,264,v029
ZSJ2I,297,542,245,v022
ZSJ2I,0,110,110,v018
ZSJ2I,0,408,408,v008
ZSJ2I,547,741,194,v007
ZSJ2I,12,386,374,v015
M3IK4,0,797,797,v018
M3IK4,362,797,435,v030
M3IK4,0,797,797,v008
M3IK4,0,797,797,v008
CVPFH,528,811,283,v016
CVPFH,0,316,316,v027
CVPFH,446,811,365,v028
CVPFH,324,811,487,v008
YC9FL,43,235,192,v001
YC9FL,180,496,316,v022
YC9FL,72,480,408,v030
YC9FL,76,720,644,v008
OWAA9,487,643,156,v012
OWAA9,388,525,137,v016
OWAA9,0,499,499,v008
OWAA9,436,552,116,v022
OWAA9,456,583,127,v007
OWAA9,376,513,137,v016
OWAA9,0,554,554,v018
OWAA9,494,631,137,v029
OWAA9,381,528,147,v016
OWAA9,513,676,163,v001
OWAA9,0,520,520,v018
5NE5A,264,662,398,v031
5NE5A,0,662,662,v008
5NE5A,312,662,350,v022
5NE5A,38,328,290,v013
D9UBV,0,655,655,v008
D9UBV,0,655,655,v008
D9UBV,0,655,655,v009
BGQIF,748,979,231,v016
BGQIF,189,468,279,v005
BGQIF,48,172,124,v018
BGQIF,936,1048,112,v022
BGQIF,38,160,122,v018
BGQIF,69,225,156,v016
BGQIF,268,424,156,v008
BGQIF,494,897,403,v008
E3UFX,0,278,278,v006
E3UFX,0,290,290,v022
E3UFX,201,298,97,v019
5RET1,0,742,742,v018
5RET1,446,742,296,v023
5RET1,160,742,582,v008
5RET1,242,374,132,v018
5RET1,264,525,261,v016
5RET1,266,508,242,v026
5RET1,156,523,367,v016
5RET1,487,742,255,v008
WJ33D,268,410,142,v023
WJ33D,194,350,156,v023
WJ33D,379,554,175,v022
WJ33D,254,576,322,v008
WJ33D,211,458,247,v023
WJ33D,235,412,177,v008
WJ33D,0,484,484,v010
WJ33D,256,369,113,v023
WJ33D,537,715,178,v020
WJ33D,340,576,236,v016
WJ33D,340,576,236,v008
APVAD,304,504,200,v025
APVAD,0,331,331,v028
APVAD,410,723,313,v017
APVAD,535,698,163,v001
APVAD,506,628,122,v012
APVAD,160,420,260,v008
APVAD,276,396,120,v025
APVAD,415,525,110,v023
X3952,415,638,223,v010
X3952,297,621,324,v021
X3952,0,132,132,v028
X3952,278,638,360,v008
X3952,26,180,154,v016
X3952,240,379,139,v018
0HD9F,463,658,195,v023
0HD9F,242,439,197,v001
0HD9F,228,408,180,v012
0HD9F,64,276,212,v026
E1TUD,0,134,134,v028
E1TUD,422,578,156,v012
E1TUD,21,168,147,v008
E1TUD,132,355,223,v031
E1TUD,266,508,242,v003
E1TUD,501,610,109,v001
E1TUD,232,465,233,v016
E1TUD,336,477,141,v023
E1TUD,458,604,146,v029
A0MZ9,0,244,244,v001
A0MZ9,235,789,554,v008
A0MZ9,314,789,475,v024
EGNZB,290,532,242,v008
EGNZB,417,561,144,v016
EGNZB,43,172,129,v007
EGNZB,55,196,141,v012
EGNZB,48,192,144,v029
EGNZB,266,480,214,v023
EGNZB,266,480,214,v016
2URXS,0,645,645,v021
2URXS,568,793,225,v020
2URXS,0,652,652,v010
2URXS,556,724,168,v000
10J88,0,485,485,v008
10J88,192,485,293,v014
10J88,0,264,264,v017
OZ5SV,45,480,435,v031
OZ5SV,0,120,120,v010
OZ5SV,141,480,339,v031
OZ5SV,139,379,240,v022
OZ5SV,206,364,158,v023
OZ5SV,0,199,199,v008
OZ5SV,64,204,140,v016
OZ5SV,64,175,111,v001
OZ5SV,228,388,160,v016
OZ5SV,228,388,160,v028
F17JD,463,645,182,v001
F17JD,398,556,158,v012
F17JD,405,547,142,v007
F17JD,422,566,144,v029
P4HXN,60,787,727,v008
P4HXN,643,799,156,v016
P4HXN,244,775,531,v014
P4HXN,19,530,511,v030
IYNUU,0,477,477,v008
IYNUU,326,499,173,v022
IYNUU,564,715,151,v013
IYNUU,669,780,111,v016
IYNUU,434,573,139,v023
IYNUU,475,780,305,v008
IYNUU,0,465,465,v026
UF91R,295,417,122,v001
UF91R,237,343,106,v012
UF91R,175,290,115,v001
UF91R,0,259,259,v032
UF91R,0,259,259,v014
UF91R,338,724,386,v005
UF91R,232,420,188,v023
UF91R,271,724,453,v008
03XSP,513,710,197,v026
03XSP,0,326,326,v014
03XSP,643,775,132,v023
03XSP,578,804,226,v023
03XSP,0,715,715,v008
03XSP,650,804,154,v016
03XSP,525,758,233,v016
R77MC,72,801,729,v008
R77MC,328,501,173,v016
R77MC,91,760,669,v018
R77MC,84,244,160,v023
R77MC,100,228,128,v018
R77MC,124,240,116,v012
R77MC,163,360,197,v008
R77MC,657,792,135,v022
R77MC,139,801,662,v019
R77MC,537,700,163,v001
NVQ84,0,1040,1040,v006
NVQ84,98,302,204,v012
NVQ84,40,208,168,v018
NVQ84,103,926,823,v008
NVQ84,98,943,845,v026
NVQ84,98,948,850,v008
NVQ84,211,458,247,v004
NVQ84,523,708,185,v022
NVQ84,129,626,497,v016
WKP5N,86,283,197,v008
WKP5N,79,386,307,v004
WKP5N,244,520,276,v008
WKP5N,412,631,219,v019
WKP5N,259,542,283,v022
WKP5N,434,619,185,v012
WKP5N,470,767,297,v003
WKP5N,290,662,372,v003
WKP5N,316,458,142,v023
WKP5N,182,585,403,v005
WKP5N,86,420,334,v003
WKP5N,0,189,189,v018
WKP5N,504,619,115,v016
WKP5N,110,767,657,v022
WKP5N,98,638,540,v031
WKP5N,328,588,260,v004
WKP5N,549,676,127,v019
WKP5N,168,381,213,v005
WKP5N,0,213,213,v018
G2QG2,0,719,719,v002
G2QG2,218,374,156,v023
G2QG2,549,719,170,v016
G2QG2,520,662,142,v016
G2QG2,242,705,463,v008
V6LP3,216,667,451,v004
V6LP3,0,650,650,v008
V6LP3,0,621,621,v005
V6LP3,14,192,178,v018
V6LP3,568,693,125,v016
V6LP3,0,684,684,v008
V6LP3,580,693,113,v016
V6LP3,684,827,143,v018
UGKZ4,561,732,171,v023
UGKZ4,0,772,772,v008
UGKZ4,148,276,128,v020
UGKZ4,0,772,772,v018
UGKZ4,0,772,772,v018
0NZVB,276,424,148,v004
0NZVB,403,799,396,v008
0NZVB,885,981,96,v001
0NZVB,98,252,154,v012
0NZVB,912,1015,103,v022
0NZVB,830,962,132,v016
0NZVB,88,412,324,v012
1CITG,110,254,144,v027
1CITG,230,740,510,v008
LMX0P,0,160,160,v008
LMX0P,453,804,351,v014
LMX0P,0,807,807,v018
51O3C,0,278,278,v031
51O3C,64,328,264,v028
51O3C,204,405,201,v016
EP19T,84,208,124,v029
EP19T,84,261,177,v017
EP19T,340,631,291,v013
EP19T,0,753,753,v008
EP19T,528,753,225,v014
GWDF9,64,312,248,v017
GWDF9,244,812,568,v026
GWDF9,357,770,413,v016
GWDF9,439,645,206,v023
GWDF9,484,794,310,v016
GWDF9,362,592,230,v016
GWDF9,0,278,278,v029
GWDF9,765,812,47,v023
GWDF9,765,812,47,v016
GWDF9,765,812,47,v016
GWDF9,765,812,47,v029
RYRQT,0,652,652,v005
RYRQT,292,446,154,v020
RYRQT,0,708,708,v008
RYRQT,609,739,130,v029
RYRQT,4,650,646,v005
RYRQT,0,739,739,v008
05GIA,160,297,137,v016
05GIA,72,249,177,v023
05GIA,115,273,158,v022
05GIA,172,297,125,v016
05GIA,0,292,292,v012
ZCULX,374,595,221,v031
ZCULX,139,336,197,v005
ZCULX,0,192,192,v004
ZCULX,139,336,197,v005
ZCULX,309,439,130,v012
ZCULX,134,240,106,v023
ZCULX,309,595,286,v008
PQYWB,0,892,892,v014
PQYWB,45,374,329,v016
PQYWB,708,866,158,v007
PQYWB,0,1100,1100,v008
PQYWB,36,369,333,v025
PQYWB,36,374,338,v023
PQYWB,753,892,139,v029
PQYWB,715,866,151,v012
PQYWB,50,264,214,v008
PQYWB,146,256,110,v016
PQYWB,763,960,197,v001
PQYWB,1056,1100,44,v012
PQYWB,1056,1100,44,v008
PQYWB,1056,1100,44,v016
PQYWB,1056,1100,44,v001
70FXC,0,805,805,v018
70FXC,0,805,805,v008
70FXC,592,777,185,v004
70FXC,0,559,559,v019
70FXC,576,805,229,v005
C8WLX,43,218,175,v019
C8WLX,468,660,192,v018
C8WLX,208,403,195,v029
C8WLX,290,573,283,v006
C8WLX,580,827,247,v003
C8WLX,552,827,275,v018
C8WLX,494,672,178,v018
C8WLX,48,218,170,v008
C8WLX,604,827,223,v023
UVMZ8,2,160,158,v008
UVMZ8,168,422,254,v027
UVMZ8,127,355,228,v004
UVMZ8,189,499,310,v008
UVMZ8,439,734,295,v023
UVMZ8,439,734,295,v008
UVMZ8,0,734,734,v014
KAMP0,0,631,631,v018
KAMP0,0,631,631,v008
KAMP0,0,631,631,v019
KAMP0,0,631,631,v031
KAMP0,21,631,610,v009
KAMP0,0,631,631,v008
NO0WS,0,266,266,v008
NO0WS,168,448,280,v016
NO0WS,0,244,244,v005
NO0WS,148,420,272,v016
NO0WS,424,728,304,v026
NO0WS,340,477,137,v025
NO0WS,374,513,139,v023
NO0WS,0,252,252,v023
NO0WS,204,307,103,v016
NO0WS,256,379,123,v016
NO0WS,141,266,125,v023
NO0WS,148,463,315,v016
NO0WS,148,444,296,v016
NO0WS,148,444,296,v023
NO0WS,148,444,296,v026
NO0WS,170,316,146,v008
NO0WS,352,728,376,v008
NO0WS,355,728,373,v026
NO0WS,175,316,141,v023
NO0WS,309,458,149,v016
NO0WS,0,187,187,v008
NO0WS,7,117,110,v023
UWEWX,0,731,731,v018
UWEWX,0,731,731,v031
UWEWX,0,731,731,v008
UWEWX,0,731,731,v008
OSTTS,0,738,738,v031
OSTTS,0,554,554,v026
LFU36,321,446,125,v001
LFU36,0,302,302,v008
LFU36,321,446,125,v001
LFU36,338,659,321,v004
LFU36,64,218,154,v012
LFU36,172,319,147,v016
LFU36,288,429,141,v023
LFU36,283,429,146,v023
5TLQE,405,549,144,v001
5TLQE,0,571,571,v008
5TLQE,0,108,108,v012
5TLQE,33,242,209,v031
I1OLQ,201,350,149,v001
I1OLQ,177,737,560,v008
I1OLQ,336,737,401,v018
I1OLQ,345,737,392,v019
I1OLQ,153,283,130,v029
I1OLQ,139,302,163,v012
I1OLQ,0,357,357,v031
I1OLQ,624,737,113,v012
I1OLQ,345,737,392,v018
I1OLQ,345,737,392,v031
PRQSR,489,652,163,v001
PRQSR,38,232,194,v028
PRQSR,144,288,144,v016
PRQSR,144,288,144,v008
PRQSR,144,288,144,v025
PRQSR,144,288,144,v025
67RSR,0,201,201,v010
67RSR,105,400,295,v000
67RSR,355,621,266,v031
67RSR,134,393,259,v000
67RSR,453,583,130,v008
67RSR,480,628,148,v025
67RSR,300,458,158,v018
WVB7F,458,739,281,v008
WVB7F,165,802,637,v021
WVB7F,60,434,374,v023
WVB7F,0,180,180,v020
WVB7F,667,799,132,v005
1YC83,0,182,182,v016
1YC83,0,304,304,v005
1YC83,244,536,292,v003
1YC83,0,216,216,v005
1YC83,0,216,216,v023
1YC83,192,312,120,v022
1YC83,0,264,264,v018
1YC83,0,136,136,v023
1YC83,48,220,172,v016
39850,324,453,129,v021
39850,0,350,350,v008
39850,0,372,372,v018
39850,235,360,125,v016
39850,218,328,110,v001
39850,0,355,355,v031
LRTNA,38,787,749,v008
LRTNA,252,676,424,v016
LRTNA,259,684,425,v025
LRTNA,206,729,523,v016
LRTNA,0,820,820,v023
68K01,4,480,476,v008
68K01,0,189,189,v016
68K01,434,759,325,v008
68K01,64,360,296,v016
68K01,0,480,480,v023
68K01,141,367,226,v004
68K01,271,460,189,v008
68K01,355,477,122,v016
68K01,0,134,134,v012
68K01,585,759,174,v026
472B0,350,492,142,v023
472B0,16,302,286,v000
472B0,0,208,208,v010
472B0,266,767,501,v018
472B0,21,302,281,v000
472B0,343,767,424,v008
472B0,357,767,410,v012
472B0,520,767,247,v031
4UYGY,439,720,281,v008
4UYGY,439,720,281,v014
4UYGY,420,544,124,v023
4UYGY,194,463,269,v000
4UYGY,0,492,492,v010
998SY,165,292,127,v001
998SY,189,398,209,v018
998SY,136,805,669,v008
998SY,244,805,561,v018
998SY,112,302,190,v023
M1FNW,36,736,700,v031
M1FNW,74,736,662,v014
M1FNW,0,736,736,v018
M1FNW,50,184,134,v016
M1FNW,650,736,86,v019
M1FNW,43,165,122,v023
M1FNW,48,165,117,v008
M1FNW,0,736,736,v008
LYO14,211,362,151,v016
LYO14,9,362,353,v015
LYO14,0,384,384,v016
LYO14,2,384,382,v008
LYO14,0,98,98,v023
HJ8U7,376,679,303,v004
HJ8U7,0,321,321,v003
HJ8U7,686,779,93,v016
HJ8U7,446,710,264,v031
HJ8U7,350,492,142,v023
TUPTT,403,803,400,v008
TUPTT,0,240,240,v031
TUPTT,607,803,196,v003
TUPTT,244,405,161,v029
ZXSRR,139,876,737,v005
ZXSRR,170,876,706,v008
ZXSRR,0,876,876,v008
ZXSRR,0,876,876,v031
ZXSRR,175,876,701,v005
ZXSRR,117,876,759,v008
ZXSRR,117,876,759,v023
ZXSRR,117,876,759,v023
ZXSRR,0,110,110,v016
ZXSRR,307,520,213,v019
ZXSRR,16,876,860,v023
3Q3YY,540,715,175,v001
3Q3YY,285,489,204,v008
3Q3YY,624,902,278,v008
3Q3YY,9,144,135,v029
3Q3YY,811,998,187,v026
3Q3YY,873,1015,142,v022
3Q3YY,352,544,192,v012
3Q3YY,0,144,144,v012
3Q3YY,280,1041,761,v023
3Q3YY,31,331,300,v007
3Q3YY,280,1041,761,v016
3Q3YY,31,331,300,v001
CXGSD,127,700,573,v008
CXGSD,396,693,297,v023
CXGSD,36,324,288,v025
CXGSD,136,321,185,v025
CXGSD,396,712,316,v016
CXGSD,148,316,168,v008
CXGSD,103,266,163,v022
CXGSD,0,199,199,v018
CXGSD,0,201,201,v031
CXGSD,360,717,357,v026
CXGSD,158,273,115,v023
CXGSD,196,324,128,v016
CXGSD,355,708,353,v026
XQ4RB,566,700,134,v027
XQ4RB,0,525,525,v008
XQ4RB,0,249,249,v018
XQ4RB,566,776,210,v019
XQ4RB,511,776,265,v022
XQ4RB,108,556,448,v018
XQ4RB,530,650,120,v029
8GQJO,0,555,555,v018
8GQJO,33,223,190,v020
NC1OC,417,645,228,v018
NC1OC,400,640,240,v018
NC1OC,376,612,236,v016
NC1OC,388,645,257,v031
NC1OC,422,669,247,v018
NC1OC,652,1149,497,v032
NC1OC,595,744,149,v019
NC1OC,0,633,633,v008
NC1OC,578,698,120,v009
NC1OC,388,518,130,v016
NC1OC,360,484,124,v009
NC1OC,681,859,178,v031
NC1OC,648,806,158,v012
NC1OC,607,748,141,v008
NC1OC,487,645,158,v016
NC1OC,681,1149,468,v032
ENT4H,105,772,667,v014
ENT4H,67,772,705,v032
ENT4H,28,163,135,v018
ENT4H,36,772,736,v018
3G3PH,0,719,719,v018
3G3PH,0,719,719,v026
W8ZTH,0,408,408,v010
W8ZTH,79,357,278,v020
UUX4G,74,319,245,v023
UUX4G,40,743,703,v018
UUX4G,74,348,274,v005
UUX4G,357,501,144,v027
UUX4G,448,743,295,v032
UUX4G,0,158,158,v018
UUX4G,67,743,676,v018
XEGTL,0,535,535,v008
XEGTL,0,494,494,v026
XEGTL,482,732,250,v031
XEGTL,376,542,166,v016
XEGTL,472,732,260,v019
XEGTL,542,693,151,v009
XEGTL,0,458,458,v026
VEV4O,26,669,643,v008
VEV4O,175,345,170,v025
VEV4O,57,285,228,v008
VEV4O,160,314,154,v016
G06QC,302,448,146,v016
G06QC,0,127,127,v004
G06QC,0,398,398,v008
G06QC,403,600,197,v023
G06QC,0,717,717,v008
4I00F,0,675,675,v011
4I00F,333,504,171,v001
4I00F,434,564,130,v008
4I00F,621,675,54,v016
4I00F,117,232,115,v008
4I00F,0,84,84,v016
4I00F,223,436,213,v016
4I00F,0,319,319,v023
4I00F,482,669,187,v012
4I00F,225,439,214,v023
4I00F,228,379,151,v012
4I00F,0,448,448,v016
4I00F,242,427,185,v008
4I00F,76,288,212,v023
4I00F,158,381,223,v023
38NUC,0,424,424,v021
38NUC,314,779,465,v005
38NUC,0,779,779,v018
38NUC,388,779,391,v008
38NUC,364,499,135,v023
38NUC,0,779,779,v018
PRV4N,408,960,552,v012
PRV4N,312,432,120,v016
PRV4N,72,408,336,v008
PRV4N,0,1073,1073,v008
PRV4N,117,1020,903,v031
PRV4N,242,374,132,v004
PRV4N,64,208,144,v023
PRV4N,278,439,161,v016
PRV4N,48,1063,1015,v008
CB1Z2,405,528,123,v008
CB1Z2,0,429,429,v018
CB1Z2,0,429,429,v032
CB1Z2,420,628,208,v029
CB1Z2,0,436,436,v008
PWW6X,187,267,80,v001
PWW6X,48,177,129,v012
PWW6X,0,247,247,v018
PWW6X,45,184,139,v022
PWW6X,0,84,84,v018
RV48T,64,735,671,v008
RV48T,14,735,721,v031
RV48T,7,139,132,v029
RV48T,43,264,221,v001
XYTEU,242,701,459,v031
XYTEU,57,701,644,v008
XYTEU,57,701,644,v026
XYTEU,74,338,264,v023
XYTEU,576,701,125,v006
K4LQP,0,731,731,v008
K4LQP,0,731,731,v031
PV856,4,144,140,v029
PV856,62,175,113,v001
PV856,664,799,135,v012
PV856,280,1056,776,v008
PV856,0,211,211,v007
PV856,259,1056,797,v023
X16WJ,0,103,103,v016
X16WJ,0,91,91,v018
X16WJ,0,355,355,v008
X16WJ,120,309,189,v004
X16WJ,19,160,141,v005
X16WJ,278,355,77,v022
X16WJ,0,67,67,v018
X16WJ,86,271,185,v023
X16WJ,0,355,355,v008
X16WJ,98,237,139,v023
X16WJ,0,79,79,v008
X16WJ,43,153,110,v005
OPSC0,0,144,144,v008
OPSC0,7,737,730,v016
OPSC0,62,737,675,v016
OPSC0,74,737,663,v016
OPSC0,31,737,706,v032
NNG97,33,158,125,v016
NNG97,14,153,139,v016
NNG97,223,685,462,v008
NNG97,271,685,414,v031
NNG97,192,685,493,v008
NNG97,0,62,62,v025
NNG97,216,336,120,v023
NNG97,240,685,445,v014
QCIV0,62,189,127,v016
QCIV0,364,504,140,v027
QCIV0,0,184,184,v005
QCIV0,122,384,262,v016
QCIV0,0,525,525,v018
QCIV0,115,439,324,v008
QCIV0,0,187,187,v023
QCIV0,115,456,341,v003
QCIV0,0,187,187,v008
QCIV0,103,451,348,v023
XUTJZ,0,844,844,v008
XUTJZ,307,576,269,v031
XUTJZ,0,844,844,v026
XUTJZ,0,844,844,v026
OJVOV,554,710,156,v008
OJVOV,556,710,154,v031
OJVOV,506,710,204,v008
OJVOV,0,710,710,v018
OJVOV,561,710,149,v030
OJVOV,561,710,149,v030
O6DZ0,0,333,333,v030
O6DZ0,0,647,647,v008
O6DZ0,0,333,333,v030
O6DZ0,194,647,453,v019
O6DZ0,0,647,647,v031
ML12Q,19,672,653,v009
ML12Q,110,436,326,v009
ML12Q,619,735,116,v022
ML12Q,0,590,590,v019
ML12Q,0,729,729,v018
5ZGRN,0,165,165,v012
5ZGRN,28,312,284,v016
5ZGRN,81,463,382,v023
5ZGRN,0,132,132,v019
5ZGRN,168,511,343,v022
5ZGRN,0,153,153,v012
5ZGRN,230,379,149,v001
5ZGRN,369,480,111,v023
5ZGRN,379,695,316,v008
M4D35,0,296,296,v008
M4D35,43,271,228,v003
M4D35,237,296,59,v023
B76OZ,211,388,177,v019
B76OZ,0,733,733,v010
B76OZ,0,733,733,v008
B76OZ,216,733,517,v009
2JWHI,36,240,204,v007
2JWHI,249,725,476,v010
2JWHI,192,324,132,v025
2JWHI,271,725,454,v021
2JWHI,187,297,110,v025
2JWHI,0,331,331,v008
HEOJM,64,237,173,v025
HEOJM,19,237,218,v008
HEOJM,88,247,159,v016
HEOJM,19,177,158,v023
HEOJM,64,232,168,v025
HEOJM,0,96,96,v029
ZS2WD,2,124,122,v025
ZS2WD,57,184,127,v023
ZS2WD,0,114,114,v008
R4ENI,0,355,355,v008
R4ENI,261,427,166,v004
R4ENI,360,544,184,v005
R4ENI,72,290,218,v012
R4ENI,204,722,518,v018
R4ENI,381,508,127,v005
R4ENI,410,604,194,v016
R4ENI,74,278,204,v031
R4ENI,283,451,168,v008
DYGB7,158,316,158,v016
DYGB7,357,511,154,v022
DYGB7,316,735,419,v026
DYGB7,278,412,134,v026
DYGB7,657,735,78,v023
DYGB7,276,412,136,v023
DYGB7,139,271,132,v020
DYGB7,285,735,450,v008
DYGB7,669,735,66,v008
DYGB7,324,504,180,v030
DYGB7,429,732,303,v030
DYGB7,664,735,71,v016
DYGB7,0,463,463,v018
DFVXX,480,718,238,v008
DFVXX,480,718,238,v023
DFVXX,480,718,238,v022
DFVXX,0,576,576,v018
DFVXX,494,718,224,v026
XRMVW,105,556,451,v008
XRMVW,141,523,382,v019
XRMVW,384,602,218,v029
XRMVW,0,132,132,v008
XRMVW,0,156,156,v023
4QSRS,199,350,151,v016
4QSRS,300,747,447,v008
4QSRS,187,357,170,v025
4QSRS,259,652,393,v023
4QSRS,206,338,132,v016
4QSRS,57,175,118,v031
4QSRS,0,304,304,v008
342XO,0,657,657,v004
342XO,0,664,664,v008
342XO,556,705,149,v016
342XO,621,787,166,v028
342XO,648,787,139,v025
342XO,0,681,681,v008
TLDA3,36,206,170,v016
TLDA3,160,772,612,v014
TLDA3,136,261,125,v018
TLDA3,172,307,135,v022
TLDA3,79,213,134,v016
TLDA3,0,79,79,v008
9PWEK,446,829,383,v005
9PWEK,93,252,159,v008
9PWEK,0,829,829,v005
9PWEK,0,829,829,v008
8FOD6,393,768,375,v030
8FOD6,0,364,364,v008
ZRITA,0,288,288,v005
ZRITA,0,350,350,v010
ZRITA,0,278,278,v005
ZRITA,0,576,576,v018
ZRITA,0,117,117,v008
ZRITA,69,189,120,v008
ZRITA,112,230,118,v008
ZRITA,0,576,576,v018
ZRITA,0,292,292,v008
KPHP5,561,735,174,v008
KPHP5,228,735,507,v018
KPHP5,0,583,583,v005
KPHP5,189,338,149,v018
KPHP5,0,624,624,v005
KPHP5,573,735,162,v020
KPHP5,55,249,194,v027
KPHP5,568,735,167,v008
KPHP5,0,276,276,v008
KPHP5,0,256,256,v008
KPHP5,0,264,264,v029
MTLT3,559,777,218,v020
MTLT3,748,871,123,v001
MTLT3,729,856,127,v012
MTLT3,0,799,799,v018
MTLT3,0,796,796,v031
MTLT3,664,813,149,v023
MTLT3,674,866,192,v008
MTLT3,756,871,115,v029
MTLT3,765,866,101,v007
MTLT3,686,823,137,v022
M0AS3,0,723,723,v031
M0AS3,45,309,264,v004
M0AS3,43,316,273,v008
O3SQK,0,591,591,v008
O3SQK,38,591,553,v008
O3SQK,141,591,450,v005
O3SQK,38,410,372,v008
O3SQK,0,591,591,v018
O3SQK,360,523,163,v020
7SAFU,640,840,200,v026
7SAFU,249,580,331,v008
7SAFU,24,170,146,v000
7SAFU,0,115,115,v010
7SAFU,40,194,154,v000
7SAFU,249,595,346,v026
7SAFU,628,840,212,v008
7SAFU,249,840,591,v026
7SAFU,624,840,216,v008
D1TY3,0,835,835,v008
D1TY3,504,672,168,v023
D1TY3,432,583,151,v029
D1TY3,0,424,424,v021
X75PJ,338,571,233,v008
X75PJ,441,571,130,v013
X75PJ,595,681,86,v027
X75PJ,72,280,208,v020
X75PJ,0,297,297,v017
AXKNF,153,300,147,v015
AXKNF,636,765,129,v008
AXKNF,633,751,118,v023
AXKNF,691,765,74,v026
AXKNF,595,765,170,v026
AXKNF,388,556,168,v016
W1KJ9,19,446,427,v006
W1KJ9,0,446,446,v018
XP305,249,415,166,v025
XP305,350,430,80,v009
XP305,110,220,110,v018
XP305,170,300,130,v022
XP305,350,430,80,v018
XP305,309,427,118,v025
X8XQE,189,331,142,v001
X8XQE,307,712,405,v002
X8XQE,748,931,183,v008
X8XQE,708,991,283,v014
X8XQE,758,967,209,v013
X8XQE,12,290,278,v026
1NT8P,0,357,357,v008
1NT8P,192,530,338,v031
1NT8P,232,499,267,v019
1NT8P,552,746,194,v026
1NT8P,206,655,449,v009
1NT8P,391,609,218,v006
WWPEN,432,590,158,v012
WWPEN,192,350,158,v022
WWPEN,0,364,364,v008
WWPEN,405,580,175,v012
WWPEN,638,705,67,v008
WWPEN,0,312,312,v010
WWPEN,434,554,120,v007
WWPEN,0,290,290,v014
WWPEN,506,681,175,v029
VHOYB,14,244,230,v023
VHOYB,112,350,238,v013
VHOYB,0,480,480,v018
VHOYB,7,489,482,v014
VHOYB,408,657,249,v001
VHOYB,336,487,151,v016
VHOYB,9,475,466,v008
VHOYB,422,624,202,v007
ZUU2X,340,540,200,v008
ZUU2X,470,607,137,v016
ZUU2X,0,362,362,v008
ZUU2X,0,355,355,v014
ZUU2X,0,740,740,v018
ZUU2X,45,288,243,v031
ZUU2X,223,388,165,v029
ZUU2X,352,480,128,v027
CPH1Y,184,328,144,v001
CPH1Y,148,302,154,v012
CPH1Y,124,259,135,v023
CPH1Y,189,439,250,v004
UTR56,405,564,159,v007
UTR56,0,743,743,v022
UTR56,0,743,743,v008
9ZQ0R,0,726,726,v032
9ZQ0R,0,726,726,v032
9ZQ0R,0,530,530,v024
9ZQ0R,561,693,132,v020
9ZQ0R,0,726,726,v018
9ZQ0R,192,331,139,v023
9ZQ0R,0,516,516,v008
9ZQ0R,434,573,139,v016
9ZQ0R,244,388,144,v016
9ZQ0R,0,726,726,v018
9ZQ0R,199,396,197,v004
BFW9A,0,672,672,v008
BFW9A,0,120,120,v004
BFW9A,216,336,120,v001
BFW9A,252,660,408,v030
BFW9A,552,691,139,v016
BFW9A,552,691,139,v016
DH9JU,201,714,513,v008
DH9JU,206,714,508,v026
DH9JU,206,714,508,v026
DH9JU,0,129,129,v008
DH9JU,0,355,355,v030
DH9JU,292,410,118,v023
DH9JU,0,86,86,v016
FNLLG,151,312,161,v031
EFR6I,456,838,382,v008
EFR6I,456,676,220,v031
EFR6I,508,832,324,v007
EFR6I,585,823,238,v020
EFR6I,456,835,379,v008
EFR6I,405,564,159,v023
EFR6I,0,412,412,v030
8QL4N,288,529,241,v005
8QL4N,0,295,295,v002
8QL4N,290,529,239,v005
8QL4N,0,312,312,v011
8QL4N,240,529,289,v016
2LERW,314,390,76,v008
2LERW,273,390,117,v023
2LERW,264,390,126,v029
2LERW,100,340,240,v023
2LERW,96,390,294,v003
2LERW,278,390,112,v016
ZAOWM,0,498,498,v008
ZAOWM,0,163,163,v005
ZAOWM,0,498,498,v008
ZAOWM,0,498,498,v008
ZAOWM,0,498,498,v024
52IYR,0,821,821,v006
N2TPE,196,448,252,v023
N2TPE,36,192,156,v016
N2TPE,393,755,362,v030
N2TPE,163,304,141,v012
N2TPE,360,700,340,v016
N2TPE,31,199,168,v016
N2TPE,175,436,261,v012
WD6WB,273,446,173,v006
WD6WB,0,288,288,v008
WD6WB,0,290,290,v026
WD6WB,0,271,271,v026
WD6WB,220,355,135,v012
WD6WB,220,357,137,v029
FB895,0,783,783,v014
FB895,0,783,783,v018
KD2H4,460,612,152,v012
KD2H4,0,302,302,v030
KD2H4,458,609,151,v001
VSZ4W,0,120,120,v004
VSZ4W,0,280,280,v031
VSZ4W,160,523,363,v018
VSZ4W,0,244,244,v004
VSZ4W,165,523,358,v031
VSZ4W,177,523,346,v008
VSZ4W,28,254,226,v006
VSZ4W,0,523,523,v008
DVT6L,14,696,682,v009
DVT6L,12,696,684,v019
DVT6L,50,696,646,v019
DVT6L,19,180,161,v025
DVT6L,0,696,696,v031
94AT2,0,722,722,v018
94AT2,158,261,103,v004
94AT2,0,722,722,v008
94AT2,0,175,175,v019
I3Q65,0,168,168,v026
I3Q65,242,415,173,v016
I3Q65,67,240,173,v018
I3Q65,127,264,137,v018
I3Q65,247,578,331,v016
I3Q65,511,618,107,v019
I3Q65,156,304,148,v022
NKCXF,0,367,367,v008
NKCXF,235,367,132,v016
NKCXF,278,671,393,v008
NKCXF,278,403,125,v023
NKCXF,381,671,290,v019
NKCXF,0,671,671,v018
NKCXF,117,350,233,v021
NKCXF,355,671,316,v014
NKCXF,619,671,52,v016
W2LM5,0,129,129,v008
W2LM5,0,129,129,v024
W2LM5,2,129,127,v008
W2LM5,0,98,98,v023
XYSX1,0,758,758,v018
XYSX1,148,758,610,v019
6Z9ZC,228,357,129,v012
6Z9ZC,235,420,185,v016
6Z9ZC,609,744,135,v018
6Z9ZC,244,434,190,v016
5EFVR,0,667,667,v024
5EFVR,0,667,667,v008
5EFVR,91,667,576,v030
5EFVR,0,667,667,v031
5EFVR,124,235,111,v016
5EFVR,206,321,115,v016
5EFVR,312,444,132,v016
5EFVR,81,201,120,v023
5EFVR,146,278,132,v023
5EFVR,237,384,147,v023
BAGJW,357,745,388,v026
BAGJW,139,331,192,v016
BAGJW,336,745,409,v008
BAGJW,86,259,173,v016
BAGJW,86,259,173,v016
BAGJW,0,62,62,v022
BAGJW,86,256,170,v016
JQLD3,144,285,141,v008
JQLD3,170,345,175,v005
JQLD3,0,728,728,v018
JQLD3,108,254,146,v023
JQLD3,232,391,159,v005
JQLD3,0,532,532,v008
JQLD3,175,372,197,v008
JQLD3,0,728,728,v032
JQLD3,204,324,120,v005
JQLD3,120,280,160,v023
JQLD3,247,372,125,v016
Q9H04,38,165,127,v028
Q9H04,213,352,139,v005
Q9H04,189,314,125,v019
Q9H04,285,475,190,v008
Q9H04,561,719,158,v009
Q9H04,67,230,163,v016
Q9H04,175,309,134,v031
Q9H04,168,719,551,v008
Q9H04,76,244,168,v025
XIYIK,391,616,225,v008
XIYIK,319,492,173,v012
XIYIK,333,571,238,v023
XIYIK,52,348,296,v008
XIYIK,45,343,298,v016
XIYIK,43,355,312,v026
XIYIK,110,537,427,v026
3JSX7,172,374,202,v027
3JSX7,312,552,240,v008
3JSX7,0,134,134,v022
3JSX7,0,139,139,v018
3JSX7,0,158,158,v018
TPJJJ,21,721,700,v008
TPJJJ,43,721,678,v014
TPJJJ,0,721,721,v010
TPJJJ,0,103,103,v000
O8N4M,0,460,460,v010
O8N4M,336,588,252,v004
O8N4M,182,427,245,v000
O8N4M,492,669,177,v022
O8N4M,316,568,252,v008
O8N4M,249,607,358,v018
O8N4M,540,681,141,v023
O8N4M,304,465,161,v023
O8N4M,417,580,163,v016
O8N4M,566,745,179,v008
DY5VP,0,510,510,v005
DY5VP,0,510,510,v008
DY5VP,0,510,510,v005
DY5VP,0,156,156,v025
DY5VP,0,156,156,v025
DY5VP,0,510,510,v008
KTXE0,0,60,60,v018
KTXE0,672,731,59,v018
KTXE0,0,731,731,v018
KTXE0,492,643,151,v023
KTXE0,0,731,731,v032
KTXE0,600,731,131,v005
KTXE0,542,731,189,v008
X7HCQ,0,91,91,v025
X7HCQ,45,782,737,v014
X7HCQ,9,122,113,v016
X7HCQ,74,782,708,v008
X7HCQ,0,117,117,v008
4LU0G,48,194,146,v016
4LU0G,134,266,132,v018
4LU0G,141,770,629,v018
4LU0G,578,784,206,v032
4LU0G,67,199,132,v016
4LU0G,139,266,127,v018
4LU0G,424,772,348,v008
4LU0G,0,187,187,v008
4LU0G,158,772,614,v018
9XOED,362,738,376,v014
9XOED,0,379,379,v027
9XOED,343,738,395,v023
9XOED,343,738,395,v016
9XOED,343,738,395,v008
YHFKO,108,197,89,v008
YHFKO,108,197,89,v014
YHFKO,19,158,139,v016
YHFKO,0,93,93,v020
472EJ,362,511,149,v016
472EJ,535,665,130,v001
472EJ,91,492,401,v008
472EJ,4,196,192,v023
472EJ,96,482,386,v005
472EJ,432,665,233,v012
472EJ,194,328,134,v019
ZWDVG,0,189,189,v016
ZWDVG,115,488,373,v008
ZWDVG,165,488,323,v022
ZWDVG,242,488,246,v018
ZWDVG,24,488,464,v026
ZWDVG,0,391,391,v010
ZWDVG,168,340,172,v000
ZWDVG,21,165,144,v016
ZWDVG,184,488,304,v000
ZWDVG,16,187,171,v023
ZWDVG,50,177,127,v025
BQ6UI,182,520,338,v030
BQ6UI,688,793,105,v029
QNKDI,446,655,209,v012
QNKDI,0,532,532,v031
QNKDI,0,774,774,v008
QNKDI,0,679,679,v018
QNKDI,439,774,335,v031
QNKDI,0,774,774,v008
QNKDI,597,774,177,v022
MEW6T,559,806,247,v020
MEW6T,0,525,525,v026
MEW6T,55,504,449,v023
MEW6T,55,504,449,v026
MEW6T,55,504,449,v026
MEW6T,448,756,308,v023
MEW6T,451,758,307,v016
MEW6T,813,862,49,v016
MEW6T,813,862,49,v026
MEW6T,813,862,49,v031
MEW6T,813,862,49,v029
MEW6T,813,862,49,v008
1FPW9,50,252,202,v021
1FPW9,427,609,182,v004
1FPW9,386,724,338,v018
1FPW9,72,297,225,v000
1FPW9,235,432,197,v026
1FPW9,0,156,156,v010
1FPW9,57,309,252,v000
1FPW9,172,295,123,v022
1FPW9,405,724,319,v023
1FPW9,242,446,204,v016
1FPW9,408,724,316,v008
1FPW9,194,472,278,v018
6AGSX,0,149,149,v004
XQSXK,292,451,159,v023
XQSXK,201,357,156,v016
XQSXK,40,352,312,v008
XQSXK,280,470,190,v008
XQSXK,276,386,110,v023
0D5I8,424,735,311,v013
0D5I8,0,735,735,v018
0D5I8,333,506,173,v022
0D5I8,0,436,436,v008
0D5I8,0,434,434,v014
6KUUU,9,376,367,v003
6KUUU,504,755,251,v005
6KUUU,4,376,372,v003
6KUUU,499,755,256,v005
6KUUU,0,755,755,v018
6KUUU,340,600,260,v008
6KUUU,340,600,260,v008
6KUUU,0,108,108,v008
BSDSA,576,696,120,v018
BSDSA,48,168,120,v031
BSDSA,576,696,120,v018
BSDSA,528,648,120,v008
BSDSA,340,513,173,v030
BSDSA,592,729,137,v023
BSDSA,535,679,144,v023
HVUH9,0,122,122,v016
HVUH9,40,159,119,v008
HVUH9,0,86,86,v008
HVUH9,48,159,111,v008
HVUH9,0,105,105,v016
HVUH9,52,159,107,v008
O1NO0,84,165,81,v008
O1NO0,14,134,120,v023
O1NO0,0,165,165,v026
GWLAI,0,222,222,v008
GWLAI,120,222,102,v008
GWLAI,122,222,100,v008
GWLAI,0,222,222,v023
GWLAI,0,222,222,v008
GWLAI,0,222,222,v023
DMKRS,0,855,855,v008
0KEZF,0,429,429,v014
0KEZF,300,708,408,v016
0KEZF,0,735,735,v008
0KEZF,218,448,230,v019
0KEZF,304,676,372,v012
0KEZF,0,643,643,v008
KNXCB,0,420,420,v014
KNXCB,0,218,218,v005
KNXCB,0,420,420,v008
KNXCB,0,420,420,v022
KX7FC,768,880,112,v001
KX7FC,0,746,746,v010
KX7FC,628,823,195,v022
KX7FC,0,768,768,v018
XNYAH,652,814,162,v031
XNYAH,0,580,580,v005
XNYAH,448,621,173,v022
XNYAH,0,547,547,v018
XNYAH,0,148,148,v023
XNYAH,0,547,547,v018
IWOUL,19,316,297,v012
IWOUL,76,268,192,v029
IWOUL,278,580,302,v008
IWOUL,220,523,303,v016
IWOUL,285,709,424,v019
IWOUL,0,228,228,v003
5A3FT,0,345,345,v032
5A3FT,0,345,345,v032
5A3FT,508,652,144,v010
5A3FT,0,619,619,v018
5A3FT,333,530,197,v028
5A3FT,280,424,144,v016
5A3FT,0,650,650,v031
9UZEY,264,391,127,v030
9UZEY,213,340,127,v001
9UZEY,0,304,304,v012
9UZEY,2,307,305,v026
9UZEY,0,288,288,v016
9UZEY,264,391,127,v030
TD6CM,489,758,269,v021
TD6CM,96,336,240,v003
TD6CM,448,602,154,v018
TD6CM,0,115,115,v023
TD6CM,0,108,108,v028
TD6CM,12,180,168,v008
TD6CM,0,124,124,v016
TD6CM,0,112,112,v025
TD6CM,266,758,492,v008
T0PJG,55,261,206,v029
T0PJG,343,822,479,v016
T0PJG,355,822,467,v031
T0PJG,182,324,142,v018
T0PJG,264,614,350,v026
T0PJG,182,324,142,v018
T0PJG,638,751,113,v022
T0PJG,187,302,115,v018
T0PJG,273,816,543,v008
T0PJG,708,822,114,v016
XJH0X,456,614,158,v008
XJH0X,252,573,321,v030
XJH0X,0,343,343,v023
XJH0X,496,614,118,v023
XJH0X,26,165,139,v008
XJH0X,280,530,250,v030
XJH0X,21,333,312,v030
NYPOF,158,277,119,v001
NYPOF,26,277,251,v008
NYPOF,21,148,127,v023
NYPOF,0,277,277,v008
NYPOF,148,277,129,v012
NYPOF,180,277,97,v001
NYPOF,21,148,127,v023
NYPOF,48,160,112,v008
ABU7B,600,748,148,v030
ABU7B,506,748,242,v030
ABU7B,453,609,156,v023
ABU7B,93,571,478,v019
ABU7B,456,748,292,v008
40309,537,700,163,v012
40309,631,745,114,v001
40309,525,693,168,v012
9BCOH,0,537,537,v031
9BCOH,0,537,537,v008
9BCOH,0,537,537,v018
V6ZO7,0,1437,1437,v008
V6ZO7,0,1437,1437,v014
V6ZO7,0,1437,1437,v018
1FGXJ,376,707,331,v008
1FGXJ,0,482,482,v008
1FGXJ,0,355,355,v005
1FGXJ,0,494,494,v008
1FGXJ,0,352,352,v005
1FGXJ,369,489,120,v016
1FGXJ,367,554,187,v023
MUGVM,98,494,396,v031
MUGVM,424,607,183,v023
MUGVM,259,554,295,v004
MUGVM,362,535,173,v026
MUGVM,480,626,146,v006
MUGVM,319,472,153,v016
MUGVM,0,444,444,v026
MUGVM,0,165,165,v030
MUGVM,326,472,146,v016
MUGVM,0,172,172,v030
MUGVM,405,731,326,v008
7L7P4,81,208,127,v016
7L7P4,146,348,202,v018
7L7P4,458,599,141,v022
7L7P4,201,573,372,v016
7L7P4,93,208,115,v018
3HUXR,0,878,878,v008
3HUXR,0,1000,1000,v027
3HUXR,0,892,892,v005
3HUXR,0,957,957,v010
3HUXR,0,1000,1000,v008
3HUXR,0,1000,1000,v031
3HUXR,897,1000,103,v027
W4MEA,352,568,216,v004
W4MEA,7,127,120,v027
W4MEA,129,352,223,v020
W4MEA,0,722,722,v018
W4MEA,0,696,696,v018
W4MEA,592,722,130,v022
W4MEA,444,595,151,v016
W4MEA,0,204,204,v032
W4MEA,451,583,132,v016
W4MEA,364,595,231,v008
W4MEA,0,684,684,v032
W4MEA,338,583,245,v023
W4MEA,52,583,531,v014
E06A2,96,314,218,v020
E06A2,244,367,123,v023
E06A2,249,398,149,v008
E06A2,33,187,154,v016
E06A2,45,175,130,v008
KDH19,0,492,492,v008
KDH19,31,492,461,v031
WJOR3,0,731,731,v018
WJOR3,98,731,633,v008
WJOR3,0,194,194,v031
TGKHG,424,849,425,v005
TGKHG,693,816,123,v005
TGKHG,38,204,166,v029
TGKHG,283,916,633,v008
TGKHG,36,177,141,v012
TGKHG,307,463,156,v020
TGKHG,288,919,631,v023
TGKHG,72,242,170,v001
VD8PU,0,364,364,v018
VD8PU,242,640,398,v023
VD8PU,196,648,452,v016
VD8PU,196,398,202,v023
VD8PU,134,405,271,v008
VD8PU,324,453,129,v029
VD8PU,0,501,501,v008
VD8PU,216,384,168,v022
VD8PU,0,343,343,v018
VD8PU,403,592,189,v016
29757,0,561,561,v010
29757,552,733,181,v031
29757,482,645,163,v017
29757,0,523,523,v018
29757,0,561,561,v008
29757,472,592,120,v022
G3CDA,52,555,503,v026
G3CDA,218,400,182,v020
G3CDA,43,547,504,v023
G3CDA,304,554,250,v016
PM6U2,129,338,209,v025
PM6U2,309,480,171,v023
PM6U2,165,343,178,v008
PM6U2,182,369,187,v025
PM6U2,328,573,245,v008
PM6U2,43,566,523,v008
PM6U2,136,338,202,v023
PM6U2,376,561,185,v029
7UZZI,50,640,590,v008
7UZZI,396,624,228,v008
7UZZI,194,326,132,v020
BQ4IN,0,216,216,v018
BQ4IN,168,764,596,v010
BQ4IN,0,235,235,v018
BQ4IN,132,259,127,v022
8TRIW,98,338,240,v005
8TRIW,352,786,434,v008
8TRIW,408,786,378,v026
8TRIW,172,336,164,v004
8TRIW,2,405,403,v023
8TRIW,309,786,477,v026
8TRIW,302,669,367,v029
8TRIW,14,393,379,v016
8TRIW,57,177,120,v016
8TRIW,117,259,142,v016
8TRIW,340,786,446,v023
8TRIW,259,398,139,v019
80YWL,0,100,100,v004
80YWL,0,180,180,v008
80YWL,60,194,134,v016
80YWL,57,252,195,v031
80YWL,55,175,120,v016
80YWL,208,315,107,v001
LK3LF,0,650,650,v031
LK3LF,290,532,242,v004
LK3LF,333,609,276,v016
LK3LF,175,331,156,v023
LK3LF,220,650,430,v008
LK3LF,321,504,183,v023
LK3LF,0,650,650,v018
LK3LF,444,595,151,v025
0SA65,0,90,90,v014
0SA65,0,72,72,v016
0SA65,0,90,90,v018
0SA65,0,90,90,v032
89IBC,16,453,437,v005
89IBC,28,441,413,v005
89IBC,0,672,672,v008
BID6Z,715,791,76,v001
BID6Z,465,619,154,v012
BID6Z,0,542,542,v026
BID6Z,513,705,192,v016
BID6Z,415,595,180,v023
BID6Z,14,523,509,v008
BID6Z,26,578,552,v026
BID6Z,398,566,168,v012
BID6Z,530,791,261,v001
BID6Z,458,621,163,v016
9M9OB,110,756,646,v025
9M9OB,36,199,163,v029
9M9OB,72,756,684,v008
KI6RS,429,585,156,v023
KI6RS,0,568,568,v010
KI6RS,456,616,160,v022
KI6RS,451,652,201,v008
KI6RS,412,540,128,v018
UBC9N,554,735,181,v008
UBC9N,345,585,240,v015
UBC9N,247,398,151,v016
UBC9N,499,735,236,v019
UBC9N,249,386,137,v016
UBC9N,268,735,467,v026
UBC9N,0,225,225,v020
ZZ2SF,0,422,422,v008
ZZ2SF,420,590,170,v008
ZZ2SF,0,456,456,v013
ZZ2SF,388,612,224,v005
ZZ2SF,0,362,362,v014
ZZ2SF,508,741,233,v004
SHTLT,0,777,777,v005
SHTLT,0,777,777,v008
SHTLT,278,436,158,v029
SHTLT,0,374,374,v005
SHTLT,391,580,189,v007
SHTLT,374,576,202,v001
SHTLT,0,777,777,v008
8L9AJ,446,748,302,v001
8L9AJ,64,405,341,v012
8L9AJ,302,778,476,v008
8L9AJ,328,487,159,v023
8L9AJ,328,487,159,v023
IZSPN,28,199,171,v012
IZSPN,74,739,665,v008
IZSPN,412,739,327,v028
IZSPN,218,432,214,v018
IZSPN,115,252,137,v001
IZSPN,21,148,127,v012
IZSPN,132,292,160,v023
IZSPN,288,739,451,v014
IZSPN,115,252,137,v001
T8DK4,0,388,388,v019
T8DK4,376,640,264,v016
T8DK4,0,252,252,v009
T8DK4,0,151,151,v019
T8DK4,0,731,731,v018
T8DK4,391,559,168,v006
T8DK4,84,559,475,v031
U896B,0,799,799,v019
U896B,0,799,799,v009
U896B,0,127,127,v028
U896B,96,343,247,v028
9X208,532,728,196,v008
9X208,0,554,554,v010
9X208,336,614,278,v000
9X208,518,657,139,v022
9X208,556,728,172,v029
9X208,532,643,111,v023
9X208,451,621,170,v000
9X208,576,728,152,v012
9X208,561,688,127,v007
QQUU5,84,242,158,v001
QQUU5,0,342,342,v008
QQUU5,0,115,115,v004
QQUU5,26,153,127,v016
QQUU5,84,247,163,v007
8XICU,0,603,603,v021
8XICU,235,603,368,v008
8XICU,235,603,368,v014
8XICU,168,288,120,v031
RJCNV,276,681,405,v018
RJCNV,319,681,362,v032
RJCNV,259,391,132,v018
RJCNV,0,81,81,v012
RJCNV,292,429,137,v012
RJCNV,0,69,69,v007
RJCNV,268,681,413,v018
RJCNV,76,220,144,v001
RJCNV,312,681,369,v031
61KCY,513,733,220,v008
61KCY,549,672,123,v023
61KCY,0,528,528,v003
61KCY,444,708,264,v020
61KCY,204,408,204,v016
FPU57,144,276,132,v001
FPU57,24,216,192,v012
FPU57,273,429,156,v018
FPU57,400,585,185,v031
FPU57,465,602,137,v006
FPU57,388,693,305,v006
FPU57,76,220,144,v029
FPU57,100,216,116,v007
FPU57,261,400,139,v018
FPU57,597,727,130,v022
MHI9B,636,780,144,v008
MHI9B,684,806,122,v016
MHI9B,0,230,230,v029
MHI9B,192,571,379,v015
MHI9B,213,789,576,v008
MHI9B,727,887,160,v023
MHI9B,736,887,151,v026
MHI9B,40,261,221,v006
CNQA9,0,754,754,v010
CNQA9,0,754,754,v008
CNQA9,0,754,754,v000
CNQA9,31,754,723,v009
TD1KD,436,631,195,v008
TD1KD,31,321,290,v008
TD1KD,144,319,175,v016
IJN3M,0,206,206,v008
IJN3M,600,995,395,v014
IJN3M,127,660,533,v008
IJN3M,86,206,120,v018
IJN3M,0,196,196,v014
IJN3M,105,674,569,v003
IJN3M,72,995,923,v018
VP6ID,93,763,670,v005
VP6ID,93,758,665,v005
VP6ID,0,912,912,v008
VP6ID,0,249,249,v018
VP6ID,0,912,912,v008
C6F8V,0,288,288,v019
C6F8V,0,447,447,v008
C6F8V,336,447,111,v009
C6F8V,0,447,447,v021
C6F8V,0,447,447,v031
C4DFA,170,316,146,v008
C4DFA,0,228,228,v023
C4DFA,316,441,125,v008
C4DFA,316,441,125,v023
C4DFA,333,463,130,v016
C4DFA,148,300,152,v012
C4DFA,660,838,178,v016
C4DFA,316,468,152,v016
C4DFA,19,324,305,v009
C4DFA,321,468,147,v016
C4DFA,676,838,162,v016
PNAXO,98,791,693,v005
PNAXO,0,791,791,v018
PNAXO,98,791,693,v005
PNAXO,0,791,791,v018
PNAXO,0,791,791,v008
PNAXO,0,791,791,v008
PNAXO,0,120,120,v023
1G2QC,309,691,382,v004
1G2QC,0,410,410,v003
1G2QC,595,815,220,v016
1G2QC,612,815,203,v008
1G2QC,547,684,137,v016
1G2QC,0,415,415,v008
1G2QC,621,815,194,v023
1G2QC,648,815,167,v008
U3EH7,76,403,327,v008
U3EH7,192,374,182,v008
U3EH7,364,705,341,v031
U3EH7,244,847,603,v009
U3EH7,0,858,858,v014
KLARI,0,864,864,v008
KLARI,19,864,845,v012
BBAVF,0,187,187,v031
BBAVF,290,472,182,v022
BBAVF,88,240,152,v018
BBAVF,144,393,249,v028
BBAVF,84,261,177,v018
BBAVF,256,487,231,v008
BBAVF,376,528,152,v029
BBAVF,172,393,221,v023
D4LRR,0,352,352,v008
D4LRR,460,731,271,v010
D4LRR,278,458,180,v012
D4LRR,480,731,251,v019
D4LRR,0,266,266,v013
D4LRR,0,278,278,v014
X2QWR,0,636,636,v018
X2QWR,616,722,106,v027
X2QWR,0,633,633,v031
X2QWR,561,722,161,v022
LW51F,271,389,118,v001
LW51F,0,389,389,v008
LW51F,0,364,364,v008
LW51F,0,148,148,v008
LW51F,62,367,305,v030
LW51F,0,364,364,v030
Q5BXH,0,1137,1137,v026
Q5BXH,0,1137,1137,v016
Q5BXH,0,1137,1137,v016
Q5BXH,0,1137,1137,v016
L57L2,72,480,408,v008
L57L2,369,525,156,v016
L57L2,547,763,216,v001
L57L2,472,674,202,v018
L57L2,578,2920,2342,v018
L57L2,352,628,276,v016
L57L2,338,628,290,v008
BL9JK,0,74,74,v008
BL9JK,556,751,195,v025
BL9JK,556,691,135,v025
BL9JK,523,679,156,v023
M91YM,100,199,99,v027
M91YM,237,588,351,v001
M91YM,184,576,392,v012
M91YM,0,93,93,v029
S1UFD,547,691,144,v008
S1UFD,0,141,141,v029
S1UFD,614,732,118,v027
S1UFD,160,499,339,v016
S1UFD,21,501,480,v016
S1UFD,52,196,144,v016
S1UFD,67,724,657,v026
ZV4JV,446,550,104,v008
ZV4JV,0,268,268,v008
ZV4JV,420,550,130,v023
ZV4JV,141,278,137,v016
L2N0G,88,194,106,v008
ETY8D,12,369,357,v020
ETY8D,278,405,127,v001
ETY8D,52,352,300,v016
ETY8D,184,396,212,v008
ETY8D,184,396,212,v023
ETY8D,266,408,142,v001
ETY8D,180,396,216,v016
ETY8D,180,396,216,v016
79QDP,9,538,529,v008
79QDP,242,408,166,v020
79QDP,0,538,538,v008
87ZB1,0,530,530,v032
87ZB1,249,412,163,v009
87ZB1,249,576,327,v019
87ZB1,165,338,173,v004
87ZB1,115,266,151,v023
87ZB1,0,613,613,v008
87ZB1,141,613,472,v008
MKDCU,0,820,820,v008
MKDCU,0,768,768,v021
MKDCU,667,899,232,v022
MKDCU,0,856,856,v031
MKDCU,676,806,130,v016
MKDCU,0,187,187,v000
MKDCU,811,899,88,v029
MKDCU,0,763,763,v010
LJ0JS,0,326,326,v031
LJ0JS,0,613,613,v021
LJ0JS,0,290,290,v004
LJ0JS,0,613,613,v008
LJ0JS,511,613,102,v029
6E4JA,0,103,103,v005
6E4JA,0,103,103,v005
6E4JA,124,295,171,v018
6E4JA,410,691,281,v018
6E4JA,175,384,209,v012
6E4JA,266,741,475,v008
6E4JA,0,544,544,v008
ORUV6,0,577,577,v018
ORUV6,355,475,120,v004
ORUV6,300,577,277,v008
ORUV6,0,352,352,v008
ORUV6,0,391,391,v019
ORUV6,0,352,352,v008
ORUV6,256,475,219,v016
3XH1V,0,915,915,v018
3XH1V,0,915,915,v031
3XH1V,0,915,915,v032
3XH1V,708,915,207,v019
3XH1V,0,915,915,v018
G6GQP,0,364,364,v031
G6GQP,98,362,264,v009
G6GQP,0,668,668,v008
G6GQP,55,523,468,v019
G6GQP,64,668,604,v019
1221S,321,547,226,v026
1221S,372,518,146,v029
1221S,319,446,127,v023
1221S,184,300,116,v022
1221S,410,564,154,v016
1221S,326,552,226,v008
WP8D0,91,290,199,v018
WP8D0,0,120,120,v012
WP8D0,132,580,448,v004
WP8D0,62,228,166,v008
WP8D0,108,273,165,v018
WP8D0,55,180,125,v022
WP8D0,206,480,274,v032
WP8D0,144,695,551,v018
WP8D0,192,309,117,v016
WP8D0,220,695,475,v032
WP8D0,24,163,139,v029
RS2H9,0,767,767,v004
RS2H9,240,767,527,v008
RS2H9,254,720,466,v009
RS2H9,0,767,767,v018
PHN7Z,480,648,168,v001
PHN7Z,0,228,228,v008
PHN7Z,153,434,281,v003
6YZOL,0,746,746,v008
6YZOL,0,103,103,v023
6YZOL,120,295,175,v026
6YZOL,489,698,209,v001
00HFP,326,525,199,v025
00HFP,67,537,470,v008
00HFP,468,645,177,v025
7OHQP,91,352,261,v031
7OHQP,700,752,52,v024
7OHQP,158,340,182,v006
7OHQP,264,566,302,v020
7OHQP,573,748,175,v023
PO74I,184,622,438,v008
PO74I,139,280,141,v023
PO74I,0,141,141,v017
WPPAT,398,578,180,v012
WPPAT,100,386,286,v029
WPPAT,492,616,124,v001
OBT3Q,139,708,569,v004
OBT3Q,0,708,708,v018
OBT3Q,0,708,708,v008
OBT3Q,0,247,247,v015
RVLXD,420,564,144,v001
RVLXD,477,575,98,v007
RVLXD,398,561,163,v001
RVLXD,276,417,141,v012
RVLXD,0,352,352,v003
RVLXD,492,575,83,v012
NNUCA,0,170,170,v008
NNUCA,38,163,125,v025
NNUCA,175,578,403,v021
NNUCA,360,477,117,v020
NNUCA,396,549,153,v009
NNUCA,12,177,165,v016
NNUCA,148,540,392,v008
NNUCA,84,235,151,v023
NNUCA,472,578,106,v019
NNUCA,168,355,187,v001
NNUCA,206,362,156,v001
I4IFT,372,775,403,v012
I4IFT,50,369,319,v003
I4IFT,276,410,134,v022
I4IFT,648,822,174,v017
I4IFT,384,744,360,v031
VSJ05,0,496,496,v004
VSJ05,0,528,528,v008
VSJ05,0,756,756,v018
VSJ05,62,336,274,v009
VSJ05,57,756,699,v019
N1FIJ,19,795,776,v004
N1FIJ,0,795,795,v008
AKNRA,55,211,156,v018
AKNRA,511,636,125,v022
AKNRA,115,607,492,v018
AKNRA,163,302,139,v031
H26YY,218,571,353,v005
H26YY,468,588,120,v016
H26YY,81,225,144,v016
H26YY,79,218,139,v016
H26YY,196,552,356,v005
H26YY,247,391,144,v008
H26YY,144,300,156,v023
H26YY,0,184,184,v008
H26YY,9,124,115,v008
H26YY,0,96,96,v029
H26YY,88,206,118,v016
H26YY,172,300,128,v023
9ITF3,559,703,144,v027
9ITF3,0,717,717,v008
9ITF3,0,103,103,v012
9ITF3,0,110,110,v016
9ITF3,0,88,88,v023
9ITF3,0,628,628,v016
U928R,0,276,276,v005
U928R,0,388,388,v009
U928R,369,544,175,v023
U928R,0,324,324,v019
U928R,0,544,544,v008
U928R,300,544,244,v029
U928R,420,544,124,v008
6QSON,0,412,412,v008
6QSON,372,583,211,v012
6QSON,403,638,235,v008
6QSON,549,672,123,v016
6QSON,307,434,127,v016
6QSON,228,417,189,v016
EXB02,278,427,149,v029
EXB02,0,228,228,v008
EXB02,0,540,540,v026
EXB02,45,374,329,v019
EXB02,0,723,723,v022
EXB02,321,723,402,v009
EXB02,288,723,435,v008
9GKCA,0,730,730,v008
9GKCA,0,730,730,v021
9GKCA,0,730,730,v018
9GKCA,326,710,384,v000
W8H3C,0,74,74,v008
W8H3C,204,436,232,v018
W8H3C,340,721,381,v018
W8H3C,0,721,721,v021
W8H3C,288,721,433,v018
W8H3C,0,721,721,v019
W8H3C,38,192,154,v027
W8H3C,369,721,352,v016
Q3HZI,0,336,336,v008
Q3HZI,0,225,225,v021
Q3HZI,206,424,218,v012
Q3HZI,376,506,130,v012
Q3HZI,228,336,108,v007
Q3HZI,357,554,197,v023
Q3HZI,0,88,88,v023
Q3HZI,295,412,117,v029
2YJUQ,172,818,646,v008
2YJUQ,566,758,192,v031
2YJUQ,465,583,118,v022
2YJUQ,321,547,226,v004
2YJUQ,172,376,204,v015
2YJUQ,103,232,129,v018
2YJUQ,285,412,127,v016
2YJUQ,456,578,122,v018
2YJUQ,717,832,115,v016
2YJUQ,81,441,360,v019
2YJUQ,122,564,442,v018
J8SHW,741,934,193,v011
J8SHW,600,777,177,v001
J8SHW,0,710,710,v026
J8SHW,0,772,772,v023
J8SHW,0,669,669,v026
J95X1,376,549,173,v012
J95X1,698,962,264,v010
J95X1,604,914,310,v000
J95X1,0,463,463,v021
J95X1,0,172,172,v000
J95X1,458,679,221,v022
J95X1,792,1000,208,v026
5ZHUE,134,775,641,v030
5ZHUE,0,86,86,v016
5ZHUE,48,261,213,v023
74S1R,50,201,151,v029
74S1R,228,460,232,v005
74S1R,96,336,240,v008
74S1R,223,487,264,v023
74S1R,103,324,221,v008
74S1R,112,278,166,v023
74S1R,0,156,156,v027
74S1R,290,480,190,v005
74S1R,223,403,180,v012
W4S0Q,43,736,693,v018
W4S0Q,261,736,475,v018
W4S0Q,48,736,688,v031
W4S0Q,228,736,508,v008
RH44U,0,259,259,v008
RH44U,216,803,587,v008
RH44U,170,307,137,v023
RH44U,110,259,149,v016
RH44U,57,559,502,v004
RH44U,98,400,302,v016
RH44U,168,564,396,v012
RH44U,93,360,267,v031
RH44U,434,803,369,v018
RH44U,626,803,177,v001
Q6IU9,439,597,158,v005
Q6IU9,686,773,87,v016
Q6IU9,362,535,173,v023
Q6IU9,288,439,151,v001
Q6IU9,0,391,391,v014
Q6IU9,463,655,192,v005
Q6IU9,0,415,415,v031
OYGP0,117,266,149,v012
OYGP0,40,194,154,v008
OYGP0,439,607,168,v016
OYGP0,237,544,307,v026
OYGP0,237,714,477,v008
BE51K,0,240,240,v031
BE51K,0,88,88,v008
BE51K,0,348,348,v016
BE51K,110,475,365,v018
BE51K,271,475,204,v018
YFBA1,55,206,151,v012
YFBA1,14,146,132,v023
YFBA1,0,103,103,v029
YFBA1,93,249,156,v010
YFBA1,43,552,509,v031
YFBA1,40,552,512,v010
YFBA1,9,552,543,v008
YFBA1,7,177,170,v018
TVTV7,316,674,358,v008
TVTV7,0,405,405,v018
TVTV7,285,422,137,v022
TVTV7,302,674,372,v026
8TDNF,0,817,817,v018
8TDNF,0,817,817,v031
8TDNF,0,817,817,v003
8TDNF,0,136,136,v016
I049A,0,386,386,v010
I049A,398,564,166,v018
I049A,98,501,403,v000
I049A,98,501,403,v000
I049A,568,727,159,v003
830OE,0,163,163,v008
830OE,62,184,122,v025
830OE,151,288,137,v009
830OE,146,764,618,v019
2I871,0,357,357,v008
2I871,460,755,295,v017
2I871,283,537,254,v008
2I871,264,398,134,v023
2I871,0,350,350,v010
2I871,264,547,283,v016
2I871,326,451,125,v029
2I871,0,350,350,v024
91J8K,180,400,220,v007
91J8K,0,700,700,v008
91J8K,0,700,700,v008
91J8K,0,750,750,v012
QNPDC,885,1030,145,v008
QNPDC,136,276,140,v008
QNPDC,163,312,149,v016
QNPDC,266,590,324,v015
QNPDC,391,595,204,v008
QNPDC,890,1030,140,v023
QNPDC,936,1030,94,v008
QNPDC,127,300,173,v016
0J1AQ,753,924,171,v001
0J1AQ,302,765,463,v014
0J1AQ,60,919,859,v018
0J1AQ,76,873,797,v008
0J1AQ,823,948,125,v022
0J1AQ,21,156,135,v018
0J1AQ,292,868,576,v031
0J1AQ,50,928,878,v018
0J1AQ,213,336,123,v016
0J1AQ,254,408,154,v012
LQGMM,40,1348,1308,v002
LQGMM,516,784,268,v012
LQGMM,943,1329,386,v002
LQGMM,681,888,207,v023
LQGMM,192,331,139,v004
LQGMM,674,825,151,v008
TOY9V,0,168,168,v012
TOY9V,88,218,130,v008
TOY9V,288,705,417,v012
TOY9V,244,384,140,v019
TOY9V,160,326,166,v001
TOY9V,288,723,435,v031
FNRYR,0,739,739,v006
FNRYR,0,739,739,v008
S3FY2,664,731,67,v008
S3FY2,664,731,67,v025
S3FY2,552,731,179,v028
S3FY2,602,731,129,v008
S3FY2,0,158,158,v019
S3FY2,0,731,731,v016
W7J00,0,609,609,v008
W7J00,9,576,567,v005
W7J00,561,751,190,v025
W7J00,0,597,597,v008
W7J00,98,225,127,v019
W7J00,540,751,211,v008
W7J00,535,700,165,v025
W7J00,604,751,147,v016
W7J00,0,96,96,v023
W7J00,0,153,153,v016
7O2LP,350,523,173,v025
7O2LP,0,499,499,v008
7O2LP,0,506,506,v008
7O2LP,556,679,123,v026
9KGIR,50,211,161,v001
9KGIR,108,324,216,v008
9KGIR,208,604,396,v005
9KGIR,19,158,139,v012
9KGIR,52,561,509,v008
9KGIR,650,777,127,v029
BXRSI,0,955,955,v026
BXRSI,0,955,955,v026
JN2E8,348,484,136,v016
JN2E8,0,384,384,v021
JN2E8,283,460,177,v025
JN2E8,0,333,333,v004
QNHM7,156,333,177,v004
QNHM7,367,625,258,v016
QNHM7,242,460,218,v016
QNHM7,0,151,151,v017
QNHM7,242,458,216,v016
QNHM7,129,616,487,v008
QNHM7,120,624,504,v004
QNHM7,96,264,168,v023
QNHM7,136,614,478,v008
QNHM7,139,247,108,v023
QNHM7,468,602,134,v016
YPUYO,170,764,594,v008
YPUYO,326,764,438,v019
YPUYO,216,764,548,v031
YPUYO,372,764,392,v009
YPUYO,204,475,271,v022
YPUYO,204,403,199,v012
YPUYO,189,391,202,v023
YPUYO,367,764,397,v019
YPUYO,62,268,206,v018
WKU7H,266,434,168,v016
WKU7H,115,280,165,v001
WKU7H,28,168,140,v012
WKU7H,115,280,165,v001
WKU7H,429,590,161,v023
WKU7H,494,804,310,v004
6VUKN,0,744,744,v018
6VUKN,62,357,295,v004
6VUKN,580,744,164,v029
6VUKN,432,528,96,v022
6VUKN,0,494,494,v031
6VUKN,0,508,508,v018
6VUKN,576,729,153,v012
I6UIG,0,585,585,v031
I6UIG,484,756,272,v025
96GC9,0,261,261,v004
96GC9,160,345,185,v016
96GC9,0,709,709,v018
96GC9,172,463,291,v005
96GC9,0,129,129,v023
96GC9,0,316,316,v008
96GC9,280,573,293,v008
96GC9,165,300,135,v023
96GC9,160,398,238,v008
96GC9,165,355,190,v016
96GC9,182,417,235,v008
96GC9,0,709,709,v018
96GC9,264,398,134,v016
CRTUY,182,468,286,v008
CRTUY,146,312,166,v023
CRTUY,2,232,230,v008
CRTUY,117,261,144,v016
CRTUY,530,638,108,v001
CRTUY,9,187,178,v025
CRTUY,31,242,211,v026
CRTUY,196,350,154,v016
CRTUY,424,530,106,v025
CRTUY,516,638,122,v001
CRTUY,7,244,237,v023
CRTUY,148,254,106,v016
CRTUY,7,607,600,v026
B5226,549,725,176,v008
B5226,0,638,638,v004
B5226,0,592,592,v005
B5226,0,616,616,v005
B5226,465,628,163,v016
B5226,477,643,166,v016
B5226,0,631,631,v008
B5226,561,725,164,v023
B5226,0,636,636,v008
3FEYY,254,393,139,v016
3FEYY,0,384,384,v030
3FEYY,0,391,391,v008
3FEYY,295,415,120,v016
3FEYY,0,391,391,v030
3FEYY,0,300,300,v015
3FEYY,288,487,199,v023
3FEYY,312,624,312,v002
3FEYY,16,434,418,v016
3FEYY,0,415,415,v008
3FEYY,0,408,408,v030
HCM54,0,520,520,v031
HCM54,96,252,156,v019
HCM54,14,237,223,v028
TPSUY,160,285,125,v025
TPSUY,0,276,276,v008
TPSUY,160,280,120,v025
TPSUY,144,288,144,v016
TPSUY,288,410,122,v026
TPSUY,0,693,693,v008
TPSUY,254,396,142,v025
TPSUY,268,417,149,v025
J9UX5,0,730,730,v021
VPBIO,12,132,120,v008
VPBIO,88,230,142,v016
VPBIO,484,612,128,v008
VPBIO,386,573,187,v028
VPBIO,530,739,209,v028
VPBIO,108,218,110,v012
VPBIO,4,386,382,v016
VPBIO,120,235,115,v025
3U6OZ,446,597,151,v018
3U6OZ,24,254,230,v001
3U6OZ,345,612,267,v018
3U6OZ,439,727,288,v020
3U6OZ,0,81,81,v029
V8LFC,194,350,156,v008
V8LFC,345,727,382,v010
U8V9N,0,357,357,v026
U8V9N,0,1127,1127,v008
U8V9N,621,751,130,v012
U8V9N,453,746,293,v031
U8V9N,780,1039,259,v026
KJOWG,681,753,72,v016
KJOWG,136,698,562,v030
KJOWG,0,753,753,v018
KJOWG,175,688,513,v030
6YZQO,144,264,120,v016
6YZQO,360,624,264,v031
6YZQO,240,360,120,v008
6YZQO,196,436,240,v023
6YZQO,0,256,256,v016
6YZQO,484,775,291,v016
A58GR,472,595,123,v008
A58GR,472,595,123,v023
A58GR,124,771,647,v008
A58GR,33,225,192,v023
A58GR,518,771,253,v001
A58GR,168,348,180,v012
A58GR,391,626,235,v016
A58GR,480,609,129,v016
QYV5R,0,1089,1089,v008
QYV5R,960,1089,129,v029
QYV5R,364,974,610,v016
QYV5R,141,957,816,v016
CG5KY,504,655,151,v016
CG5KY,0,547,547,v010
CG5KY,508,650,142,v016
CG5KY,604,760,156,v022
CG5KY,0,405,405,v000
CG5KY,482,722,240,v018
CG5KY,314,636,322,v008
CG5KY,0,405,405,v000
CG5KY,271,429,158,v023
FW5KJ,0,97,97,v016
FW5KJ,0,97,97,v019
FW5KJ,0,96,96,v008
DLKWO,120,360,240,v012
DLKWO,228,381,153,v023
DLKWO,0,74,74,v001
DLKWO,612,757,145,v016
TY68F,0,504,504,v014
TY68F,115,288,173,v016
TY68F,0,504,504,v008
TY68F,211,393,182,v004
TY68F,0,504,504,v008
TY68F,4,504,500,v008
TY68F,0,232,232,v008
TY68F,0,100,100,v029
TY68F,0,242,242,v008
PCZZS,463,871,408,v023
PCZZS,436,837,401,v023
PCZZS,2,477,475,v016
PCZZS,427,864,437,v026
PCZZS,9,482,473,v016
PCZZS,333,482,149,v016
PCZZS,9,492,483,v008
PCZZS,602,770,168,v008
PCZZS,444,662,218,v008
PCZZS,408,669,261,v023
RB9VI,405,628,223,v004
RB9VI,326,576,250,v023
RB9VI,0,367,367,v008
RB9VI,0,400,400,v026
RB9VI,0,427,427,v026
RB9VI,336,672,336,v008
RB9VI,256,439,183,v012
RB9VI,189,357,168,v025
RB9VI,264,460,196,v008
RB9VI,566,693,127,v029
RB9VI,220,331,111,v016
RB9VI,0,62,62,v023
J647I,283,752,469,v018
J647I,0,235,235,v008
J647I,0,232,232,v014
J647I,136,752,616,v008
J647I,136,752,616,v021
J647I,264,432,168,v018
J647I,0,69,69,v017
J647I,33,187,154,v024
J647I,136,261,125,v023
J647I,98,199,101,v016
J647I,50,165,115,v020
CRW0G,276,648,372,v010
CRW0G,0,288,288,v008
CRW0G,0,84,84,v020
CRW0G,422,648,226,v004
CRW0G,0,235,235,v031
CRW0G,144,360,216,v018
CRW0G,91,204,113,v019
CRW0G,451,619,168,v008
CRW0G,405,535,130,v000
EUJK0,494,752,258,v008
EUJK0,456,638,182,v023
EUJK0,343,530,187,v001
EUJK0,410,578,168,v016
EUJK0,0,752,752,v018
EUJK0,489,752,263,v012
EUJK0,501,752,251,v031
EUJK0,0,540,540,v008
EUJK0,0,530,530,v009
EUJK0,0,511,511,v031
EUJK0,496,752,256,v019
EUJK0,0,537,537,v014
EUJK0,609,752,143,v019
HKJUR,484,655,171,v001
HKJUR,472,778,306,v004
HKJUR,45,261,216,v012
HKJUR,146,280,134,v019
HKJUR,266,600,334,v023
STYTN,374,583,209,v018
STYTN,55,196,141,v023
STYTN,338,489,151,v018
STYTN,52,187,135,v012
STYTN,463,604,141,v022
STYTN,69,254,185,v023
STYTN,240,391,151,v016
STYTN,55,369,314,v008
MZHDX,0,657,657,v010
MZHDX,600,754,154,v026
MZHDX,588,754,166,v022
MZHDX,0,640,640,v008
MZHDX,69,175,106,v023
MZHDX,196,312,116,v023
MZHDX,614,754,140,v026
MZHDX,0,636,636,v026
MZHDX,0,648,648,v016
MZHDX,607,754,147,v023
MZHDX,280,636,356,v026
KVGRN,242,496,254,v013
KVGRN,0,124,124,v031
KVGRN,208,496,288,v008
C5LCU,14,175,161,v012
C5LCU,48,772,724,v031
C5LCU,2,151,149,v018
C5LCU,9,772,763,v018
C5LCU,40,772,732,v018
D2CEL,0,211,211,v008
D2CEL,69,249,180,v016
D2CEL,523,778,255,v003
D2CEL,698,778,80,v031
D2CEL,100,309,209,v023
NY0IW,256,379,123,v016
NY0IW,103,304,201,v028
NY0IW,256,379,123,v016
NY0IW,72,451,379,v023
CXF35,69,420,351,v010
CXF35,350,549,199,v007
CXF35,228,439,211,v022
CXF35,62,412,350,v018
CXF35,60,393,333,v031
CXF35,12,410,398,v018
CXF35,446,624,178,v018
CXF35,328,494,166,v012
CXF35,117,369,252,v016
CXF35,122,336,214,v008
SSX6D,396,640,244,v014
SSX6D,410,559,149,v008
N7GBK,0,105,105,v025
N7GBK,48,121,73,v016
N7GBK,45,121,76,v016
N7GBK,0,105,105,v016
N7GBK,12,121,109,v025
N7GBK,12,121,109,v030
N7GBK,0,117,117,v019
N7GBK,0,105,105,v008
N7GBK,0,121,121,v008
3CW6P,0,576,576,v008
3CW6P,0,576,576,v026
3CW6P,573,720,147,v012
3CW6P,468,585,117,v022
3CW6P,0,576,576,v026
3CW6P,588,705,117,v025
3CW6P,657,726,69,v029
3CW6P,494,674,180,v030
3CW6P,460,688,228,v008
3CW6P,374,501,127,v016
3CW6P,451,604,153,v023
3CW6P,374,501,127,v025
3CW6P,566,684,118,v025
B7SZJ,0,79,79,v008
B7SZJ,60,180,120,v001
B7SZJ,336,453,117,v001
B7SZJ,136,350,214,v008
B7SZJ,240,352,112,v012
B7SZJ,117,256,139,v012
B7SZJ,261,412,151,v016
B7SZJ,132,432,300,v023
B7SZJ,36,170,134,v029
B7SZJ,108,252,144,v029
B7SZJ,405,554,149,v029
MV0TX,12,622,610,v018
MV0TX,235,338,103,v005
MV0TX,211,381,170,v008
MV0TX,0,132,132,v018
MV0TX,547,622,75,v022
MV0TX,228,511,283,v005
MV0TX,79,424,345,v008
MV0TX,223,520,297,v005
MV0TX,7,622,615,v018
MV0TX,520,622,102,v016
MV0TX,494,622,128,v016
MV0TX,216,338,122,v008
MV0TX,172,316,144,v023
MV0TX,172,316,144,v023
MV0TX,508,622,114,v016
GBMNT,328,717,389,v016
GBMNT,0,420,420,v008
GBMNT,249,415,166,v016
GBMNT,242,420,178,v023
GBMNT,381,585,204,v012
GBMNT,0,134,134,v029
GBMNT,177,774,597,v016
D3N3P,324,410,86,v025
D3N3P,0,379,379,v003
D3N3P,324,410,86,v025
D3N3P,0,79,79,v023
D3N3P,0,410,410,v008
K8RW9,302,468,166,v027
K8RW9,0,527,527,v008
YRJMX,417,740,323,v008
YRJMX,422,740,318,v026
YRJMX,415,740,325,v026
YRJMX,0,511,511,v018
8MLCU,84,699,615,v016
8MLCU,45,216,171,v008
8MLCU,105,244,139,v016
8MLCU,204,345,141,v012
8MLCU,112,247,135,v029
WVOQP,398,511,113,v016
WVOQP,484,616,132,v004
WVOQP,0,882,882,v018
WVOQP,256,427,171,v005
WVOQP,832,882,50,v008
WVOQP,832,882,50,v023
WVOQP,832,882,50,v023
WVOQP,832,882,50,v023
WVOQP,225,475,250,v005
WVOQP,220,348,128,v008
WVOQP,21,211,190,v018
WVOQP,369,882,513,v008
WVOQP,357,882,525,v023
WVOQP,314,882,568,v023
34J80,69,537,468,v004
34J80,463,672,209,v016
34J80,0,727,727,v018
34J80,456,638,182,v023
D3PPI,0,803,803,v018
D3PPI,456,803,347,v008
D3PPI,0,803,803,v031
D3PPI,607,803,196,v013
D3PPI,436,556,120,v023
D3PPI,468,803,335,v014
MXW4N,72,446,374,v008
MXW4N,0,194,194,v017
MXW4N,117,761,644,v019
MXW4N,21,761,740,v008
MXW4N,240,761,521,v024
BHTPL,67,253,186,v016
BHTPL,48,253,205,v023
BHTPL,62,208,146,v031
BHTPL,0,122,122,v012
BHTPL,19,223,204,v008
BHTPL,0,165,165,v023
XFS7Z,633,806,173,v016
XFS7Z,559,760,201,v020
XFS7Z,669,998,329,v016
XFS7Z,890,1120,230,v005
XFS7Z,151,806,655,v008
XFS7Z,686,1120,434,v008
XFS7Z,132,484,352,v023
XFS7Z,151,811,660,v025
WREDC,364,576,212,v016
WREDC,79,422,343,v004
WREDC,55,511,456,v008
WREDC,396,549,153,v016
WREDC,357,549,192,v016
WREDC,0,552,552,v008
WREDC,0,288,288,v023
OMBR9,180,1502,1322,v018
OMBR9,1406,1543,137,v022
OMBR9,312,456,144,v023
OMBR9,108,314,206,v018
OMBR9,1156,1512,356,v004
OMBR9,1056,1238,182,v016
OMBR9,592,1238,646,v005
OMBR9,492,1557,1065,v016
OMBR9,578,1041,463,v023
OMBR9,139,345,206,v018
OMBR9,547,705,158,v023
OMBR9,609,861,252,v008
A5CRZ,84,256,172,v018
A5CRZ,192,1101,909,v008
A5CRZ,184,1101,917,v005
A5CRZ,96,1118,1022,v018
A5CRZ,0,220,220,v018
A5CRZ,112,1113,1001,v018
A5CRZ,352,492,140,v006
FTG07,204,410,206,v012
FTG07,127,439,312,v016
FTG07,518,976,458,v016
FTG07,1154,1334,180,v001
FTG07,127,852,725,v008
FTG07,36,969,933,v023
FTG07,693,1159,466,v016
FTG07,21,223,202,v026
FTG07,120,230,110,v023
FTG07,120,844,724,v008
FTG07,307,439,132,v029
FTG07,230,355,125,v007
FTG07,295,460,165,v007
FTG07,427,585,158,v007
OGK5Y,794,943,149,v022
OGK5Y,74,924,850,v018
AJRIJ,0,763,763,v008
AJRIJ,0,261,261,v021
AJRIJ,0,763,763,v018
AJRIJ,0,763,763,v021
ZWE6N,369,873,504,v008
ZWE6N,52,904,852,v008
ZWE6N,182,420,238,v004
ZWE6N,789,906,117,v016
ZWE6N,518,696,178,v023
ZWE6N,736,864,128,v016
ZWE6N,48,211,163,v023
GLGQJ,506,703,197,v001
GLGQJ,0,422,422,v030
GLGQJ,681,938,257,v008
GLGQJ,686,943,257,v014
GLGQJ,468,768,300,v023
GLGQJ,0,242,242,v030
GLGQJ,453,573,120,v016
GLGQJ,0,520,520,v030
MO4WK,0,517,517,v014
MO4WK,314,475,161,v020
MO4WK,0,517,517,v018
MO4WK,0,517,517,v018
MO4WK,0,517,517,v032
MO4WK,0,517,517,v031
8D3M4,592,820,228,v008
FPXL7,96,204,108,v016
FPXL7,326,781,455,v007
FPXL7,88,216,128,v016
FPXL7,441,614,173,v001
FPXL7,379,501,122,v012
FPXL7,108,235,127,v016
FPXL7,168,309,141,v019
EMH48,0,69,69,v008
48EEP,0,720,720,v031
48EEP,0,297,297,v019
48EEP,0,141,141,v009
J5FLP,288,699,411,v009
J5FLP,0,408,408,v031
J5FLP,403,597,194,v031
J5FLP,324,699,375,v019
J5FLP,280,699,419,v018
5D1FD,0,730,730,v008
5D1FD,105,319,214,v023
5D1FD,532,717,185,v027
5D1FD,0,730,730,v008
5D1FD,218,417,199,v005
5D1FD,72,204,132,v019
5D1FD,124,249,125,v012
GM4QR,0,489,489,v008
GM4QR,0,492,492,v026
GM4QR,408,600,192,v008
GM4QR,408,691,283,v023
GM4QR,86,223,137,v020
GM4QR,328,489,161,v016
3YNPY,201,337,136,v018
3YNPY,62,170,108,v016
3YNPY,60,170,110,v016
3YNPY,163,309,146,v018
3YNPY,0,304,304,v022
3YNPY,55,177,122,v025
3YNPY,0,132,132,v026
3YNPY,0,170,170,v008
55FRY,309,556,247,v004
55FRY,79,278,199,v016
55FRY,199,391,192,v018
55FRY,93,201,108,v025
55FRY,542,679,137,v022
55FRY,172,384,212,v018
55FRY,278,640,362,v018
TOOYI,292,458,166,v001
TOOYI,0,112,112,v012
TOOYI,400,573,173,v016
TOOYI,110,448,338,v016
TOOYI,412,573,161,v016
TOOYI,192,508,316,v019
TOOYI,0,573,573,v008
TOOYI,12,136,124,v023
TOOYI,38,177,139,v016
TOOYI,16,168,152,v008
1WAOU,0,110,110,v004
1WAOU,408,564,156,v029
1WAOU,364,765,401,v008
TOE9V,81,206,125,v008
TOE9V,93,223,130,v016
TOE9V,86,218,132,v025
TOE9V,0,120,120,v008
TOE9V,14,136,122,v025
TOE9V,100,230,130,v025
TOE9V,100,230,130,v016
TOE9V,26,136,110,v025
TOE9V,93,199,106,v008
2MGC1,103,242,139,v029
2MGC1,0,846,846,v008
2MGC1,86,216,130,v012
2MGC1,117,268,151,v001
2MGC1,556,846,290,v015
2MGC1,201,319,118,v007
LLLXJ,0,665,665,v014
LLLXJ,0,88,88,v008
LLLXJ,26,247,221,v017
LLLXJ,0,665,665,v008
K7E8L,0,276,276,v026
K7E8L,357,913,556,v026
K7E8L,796,913,117,v020
K7E8L,331,564,233,v026
K7E8L,0,316,316,v008
K7E8L,170,336,166,v016
K7E8L,352,499,147,v023
K7E8L,386,913,527,v008
W1QG3,134,900,766,v008
W1QG3,266,422,156,v020
W1QG3,504,842,338,v016
W1QG3,386,561,175,v023
W1QG3,648,880,232,v006
IKQLJ,0,192,192,v008
IKQLJ,0,1504,1504,v008
IKQLJ,254,1339,1085,v031
IKQLJ,0,199,199,v023
IKQLJ,103,343,240,v016
IKQLJ,1137,1286,149,v004
IKQLJ,1303,1483,180,v022
IKQLJ,134,319,185,v018
IKQLJ,1144,1332,188,v016
IKQLJ,12,184,172,v029
IKQLJ,208,1370,1162,v014
IKQLJ,0,304,304,v023
I5L3Y,156,324,168,v004
I5L3Y,136,324,188,v008
I5L3Y,129,280,151,v012
I5L3Y,314,788,474,v026
I5L3Y,122,276,154,v029
I5L3Y,117,788,671,v031
I5L3Y,211,336,125,v016
E9EKR,153,463,310,v008
E9EKR,364,472,108,v025
E9EKR,0,256,256,v018
E9EKR,153,276,123,v022
E9EKR,0,69,69,v018
E9EKR,151,321,170,v023
5ZXA3,597,738,141,v001
5ZXA3,564,705,141,v031
5ZXA3,494,693,199,v014
5ZXA3,362,499,137,v016
5ZXA3,357,487,130,v016
5ZXA3,0,487,487,v008
5ZXA3,0,451,451,v032
099Y1,472,655,183,v001
099Y1,396,554,158,v008
099Y1,72,259,187,v012
099Y1,249,573,324,v023
099Y1,578,700,122,v031
099Y1,588,734,146,v016
099Y1,585,727,142,v016
099Y1,52,249,197,v007
099Y1,328,727,399,v008
099Y1,52,384,332,v012
099Y1,295,636,341,v023
099Y1,484,745,261,v001
PV745,302,636,334,v008
PV745,364,1286,922,v008
PV745,770,1672,902,v016
PV745,672,1365,693,v018
PV745,972,1180,208,v022
PV745,285,962,677,v023
PV745,276,936,660,v016
PV745,823,1173,350,v028
PV745,57,444,387,v012
PV745,136,391,255,v018
PV745,717,1005,288,v016
PV745,813,1120,307,v003
PV745,136,1207,1071,v018
PV745,873,1758,885,v016
PV745,532,840,308,v016
PV745,172,355,183,v023
PV745,268,566,298,v023
F1FV0,0,724,724,v010
F1FV0,0,81,81,v019
F1FV0,0,724,724,v021
F1FV0,0,81,81,v000
F1FV0,259,544,285,v008
F1FV0,360,717,357,v014
F1FV0,170,355,185,v023
6AQVX,165,705,540,v004
6AQVX,0,740,740,v008
6AQVX,0,740,740,v008
6AQVX,0,740,740,v008
J3UKN,552,791,239,v029
J3UKN,24,552,528,v005
J3UKN,0,170,170,v023
J3UKN,470,621,151,v022
J3UKN,0,122,122,v012
J3UKN,463,609,146,v016
J3UKN,0,607,607,v018
J3UKN,0,607,607,v018
J3UKN,0,590,590,v008
2P6ZP,24,168,144,v016
2P6ZP,31,158,127,v016
2P6ZP,470,751,281,v005
2P6ZP,530,693,163,v019
2P6ZP,482,631,149,v016
2P6ZP,530,693,163,v008
2P6ZP,472,600,128,v005
2P6ZP,0,756,756,v022
2P6ZP,201,540,339,v023
2P6ZP,0,160,160,v008
8JT6S,0,180,180,v008
8JT6S,76,180,104,v016
8JT6S,0,709,709,v008
8JT6S,129,268,139,v016
8JT6S,184,709,525,v021
8JT6S,151,280,129,v010
QWHFE,540,698,158,v001
QWHFE,376,508,132,v012
QWHFE,0,398,398,v002
QWHFE,528,707,179,v016
QWHFE,554,707,153,v008
QWHFE,535,650,115,v023
92II5,0,776,776,v014
92II5,0,776,776,v008
VTYXW,492,655,163,v001
VTYXW,636,921,285,v015
VTYXW,105,254,149,v012
VTYXW,105,254,149,v012
VTYXW,943,1579,636,v002
VTYXW,542,1005,463,v023
6QH7V,475,638,163,v025
6QH7V,0,737,737,v008
6QH7V,43,172,129,v024
6QH7V,268,715,447,v008
6QH7V,268,432,164,v016
0JXN3,271,460,189,v020
0JXN3,88,237,149,v025
0JXN3,115,223,108,v025
OMHFD,0,739,739,v008
OMHFD,477,698,221,v009
OMHFD,422,540,118,v023
OMHFD,0,525,525,v013
OMHFD,367,700,333,v019
OMHFD,0,739,739,v014
OMHFD,357,544,187,v016
2R13Z,0,735,735,v008
2R13Z,0,735,735,v024
2R13Z,0,735,735,v032
2R13Z,81,280,199,v014
2R13Z,0,735,735,v018
BTN7H,520,931,411,v008
BTN7H,21,276,255,v001
BTN7H,194,612,418,v028
BTN7H,542,931,389,v014
BTN7H,744,871,127,v019
BTN7H,352,484,132,v031
BTN7H,530,667,137,v023
KS85E,180,573,393,v008
KS85E,110,312,202,v023
KS85E,91,235,144,v012
KS85E,300,590,290,v005
KS85E,208,321,113,v016
KS85E,129,273,144,v023
KS85E,67,302,235,v008
KS85E,45,314,269,v023
PEY34,230,427,197,v016
PEY34,264,429,165,v016
PEY34,355,573,218,v008
PEY34,0,124,124,v004
PEY34,28,254,226,v009
5TF8P,48,682,634,v008
5TF8P,0,682,682,v026
5TF8P,79,682,603,v023
7RI1Y,0,793,793,v008
7RI1Y,530,705,175,v026
7RI1Y,456,626,170,v012
7RI1Y,549,748,199,v001
DIEEO,0,187,187,v008
DIEEO,64,194,130,v016
DIEEO,0,187,187,v004
DIEEO,103,520,417,v009
DIEEO,0,187,187,v008
DIEEO,105,499,394,v019
DIEEO,0,206,206,v008
DIEEO,0,504,504,v008
DIEEO,144,254,110,v019
NJ0X1,0,564,564,v024
NJ0X1,420,564,144,v018
NJ0X1,0,528,528,v018
YNIWQ,218,417,199,v008
YNIWQ,314,542,228,v025
YNIWQ,26,544,518,v008
YNIWQ,436,552,116,v016
YNIWQ,436,556,120,v025
YNIWQ,504,727,223,v012
YNIWQ,0,69,69,v012
YNIWQ,98,264,166,v001
YNIWQ,74,216,142,v012
YNIWQ,0,136,136,v023
YNIWQ,40,280,240,v031
YNIWQ,662,747,85,v001
YNIWQ,0,571,571,v008
YNIWQ,369,578,209,v016
YNIWQ,415,559,144,v016
YNIWQ,420,559,139,v023
QUGLP,98,312,214,v029
QUGLP,43,758,715,v008
QUGLP,64,244,180,v012
QUGLP,12,127,115,v023
QUGLP,655,770,115,v016
QUGLP,74,189,115,v007
46Z16,50,1161,1111,v008
46Z16,979,1161,182,v016
46Z16,0,182,182,v003
46Z16,136,837,701,v003
46Z16,787,1022,235,v028
46Z16,828,1029,201,v016
46Z16,57,518,461,v028
46Z16,57,878,821,v026
46Z16,0,141,141,v016
46Z16,38,187,149,v008
46Z16,9,1161,1152,v024
S1N2U,297,400,103,v027
S1N2U,0,436,436,v010
S1N2U,357,794,437,v018
S1N2U,547,794,247,v003
S1N2U,127,319,192,v000
S1N2U,141,480,339,v000
E6TED,225,432,207,v008
E6TED,528,731,203,v004
E6TED,62,180,118,v022
E6TED,208,328,120,v023
E6TED,372,595,223,v008
E6TED,484,600,116,v016
E6TED,482,600,118,v016
E6TED,261,417,156,v019
E6TED,364,559,195,v023
E6TED,376,580,204,v015
IZZ3Y,249,434,185,v012
IZZ3Y,127,278,151,v023
IZZ3Y,19,194,175,v008
IZZ3Y,115,295,180,v005
IZZ3Y,192,350,158,v004
IZZ3Y,460,590,130,v008
IZZ3Y,338,796,458,v031
NILOB,0,699,699,v008
MRNFI,38,244,206,v001
MRNFI,160,870,710,v008
MRNFI,208,870,662,v014
MRNFI,0,134,134,v007
FH9AB,705,836,131,v001
FH9AB,696,801,105,v007
FH9AB,2,660,658,v026
NBIR0,381,552,171,v001
NBIR0,487,691,204,v016
NBIR0,36,345,309,v028
NBIR0,297,446,149,v023
NBIR0,746,776,30,v023
NBIR0,468,708,240,v026
NBIR0,266,472,206,v025
NBIR0,648,776,128,v023
NBIR0,420,556,136,v001
NBIR0,468,583,115,v026
NBIR0,139,254,115,v025
6NWDR,343,781,438,v008
6NWDR,602,781,179,v005
6NWDR,28,357,329,v020
6NWDR,285,417,132,v012
T2J3M,595,760,165,v001
T2J3M,170,372,202,v012
T2J3M,314,609,295,v016
T2J3M,609,741,132,v001
T2J3M,220,379,159,v012
T2J3M,537,652,115,v026
T2J3M,288,460,172,v029
T2J3M,189,364,175,v007
T2J3M,364,664,300,v007
T2J3M,141,489,348,v008
215QU,0,757,757,v031
215QU,0,757,757,v014
215QU,0,757,757,v018
215QU,0,757,757,v018
215QU,0,757,757,v032
Y4IIO,595,741,146,v001
Y4IIO,0,124,124,v012
Y4IIO,302,496,194,v030
Y4IIO,319,487,168,v026
Y4IIO,319,487,168,v030
Y4IIO,489,724,235,v026
C83CD,0,132,132,v008
C83CD,0,759,759,v012
C3CGB,88,256,168,v008
C3CGB,302,439,137,v008
C3CGB,477,657,180,v005
0PGAD,261,444,183,v007
0PGAD,36,283,247,v028
0PGAD,307,466,159,v029
0PGAD,278,420,142,v012
0PGAD,38,466,428,v008
SZWKQ,12,175,163,v008
SZWKQ,168,388,220,v020
QUE13,86,157,71,v008
QUE13,28,157,129,v012
QUE13,14,148,134,v016
QUE13,0,108,108,v029
QUE13,81,157,76,v001
8Q0EY,0,720,720,v002
8Q0EY,540,759,219,v008
RJF6F,0,506,506,v008
RJF6F,340,506,166,v023
TS2TD,297,429,132,v015
TS2TD,693,811,118,v031
TS2TD,640,811,171,v008
TS2TD,628,811,183,v016
TS2TD,62,182,120,v016
TS2TD,153,290,137,v023
TS2TD,705,811,106,v012
TS2TD,657,801,144,v018
TS2TD,636,772,136,v023
TS2TD,636,770,134,v018
TS2TD,33,148,115,v022
TS2TD,4,129,125,v019
M52K2,938,1094,156,v023
M52K2,674,866,192,v016
M52K2,945,1094,149,v016
M52K2,175,398,223,v015
M52K2,952,1142,190,v008
M52K2,952,1120,168,v008
M52K2,432,588,156,v022
M52K2,1168,1350,182,v025
M52K2,40,561,521,v018
M52K2,19,170,151,v018
M52K2,60,446,386,v008
M52K2,424,547,123,v016
XLR4B,127,729,602,v005
XLR4B,513,729,216,v031
XLR4B,513,729,216,v018
XLR4B,55,331,276,v002
XLR4B,2,729,727,v008
XLR4B,28,717,689,v005
XLR4B,436,626,190,v018
XLR4B,523,729,206,v018
XLR4B,9,204,195,v008
XLR4B,535,729,194,v031
SPDLO,585,988,403,v016
SPDLO,175,640,465,v026
SPDLO,0,592,592,v016
SPDLO,0,616,616,v016
SPDLO,549,988,439,v023
SPDLO,0,631,631,v016
SPDLO,0,566,566,v023
SPDLO,0,655,655,v008
SPDLO,633,988,355,v026
SPDLO,516,664,148,v016
SBOI8,0,355,355,v005
SBOI8,273,579,306,v016
SBOI8,0,579,579,v018
SBOI8,288,468,180,v016
O5N93,0,655,655,v005
O5N93,0,67,67,v019
O5N93,0,655,655,v005
O5N93,672,810,138,v008
O5N93,566,696,130,v016
O5N93,0,679,679,v008
O5N93,595,696,101,v016
O5N93,595,753,158,v023
O5N93,554,674,120,v016
O5N93,0,691,691,v008
O5N93,0,688,688,v008
XMF8Y,0,666,666,v008
XMF8Y,285,666,381,v008
XMF8Y,0,666,666,v005
XMF8Y,72,666,594,v018
XMF8Y,28,218,190,v018
XMF8Y,201,666,465,v013
XMF8Y,0,127,127,v010
XMF8Y,100,666,566,v014
XMF8Y,28,666,638,v010
XMF8Y,28,666,638,v018
XMF8Y,115,228,113,v023
LFBCQ,14,156,142,v012
LFBCQ,156,304,148,v001
LFBCQ,14,156,142,v012
PXBN0,91,676,585,v008
PXBN0,590,693,103,v005
EXG45,556,691,135,v001
EXG45,585,715,130,v016
EXG45,0,638,638,v032
EXG45,0,732,732,v032
EXG45,0,645,645,v014
EXG45,592,732,140,v025
EXG45,537,662,125,v023
EXG45,528,708,180,v008
UOI76,264,441,177,v016
UOI76,211,374,163,v023
UOI76,0,846,846,v014
UOI76,0,846,846,v018
UOI76,0,846,846,v032
UOI76,180,448,268,v016
GN912,355,487,132,v008
GN912,398,487,89,v023
GN912,412,487,75,v009
GN912,441,487,46,v005
GN912,441,487,46,v005
GN912,441,487,46,v016
GN912,441,487,46,v008
GN912,441,487,46,v008
NSM0B,249,519,270,v008
NSM0B,211,519,308,v031
9GQRI,530,1019,489,v012
9GQRI,0,578,578,v002
9GQRI,247,446,199,v020
9GQRI,595,708,113,v023
9GQRI,640,1019,379,v016
ANAR5,0,189,189,v004
ANAR5,88,228,140,v012
ANAR5,0,723,723,v018
ANAR5,96,278,182,v023
ANAR5,74,278,204,v005
ANAR5,0,69,69,v023
ANAR5,28,153,125,v016
ANAR5,79,256,177,v008
ANAR5,0,170,170,v008
ANAR5,0,723,723,v008
0H04V,444,643,199,v009
0H04V,0,132,132,v008
0H04V,684,795,111,v016
0H04V,333,504,171,v016
0H04V,547,672,125,v016
TZSIE,434,712,278,v029
TZSIE,307,470,163,v022
TZSIE,0,456,456,v018
TZSIE,0,74,74,v012
TZSIE,0,463,463,v018
TZSIE,0,163,163,v001
N67PL,612,734,122,v008
N67PL,0,588,588,v005
N67PL,369,518,149,v009
N67PL,540,664,124,v022
N67PL,0,636,636,v018
N67PL,144,532,388,v019
N67PL,19,216,197,v008
N67PL,105,220,115,v016
N67PL,0,636,636,v018
N67PL,578,734,156,v023
JCLES,360,501,141,v001
JCLES,276,391,115,v012
JCLES,0,192,192,v008
JCLES,55,187,132,v018
JCLES,566,708,142,v023
JCLES,688,734,46,v018
JCLES,688,734,46,v023
JCLES,688,734,46,v016
TIS3Z,31,792,761,v005
TIS3Z,662,792,130,v001
TIS3Z,0,722,722,v008
TIS3Z,50,792,742,v005
TIS3Z,684,792,108,v001
TIS3Z,36,309,273,v008
TIS3Z,0,134,134,v012
TIS3Z,0,792,792,v008
TIS3Z,312,746,434,v016
JCNHL,458,650,192,v012
JCNHL,288,513,225,v025
JCNHL,9,211,202,v019
JCNHL,201,458,257,v028
JCNHL,492,650,158,v026
JCNHL,297,451,154,v008
JCNHL,484,643,159,v016
H4IT6,0,105,105,v008
H4IT6,9,210,201,v029
H4IT6,40,189,149,v009
H4IT6,0,210,210,v024
H4IT6,40,201,161,v019
H4IT6,0,210,210,v014
ORJTD,0,746,746,v018
ORJTD,0,746,746,v026
ORJTD,249,626,377,v016
ORJTD,0,621,621,v008
ORJTD,590,746,156,v025
81NAT,376,578,202,v008
81NAT,67,326,259,v028
81NAT,180,326,146,v016
81NAT,295,436,141,v023
0H5VC,424,554,130,v016
0H5VC,547,769,222,v010
0H5VC,554,681,127,v008
0H5VC,352,475,123,v001
0H5VC,0,448,448,v031
0H5VC,0,494,494,v032
0H5VC,0,628,628,v018
0H5VC,513,769,256,v021
0H5VC,0,494,494,v008
0H5VC,381,496,115,v016
0H5VC,0,463,463,v008
0H5VC,496,648,152,v023
0H5VC,0,506,506,v012
0H5VC,381,489,108,v016
0H5VC,405,528,123,v023
0H5VC,532,660,128,v016
2H56B,60,777,717,v018
2H56B,0,153,153,v008
2H56B,0,153,153,v008
2H56B,57,777,720,v009
2H56B,33,249,216,v018
2H56B,21,144,123,v016
2H56B,0,74,74,v029
CN43X,24,249,225,v023
CN43X,230,424,194,v023
CN43X,259,396,137,v018
CN43X,328,801,473,v005
CN43X,331,809,478,v018
CN43X,112,225,113,v019
FE6RN,110,362,252,v004
FE6RN,112,280,168,v008
FE6RN,232,369,137,v004
FE6RN,273,398,125,v008
FE6RN,52,170,118,v018
FE6RN,55,192,137,v018
FE6RN,249,716,467,v005
3G4PN,0,816,816,v008
3G4PN,0,811,811,v014
3G4PN,0,777,777,v018
3G4PN,633,820,187,v022
3G4PN,652,848,196,v023
3G4PN,643,756,113,v016
3G4PN,676,784,108,v008
3G4PN,554,700,146,v019
FHXKQ,0,117,117,v008
FHXKQ,0,206,206,v016
FHXKQ,0,199,199,v016
FHXKQ,0,69,69,v008
FHXKQ,0,91,91,v016
FHXKQ,64,182,118,v016
FHXKQ,86,723,637,v023
FHXKQ,50,194,144,v008
FHXKQ,0,122,122,v012
FHXKQ,0,139,139,v016
FHXKQ,57,597,540,v008
DR4R7,144,422,278,v031
DR4R7,67,216,149,v016
DR4R7,261,410,149,v019
JXS3A,98,727,629,v008
JXS3A,38,172,134,v018
JXS3A,72,194,122,v023
JXS3A,0,120,120,v016
JXS3A,122,727,605,v014
JXS3A,458,722,264,v013
JXS3A,45,727,682,v018
VA8NL,439,616,177,v023
VA8NL,76,480,404,v008
VA8NL,0,424,424,v026
VA8NL,482,616,134,v022
VA8NL,0,547,547,v018
VA8NL,0,524,524,v030
VA8NL,0,499,499,v008
9REZ6,261,679,418,v008
9REZ6,235,393,158,v023
9REZ6,31,283,252,v008
9REZ6,151,324,173,v016
QXT9W,1034,1504,470,v031
QXT9W,813,957,144,v001
QXT9W,398,580,182,v012
QXT9W,288,439,151,v018
QXT9W,304,981,677,v018
QXT9W,139,1012,873,v008
QXT9W,892,1012,120,v016
QXT9W,900,1027,127,v022
QXT9W,429,933,504,v031
QXT9W,76,228,152,v023
QXT9W,868,1034,166,v016
QXT9W,256,1034,778,v018
QXT9W,1111,1293,182,v006
7UQFM,451,734,283,v004
7UQFM,98,376,278,v008
7UQFM,144,264,120,v014
7UQFM,228,453,225,v016
7UQFM,355,780,425,v008
7UQFM,343,506,163,v023
7UQFM,662,784,122,v016
7UQFM,676,780,104,v016
T5E2T,722,1123,401,v004
T5E2T,494,806,312,v026
T5E2T,297,516,219,v000
T5E2T,501,708,207,v016
T5E2T,722,916,194,v004
T5E2T,640,871,231,v023
T5E2T,873,1132,259,v008
T5E2T,902,1070,168,v005
T5E2T,844,1132,288,v016
T5E2T,448,760,312,v023
T5E2T,844,1111,267,v008
T5E2T,0,516,516,v022
T5E2T,506,1132,626,v026
T5E2T,506,1132,626,v023
T5E2T,400,544,144,v018
T5E2T,151,492,341,v010
N50C6,100,230,130,v008
N50C6,55,182,127,v023
N50C6,136,422,286,v017
9HOV3,192,405,213,v015
9HOV3,0,536,536,v018
9HOV3,40,175,135,v012
9HOV3,432,536,104,v016
9HOV3,432,536,104,v016
9HOV3,24,187,163,v023
9HOV3,0,536,536,v018
LQK90,0,458,458,v031
LQK90,494,733,239,v008
LQK90,362,523,161,v022
LQK90,0,463,463,v014
LQK90,549,733,184,v015
LQK90,0,484,484,v018
YDWN5,0,312,312,v007
YDWN5,148,302,154,v019
YDWN5,146,328,182,v001
YDWN5,0,139,139,v026
YDWN5,153,321,168,v001
YDWN5,146,328,182,v012
YDWN5,0,225,225,v026
W0Y4E,156,333,177,v010
W0Y4E,156,304,148,v021
W0Y4E,81,199,118,v025
W0Y4E,208,465,257,v005
W0Y4E,62,204,142,v016
W0Y4E,0,146,146,v023
W0Y4E,487,602,115,v023
W0Y4E,513,681,168,v008
W0Y4E,585,712,127,v016
W0Y4E,244,597,353,v008
W0Y4E,631,765,134,v022
W0Y4E,532,676,144,v019
W0Y4E,33,184,151,v008
LOP4H,81,446,365,v010
LOP4H,768,1111,343,v028
LOP4H,74,208,134,v018
LOP4H,523,828,305,v003
LOP4H,345,472,127,v022
LOP4H,160,331,171,v025
LOP4H,74,429,355,v018
LOP4H,376,976,600,v016
M0P0H,79,236,157,v008
M0P0H,0,236,236,v008
M0P0H,0,146,146,v004
Q9DW7,120,612,492,v010
Q9DW7,631,775,144,v004
Q9DW7,573,705,132,v023
Q9DW7,866,998,132,v022
Q9DW7,170,576,406,v031
Q9DW7,703,873,170,v016
Q9DW7,724,888,164,v016
FNPOB,40,261,221,v028
FNPOB,268,458,190,v012
FNPOB,213,357,144,v018
FNPOB,237,714,477,v018
FNPOB,33,225,192,v023
D5IDA,141,384,243,v015
D5IDA,588,801,213,v016
D5IDA,364,547,183,v023
D5IDA,691,907,216,v008
D5IDA,542,700,158,v016
D5IDA,0,907,907,v026
D5IDA,0,907,907,v016
D5IDA,0,907,907,v023
D5IDA,2,343,341,v008
D5IDA,518,696,178,v008
D5IDA,532,907,375,v023
D5IDA,247,388,141,v022
D5IDA,528,746,218,v008
D5IDA,2,192,190,v023
D5IDA,110,292,182,v023
D5IDA,374,506,132,v023
EBBKQ,184,360,176,v020
EBBKQ,0,163,163,v031
IO3CI,136,264,128,v019
IO3CI,283,432,149,v005
IO3CI,0,117,117,v018
IO3CI,0,117,117,v018
IO3CI,0,736,736,v023
IO3CI,0,86,86,v023
KNX2Y,0,81,81,v008
KNX2Y,307,481,174,v016
KNX2Y,271,403,132,v016
KNX2Y,312,481,169,v008
KNX2Y,312,481,169,v009
KNX2Y,0,481,481,v018
KNX2Y,0,362,362,v013
KNX2Y,312,481,169,v008
KNX2Y,288,403,115,v016
KNX2Y,0,481,481,v018
KNX2Y,0,384,384,v014
WPY0R,213,771,558,v021
WPY0R,213,771,558,v018
WPY0R,213,771,558,v031
M6HL9,0,743,743,v032
M6HL9,0,743,743,v031
M6HL9,0,743,743,v008
PC3WT,283,619,336,v012
PC3WT,753,857,104,v007
PC3WT,307,559,252,v022
PC3WT,43,189,146,v000
PC3WT,307,631,324,v031
PC3WT,16,278,262,v018
MJZJM,0,726,726,v008
MJZJM,326,726,400,v019
MJZJM,0,201,201,v027
MJZJM,0,726,726,v031
MJZJM,115,252,137,v027
7ZTGM,0,552,552,v006
7ZTGM,38,182,144,v002
ZH4JE,33,177,144,v001
ZH4JE,741,810,69,v012
ZH4JE,571,744,173,v023
ZH4JE,0,225,225,v031
ZH4JE,146,379,233,v016
ZH4JE,151,338,187,v008
ZH4JE,151,338,187,v016
CLW8L,170,314,144,v023
CLW8L,0,470,470,v010
CLW8L,0,482,482,v021
CLW8L,307,533,226,v000
A80GG,0,786,786,v008
A80GG,0,786,786,v018
BWZL2,664,1208,544,v008
BWZL2,621,784,163,v023
BWZL2,0,633,633,v016
BWZL2,0,633,633,v016
BWZL2,1080,1208,128,v016
BWZL2,955,1176,221,v030
BWZL2,0,1208,1208,v016
BWZL2,0,652,652,v016
BWZL2,0,664,664,v008
17RPG,0,168,168,v031
17RPG,0,304,304,v019
17RPG,664,778,114,v005
17RPG,0,237,237,v019
17RPG,640,778,138,v005
17RPG,532,674,142,v008
17RPG,578,724,146,v025
17RPG,141,628,487,v028
DCFYV,21,712,691,v026
DCFYV,7,710,703,v018
DCFYV,614,744,130,v022
DCFYV,0,105,105,v023
DCFYV,14,204,190,v029
DCFYV,211,568,357,v016
DCFYV,0,110,110,v018
DCFYV,0,607,607,v008
LHPQS,0,374,374,v008
LHPQS,208,374,166,v013
LHPQS,0,374,374,v014
63WHZ,0,516,516,v026
63WHZ,72,487,415,v008
63WHZ,460,592,132,v022
63WHZ,38,516,478,v016
63WHZ,739,914,175,v026
63WHZ,43,516,473,v026
63WHZ,0,552,552,v031
63WHZ,93,556,463,v026
63WHZ,0,561,561,v014
63WHZ,0,578,578,v018
JGYF6,276,435,159,v024
JGYF6,0,435,435,v018
JGYF6,33,192,159,v020
JGYF6,0,67,67,v014
JGYF6,124,247,123,v023
JGYF6,0,435,435,v018
JGYF6,0,67,67,v008
2L6E2,0,81,81,v008
2L6E2,192,528,336,v016
2L6E2,84,216,132,v012
2L6E2,0,100,100,v029
2L6E2,0,564,564,v016
2L6E2,453,564,111,v001
2L6E2,146,278,132,v012
MQRFK,316,489,173,v006
MQRFK,0,336,336,v030
GPJ6E,81,388,307,v016
GPJ6E,336,614,278,v016
GPJ6E,336,499,163,v023
GPJ6E,285,417,132,v022
GPJ6E,69,391,322,v026
GPJ6E,328,616,288,v026
GPJ6E,448,609,161,v016
OQSPB,0,331,331,v023
OQSPB,280,588,308,v016
OQSPB,235,793,558,v022
OQSPB,412,793,381,v030
OQSPB,0,192,192,v008
OQSPB,0,283,283,v008
OQSPB,273,793,520,v008
OQSPB,292,429,137,v023
OQSPB,396,739,343,v026
OQSPB,48,199,151,v016
720KV,175,552,377,v008
720KV,180,552,372,v016
720KV,0,708,708,v008
720KV,0,708,708,v008
720KV,216,708,492,v031
S7CH5,72,252,180,v003
S7CH5,12,151,139,v012
S7CH5,48,240,192,v017
S7CH5,2,144,142,v029
ZY8F2,19,506,487,v018
ZY8F2,0,132,132,v018
ZY8F2,26,338,312,v031
ZY8F2,576,706,130,v022
GF6TR,98,225,127,v016
GF6TR,0,216,216,v008
GF6TR,43,216,173,v016
GF6TR,100,220,120,v025
GF6TR,0,117,117,v017
B53VP,100,199,99,v016
B53VP,0,132,132,v023
B53VP,494,760,266,v007
B53VP,0,528,528,v018
B53VP,0,189,189,v008
B53VP,316,451,135,v020
DV6OZ,376,988,612,v006
DV6OZ,98,396,298,v031
DV6OZ,376,643,267,v007
V25D1,206,345,139,v005
V25D1,120,302,182,v023
V25D1,206,345,139,v005
V25D1,0,237,237,v031
V25D1,115,674,559,v008
V25D1,0,172,172,v028
V25D1,117,674,557,v008
V25D1,86,211,125,v016
V25D1,110,297,187,v023
V25D1,86,196,110,v025
MCHRP,36,292,256,v012
MCHRP,45,300,255,v007
MCHRP,24,427,403,v008
MCHRP,45,477,432,v020
MCHRP,273,422,149,v016
MCHRP,129,314,185,v029
K0IGF,492,763,271,v030
K0IGF,26,223,197,v028
K0IGF,484,780,296,v030
K0IGF,60,273,213,v020
K0IGF,662,801,139,v016
K0IGF,487,792,305,v023
K0IGF,144,256,112,v025
YFZRG,518,727,209,v008
YFZRG,93,458,365,v030
YFZRG,487,633,146,v023
YFZRG,0,110,110,v027
YFZRG,427,614,187,v023
YFZRG,518,712,194,v008
YFZRG,388,492,104,v018
YFZRG,391,501,110,v022
IBX56,21,276,255,v005
IBX56,103,256,153,v019
IBX56,285,549,264,v005
IBX56,256,458,202,v026
IBX56,530,731,201,v031
IBX56,0,544,544,v008
IBX56,0,544,544,v008
0PPPL,211,338,127,v004
0PPPL,410,554,144,v004
0PPPL,117,254,137,v031
0PPPL,273,453,180,v023
0PPPL,372,766,394,v008
0PPPL,352,504,152,v023
0PPPL,0,182,182,v029
0PPPL,108,766,658,v008
0PPPL,686,766,80,v016
1SJQX,182,312,130,v016
1SJQX,0,343,343,v008
1SJQX,0,340,340,v014
1SJQX,316,731,415,v002
1SJQX,0,288,288,v008
1SJQX,552,731,179,v005
1SJQX,436,559,123,v023
1SJQX,230,340,110,v016
1SJQX,160,264,104,v012
Z1GUW,192,583,391,v008
Z1GUW,192,583,391,v008
Z1GUW,480,583,103,v016
Z1GUW,480,583,103,v026
Z1GUW,480,583,103,v023
Z1GUW,417,583,166,v016
7C13O,681,1185,504,v018
7C13O,568,746,178,v008
7C13O,0,664,664,v008
7C13O,638,789,151,v018
KV287,172,314,142,v016
KV287,14,280,266,v008
KV287,55,189,134,v029
KV287,0,405,405,v029
V5PK0,0,88,88,v012
V5PK0,703,813,110,v019
V5PK0,578,758,180,v016
V5PK0,686,813,127,v014
V5PK0,703,813,110,v009
I9SSV,484,619,135,v003
I9SSV,775,879,104,v022
I9SSV,396,559,163,v018
I9SSV,115,259,144,v005
I9SSV,410,619,209,v016
I9SSV,110,276,166,v005
I9SSV,396,672,276,v018
I9SSV,465,852,387,v003
I9SSV,84,439,355,v008
BUL4V,436,626,190,v001
BUL4V,616,727,111,v018
BUL4V,0,345,345,v032
BUL4V,451,621,170,v022
BUL4V,0,372,372,v018
BUL4V,0,388,388,v018
BUL4V,0,386,386,v032
BUL4V,0,328,328,v031
YDTH0,0,829,829,v014
YDTH0,681,811,130,v008
YDTH0,0,829,829,v018
YDTH0,0,81,81,v018
YDTH0,628,760,132,v023
YDTH0,708,829,121,v016
HEV65,640,740,100,v001
HEV65,403,568,165,v012
HEV65,158,288,130,v012
HEV65,489,607,118,v016
HEV65,0,588,588,v008
CFWP7,0,820,820,v016
CFWP7,760,867,107,v025
CFWP7,0,820,820,v016
CFWP7,0,867,867,v023
CFWP7,763,867,104,v025
CFWP7,0,867,867,v026
UIPJB,0,554,554,v008
UIPJB,0,554,554,v008
UIPJB,60,208,148,v020
UIPJB,0,112,112,v008
94YTY,52,168,116,v006
94YTY,132,456,324,v028
94YTY,228,535,307,v001
94YTY,384,580,196,v028
94YTY,268,643,375,v007
94YTY,424,727,303,v016
94YTY,619,744,125,v025
94YTY,43,180,137,v012
94YTY,283,456,173,v023
94YTY,79,204,125,v029
94YTY,388,631,243,v031
94YTY,595,708,113,v020
FO035,614,765,151,v008
FO035,494,681,187,v000
FO035,662,801,139,v022
FO035,705,802,97,v017
FO035,168,669,501,v021
FO035,628,782,154,v004
FO035,0,211,211,v018
MTA02,112,591,479,v026
MTA02,0,120,120,v012
MTA02,112,591,479,v026
MTA02,480,591,111,v001
13IJA,0,168,168,v008
13IJA,141,261,120,v025
13IJA,0,669,669,v018
13IJA,573,720,147,v022
13IJA,0,216,216,v021
OOEHL,132,745,613,v008
OOEHL,264,660,396,v026
OOEHL,566,745,179,v016
HONL7,0,760,760,v014
HONL7,0,242,242,v025
HONL7,0,235,235,v025
HONL7,24,264,240,v016
HONL7,67,196,129,v031
HONL7,0,760,760,v010
HONL7,2,139,137,v023
WBT2F,292,743,451,v004
WBT2F,292,743,451,v008
WBT2F,184,367,183,v001
WBT2F,14,204,190,v012
WBT2F,0,312,312,v008
WBT2F,0,319,319,v016
WBT2F,177,388,211,v001
WBT2F,276,405,129,v023
WBT2F,0,244,244,v008
WBT2F,153,285,132,v016
PGKB4,352,537,185,v012
PGKB4,76,340,264,v005
PGKB4,76,340,264,v005
PGKB4,0,448,448,v018
PGKB4,410,740,330,v014
PGKB4,93,192,99,v023
PGKB4,348,740,392,v018
PGKB4,688,740,52,v014
PGKB4,688,740,52,v023
PGKB4,688,740,52,v018
7XKUI,110,252,142,v001
7XKUI,0,206,206,v031
7XKUI,218,348,130,v022
7XKUI,0,307,307,v018
7XKUI,0,240,240,v032
7XKUI,220,331,111,v018
7XKUI,0,237,237,v014
1SMZZ,436,571,135,v023
1SMZZ,0,360,360,v018
1SMZZ,261,412,151,v022
1SMZZ,326,468,142,v016
1SMZZ,79,295,216,v004
1SMZZ,0,480,480,v008
1SMZZ,456,571,115,v008
1SMZZ,0,480,480,v016
F9J4H,148,712,564,v008
F9J4H,127,266,139,v023
F9J4H,0,705,705,v008
F9J4H,0,88,88,v029
RSFBP,362,580,218,v008
RSFBP,549,720,171,v031
RSFBP,136,292,156,v020
OOBMP,0,197,197,v008
OOBMP,33,197,164,v025
5N26T,496,782,286,v031
5N26T,686,858,172,v023
5N26T,698,858,160,v012
5N26T,84,266,182,v029
5N26T,213,374,161,v006
TETZ7,0,249,249,v031
TETZ7,345,548,203,v029
TETZ7,168,302,134,v009
TETZ7,343,518,175,v007
TETZ7,151,297,146,v019
TETZ7,300,468,168,v023
TETZ7,336,494,158,v012
TETZ7,276,417,141,v008
QRLOG,192,309,117,v008
QRLOG,225,783,558,v026
QRLOG,151,271,120,v022
QRLOG,0,220,220,v014
QRLOG,0,228,228,v018
QRLOG,182,345,163,v023
QRLOG,0,240,240,v018
QRLOG,0,220,220,v016
SMQUM,50,539,489,v008
SMQUM,28,153,125,v023
SMQUM,132,539,407,v031
SMQUM,96,539,443,v018
SMQUM,468,539,71,v022
SMQUM,96,206,110,v018
SMQUM,312,427,115,v019
SMQUM,124,539,415,v012
SMQUM,312,427,115,v019
VTICD,516,741,225,v008
VTICD,0,297,297,v002
50TLF,100,240,140,v023
50TLF,124,242,118,v022
50TLF,242,489,247,v005
50TLF,132,707,575,v008
50TLF,117,707,590,v023
50TLF,266,504,238,v004
X8Y9X,362,682,320,v004
X8Y9X,316,682,366,v008
X8Y9X,316,580,264,v023
X8Y9X,0,381,381,v026
X8Y9X,283,682,399,v008
MZ9X7,98,244,146,v018
MZ9X7,139,746,607,v018
MZ9X7,55,746,691,v023
MZ9X7,139,746,607,v012
MZ9X7,55,746,691,v016
MZ9X7,55,746,691,v008
4RLYA,0,652,652,v008
4RLYA,643,751,108,v030
4RLYA,31,580,549,v030
4RLYA,537,686,149,v023
4RLYA,590,751,161,v008
4RLYA,16,280,264,v016
4RLYA,595,751,156,v030
4RLYA,0,240,240,v030
4RLYA,204,465,261,v030
GWK2L,693,905,212,v031
GWK2L,170,369,199,v016
GWK2L,134,271,137,v023
8MR9I,9,163,154,v024
8MR9I,19,156,137,v009
8MR9I,0,74,74,v018
8MR9I,340,472,132,v022
8MR9I,79,453,374,v008
8MR9I,156,451,295,v019
9EP7R,585,752,167,v008
9EP7R,0,465,465,v008
9EP7R,520,752,232,v013
9EP7R,362,752,390,v023
9EP7R,508,693,185,v020
9EP7R,408,532,124,v023
9EP7R,290,441,151,v017
9EP7R,278,405,127,v029
9EP7R,0,752,752,v018
9EP7R,192,314,122,v020
5C3NY,0,542,542,v005
5C3NY,0,547,547,v005
5C3NY,549,733,184,v026
5C3NY,508,733,225,v008
5C3NY,549,733,184,v026
5C3NY,0,733,733,v008
X9WTR,758,969,211,v016
X9WTR,873,1411,538,v032
X9WTR,91,535,444,v031
X9WTR,540,1512,972,v018
X9WTR,688,962,274,v023
X9WTR,0,604,604,v018
X9WTR,556,775,219,v018
X9WTR,470,674,204,v022
X9WTR,796,945,149,v012
X9WTR,765,914,149,v016
X9WTR,588,1504,916,v018
X9WTR,842,1497,655,v031
X9WTR,765,924,159,v016
X9WTR,571,792,221,v023
X9WTR,679,900,221,v008
ZSSNJ,158,827,669,v008
ZSSNJ,50,172,122,v026
ZSSNJ,168,396,228,v009
ZSSNJ,33,160,127,v008
ZSSNJ,244,827,583,v023
ZSSNJ,0,105,105,v029
ZSSNJ,26,827,801,v008
ZSSNJ,76,292,216,v023
ZSSNJ,0,69,69,v027
ZSSNJ,300,827,527,v019
PHH49,0,475,475,v009
PHH49,0,475,475,v009
PHH49,175,475,300,v010
PHH49,199,331,132,v018
PHH49,153,316,163,v018
PHH49,0,235,235,v031
VLX0E,0,475,475,v014
VLX0E,199,475,276,v009
VLX0E,204,475,271,v019
VLX0E,0,475,475,v018
VLX0E,0,475,475,v008
Y6ROG,0,706,706,v024
Y6ROG,0,206,206,v009
Y6ROG,0,706,706,v018
Y6ROG,288,417,129,v016
Y6ROG,0,252,252,v019
Y6ROG,290,412,122,v025
Y6ROG,0,706,706,v008
Y6ROG,228,412,184,v025
Y6ROG,192,412,220,v023
1UNXY,328,593,265,v008
1UNXY,328,585,257,v026
1UNXY,328,585,257,v026
1UNXY,24,156,132,v004
1UNXY,0,100,100,v005
1UNXY,216,388,172,v026
1UNXY,0,593,593,v008
YD9OX,96,333,237,v004
YD9OX,84,396,312,v008
YD9OX,0,626,626,v003
YD9OX,52,386,334,v008
YD9OX,88,266,178,v023
IZTHW,0,453,453,v008
IZTHW,62,434,372,v026
IZTHW,576,696,120,v016
IZTHW,667,789,122,v014
IZTHW,528,660,132,v018
IZTHW,705,789,84,v009
IZTHW,31,655,624,v026
IZTHW,31,696,665,v026
IZTHW,614,789,175,v023
DQGYG,340,460,120,v012
DQGYG,0,386,386,v018
DQGYG,290,420,130,v022
DQGYG,763,969,206,v016
DQGYG,379,576,197,v023
DQGYG,340,960,620,v023
DQGYG,391,1007,616,v008
DQGYG,847,964,117,v016
E5CP9,9,604,595,v028
E5CP9,0,703,703,v019
V95RI,0,534,534,v008
V95RI,0,456,456,v010
V95RI,0,534,534,v008
Q7DEB,0,599,599,v008
Q7DEB,319,599,280,v008
Q7DEB,290,420,130,v023
NGHT9,0,264,264,v008
NGHT9,242,698,456,v020
NGHT9,0,280,280,v029
NGHT9,0,256,256,v008
1JH1W,12,580,568,v030
1JH1W,98,398,300,v031
1JH1W,38,170,132,v029
82XWA,144,412,268,v008
82XWA,141,261,120,v023
82XWA,384,579,195,v019
82XWA,0,244,244,v000
82XWA,0,520,520,v010
82XWA,148,422,274,v016
82XWA,340,579,239,v008
82XWA,434,559,125,v019
82XWA,50,232,182,v021
82XWA,12,518,506,v021
82XWA,441,579,138,v018
82XWA,2,518,516,v008
82XWA,367,579,212,v031
8AT69,0,732,732,v021
8AT69,0,732,732,v018
8AT69,0,732,732,v031
DAS12,662,812,150,v016
DAS12,667,812,145,v016
DAS12,0,410,410,v004
DAS12,326,504,178,v022
DAS12,427,727,300,v016
DAS12,355,477,122,v023
DAS12,367,812,445,v008
DAS12,381,540,159,v012
MS58Y,228,717,489,v008
MS58Y,184,386,202,v023
MS58Y,261,451,190,v030
MS58Y,0,235,235,v029
MS58Y,0,216,216,v017
JOBFJ,0,153,153,v023
JOBFJ,374,665,291,v016
JOBFJ,2,412,410,v016
JOBFJ,57,237,180,v016
JOBFJ,374,665,291,v008
JOBFJ,374,665,291,v023
JOBFJ,14,211,197,v008
JOBFJ,0,665,665,v018
JOBFJ,0,105,105,v018
JOBFJ,40,218,178,v016
QRWQ3,626,799,173,v012
QRWQ3,458,696,238,v002
QRWQ3,751,858,107,v008
QRWQ3,50,657,607,v002
QRWQ3,307,441,134,v016
QRWQ3,144,441,297,v008
QRWQ3,312,441,129,v016
CSHUE,307,434,127,v025
CSHUE,194,393,199,v012
CSHUE,74,256,182,v020
CSHUE,314,429,115,v016
CSHUE,432,518,86,v001
CSHUE,0,182,182,v002
CSHUE,350,480,130,v023
CSHUE,165,424,259,v008
CSHUE,324,429,105,v016
CSHUE,163,276,113,v023
SG8ZR,76,1161,1085,v018
SG8ZR,52,472,420,v021
SG8ZR,52,196,144,v018
SG8ZR,1072,1197,125,v022
SG8ZR,633,856,223,v016
SG8ZR,813,993,180,v016
SG8ZR,40,448,408,v008
SG8ZR,772,981,209,v008
SG8ZR,84,432,348,v010
SG8ZR,681,813,132,v004
SG8ZR,681,813,132,v008
SG8ZR,777,976,199,v012
TDHM0,24,728,704,v007
TDHM0,144,696,552,v014
TDHM0,144,328,184,v020
TDHM0,619,728,109,v012
FU5NY,84,290,206,v025
FU5NY,81,292,211,v025
FU5NY,103,230,127,v016
FU5NY,24,208,184,v008
9HVZN,316,657,341,v023
9HVZN,0,98,98,v029
9HVZN,300,657,357,v008
CK3H7,501,636,135,v012
CK3H7,813,918,105,v021
CK3H7,840,918,78,v010
CK3H7,528,720,192,v016
CK3H7,0,732,732,v026
WL1DJ,453,794,341,v031
WL1DJ,501,815,314,v013
WL1DJ,717,815,98,v016
WL1DJ,290,815,525,v008
WL1DJ,120,268,148,v016
WL1DJ,547,660,113,v019
MF09L,31,720,689,v016
MF09L,0,252,252,v012
MF09L,945,1233,288,v013
MF09L,722,979,257,v008
MF09L,168,398,230,v016
MF09L,0,708,708,v023
MF09L,938,1077,139,v023
MF09L,242,374,132,v016
MF09L,667,813,146,v015
MF09L,180,288,108,v023
MF09L,168,936,768,v008
MF09L,768,888,120,v004
MF09L,936,1176,240,v008
MF09L,936,1176,240,v014
MF09L,1000,1233,233,v023
MF09L,0,1200,1200,v016
MF09L,420,885,465,v015
MF09L,7,1128,1121,v001
QIQUA,26,831,805,v008
QIQUA,81,388,307,v030
FJXBX,0,441,441,v008
FJXBX,14,417,403,v031
FJXBX,352,704,352,v031
FJXBX,192,312,120,v001
FJXBX,28,151,123,v012
FJXBX,403,576,173,v006
FJXBX,172,348,176,v016
FJXBX,0,139,139,v023
GUYVC,0,517,517,v018
GUYVC,0,517,517,v008
GUYVC,0,517,517,v005
GUYVC,0,517,517,v026
HS521,578,712,134,v027
HS521,0,672,672,v024
HS521,163,352,189,v009
HS521,0,705,705,v008
1UFW1,2,333,331,v008
1UFW1,316,532,216,v016
1UFW1,328,643,315,v016
1UFW1,0,730,730,v008
1UFW1,0,124,124,v023
1UFW1,405,730,325,v026
R2KI4,520,786,266,v004
R2KI4,489,786,297,v031
R2KI4,489,614,125,v016
R2KI4,55,170,115,v023
R2KI4,74,614,540,v014
R2KI4,50,604,554,v008
R2KI4,477,786,309,v008
R2KI4,648,786,138,v014
R2KI4,489,626,137,v016
RLA7N,633,908,275,v030
RLA7N,120,324,204,v002
RLA7N,669,908,239,v008
RLA7N,624,741,117,v023
6RQHT,0,489,489,v008
6RQHT,244,518,274,v003
EHYXP,31,168,137,v029
EHYXP,52,184,132,v019
EHYXP,0,144,144,v012
EHYXP,81,235,154,v023
EHYXP,124,386,262,v017
EHYXP,43,158,115,v007
EHYXP,64,192,128,v008
GKII3,364,650,286,v001
GKII3,0,650,650,v008
GKII3,237,362,125,v022
GKII3,0,336,336,v018
GKII3,326,458,132,v007
GKII3,367,523,156,v029
X91NG,0,794,794,v026
X91NG,710,914,204,v001
X91NG,0,924,924,v008
X91NG,0,369,369,v026
X91NG,540,667,127,v012
X91NG,789,909,120,v016
X91NG,307,424,117,v007
X91NG,530,686,156,v007
3S6WL,242,736,494,v008
3S6WL,540,669,129,v022
3S6WL,0,585,585,v018
3S6WL,122,309,187,v023
3S6WL,247,580,333,v012
3S6WL,220,398,178,v023
K8H4G,0,328,328,v016
K8H4G,7,115,108,v023
K8H4G,0,86,86,v008
K8H4G,163,273,110,v016
K8H4G,24,151,127,v012
OJGGZ,789,998,209,v016
OJGGZ,196,907,711,v016
OJGGZ,727,885,158,v012
OJGGZ,276,595,319,v016
OJGGZ,158,993,835,v016
OJGGZ,170,801,631,v016
OJGGZ,919,1062,143,v028
OJGGZ,0,1041,1041,v008
OJGGZ,784,1029,245,v001
M2F66,0,285,285,v008
M2F66,967,1161,194,v008
M2F66,410,552,142,v001
M2F66,26,256,230,v012
M2F66,0,564,564,v016
M2F66,0,122,122,v023
M2F66,230,588,358,v030
M2F66,213,343,130,v008
M2F66,897,1132,235,v001
M2F66,0,141,141,v029
GCWNT,201,357,156,v001
GCWNT,295,550,255,v008
GCWNT,206,357,151,v001
GCWNT,0,283,283,v026
GCWNT,285,400,115,v023
GCWNT,352,550,198,v005
1JYPW,436,715,279,v023
1JYPW,0,439,439,v023
1JYPW,0,732,732,v026
1JYPW,0,84,84,v008
1JYPW,338,508,170,v016
1JYPW,0,434,434,v016
1JYPW,422,669,247,v008
1JYPW,0,525,525,v016
1JYPW,429,660,231,v001
IDACP,300,552,252,v003
IDACP,117,345,228,v003
IKZJE,552,811,259,v013
IKZJE,223,811,588,v008
IKZJE,177,304,127,v031
IKZJE,520,676,156,v023
IKZJE,909,1051,142,v030
IKZJE,0,124,124,v023
IKZJE,7,256,249,v008
IKZJE,201,825,624,v014
I7DWS,0,184,184,v008
I7DWS,0,184,184,v005
I7DWS,0,184,184,v008
OSENM,600,795,195,v008
OSENM,132,357,225,v018
OSENM,592,795,203,v013
OSENM,127,259,132,v016
OSENM,194,795,601,v018
OSENM,0,254,254,v008
HL9YR,748,977,229,v001
HL9YR,0,146,146,v031
HL9YR,328,477,149,v008
HL9YR,451,849,398,v019
HL9YR,60,228,168,v028
HL9YR,0,977,977,v008
HL9YR,0,977,977,v014
HL9YR,45,660,615,v016
HL9YR,456,933,477,v009
HL9YR,36,669,633,v023
XXMN1,0,184,184,v008
XXMN1,388,540,152,v023
XXMN1,19,295,276,v016
XXMN1,403,528,125,v023
XXMN1,0,283,283,v008
XXMN1,508,739,231,v009
XXMN1,88,240,152,v016
XFLQH,624,838,214,v016
XFLQH,504,624,120,v012
XFLQH,624,838,214,v023
XFLQH,696,838,142,v016
XFLQH,480,744,264,v022
XFLQH,360,838,478,v021
XFLQH,388,592,204,v008
XFLQH,307,643,336,v023
XFLQH,0,300,300,v010
XFLQH,554,838,284,v023
XFLQH,91,340,249,v000
XFLQH,175,319,144,v025
XFLQH,91,340,249,v000
WX4AP,228,396,168,v004
WX4AP,0,493,493,v014
WX4AP,189,446,257,v008
WX4AP,0,278,278,v032
WX4AP,0,493,493,v031
WX4AP,0,120,120,v019
WX4AP,0,493,493,v018
WX4AP,0,493,493,v018
WX4AP,196,307,111,v023
24B2K,794,955,161,v023
24B2K,184,463,279,v008
24B2K,650,883,233,v008
24B2K,451,643,192,v004
24B2K,832,1149,317,v021
24B2K,367,482,115,v016
24B2K,664,871,207,v001
24B2K,192,501,309,v005
24B2K,1065,1214,149,v022
24B2K,177,501,324,v005
24B2K,120,288,168,v023
24B2K,645,830,185,v012
24B2K,81,280,199,v018
24B2K,204,1188,984,v018
24B2K,542,688,146,v016
24B2K,1034,1168,134,v016
24B2K,878,1149,271,v019
24B2K,451,657,206,v008
24B2K,158,463,305,v008
24B2K,756,909,153,v023
24B2K,832,1180,348,v008
24B2K,516,696,180,v016
24B2K,756,895,139,v016
24B2K,158,722,564,v023
24B2K,165,727,562,v016
24B2K,158,727,569,v008
24B2K,158,727,569,v023
24B2K,158,727,569,v023
UB3KO,100,268,168,v002
UB3KO,499,631,132,v012
UB3KO,554,924,370,v014
UB3KO,24,213,189,v002
UB3KO,132,280,148,v023
UB3KO,168,487,319,v008
5B2K2,76,237,161,v009
5B2K2,542,730,188,v013
5B2K2,148,295,147,v019
O0R1A,141,741,600,v005
O0R1A,40,206,166,v016
O0R1A,28,206,178,v025
O0R1A,26,211,185,v025
O0R1A,213,403,190,v023
O0R1A,314,484,170,v023
O0R1A,213,398,185,v005
O0R1A,316,484,168,v005
18HFG,2,561,559,v008
18HFG,112,494,382,v013
18HFG,4,184,180,v023
MV37M,242,444,202,v025
MV37M,0,146,146,v005
MV37M,0,163,163,v023
MV37M,244,456,212,v025
MV37M,369,560,191,v019
MV37M,0,124,124,v016
MV37M,0,120,120,v008
MV37M,206,441,235,v008
MV37M,184,300,116,v023
MV37M,489,560,71,v009
T1XP2,434,743,309,v020
T1XP2,148,523,375,v031
T1XP2,4,271,267,v018
T1XP2,7,271,264,v018
T1XP2,28,230,202,v031
T1XP2,28,230,202,v031
1D2OX,0,652,652,v008
1D2OX,160,338,178,v016
1D2OX,0,700,700,v026
1D2OX,0,712,712,v016
LZUAY,0,661,661,v011
LZUAY,199,661,462,v031
LZUAY,0,661,661,v008
W01LY,0,156,156,v008
W01LY,578,700,122,v008
W01LY,0,700,700,v019
03M0K,180,333,153,v012
03M0K,0,91,91,v018
03M0K,156,285,129,v018
03M0K,0,98,98,v022
03M0K,4,237,233,v003
03M0K,192,563,371,v019
03M0K,189,563,374,v014
40WPV,16,372,356,v008
40WPV,0,216,216,v023
40WPV,57,818,761,v008
40WPV,52,758,706,v012
40WPV,52,758,706,v023
40WPV,0,352,352,v026
40WPV,0,352,352,v026
61UIO,0,141,141,v016
61UIO,556,746,190,v022
61UIO,172,369,197,v016
61UIO,26,429,403,v015
61UIO,0,720,720,v008
61UIO,290,453,163,v018
61UIO,355,667,312,v018
61UIO,288,746,458,v019
YC3OE,350,602,252,v018
YC3OE,427,700,273,v026
YC3OE,530,818,288,v005
YC3OE,736,876,140,v026
YC3OE,271,602,331,v005
YC3OE,0,208,208,v028
YC3OE,398,640,242,v022
YC3OE,187,410,223,v016
YC3OE,393,710,317,v026
YC3OE,609,926,317,v018
YC3OE,600,782,182,v008
YC3OE,60,302,242,v023
YC3OE,45,230,185,v008
YC3OE,657,936,279,v016
YC3OE,112,297,185,v016
TQGPM,348,518,170,v023
TQGPM,0,470,470,v018
TQGPM,352,489,137,v022
TQGPM,0,456,456,v031
TQGPM,516,657,141,v016
TQGPM,412,657,245,v008
TQGPM,388,633,245,v016
A6R22,0,760,760,v018
A6R22,16,463,447,v015
A6R22,81,388,307,v019
A6R22,64,420,356,v023
A6R22,0,458,458,v016
A6R22,0,470,470,v008
A6R22,36,151,115,v016
A6R22,247,408,161,v016
ZOBZV,0,935,935,v024
ZOBZV,818,935,117,v016
ZOBZV,0,935,935,v008
ZOBZV,818,935,117,v016
ZFT87,331,448,117,v012
ZFT87,360,602,242,v013
ZFT87,355,600,245,v008
ZFT87,0,391,391,v002
ZFT87,0,62,62,v023
ZFT87,520,703,183,v031
ZFT87,0,223,223,v008
ZFT87,216,372,156,v008
ZFT87,0,189,189,v015
ZFT87,0,242,242,v023
ZFT87,314,530,216,v023
Q5Y02,0,252,252,v004
Q5Y02,196,767,571,v025
Q5Y02,208,767,559,v028
Q5Y02,252,444,192,v025
Q5Y02,304,616,312,v031
Q5Y02,0,132,132,v029
DNXBJ,328,540,212,v001
DNXBJ,16,194,178,v012
DNXBJ,0,333,333,v012
DNXBJ,0,664,664,v003
DNXBJ,225,612,387,v001
DNXBJ,535,744,209,v012
DNXBJ,0,744,744,v022
VUXLB,547,705,158,v016
VUXLB,213,532,319,v004
VUXLB,480,648,168,v016
VUXLB,129,463,334,v008
VUXLB,40,280,240,v023
DRXNL,343,472,129,v016
DRXNL,43,252,209,v016
DRXNL,427,597,170,v026
DRXNL,309,427,118,v023
DRXNL,158,283,125,v016
DRXNL,0,362,362,v008
DRXNL,0,355,355,v023
DRXNL,316,739,423,v008
DRXNL,14,362,348,v025
DRXNL,295,739,444,v016
DRXNL,561,739,178,v016
DRXNL,0,739,739,v026
DRXNL,343,739,396,v026
YO9NC,470,616,146,v018
YO9NC,28,156,128,v022
YO9NC,38,278,240,v028
YO9NC,182,477,295,v016
YO9NC,446,564,118,v023
YO9NC,0,124,124,v000
YO9NC,21,124,103,v018
YO9NC,266,441,175,v012
YO9NC,348,487,139,v001
YO9NC,0,124,124,v000
YO9NC,0,96,96,v010
YO9NC,448,720,272,v023
YO9NC,540,720,180,v031
YO9NC,348,487,139,v001
YO9NC,295,470,175,v016
YO9NC,520,720,200,v012
YO9NC,266,492,226,v012
YO9NC,446,720,274,v008
YJRBY,112,535,423,v004
YJRBY,76,807,731,v008
YJRBY,669,807,138,v019
YJRBY,590,807,217,v008
YJRBY,528,700,172,v023
7CXYB,302,1043,741,v015
7CXYB,103,252,149,v012
7CXYB,631,1043,412,v008
7CXYB,614,1043,429,v030
7CXYB,0,501,501,v008
7CXYB,396,537,141,v001
7CXYB,432,643,211,v004
7CXYB,0,657,657,v008
55NNF,62,429,367,v002
55NNF,355,511,156,v012
55NNF,436,583,147,v001
55NNF,573,688,115,v016
MOKPE,38,220,182,v012
MOKPE,0,81,81,v023
MOKPE,295,412,117,v001
MOKPE,225,369,144,v008
MOKPE,74,403,329,v023
MOKPE,0,477,477,v008
MOKPE,326,508,182,v016
TR0TO,0,343,343,v005
TR0TO,228,355,127,v016
TR0TO,228,355,127,v016
TR0TO,0,343,343,v008
TR0TO,273,386,113,v008
TR0TO,0,343,343,v005
TR0TO,0,326,326,v008
TR0TO,259,398,139,v023
UFWKL,0,120,120,v032
UFWKL,43,172,129,v020
UFWKL,0,706,706,v018
UFWKL,93,706,613,v031
UFWKL,84,199,115,v012
UFWKL,0,706,706,v018
UFWKL,158,706,548,v032
8CUHI,0,523,523,v008
8CUHI,0,108,108,v020
8CUHI,0,523,523,v008
82X3Z,0,314,314,v031
82X3Z,424,542,118,v008
82X3Z,415,592,177,v005
82X3Z,0,742,742,v014
82X3Z,0,742,742,v018
82X3Z,276,468,192,v004
82X3Z,398,530,132,v023
82X3Z,345,482,137,v016
YAPN7,55,158,103,v028
YAPN7,91,206,115,v005
YAPN7,165,261,96,v018
YAPN7,369,530,161,v010
YAPN7,662,799,137,v023
YAPN7,206,943,737,v021
YAPN7,523,921,398,v016
YAPN7,537,921,384,v023
YAPN7,537,921,384,v016
YAPN7,537,921,384,v023
YAPN7,628,763,135,v016
YAPN7,201,429,228,v008
YAPN7,333,554,221,v016
YAPN7,62,420,358,v018
YAPN7,156,271,115,v008
YAPN7,175,280,105,v025
YAPN7,201,364,163,v023
YAPN7,547,931,384,v008
YAPN7,532,892,360,v008
YAPN7,170,290,120,v025
YAPN7,542,664,122,v012
YAPN7,842,986,144,v022
JD3KW,127,410,283,v026
JD3KW,717,1034,317,v016
JD3KW,427,820,393,v031
JD3KW,926,1060,134,v022
JD3KW,336,540,204,v023
JD3KW,427,1000,573,v008
JD3KW,391,595,204,v023
JD3KW,252,458,206,v018
JD3KW,943,1044,101,v018
JD3KW,832,1034,202,v001
JD3KW,319,492,173,v012
5XCUV,501,670,169,v028
5XCUV,230,384,154,v016
5XCUV,501,670,169,v023
5XCUV,544,670,126,v016
5XCUV,0,156,156,v004
9D6WC,223,340,117,v016
9D6WC,16,468,452,v014
9D6WC,117,225,108,v008
9D6WC,79,218,139,v023
9D6WC,4,180,176,v008
9D6WC,112,328,216,v004
57RY4,21,686,665,v018
57RY4,40,655,615,v004
57RY4,580,710,130,v022
57RY4,645,855,210,v016
57RY4,40,720,680,v008
57RY4,592,830,238,v016
XAOUP,184,764,580,v018
XAOUP,364,764,400,v024
XAOUP,170,764,594,v018
XAOUP,0,146,146,v001
XAOUP,144,280,136,v018
XAOUP,218,436,218,v014
XAOUP,364,764,400,v008
XAOUP,172,764,592,v032
F0PNU,192,386,194,v020
OHNF4,331,664,333,v004
OHNF4,0,424,424,v028
OHNF4,328,585,257,v023
OHNF4,0,664,664,v018
OHNF4,439,664,225,v008
OHNF4,434,571,137,v023
1NNFV,290,453,163,v004
1NNFV,516,727,211,v008
1NNFV,583,738,155,v023
1NNFV,0,240,240,v015
1NNFV,192,307,115,v016
1NNFV,544,738,194,v008
1NNFV,225,609,384,v008
1NNFV,681,738,57,v031
1NNFV,192,357,165,v016
1NNFV,376,528,152,v023
E661I,0,84,84,v020
E661I,153,331,178,v017
E661I,0,736,736,v018
E661I,139,268,129,v029
XQDQ4,393,650,257,v012
XQDQ4,201,542,341,v004
XQDQ4,0,292,292,v031
XQDQ4,177,400,223,v023
JQ2SN,19,441,422,v008
JQ2SN,2,427,425,v005
JQ2SN,321,468,147,v022
JQ2SN,0,439,439,v018
JQ2SN,271,412,141,v016
JQ2SN,300,432,132,v016
JQ2SN,372,715,343,v020
JQ2SN,31,314,283,v005
JQ2SN,0,129,129,v023
JQ2SN,292,434,142,v016
JQ2SN,0,396,396,v008
JQ2SN,0,427,427,v008
6B93R,784,1110,326,v008
6B93R,912,1110,198,v004
6B93R,134,314,180,v023
6B93R,307,525,218,v005
6B93R,696,813,117,v023
6B93R,163,292,129,v016
61RMD,0,242,242,v008
61RMD,182,352,170,v004
61RMD,0,127,127,v029
61RMD,0,285,285,v016
61RMD,52,276,224,v016
61RMD,0,655,655,v008
61RMD,278,708,430,v014
FM3TT,0,213,213,v008
FM3TT,67,213,146,v012
IC89C,542,1120,578,v006
IC89C,429,1164,735,v008
IC89C,379,537,158,v023
IC89C,57,374,317,v002
1N1UT,0,714,714,v008
1N1UT,9,714,705,v031
1N1UT,0,714,714,v005
1N1UT,583,714,131,v001
1N1UT,0,714,714,v005
1N1UT,0,624,624,v008
1N1UT,0,108,108,v023
1N1UT,588,714,126,v007
CBXI2,0,722,722,v010
CBXI2,468,600,132,v000
CBXI2,468,600,132,v000
XJS1X,134,295,161,v027
XJS1X,0,180,180,v008
0RNRI,0,436,436,v008
0RNRI,403,566,163,v004
0RNRI,376,506,130,v023
0RNRI,532,734,202,v028
0RNRI,369,492,123,v008
0RNRI,288,439,151,v025
0RNRI,369,492,123,v008
0RNRI,350,492,142,v023
0RNRI,288,439,151,v016
0RNRI,376,621,245,v016
0RNRI,376,621,245,v016
0RNRI,532,746,214,v025
0RNRI,0,424,424,v008
AFTMI,324,456,132,v008
AFTMI,775,912,137,v026
AFTMI,775,907,132,v023
AFTMI,734,866,132,v022
AFTMI,0,835,835,v018
AFTMI,770,919,149,v008
AFTMI,820,919,99,v019
AFTMI,0,830,830,v003
AFTMI,0,842,842,v018
969Z9,0,182,182,v008
969Z9,16,146,130,v018
969Z9,19,177,158,v018
969Z9,91,285,194,v009
969Z9,88,292,204,v019
969Z9,24,292,268,v018
IFQS1,16,300,284,v008
IFQS1,208,319,111,v016
IFQS1,9,148,139,v008
IFQS1,19,151,132,v016
IFQS1,7,304,297,v016
IFQS1,12,146,134,v008
IFQS1,146,398,252,v030
K6DF2,513,660,147,v027
K6DF2,292,583,291,v004
K6DF2,100,249,149,v016
K6DF2,0,247,247,v008
K6DF2,124,249,125,v016
K6DF2,259,381,122,v023
UGQD0,105,786,681,v008
UGQD0,163,393,230,v018
UGQD0,273,786,513,v018
UGQD0,235,520,285,v008
UGQD0,0,350,350,v008
UGQD0,2,163,161,v022
UGQD0,295,460,165,v019
UGQD0,674,786,112,v014
GIZ95,0,252,252,v032
GIZ95,571,737,166,v012
GIZ95,0,737,737,v010
GIZ95,585,737,152,v031
GIZ95,0,737,737,v008
QZCSM,0,247,247,v030
QZCSM,0,252,252,v008
QZCSM,0,254,254,v030
QZCSM,60,240,180,v019
QZCSM,60,240,180,v031
QZCSM,0,144,144,v026
QZCSM,60,252,192,v019
V4PKW,400,634,234,v012
V4PKW,316,492,176,v023
V4PKW,0,283,283,v004
V4PKW,376,634,258,v008
V4PKW,0,634,634,v008
V4PKW,520,634,114,v029
BBQIS,187,417,230,v018
BBQIS,283,568,285,v023
BBQIS,573,688,115,v003
BBQIS,499,698,199,v018
BBQIS,684,928,244,v022
JSD0F,76,357,281,v008
JSD0F,376,530,154,v027
JSD0F,434,662,228,v020
JSD0F,182,348,166,v016
JSD0F,232,340,108,v016
JSD0F,124,388,264,v019
JSD0F,100,206,106,v023
RKGXU,21,220,199,v023
RKGXU,0,120,120,v012
RKGXU,352,561,209,v004
RKGXU,129,307,178,v005
RKGXU,484,608,124,v008
RKGXU,280,424,144,v001
RKGXU,285,420,135,v001
RKGXU,369,608,239,v008
RKGXU,357,549,192,v023
RKGXU,0,139,139,v012
RKGXU,115,441,326,v008
39SXL,158,724,566,v005
39SXL,139,686,547,v005
39SXL,854,981,127,v019
39SXL,760,981,221,v031
39SXL,45,808,763,v008
39SXL,50,696,646,v008
39SXL,74,199,125,v029
39SXL,45,799,754,v008
LXSIG,0,211,211,v031
LXSIG,0,676,676,v008
ARESU,12,134,122,v008
ARESU,465,583,118,v008
ARESU,468,595,127,v016
ARESU,465,616,151,v016
ARESU,460,616,156,v016
ARESU,525,662,137,v012
ARESU,0,744,744,v018
ARESU,580,744,164,v008
ARESU,276,432,156,v008
ARESU,0,424,424,v018
ARESU,432,602,170,v016
ARESU,295,424,129,v031
ARESU,52,223,171,v004
DJMZC,0,536,536,v010
DJMZC,148,340,192,v000
DJMZC,165,362,197,v000
DJMZC,292,536,244,v008
DJMZC,309,536,227,v014
DJMZC,283,415,132,v023
DJMZC,84,194,110,v021
CJELP,0,734,734,v018
CJELP,0,734,734,v018
CJELP,43,734,691,v019
F5TL0,410,580,170,v004
F5TL0,0,100,100,v012
F5TL0,544,708,164,v016
F5TL0,180,326,146,v022
F5TL0,410,525,115,v023
F5TL0,211,326,115,v001
F5TL0,631,751,120,v008
6Y0XA,0,706,706,v032
6Y0XA,595,706,111,v019
6Y0XA,0,706,706,v018
6Y0XA,424,616,192,v029
4ZWLA,132,427,295,v016
4ZWLA,398,556,158,v020
4ZWLA,132,379,247,v026
NSDFA,0,843,843,v008
NSDFA,0,843,843,v014
NSDFA,0,696,696,v008
NSDFA,494,700,206,v016
NSDFA,616,843,227,v013
NSDFA,28,376,348,v023
NL7BY,0,211,211,v008
NL7BY,115,244,129,v022
NL7BY,64,201,137,v001
NL7BY,0,60,60,v012
NL7BY,0,158,158,v031
NL7BY,218,325,107,v012
NL7BY,74,232,158,v016
NL7BY,0,232,232,v008
NL7BY,0,235,235,v018
NL7BY,129,325,196,v016
NL7BY,148,325,177,v008
NL7BY,0,230,230,v008
NL7BY,144,325,181,v023
TSQBQ,0,697,697,v008
TSQBQ,501,697,196,v019
TSQBQ,67,420,353,v007
5UUEP,0,765,765,v018
5UUEP,0,249,249,v015
5UUEP,48,765,717,v032
5UUEP,0,765,765,v018
QQG8X,597,761,164,v008
QQG8X,57,244,187,v018
QQG8X,0,144,144,v000
QQG8X,597,761,164,v013
QQG8X,369,761,392,v023
QQG8X,415,761,346,v014
QQG8X,172,300,128,v022
K2LY1,331,482,151,v029
K2LY1,396,559,163,v012
K2LY1,139,345,206,v000
K2LY1,237,374,137,v022
K2LY1,0,324,324,v010
3YC35,19,417,398,v026
3YC35,321,626,305,v004
3YC35,350,633,283,v008
3YC35,350,484,134,v023
3YC35,657,784,127,v016
3YC35,2,830,828,v026
3YC35,688,830,142,v007
3YC35,0,105,105,v023
3YC35,0,780,780,v008
3YC35,355,638,283,v008
C1A2T,256,487,231,v008
C1A2T,91,249,158,v001
C1A2T,0,189,189,v012
C1A2T,0,72,72,v029
Z9THH,422,631,209,v008
Z9THH,535,681,146,v025
Z9THH,0,472,472,v008
Z9THH,0,472,472,v030
Z9THH,403,552,149,v023
AM13K,91,349,258,v012
AM13K,0,349,349,v008
AM13K,0,208,208,v007
AM13K,110,328,218,v019
TVBLW,0,780,780,v008
TVBLW,0,120,120,v023
TVBLW,264,456,192,v005
TVBLW,696,780,84,v016
TVBLW,412,532,120,v016
91T4S,376,508,132,v016
91T4S,304,439,135,v001
91T4S,0,379,379,v008
91T4S,0,408,408,v031
91T4S,429,559,130,v022
91T4S,302,520,218,v016
MW2KW,0,728,728,v031
MW2KW,0,728,728,v008
MW2KW,93,728,635,v019
MW2KW,0,728,728,v005
MW2KW,0,609,609,v014
MW2KW,0,612,612,v032
E6389,0,336,336,v008
E6389,336,680,344,v008
E6389,264,384,120,v016
E6389,0,168,168,v029
E6389,163,355,192,v001
E6389,235,439,204,v016
E6389,302,494,192,v023
J5ZZQ,295,396,101,v027
J5ZZQ,576,720,144,v012
IXJKT,456,617,161,v023
IXJKT,465,617,152,v023
IXJKT,0,422,422,v003
IXJKT,520,617,97,v017
IXJKT,432,604,172,v008
H7Y0J,0,735,735,v008
H7Y0J,448,735,287,v031
H7Y0J,338,547,209,v000
H7Y0J,0,504,504,v010
G41CL,148,336,188,v001
G41CL,328,731,403,v009
G41CL,72,256,184,v029
G41CL,328,731,403,v009
G41CL,400,731,331,v031
G41CL,252,388,136,v016
G41CL,120,249,129,v014
G41CL,252,388,136,v016
G41CL,84,388,304,v008
G41CL,321,731,410,v019
CTCO8,0,715,715,v014
CTCO8,420,566,146,v025
CTCO8,667,715,48,v031
CTCO8,667,715,48,v025
CTCO8,432,552,120,v025
CTCO8,544,648,104,v025
CTCO8,0,715,715,v018
CTCO8,74,535,461,v008
CTCO8,76,535,459,v008
CTCO8,537,640,103,v008
DSRSB,0,544,544,v016
DSRSB,0,731,731,v031
DSRSB,0,540,540,v003
DSRSB,0,120,120,v008
DSRSB,0,731,731,v008
YINV4,14,252,238,v016
YINV4,48,204,156,v008
YINV4,127,360,233,v032
YINV4,0,336,336,v008
YINV4,0,336,336,v025
YINV4,0,379,379,v014
YINV4,0,336,336,v023
YINV4,0,105,105,v025
YINV4,79,196,117,v025
YINV4,112,256,144,v025
UBYBQ,0,213,213,v008
UBYBQ,57,216,159,v016
UBYBQ,132,686,554,v005
UBYBQ,0,736,736,v008
UBYBQ,0,103,103,v016
UBYBQ,535,698,163,v029
UBYBQ,0,736,736,v008
UBYBQ,336,482,146,v023
UBYBQ,0,93,93,v008
DJ7DG,280,432,152,v022
DJ7DG,0,350,350,v018
8BG1T,175,1092,917,v018
8BG1T,182,1048,866,v004
8BG1T,372,715,343,v009
8BG1T,170,415,245,v018
8BG1T,388,588,200,v009
8BG1T,110,266,156,v018
8BG1T,885,1041,156,v022
8BG1T,914,1092,178,v008
A4VK8,122,237,115,v016
A4VK8,141,256,115,v023
A4VK8,343,433,90,v005
A4VK8,295,400,105,v008
A4VK8,343,433,90,v005
A4VK8,0,213,213,v008
A4VK8,0,148,148,v024
A4VK8,271,400,129,v016
A4VK8,0,357,357,v008
A4VK8,156,367,211,v004
A4VK8,285,433,148,v023
A4VK8,0,433,433,v018
A4VK8,216,384,168,v016
A4VK8,0,124,124,v019
A4VK8,0,433,433,v021
A4VK8,300,433,133,v023
8NGDR,0,477,477,v010
8NGDR,376,626,250,v018
8NGDR,417,1034,617,v021
8NGDR,278,482,204,v000
8NGDR,700,832,132,v018
8NGDR,511,631,120,v022
8NGDR,376,549,173,v023
8NGDR,768,1034,266,v031
8NGDR,422,1034,612,v008
RJN35,0,821,821,v026
RJN35,0,139,139,v023
RJN35,189,818,629,v025
EQO9N,0,482,482,v008
EQO9N,72,743,671,v028
EQO9N,0,204,204,v016
EQO9N,482,672,190,v023
EQO9N,516,638,122,v008
EQO9N,252,412,160,v029
WSLMS,297,559,262,v028
WSLMS,129,364,235,v004
WSLMS,110,532,422,v008
WSLMS,393,597,204,v016
WSLMS,153,619,466,v008
WSLMS,146,276,130,v029
WUL5P,0,144,144,v012
WUL5P,14,204,190,v029
WUL5P,504,777,273,v010
WUL5P,240,367,127,v018
I30LP,0,777,777,v018
I30LP,0,165,165,v009
I30LP,0,165,165,v009
I30LP,0,777,777,v031
I30LP,0,777,777,v018
RUOOY,292,691,399,v014
RUOOY,55,355,300,v016
RUOOY,314,475,161,v013
RUOOY,0,731,731,v008
0UFI4,14,340,326,v031
0UFI4,967,1128,161,v022
0UFI4,307,511,204,v018
0UFI4,307,1128,821,v018
0UFI4,312,1128,816,v003
0UFI4,357,799,442,v008
0UFI4,391,1128,737,v003
ED0VL,0,937,937,v008
ED0VL,88,240,152,v012
ED0VL,168,559,391,v016
ED0VL,0,91,91,v023
ED0VL,784,937,153,v001
ED0VL,110,520,410,v026
ED0VL,158,348,190,v023
ED0VL,36,835,799,v029
SX07Q,398,576,178,v023
SX07Q,1034,1159,125,v016
SX07Q,115,379,264,v023
SX07Q,549,1159,610,v008
SX07Q,525,760,235,v023
SX07Q,86,616,530,v008
SX07Q,132,580,448,v012
38ZFZ,518,590,72,v001
38ZFZ,0,590,590,v008
38ZFZ,0,88,88,v012
38ZFZ,0,590,590,v031
38ZFZ,0,590,590,v018
38ZFZ,0,590,590,v008
AAW5D,0,514,514,v018
AAW5D,201,480,279,v008
AAW5D,228,465,237,v031
AAW5D,376,484,108,v016
AAW5D,204,480,276,v008
AAW5D,0,64,64,v023
AAW5D,218,472,254,v014
AAW5D,0,514,514,v018
AAW5D,110,316,206,v023
AAW5D,0,240,240,v032
AAW5D,0,208,208,v026
AAW5D,0,168,168,v032
AAW5D,0,96,96,v008
AAW5D,0,98,98,v016
GXEJB,0,722,722,v010
GXEJB,0,722,722,v008
GXEJB,0,722,722,v014
GXEJB,0,722,722,v021
VK0OU,199,350,151,v005
VK0OU,0,72,72,v029
VK0OU,0,446,446,v008
VK0OU,453,578,125,v023
PABBK,50,240,190,v023
PABBK,417,711,294,v005
PABBK,136,711,575,v018
PABBK,168,434,266,v008
PABBK,122,292,170,v018
PABBK,415,711,296,v023
PABBK,160,504,344,v005
XKPLB,24,489,465,v008
XKPLB,122,494,372,v016
XKPLB,434,549,115,v017
XKPLB,7,124,117,v012
XKPLB,36,156,120,v029
MYGJA,136,278,142,v012
MYGJA,127,283,156,v007
MYGJA,218,360,142,v016
MYGJA,139,283,144,v012
MYGJA,28,348,320,v008
MYGJA,206,422,216,v026
MYGJA,206,429,223,v016
MYGJA,283,439,156,v001
MYGJA,273,439,166,v026
MYGJA,31,345,314,v008
MYGJA,276,432,156,v001
MYGJA,28,343,315,v016
FU5AP,484,816,332,v003
FU5AP,0,511,511,v003
QC4R2,213,525,312,v025
QC4R2,398,715,317,v009
QC4R2,0,795,795,v008
QC4R2,290,446,156,v016
QC4R2,0,446,446,v008
SFIWO,0,708,708,v010
SFIWO,576,708,132,v003
SFIWO,0,708,708,v021
SFIWO,549,686,137,v018
SFIWO,0,708,708,v008
SFIWO,540,708,168,v018
DYYLD,84,364,280,v001
DYYLD,0,465,465,v007
DYYLD,482,711,229,v001
DYYLD,0,458,458,v012
DYYLD,472,711,239,v031
DYYLD,475,711,236,v012
ZUHRU,0,732,732,v008
ZUHRU,398,748,350,v008
ZUHRU,405,528,123,v029
ZUHRU,0,122,122,v026
ZUHRU,144,276,132,v026
IA7X9,0,607,607,v008
IA7X9,271,506,235,v012
IA7X9,261,578,317,v031
IA7X9,184,468,284,v003
IA7X9,0,96,96,v007
IA7X9,12,132,120,v029
IA7X9,379,607,228,v014
QTOJX,648,834,186,v008
QTOJX,52,360,308,v009
QTOJX,636,760,124,v023
QTOJX,0,602,602,v031
QTOJX,540,669,129,v022
QTOJX,0,626,626,v018
C1QDS,199,448,249,v008
C1QDS,0,103,103,v008
C1QDS,201,316,115,v009
C1QDS,0,290,290,v015
C1QDS,0,735,735,v008
F1OMV,21,192,171,v004
F1OMV,196,364,168,v027
F1OMV,232,412,180,v001
F1OMV,14,151,137,v029
F1OMV,242,405,163,v001
F1OMV,259,384,125,v007
F1OMV,0,381,381,v008
F1OMV,103,259,156,v016
L0RDL,0,741,741,v030
01KML,434,643,209,v023
01KML,528,809,281,v031
01KML,0,530,530,v008
01KML,57,513,456,v009
01KML,492,809,317,v008
01KML,0,549,549,v026
T8V10,487,780,293,v008
T8V10,292,609,317,v004
T8V10,244,453,209,v023
T8V10,537,712,175,v023
T8V10,307,583,276,v008
T8V10,96,345,249,v028
3HOJR,388,626,238,v008
3HOJR,300,492,192,v022
3HOJR,583,809,226,v023
3HOJR,0,112,112,v012
3HOJR,300,655,355,v023
08XNM,45,477,432,v031
08XNM,444,657,213,v004
08XNM,604,777,173,v004
MHTRY,81,204,123,v008
MHTRY,57,204,147,v023
MHTRY,86,204,118,v014
MHTRY,36,180,144,v026
MHTRY,62,175,113,v023
MHTRY,7,204,197,v008
MHTRY,0,117,117,v012
MHTRY,0,204,204,v019
MHTRY,14,146,132,v029
YYKZ9,0,820,820,v008
YYKZ9,0,825,825,v018
YYKZ9,0,667,667,v003
7POUA,0,472,472,v008
7POUA,0,460,460,v031
7POUA,364,745,381,v008
7POUA,357,745,388,v031
7POUA,0,745,745,v021
7POUA,0,745,745,v010
7POUA,518,745,227,v006
7POUA,0,745,745,v018
7POUA,304,460,156,v016
2XLVN,136,672,536,v008
2XLVN,160,348,188,v012
2XLVN,516,691,175,v016
2XLVN,136,888,752,v008
2RU6J,0,587,587,v008
2RU6J,9,587,578,v024
2RU6J,0,587,587,v008
2RU6J,400,587,187,v010
QZP8N,508,696,188,v031
QZP8N,228,696,468,v008
QZP8N,7,288,281,v031
QZP8N,487,696,209,v008
QZP8N,0,108,108,v029
QZP8N,67,256,189,v019
QZP8N,477,604,127,v023
QZP8N,74,247,173,v019
QZP8N,216,388,172,v023
NRYS3,14,422,408,v006
NRYS3,561,783,222,v014
NRYS3,585,783,198,v032
NRYS3,585,783,198,v018
NRYS3,410,612,202,v029
NRYS3,547,693,146,v018
NRYS3,26,384,358,v031
NRYS3,590,783,193,v018
X1KKZ,319,974,655,v031
X1KKZ,0,328,328,v008
X1KKZ,208,364,156,v025
X1KKZ,0,424,424,v017
X1KKZ,319,451,132,v012
NBMZ0,98,767,669,v008
NBMZ0,139,259,120,v008
NBMZ0,0,182,182,v018
NBMZ0,67,206,139,v022
7P0JX,703,817,114,v001
7P0JX,98,264,166,v027
7P0JX,230,494,264,v008
7P0JX,568,712,144,v005
7P0JX,645,780,135,v016
7P0JX,220,741,521,v008
7P0JX,638,792,154,v016
7P0JX,288,640,352,v015
7P0JX,247,768,521,v008
XIG01,33,254,221,v005
XIG01,0,129,129,v008
XIG01,33,254,221,v005
XIG01,0,703,703,v008
7HQLV,0,336,336,v004
7HQLV,424,823,399,v008
7HQLV,396,662,266,v023
7HQLV,0,336,336,v008
7HQLV,676,823,147,v016
7DODT,376,631,255,v012
7DODT,410,720,310,v008
7DODT,384,738,354,v008
1ERM9,0,160,160,v030
1ERM9,254,456,202,v001
1ERM9,223,417,194,v012
1ERM9,240,444,204,v023
1ERM9,388,614,226,v013
1ERM9,333,484,151,v023
1ERM9,343,711,368,v008
9VKVA,2,249,247,v012
9VKVA,592,763,171,v008
9VKVA,532,698,166,v023
9VKVA,604,736,132,v022
106AY,237,508,271,v008
106AY,26,218,192,v027
106AY,698,817,119,v005
106AY,470,782,312,v004
106AY,261,494,233,v016
106AY,684,817,133,v008
106AY,429,566,137,v018
106AY,465,817,352,v018
106AY,724,817,93,v016
106AY,247,496,249,v026
106AY,360,484,124,v016
106AY,424,612,188,v023
106AY,0,187,187,v029
106AY,667,817,150,v023
106AY,463,753,290,v008
106AY,691,817,126,v008
106AY,568,787,219,v016
106AY,220,386,166,v028
106AY,696,817,121,v012
3EIRZ,4,244,240,v005
3EIRZ,0,631,631,v008
3EIRZ,4,244,240,v005
3EIRZ,88,271,183,v026
3EIRZ,0,175,175,v029
3EIRZ,348,489,141,v026
3EIRZ,110,228,118,v016
OBO40,0,411,411,v008
OBO40,0,411,411,v014
OBO40,72,216,144,v020
J8KPE,189,453,264,v023
J8KPE,290,429,139,v001
J8KPE,376,953,577,v002
ESM8H,362,499,137,v025
ESM8H,403,528,125,v025
ESM8H,362,499,137,v025
ESM8H,175,672,497,v009
ESM8H,232,660,428,v019
ESM8H,189,492,303,v008
ESM8H,396,492,96,v025
ESM8H,175,499,324,v008
RO9RP,120,362,242,v015
RO9RP,273,434,161,v001
RO9RP,199,619,420,v008
RO9RP,492,650,158,v016
RO9RP,492,650,158,v016
RO9RP,0,160,160,v012
RO9RP,590,701,111,v026
V1TET,0,683,683,v018
V1TET,0,683,683,v008
V1TET,0,612,612,v008
V1TET,532,645,113,v008
V1TET,0,103,103,v019
V1TET,506,676,170,v025
V1TET,508,683,175,v025
V1TET,508,683,175,v025
H8XPL,33,142,109,v023
0WV3L,492,777,285,v012
0WV3L,0,520,520,v002
0WV3L,612,864,252,v016
0WV3L,561,864,303,v023
0WV3L,655,849,194,v001
CWUDQ,672,732,60,v012
CWUDQ,141,278,137,v001
CWUDQ,288,465,177,v028
CWUDQ,372,578,206,v028
CWUDQ,348,552,204,v008
CWUDQ,400,552,152,v016
CWUDQ,379,552,173,v025
CWUDQ,14,242,228,v029
RGY38,223,600,377,v008
RGY38,542,684,142,v012
RGY38,0,172,172,v031
RGY38,504,616,112,v016
RGY38,583,722,139,v029
BSFVT,0,129,129,v001
BSFVT,283,807,524,v008
BSFVT,40,156,116,v016
BSFVT,0,153,153,v018
BSFVT,98,244,146,v023
BSFVT,0,807,807,v018
BSFVT,273,403,130,v023
BSFVT,84,807,723,v031
BSFVT,0,807,807,v032
BSFVT,153,807,654,v032
BSFVT,194,331,137,v012
BSFVT,283,807,524,v008
A52N5,331,745,414,v032
A52N5,314,494,180,v012
A52N5,228,326,98,v010
A52N5,314,745,431,v018
A52N5,26,218,192,v000
A52N5,88,292,204,v016
A52N5,283,427,144,v023
A52N5,0,194,194,v021
A52N5,314,745,431,v008
A52N5,86,357,271,v025
A52N5,297,745,448,v023
A52N5,297,745,448,v008
EL3N9,727,866,139,v001
EL3N9,528,844,316,v016
EL3N9,463,624,161,v012
EL3N9,60,225,165,v018
EL3N9,48,477,429,v008
EL3N9,64,208,144,v018
EL3N9,549,794,245,v016
T5MLJ,0,804,804,v008
T5MLJ,0,804,804,v031
T5MLJ,590,804,214,v009
S7PLQ,494,768,274,v018
S7PLQ,343,463,120,v001
S7PLQ,247,432,185,v012
S7PLQ,456,648,192,v018
S7PLQ,487,768,281,v019
YXP9P,0,153,153,v020
YXP9P,76,189,113,v023
YXP9P,0,809,809,v018
YXP9P,117,809,692,v030
9HTQ1,0,460,460,v008
9HTQ1,0,492,492,v020
9HTQ1,453,744,291,v026
9HTQ1,417,547,130,v022
9HTQ1,0,316,316,v018
9HTQ1,336,532,196,v016
1KOZ4,487,789,302,v019
1KOZ4,36,494,458,v003
0F0WE,156,333,177,v001
0F0WE,489,803,314,v032
0F0WE,31,249,218,v017
0F0WE,393,715,322,v018
0F0WE,472,741,269,v008
0F0WE,465,621,156,v012
0F0WE,429,590,161,v023
0F0WE,67,208,141,v007
0F0WE,304,513,209,v023
0F0WE,518,803,285,v031
S2XJW,247,494,247,v004
S2XJW,74,276,202,v018
S2XJW,0,146,146,v022
S2XJW,144,343,199,v005
S2XJW,127,316,189,v018
S2XJW,208,386,178,v023
S2XJW,446,566,120,v016
S2XJW,172,780,608,v018
S2XJW,9,117,108,v023
S2XJW,0,816,816,v008
S2XJW,115,235,120,v012
S2XJW,208,391,183,v008
NMC3H,153,278,125,v019
NMC3H,0,199,199,v028
NMC3H,280,427,147,v008
NMC3H,340,446,106,v013
NMC3H,0,345,345,v031
NMC3H,187,352,165,v019
NMC3H,112,223,111,v016
1P97N,0,743,743,v008
1P97N,12,743,731,v012
1P97N,7,127,120,v023
1P97N,0,743,743,v023
1P97N,86,743,657,v031
UZMMO,501,871,370,v018
UZMMO,501,758,257,v012
UZMMO,412,871,459,v008
UZMMO,540,871,331,v031
UZMMO,12,374,362,v026
UZMMO,417,602,185,v023
BRJ0H,696,844,148,v007
BRJ0H,607,844,237,v008
BRJ0H,614,844,230,v008
BRJ0H,64,220,156,v023
BRJ0H,0,120,120,v029
BRJ0H,57,844,787,v023
BRJ0H,120,516,396,v016
G9I7C,0,451,451,v010
G9I7C,230,405,175,v000
G9I7C,290,494,204,v022
G9I7C,379,770,391,v003
G9I7C,333,770,437,v008
G9I7C,321,468,147,v023
G9I7C,278,422,144,v018
G9I7C,206,468,262,v000
XB2NM,386,575,189,v018
XB2NM,352,511,159,v018
XB2NM,12,134,122,v029
XB2NM,0,64,64,v012
1L7XE,19,213,194,v023
1L7XE,50,254,204,v008
1L7XE,108,242,134,v001
1L7XE,45,254,209,v019
1L7XE,4,117,113,v012
UZDEE,0,180,180,v012
UZDEE,187,314,127,v016
UZDEE,0,151,151,v019
UZDEE,48,580,532,v023
UZDEE,182,566,384,v016
HIO3X,830,1156,326,v030
HIO3X,60,228,168,v018
HIO3X,624,758,134,v022
HIO3X,1104,1276,172,v030
HIO3X,1041,1176,135,v031
HIO3X,1111,1280,169,v023
HIO3X,708,861,153,v023
WCKTP,0,769,769,v026
WCKTP,9,216,207,v026
WCKTP,160,405,245,v018
WCKTP,72,228,156,v016
FYJJT,492,645,153,v008
FYJJT,544,705,161,v012
FYJJT,0,120,120,v022
FYJJT,496,813,317,v018
UMXKN,292,535,243,v016
UMXKN,0,237,237,v031
UMXKN,420,542,122,v025
UMXKN,420,542,122,v025
UMXKN,312,496,184,v026
UMXKN,216,408,192,v023
UMXKN,338,487,149,v026
UMXKN,98,756,658,v008
UMXKN,36,369,333,v012
UMXKN,364,496,132,v001
BNH5C,0,624,624,v018
BNH5C,0,624,624,v005
BNH5C,523,700,177,v022
BNH5C,0,691,691,v008
VOAAZ,568,796,228,v016
VOAAZ,729,902,173,v008
VOAAZ,657,796,139,v023
VOAAZ,645,818,173,v012
VOAAZ,640,808,168,v023
VOAAZ,652,967,315,v003
VOAAZ,931,1176,245,v008
VOAAZ,907,1187,280,v014
CO3LU,0,804,804,v005
CO3LU,0,804,804,v008
CO3LU,631,808,177,v016
CO3LU,756,889,133,v027
CO3LU,0,741,741,v005
CO3LU,777,889,112,v027
CO3LU,676,794,118,v016
CO3LU,0,782,782,v008
ES7QT,0,585,585,v008
ES7QT,14,585,571,v031
ES7QT,0,561,561,v008
ES7QT,0,737,737,v018
3FX0M,100,186,86,v012
3FX0M,96,186,90,v016
RCA3E,0,477,477,v008
RCA3E,561,718,157,v030
YM5CV,0,568,568,v008
YM5CV,369,508,139,v022
YM5CV,453,571,118,v016
YM5CV,0,480,480,v014
1L220,782,2656,1874,v014
1L220,1761,3096,1335,v005
1L220,2136,2347,211,v023
1L220,1713,1888,175,v008
1L220,2136,2443,307,v008
1L220,441,3096,2655,v008
1L220,1044,1351,307,v029
PKNT2,0,537,537,v008
PKNT2,391,537,146,v016
PKNT2,0,934,934,v018
PKNT2,460,934,474,v031
PKNT2,0,108,108,v018
PKNT2,396,571,175,v016
PKNT2,0,160,160,v008
PKNT2,74,463,389,v014
DQFF2,170,328,158,v012
DQFF2,110,463,353,v008
DQFF2,388,739,351,v016
5XKVP,96,216,120,v025
5XKVP,194,313,119,v025
5XKVP,74,313,239,v026
5XKVP,36,182,146,v022
5XKVP,0,151,151,v018
5XKVP,136,276,140,v025
5XKVP,180,313,133,v023
5XKVP,62,213,151,v023
5XKVP,122,288,166,v023
5XKVP,62,213,151,v025
SVEWD,0,144,144,v032
SVEWD,412,564,152,v008
SVEWD,340,511,171,v022
SVEWD,0,189,189,v018
SVEWD,7,312,305,v032
SVEWD,470,619,149,v020
SVEWD,422,571,149,v023
SVEWD,528,687,159,v029
SVEWD,0,420,420,v018
ZK05Q,148,360,212,v023
ZK05Q,295,412,117,v012
ZK05Q,297,706,409,v031
ZK05Q,40,153,113,v029
E546V,0,533,533,v027
WVTVK,0,569,569,v008
WVTVK,0,569,569,v010
09KVK,0,654,654,v026
09KVK,0,654,654,v026
EZ7X3,0,333,333,v008
EZ7X3,184,328,144,v016
TX122,410,863,453,v004
TX122,412,863,451,v008
TX122,60,276,216,v000
TX122,0,182,182,v010
TX122,60,276,216,v000
O8BH6,314,731,417,v010
O8BH6,0,487,487,v018
O8BH6,0,731,731,v008
O8BH6,124,307,183,v009
H51V5,259,523,264,v008
H51V5,398,564,166,v016
H51V5,398,564,166,v016
H51V5,153,360,207,v009
H51V5,396,554,158,v016
H51V5,266,432,166,v023
H51V5,36,204,168,v023
H51V5,0,516,516,v008
2E8GU,0,172,172,v008
2E8GU,43,208,165,v026
2E8GU,57,192,135,v016
2E8GU,136,537,401,v028
2E8GU,465,538,73,v028
2E8GU,436,538,102,v008
VQN81,0,751,751,v008
VQN81,206,352,146,v020
E184J,64,746,682,v008
E184J,0,746,746,v008
E184J,0,746,746,v024
E184J,0,746,746,v008
3AHLN,160,312,152,v006
3AHLN,268,544,276,v004
3AHLN,264,372,108,v016
3AHLN,98,336,238,v022
00NN7,504,722,218,v001
00NN7,0,232,232,v008
00NN7,84,242,158,v016
00NN7,336,585,249,v014
00NN7,319,633,314,v018
00NN7,0,153,153,v029
00NN7,158,309,151,v001
00NN7,357,573,216,v032
00NN7,256,453,197,v018
WDY1G,0,648,648,v008
WDY1G,0,336,336,v030
WDY1G,0,648,648,v031
WDY1G,0,648,648,v030
QYE21,525,721,196,v001
QYE21,0,578,578,v006
QYE21,432,602,170,v022
HX22J,9,540,531,v026
HX22J,420,607,187,v031
IUBYO,0,144,144,v008
IUBYO,43,144,101,v008
IUBYO,45,144,99,v016
IUBYO,48,144,96,v023
IUBYO,48,144,96,v025
IUBYO,0,144,144,v008
IUBYO,0,144,144,v018
GGAN0,441,547,106,v016
GGAN0,441,547,106,v016
GGAN0,184,316,132,v020
GGAN0,367,547,180,v016
GGAN0,379,547,168,v008
MMTED,0,376,376,v010
MMTED,304,531,227,v031
MMTED,175,345,170,v020
LPT4A,0,749,749,v008
LPT4A,0,749,749,v018
LPT4A,0,132,132,v023
LPT4A,0,749,749,v031
LPT4A,0,749,749,v018
SFHHR,516,672,156,v016
SFHHR,204,600,396,v004
SFHHR,0,751,751,v018
SFHHR,0,751,751,v031
SFHHR,218,674,456,v023
SFHHR,249,664,415,v008
SFHHR,0,751,751,v014
SFHHR,525,674,149,v016
TNEEH,595,683,88,v029
TNEEH,0,338,338,v006
TNEEH,499,683,184,v008
TNEEH,499,612,113,v023
TNEEH,391,487,96,v022
TNEEH,0,360,360,v006
TNEEH,0,458,458,v018
ADK5J,112,458,346,v008
ADK5J,364,499,135,v016
ADK5J,129,422,293,v019
ADK5J,352,494,142,v016
ADK5J,170,417,247,v013
ADK5J,110,434,324,v014
QNVMD,259,626,367,v016
QNVMD,177,855,678,v008
QNVMD,204,855,651,v023
QNVMD,208,855,647,v008
F0ZPW,0,944,944,v008
F0ZPW,542,794,252,v004
F0ZPW,484,780,296,v008
F0ZPW,595,804,209,v016
F0ZPW,465,722,257,v023
F0ZPW,64,628,564,v005
F0ZPW,0,944,944,v018
F0ZPW,0,944,944,v008
F0ZPW,0,944,944,v008
F0ZPW,0,292,292,v023
F0ZPW,684,944,260,v030
F0ZPW,614,727,113,v016
F0ZPW,9,648,639,v008
F0ZPW,561,751,190,v023
F0ZPW,470,619,149,v016
F0ZPW,561,736,175,v008
6B7HM,0,693,693,v018
6B7HM,609,747,138,v022
6B7HM,576,747,171,v024
6B7HM,0,552,552,v012
6B7HM,597,720,123,v019
6B7HM,489,597,108,v023
A2Z46,204,511,307,v001
A2Z46,0,518,518,v010
A2Z46,0,300,300,v000
A2Z46,398,708,310,v022
A2Z46,597,811,214,v016
A2Z46,650,799,149,v025
A2Z46,609,748,139,v016
A2Z46,0,746,746,v008
A2Z46,463,640,177,v023
A2Z46,698,811,113,v016
M7Y6V,40,764,724,v008
M7Y6V,127,758,631,v031
M7Y6V,501,764,263,v005
M7Y6V,0,105,105,v022
M7Y6V,31,170,139,v023
M7Y6V,0,91,91,v018
M7Y6V,36,764,728,v008
M7Y6V,105,228,123,v023
M7Y6V,81,208,127,v012
M7Y6V,74,764,690,v008
M7Y6V,48,163,115,v023
V5XKZ,0,759,759,v008
V5XKZ,0,759,759,v008
V5XKZ,0,759,759,v024
TSYR3,321,492,171,v001
TSYR3,0,266,266,v012
TSYR3,21,427,406,v026
TSYR3,386,642,256,v008
TSYR3,388,578,190,v023
TSYR3,384,642,258,v026
TSYR3,405,642,237,v026
6JGXL,391,535,144,v022
6JGXL,0,496,496,v018
6JGXL,0,501,501,v032
6JGXL,312,501,189,v005
6JGXL,0,496,496,v018
6JGXL,228,508,280,v008
7R4YS,52,242,190,v016
7R4YS,144,662,518,v017
7R4YS,0,204,204,v019
7R4YS,60,748,688,v008
7R4YS,144,268,124,v023
7R4YS,84,220,136,v012
7R4YS,194,336,142,v029
SY1JE,204,412,208,v012
SY1JE,206,405,199,v007
SY1JE,52,259,207,v004
SY1JE,52,261,209,v008
SY1JE,50,268,218,v016
SY1JE,252,412,160,v029
SY1JE,122,249,127,v016
GMMVC,312,429,117,v001
GMMVC,0,384,384,v008
GMMVC,254,393,139,v001
GMMVC,280,420,140,v016
GMMVC,0,376,376,v031
GMMVC,0,429,429,v021
GMMVC,304,422,118,v022
GMMVC,268,417,149,v016
GMMVC,319,429,110,v017
GMMVC,0,151,151,v016
GMMVC,357,429,72,v029
GMMVC,355,429,74,v012
GMMVC,0,429,429,v008
GMMVC,0,429,429,v018
P4FXX,628,823,195,v027
P4FXX,136,352,216,v016
P4FXX,136,379,243,v005
P4FXX,0,828,828,v008
P4FXX,0,578,578,v026
P4FXX,108,247,139,v008
P4FXX,81,206,125,v023
P4FXX,528,655,127,v029
P4FXX,72,206,134,v023
P4FXX,88,254,166,v008
P4FXX,0,177,177,v026
P4FXX,108,232,124,v005
VU7P7,148,417,269,v008
VU7P7,201,417,216,v018
VU7P7,249,388,139,v018
VU7P7,129,417,288,v008
VU7P7,115,314,199,v023
VU7P7,67,199,132,v019
VU7P7,38,156,118,v029
3Z1YC,367,691,324,v008
3Z1YC,355,700,345,v008
3Z1YC,0,747,747,v008
3Z1YC,355,657,302,v017
3Z1YC,0,747,747,v026
3Z1YC,420,549,129,v023
OPJG1,0,420,420,v008
OPJG1,0,420,420,v014
OPJG1,302,434,132,v016
OPJG1,372,735,363,v003
E0ZBC,194,688,494,v015
E0ZBC,883,1012,129,v022
E0ZBC,0,974,974,v018
E0ZBC,0,979,979,v018
E0ZBC,818,1070,252,v008
E0ZBC,0,823,823,v008
E0ZBC,753,914,161,v023
UQPO0,936,1183,247,v018
UQPO0,158,777,619,v026
UQPO0,1032,1195,163,v018
UQPO0,182,820,638,v026
JTXUA,393,712,319,v031
JTXUA,379,604,225,v012
JTXUA,662,888,226,v018
JTXUA,127,319,192,v001
JTXUA,806,1300,494,v006
JTXUA,784,902,118,v022
JTXUA,48,304,256,v007
JTXUA,684,813,129,v018
JTXUA,40,211,171,v012
785X2,576,952,376,v005
785X2,940,1302,362,v001
785X2,31,204,173,v018
785X2,576,842,266,v008
785X2,76,1264,1188,v018
785X2,492,736,244,v000
785X2,1149,1298,149,v022
785X2,1051,1245,194,v001
785X2,76,1272,1196,v018
TF0KM,249,535,286,v019
TF0KM,0,60,60,v018
TF0KM,0,743,743,v018
TF0KM,324,631,307,v028
TF0KM,60,249,189,v028
TF0KM,0,710,710,v018
TF0KM,0,537,537,v031
TF0KM,580,720,140,v016
TF0KM,669,743,74,v022
GTK8W,612,770,158,v008
GTK8W,559,736,177,v023
GTK8W,0,624,624,v008
GTK8W,0,520,520,v031
GTK8W,444,624,180,v022
GTK8W,739,878,139,v023
GTK8W,782,893,111,v018
GTK8W,741,893,152,v016
GTK8W,451,602,151,v001
GTK8W,751,873,122,v012
GTK8W,777,893,116,v018
GTK8W,564,700,136,v031
GTK8W,0,686,686,v008
GTK8W,643,784,141,v005
J3SQC,0,646,646,v008
J3SQC,0,646,646,v008
J3SQC,0,646,646,v014
J3SQC,172,309,137,v020
J3SQC,0,69,69,v019
5Q3QB,170,295,125,v001
5Q3QB,120,261,141,v012
5Q3QB,122,223,101,v007
5Q3QB,0,855,855,v008
5Q3QB,105,278,173,v012
5Q3QB,237,408,171,v012
5Q3QB,328,489,161,v012
S1XW9,0,76,76,v029
S1XW9,124,669,545,v032
S1XW9,568,705,137,v022
S1XW9,621,802,181,v007
S1XW9,79,676,597,v018
S1XW9,52,208,156,v018
S1XW9,621,802,181,v001
S1XW9,544,700,156,v001
S1XW9,0,112,112,v023
S1XW9,103,211,108,v012
FKFU3,0,67,67,v031
FKFU3,0,72,72,v008
FKFU3,0,112,112,v019
L8FFR,516,746,230,v023
L8FFR,542,698,156,v022
L8FFR,516,746,230,v023
L8FFR,0,612,612,v026
L8FFR,542,751,209,v008
L8FFR,588,751,163,v023
L8FFR,640,751,111,v023
99UA6,1200,1426,226,v001
99UA6,1250,1423,173,v027
99UA6,31,424,393,v008
99UA6,537,760,223,v016
99UA6,223,412,189,v016
99UA6,144,312,168,v023
99UA6,1243,1426,183,v029
99UA6,0,1216,1216,v030
2P2ZC,0,487,487,v006
2P2ZC,592,676,84,v027
2P2ZC,506,667,161,v027
3U1SS,403,735,332,v008
3U1SS,0,352,352,v006
3U1SS,0,352,352,v010
3U1SS,261,484,223,v022
3U1SS,338,470,132,v026
3U1SS,415,600,185,v023
3U1SS,0,360,360,v031
5DYQR,52,295,243,v012
5DYQR,103,235,132,v012
5DYQR,230,386,156,v018
5DYQR,0,175,175,v022
5DYQR,175,321,146,v001
5DYQR,74,225,151,v007
06II2,0,472,472,v008
06II2,60,453,393,v021
06II2,24,537,513,v018
06II2,0,129,129,v018
06II2,420,556,136,v022
81YUE,254,564,310,v010
81YUE,501,712,211,v028
81YUE,631,738,107,v028
81YUE,398,616,218,v031
81YUE,513,734,221,v016
BPWJI,566,701,135,v001
BPWJI,0,405,405,v002
BPWJI,384,701,317,v012
J0VXY,357,727,370,v026
J0VXY,4,372,368,v026
J0VXY,297,566,269,v008
J0VXY,158,496,338,v016
J0VXY,266,748,482,v002
0W4F6,223,732,509,v018
0W4F6,350,520,170,v012
0W4F6,204,340,136,v018
0W4F6,223,732,509,v018
0W4F6,508,732,224,v014
0W4F6,398,732,334,v031
IKOAX,628,719,91,v016
IKOAX,477,719,242,v008
IKOAX,602,719,117,v016
IKOAX,480,662,182,v022
IKOAX,487,688,201,v013
D87LI,374,729,355,v008
D87LI,393,729,336,v014
D87LI,357,470,113,v001
D87LI,0,453,453,v014
D87LI,0,729,729,v032
D87LI,374,496,122,v023
D87LI,0,729,729,v018
D87LI,0,729,729,v018
C1AEV,259,714,455,v031
C1AEV,0,714,714,v008
C1AEV,0,714,714,v031
CP3Q6,393,678,285,v002
CP3Q6,129,292,163,v000
CP3Q6,0,678,678,v008
CP3Q6,360,561,201,v008
CP3Q6,0,678,678,v008
52GJU,72,264,192,v031
52GJU,192,465,273,v020
AYXFY,57,324,267,v004
AYXFY,52,336,284,v008
AYXFY,172,321,149,v016
AYXFY,0,557,557,v024
AYXFY,158,328,170,v016
AYXFY,379,530,151,v005
3YGOV,158,304,146,v004
3YGOV,247,499,252,v021
3YGOV,12,141,129,v017
3YGOV,21,508,487,v029
CP07P,0,175,175,v006
CP07P,40,283,243,v019
CP07P,0,743,743,v008
CP07P,0,743,743,v008
CP07P,40,357,317,v009
M8NEU,362,691,329,v008
M8NEU,564,696,132,v001
M8NEU,0,175,175,v017
M8NEU,98,451,353,v026
M8NEU,340,528,188,v023
M8NEU,0,120,120,v012
M8NEU,91,484,393,v023
M8NEU,158,484,326,v026
M8NEU,156,292,136,v025
M8NEU,156,480,324,v008
M8NEU,16,139,123,v007
M8NEU,98,232,134,v023
M8NEU,331,451,120,v016
4JH6O,0,256,256,v008
4JH6O,532,749,217,v031
4JH6O,0,141,141,v018
4JH6O,0,136,136,v017
4JH6O,50,749,699,v021
4JH6O,60,749,689,v002
4JH6O,0,749,749,v018
4JH6O,0,67,67,v029
F207R,816,976,160,v016
F207R,259,832,573,v008
F207R,108,345,237,v012
F207R,626,960,334,v004
F207R,328,487,159,v012
F207R,386,976,590,v031
F207R,136,307,171,v023
AK9IB,0,597,597,v032
AK9IB,506,696,190,v028
AK9IB,583,724,141,v012
AK9IB,588,753,165,v016
AK9IB,657,824,167,v001
AK9IB,0,117,117,v018
AK9IB,14,621,607,v032
6MH42,158,417,259,v008
6MH42,304,525,221,v009
6MH42,199,343,144,v004
6MH42,316,525,209,v021
6MH42,350,460,110,v020
6MH42,264,393,129,v016
EPKTX,120,396,276,v008
EPKTX,386,542,156,v031
EPKTX,153,542,389,v018
EPKTX,0,542,542,v005
EPKTX,127,244,117,v018
EPKTX,0,542,542,v008
EPKTX,160,542,382,v021
G1A2O,451,712,261,v024
G1A2O,93,232,139,v005
G1A2O,93,261,168,v008
G1A2O,9,175,166,v018
VWAEL,177,688,511,v014
VWAEL,592,732,140,v023
VWAEL,573,722,149,v016
VWAEL,597,870,273,v008
VWAEL,148,288,140,v029
VWAEL,182,679,497,v008
MILRI,480,674,194,v025
MILRI,264,480,216,v018
MILRI,50,230,180,v012
MILRI,655,687,32,v008
PHIIX,468,607,139,v031
PHIIX,24,280,256,v016
PHIIX,297,405,108,v029
PHIIX,76,199,123,v008
PHIIX,100,208,108,v025
PHIIX,91,223,132,v016
PHIIX,0,115,115,v029
PHIIX,240,350,110,v029
PHIIX,408,523,115,v029
PHIIX,0,268,268,v008
6CMWO,170,525,355,v016
6CMWO,424,732,308,v023
6CMWO,0,163,163,v028
6CMWO,477,667,190,v009
6CMWO,429,700,271,v008
JW2HC,72,196,124,v016
JW2HC,0,731,731,v032
JW2HC,0,731,731,v008
JW2HC,16,731,715,v005
JW2HC,72,196,124,v016
JW2HC,0,187,187,v008
JW2HC,24,144,120,v005
JW2HC,0,120,120,v017
JW2HC,0,187,187,v008
JW2HC,0,731,731,v031
JW2HC,0,115,115,v029
6XGUE,436,1030,594,v031
6XGUE,105,259,154,v005
6XGUE,91,259,168,v008
6XGUE,81,259,178,v005
6XGUE,81,213,132,v008
6XGUE,0,429,429,v008
6XGUE,384,537,153,v012
6XGUE,0,1030,1030,v018
6XGUE,751,892,141,v016
ZZN85,266,660,394,v008
ZZN85,261,583,322,v023
ZZN85,28,235,207,v008
ZZN85,136,331,195,v001
ZZN85,91,232,141,v016
ZZN85,72,247,175,v016
KSDFR,0,453,453,v031
KSDFR,554,743,189,v004
KSDFR,0,489,489,v003
KSDFR,468,645,177,v015
KSDFR,405,743,338,v023
W0624,554,702,148,v012
W0624,316,597,281,v008
W0624,7,400,393,v016
W0624,2,405,403,v016
W0624,297,427,130,v023
W0624,0,417,417,v026
W0624,328,590,262,v008
W0624,556,702,146,v001
W0624,72,405,333,v016
W0624,314,458,144,v023
W0624,100,328,228,v023
LP47Z,0,201,201,v010
LP47Z,304,506,202,v023
LP47Z,192,364,172,v022
LP47Z,482,612,130,v029
LP47Z,379,602,223,v008
6VM42,235,403,168,v023
6VM42,69,340,271,v008
6VM42,72,343,271,v016
6VM42,74,340,266,v016
6VM42,84,312,228,v016
W5GEK,672,745,73,v027
W5GEK,0,122,122,v029
537I0,38,285,247,v016
537I0,175,427,252,v001
537I0,74,338,264,v023
537I0,45,242,197,v008
537I0,343,512,169,v008
330ZE,312,678,366,v002
330ZE,0,295,295,v016
330ZE,12,309,297,v016
330ZE,0,88,88,v023
330ZE,0,88,88,v023
330ZE,7,235,228,v026
330ZE,0,278,278,v008
7BT7L,0,709,709,v005
7BT7L,0,709,709,v018
7BT7L,0,709,709,v005
7BT7L,0,709,709,v018
OOCOF,513,650,137,v001
OOCOF,499,624,125,v022
OOCOF,148,280,132,v012
OOCOF,566,714,148,v030
OOCOF,216,648,432,v023
OOCOF,0,714,714,v002
OOCOF,216,648,432,v026
78N0Z,381,530,149,v023
78N0Z,0,734,734,v018
78N0Z,506,734,228,v005
78N0Z,0,734,734,v008
78N0Z,415,734,319,v008
78N0Z,0,482,482,v032
0BWYH,2,175,173,v016
0BWYH,2,175,173,v016
0BWYH,120,314,194,v020
0BWYH,2,172,170,v008
0BWYH,57,170,113,v016
CZ0MP,0,624,624,v008
CZ0MP,0,602,602,v008
CZ0MP,57,528,471,v004
TLPMD,352,525,173,v012
TLPMD,374,621,247,v023
TLPMD,38,405,367,v002
TLPMD,518,729,211,v016
TLPMD,513,729,216,v016
K1ADF,0,750,750,v026
K1ADF,0,750,750,v008
K1ADF,0,750,750,v008
K1ADF,0,750,750,v030
I5U4Q,266,499,233,v016
I5U4Q,276,470,194,v018
BVHIE,460,592,132,v014
BVHIE,0,439,439,v008
BVHIE,0,280,280,v019
BVHIE,398,564,166,v016
BVHIE,153,465,312,v009
BVHIE,141,333,192,v006
BVHIE,0,472,472,v031
BVHIE,453,578,125,v023
BVHIE,448,604,156,v008
BVHIE,194,333,139,v019
AGZ28,0,206,206,v001
AGZ28,182,835,653,v018
AGZ28,199,835,636,v031
AGZ28,194,835,641,v012
AGZ28,218,835,617,v031
0USFX,0,100,100,v012
0USFX,343,468,125,v001
0USFX,324,506,182,v023
0USFX,57,410,353,v016
0USFX,324,480,156,v001
0USFX,0,393,393,v008
0USFX,0,108,108,v012
0USFX,312,420,108,v016
0USFX,57,379,322,v026
BIL5H,244,504,260,v008
BIL5H,297,453,156,v029
BIL5H,0,511,511,v018
YMIKV,259,739,480,v008
YMIKV,319,544,225,v006
YMIKV,340,513,173,v031
ALXUC,117,374,257,v005
ALXUC,84,374,290,v008
ALXUC,67,187,120,v023
ALXUC,108,374,266,v005
ALXUC,0,172,172,v023
ALXUC,72,374,302,v008
7GPSY,127,705,578,v005
7GPSY,256,837,581,v005
7GPSY,580,784,204,v020
7GPSY,122,662,540,v023
7GPSY,28,153,125,v029
0YTSJ,708,835,127,v016
0YTSJ,691,813,122,v016
0YTSJ,784,891,107,v005
0YTSJ,736,871,135,v023
0YTSJ,784,891,107,v005
0YTSJ,544,818,274,v008
0YTSJ,544,688,144,v023
0YTSJ,732,891,159,v008
0YTSJ,544,818,274,v004
0YTSJ,0,891,891,v018
0YTSJ,717,891,174,v023
0YTSJ,696,891,195,v008
0YTSJ,645,818,173,v016
0YTSJ,549,792,243,v008
0YTSJ,0,891,891,v018
0YTSJ,556,813,257,v023
0YTSJ,0,494,494,v014
X3EZR,0,211,211,v008
X3EZR,64,211,147,v008
X3EZR,28,153,125,v023
X3EZR,0,211,211,v018
WSZSL,307,549,242,v012
WSZSL,0,170,170,v018
WSZSL,0,172,172,v018
WSZSL,50,170,120,v022
WSZSL,0,552,552,v031
8ZHLV,472,738,266,v018
8ZHLV,508,700,192,v004
8ZHLV,0,276,276,v008
8ZHLV,4,451,447,v008
8ZHLV,482,738,256,v008
8ZHLV,170,288,118,v016
8ZHLV,0,69,69,v014
8ZHLV,432,738,306,v018
8ZHLV,316,451,135,v016
8ZHLV,184,393,209,v015
8ZHLV,0,110,110,v023
7WG7A,554,743,189,v012
7WG7A,0,552,552,v004
7WG7A,504,624,120,v027
7WG7A,0,552,552,v008
7WG7A,590,743,153,v007
CZPU9,0,124,124,v016
CZPU9,578,851,273,v004
CZPU9,326,712,386,v012
CZPU9,144,328,184,v028
CZPU9,446,597,151,v005
CZPU9,415,592,177,v008
CZPU9,492,664,172,v005
CZPU9,612,729,117,v001
CZPU9,0,278,278,v016
CZPU9,36,146,110,v026
CZPU9,0,98,98,v023
CZPU9,292,614,322,v031
CZPU9,0,81,81,v008
CZPU9,0,96,96,v008
CZPU9,55,201,146,v001
CZPU9,2,141,139,v012
4WYQ5,0,859,859,v008
4WYQ5,760,859,99,v025
4WYQ5,784,859,75,v001
4WYQ5,746,859,113,v012
4WYQ5,0,722,722,v008
4WYQ5,0,657,657,v005
4WYQ5,12,242,230,v012
4WYQ5,141,259,118,v023
B0LK0,480,638,158,v023
B0LK0,0,340,340,v016
B0LK0,600,1024,424,v003
B0LK0,249,444,195,v028
B0LK0,600,1024,424,v016
B0LK0,0,355,355,v016
HR6MF,0,441,441,v026
HR6MF,38,196,158,v008
HR6MF,9,624,615,v026
HR6MF,0,91,91,v017
HR6MF,108,235,127,v009
HR6MF,228,376,148,v026
HR6MF,0,84,84,v029
HR6MF,278,662,384,v026
02GMI,292,681,389,v018
02GMI,0,367,367,v031
02GMI,304,725,421,v008
02GMI,300,725,425,v032
Q2U7O,165,374,209,v008
Q2U7O,52,196,144,v023
Q2U7O,93,297,204,v023
Q2U7O,84,388,304,v008
F0N38,0,742,742,v008
F0N38,552,742,190,v024
F0N38,453,742,289,v008
F0N38,422,742,320,v023
F0N38,0,504,504,v026
0RSFD,26,444,418,v008
0RSFD,36,278,242,v012
0RSFD,177,504,327,v016
0RSFD,220,458,238,v025
0RSFD,220,458,238,v016
0RSFD,98,458,360,v023
0RSFD,21,655,634,v008
3OUXT,115,1161,1046,v018
3OUXT,547,717,170,v001
3OUXT,319,506,187,v012
3OUXT,43,223,180,v018
3OUXT,1065,1192,127,v022
3OUXT,439,566,127,v008
3OUXT,422,535,113,v023
3OUXT,669,1161,492,v032
3OUXT,103,1173,1070,v018
3OUXT,451,559,108,v016
3OUXT,674,1149,475,v032
ZHF60,304,458,154,v012
ZHF60,1036,1293,257,v030
ZHF60,184,400,216,v016
ZHF60,33,1262,1229,v030
ZHF60,7,304,297,v008
ZHF60,813,1502,689,v030
ZHF60,24,400,376,v026
IJZI1,0,201,201,v029
IJZI1,50,256,206,v012
IJZI1,170,367,197,v023
IJZI1,187,386,199,v020
IJZI1,319,403,84,v001
IJZI1,91,206,115,v031
5XEOB,196,328,132,v008
5XEOB,16,247,231,v026
5XEOB,156,412,256,v001
5XEOB,463,614,151,v019
5XEOB,158,398,240,v009
ENJ7V,799,956,157,v016
ENJ7V,405,837,432,v028
ENJ7V,0,956,956,v014
ENJ7V,0,956,956,v008
CCN3E,0,417,417,v008
CCN3E,86,328,242,v031
CCN3E,247,400,153,v012
CCN3E,314,456,142,v029
GFX2M,0,713,713,v005
GFX2M,0,713,713,v008
GFX2M,0,713,713,v005
GFX2M,0,713,713,v008
EBMIO,232,732,500,v014
EBMIO,0,120,120,v016
EBMIO,232,760,528,v018
EBMIO,45,192,147,v029
EBMIO,0,91,91,v008
EBMIO,225,328,103,v018
EBMIO,232,760,528,v032
EBMIO,232,760,528,v031
K3IGM,0,146,146,v008
K3IGM,0,136,136,v016
K3IGM,494,909,415,v003
K3IGM,837,942,105,v020
K3IGM,122,518,396,v003
K3IGM,55,189,134,v023
K3IGM,460,924,464,v023
7TNNG,571,831,260,v008
7TNNG,0,831,831,v014
7TNNG,0,831,831,v008
GIC0G,0,756,756,v008
GIC0G,357,720,363,v008
GIC0G,0,729,729,v005
GIC0G,352,691,339,v013
GIC0G,621,759,138,v012
GIC0G,667,759,92,v029
JC1DV,120,393,273,v016
JC1DV,0,415,415,v016
JC1DV,0,117,117,v029
JC1DV,170,386,216,v026
JC1DV,0,271,271,v008
JC1DV,196,319,123,v008
JC1DV,0,271,271,v008
JC1DV,196,319,123,v008
JC1DV,196,300,104,v023
EW3VV,88,223,135,v018
EW3VV,175,391,216,v004
EW3VV,60,189,129,v018
EW3VV,45,172,127,v022
EW3VV,0,1091,1091,v008
HOIKF,0,520,520,v031
HOIKF,0,504,504,v008
HOIKF,0,540,540,v010
HOIKF,422,739,317,v018
HOIKF,424,739,315,v018
HOIKF,403,739,336,v014
HOIKF,0,283,283,v019
HOIKF,235,343,108,v009
RJFT8,1060,1108,48,v008
RJFT8,976,1089,113,v029
RJFT8,844,1089,245,v022
RJFT8,0,933,933,v018
MW2TQ,24,216,192,v001
MW2TQ,189,364,175,v009
MW2TQ,151,316,165,v016
MW2TQ,0,304,304,v008
MW2TQ,237,396,159,v001
MW2TQ,153,393,240,v016
MW2TQ,153,393,240,v016
MW2TQ,0,321,321,v008
ZAIHG,0,537,537,v008
ZAIHG,0,434,434,v023
ZAIHG,345,743,398,v031
ZAIHG,201,453,252,v016
ZAIHG,0,456,456,v016
IXY95,408,528,120,v001
IXY95,312,432,120,v012
IXY95,24,240,216,v031
IXY95,338,546,208,v023
IXY95,141,288,147,v016
IXY95,381,546,165,v008
IXY95,0,60,60,v018
IXY95,268,396,128,v029
IXY95,0,74,74,v022
IXY95,26,278,252,v008
UCD2M,0,607,607,v008
UCD2M,0,607,607,v005
UCD2M,33,607,574,v003
UCD2M,0,446,446,v028
038WZ,115,314,199,v001
038WZ,88,276,188,v012
038WZ,0,180,180,v017
99WON,127,283,156,v018
99WON,264,415,151,v023
99WON,0,206,206,v017
99WON,127,271,144,v018
99WON,288,420,132,v022
99WON,228,362,134,v016
J1YJ6,86,319,233,v012
J1YJ6,91,379,288,v031
J1YJ6,24,838,814,v008
J1YJ6,288,838,550,v014
J1YJ6,256,408,152,v018
J1YJ6,304,838,534,v018
YH0BX,55,660,605,v016
YH0BX,64,643,579,v026
YH0BX,64,643,579,v026
YH0BX,530,643,113,v016
YH0BX,7,648,641,v008
L1Z8A,681,1238,557,v008
L1Z8A,573,712,139,v022
L1Z8A,9,559,550,v018
L1Z8A,681,1214,533,v031
00T4B,261,485,224,v003
00T4B,0,268,268,v026
KKCB9,0,587,587,v005
KKCB9,0,587,587,v008
KKCB9,0,587,587,v005
KKCB9,254,587,333,v009
KKCB9,0,587,587,v008
KKCB9,0,587,587,v021
KKCB9,240,587,347,v019
X73XF,472,681,209,v016
X73XF,0,733,733,v008
X73XF,0,733,733,v026
X73XF,468,703,235,v023
9LONJ,196,360,164,v018
9LONJ,211,336,125,v018
9LONJ,124,254,130,v016
9LONJ,0,175,175,v015
H7LQM,31,825,794,v026
H7LQM,165,580,415,v026
H7LQM,33,242,209,v016
H7LQM,180,552,372,v026
H7LQM,777,825,48,v008
H7LQM,777,825,48,v023
H7LQM,777,825,48,v016
EUMRR,487,628,141,v004
EUMRR,712,830,118,v016
EUMRR,0,309,309,v030
EUMRR,355,504,149,v018
EUMRR,640,830,190,v026
EUMRR,225,439,214,v030
EUMRR,674,830,156,v023
EUMRR,669,830,161,v008
EUMRR,429,830,401,v008
EUMRR,429,830,401,v008
EUMRR,429,566,137,v023
Y5P4Q,57,1238,1181,v026
Y5P4Q,2,1238,1236,v022
Y5P4Q,76,1156,1080,v030
144JW,0,88,88,v020
144JW,0,683,683,v018
144JW,0,683,683,v008
JUF24,124,520,396,v016
JUF24,0,891,891,v002
JUF24,441,645,204,v023
YZWQH,0,733,733,v008
YZWQH,0,733,733,v008
YZWQH,0,733,733,v014
YZWQH,0,733,733,v018
W495O,312,480,168,v002
W495O,403,744,341,v002
BFVX0,273,611,338,v005
BFVX0,220,357,137,v018
BFVX0,273,611,338,v005
BFVX0,0,307,307,v031
BFVX0,242,360,118,v018
BFVX0,297,410,113,v008
BFVX0,261,379,118,v018
KJ428,0,86,86,v001
KJ428,0,762,762,v008
KJ428,2,696,694,v030
SGAGB,0,276,276,v008
SGAGB,592,724,132,v008
SGAGB,328,465,137,v023
SGAGB,554,717,163,v023
SGAGB,0,338,338,v021
SGAGB,278,412,134,v022
SGAGB,314,597,283,v003
SGAGB,0,391,391,v018
SGAGB,288,693,405,v016
SGAGB,242,360,118,v016
W6GTP,0,756,756,v008
W6GTP,0,756,756,v008
W6GTP,0,132,132,v014
W6GTP,141,283,142,v014
07RDG,266,384,118,v008
07RDG,40,180,140,v016
07RDG,96,345,249,v026
07RDG,91,458,367,v026
GA4DZ,24,180,156,v000
GA4DZ,0,796,796,v010
GA4DZ,0,796,796,v010
1TAMK,79,266,187,v008
1TAMK,76,218,142,v012
1TAMK,112,247,135,v001
1TAMK,67,192,125,v017
1TAMK,86,266,180,v023
1TAMK,93,252,159,v001
1TAMK,84,230,146,v012
ZDZFF,0,184,184,v008
ZDZFF,0,184,184,v016
ZDZFF,0,187,187,v016
ZDZFF,16,122,106,v025
ZDZFF,60,165,105,v026
CI7PQ,180,352,172,v004
CI7PQ,268,732,464,v005
CI7PQ,292,734,442,v005
CI7PQ,0,804,804,v002
CI7PQ,132,710,578,v008
5CT0V,0,240,240,v008
5CT0V,0,235,235,v014
5CT0V,0,767,767,v018
5CT0V,194,338,144,v008
GIIMN,508,703,195,v008
GIIMN,218,542,324,v008
GIIMN,235,556,321,v005
GIIMN,0,604,604,v008
GIIMN,0,86,86,v012
GIIMN,0,621,621,v031
GIIMN,525,638,113,v023
GIIMN,201,314,113,v023
GIIMN,0,74,74,v006
PN7CX,429,607,178,v026
PN7CX,432,607,175,v026
PN7CX,19,158,139,v023
PN7CX,309,492,183,v016
PN7CX,0,400,400,v010
PN7CX,408,607,199,v008
PN7CX,0,381,381,v005
PN7CX,264,504,240,v022
PN7CX,0,379,379,v008
PN7CX,278,496,218,v003
PN7CX,0,513,513,v018
PN7CX,0,374,374,v005
IJNBL,405,717,312,v016
IJNBL,480,734,254,v030
IJNBL,7,374,367,v002
IJNBL,840,985,145,v001
IJNBL,789,969,180,v029
IJNBL,835,985,150,v012
IJNBL,405,516,111,v023
IJNBL,420,698,278,v008
6YTAJ,0,93,93,v016
6YTAJ,662,747,85,v001
6YTAJ,74,747,673,v031
6YTAJ,86,496,410,v005
6YTAJ,16,747,731,v008
6YTAJ,33,189,156,v012
6YTAJ,540,747,207,v005
6YTAJ,0,747,747,v008
6YTAJ,633,747,114,v016
6YTAJ,0,747,747,v018
6YTAJ,662,747,85,v008
1PB6T,0,91,91,v016
1PB6T,225,520,295,v008
1PB6T,228,623,395,v032
1PB6T,26,218,192,v012
1PB6T,201,415,214,v023
LR4XI,453,636,183,v020
LR4XI,0,465,465,v004
LR4XI,105,639,534,v008
LR4XI,0,103,103,v018
LR4XI,0,639,639,v018
LR4XI,117,639,522,v014
3D0WV,415,729,314,v007
3D0WV,424,729,305,v009
DQ6U7,0,696,696,v008
DQ6U7,146,696,550,v009
DQ6U7,139,696,557,v031
DQ6U7,146,696,550,v009
DQ6U7,0,696,696,v010
DQ6U7,129,696,567,v031
DQ6U7,129,696,567,v009
DQ6U7,120,696,576,v019
Y5PF5,228,764,536,v014
Y5PF5,100,764,664,v008
5ADJT,504,829,325,v031
F8A4G,43,232,189,v012
F8A4G,326,468,142,v008
F8A4G,170,396,226,v023
F8A4G,48,247,199,v007
F8A4G,175,585,410,v016
F8A4G,168,420,252,v026
1W2NR,52,715,663,v021
1W2NR,38,177,139,v029
1W2NR,528,698,170,v030
1W2NR,0,691,691,v008
1W2NR,237,396,159,v020
4CAHN,477,588,111,v001
4CAHN,417,556,139,v012
4CAHN,453,573,120,v023
4CAHN,444,595,151,v001
4CAHN,417,561,144,v012
4CAHN,0,683,683,v002
4CAHN,424,585,161,v023
151DU,168,360,192,v023
151DU,216,568,352,v019
151DU,204,762,558,v008
OJLFZ,9,194,185,v018
OJLFZ,0,124,124,v018
OJLFZ,331,508,177,v008
OJLFZ,331,448,117,v016
OJLFZ,225,460,235,v004
OJLFZ,211,348,137,v023
OJLFZ,448,669,221,v023
OJLFZ,364,775,411,v008
OJLFZ,633,775,142,v016
OJLFZ,436,621,185,v012
OJLFZ,319,463,144,v016
OJLFZ,496,794,298,v008
OJLFZ,655,804,149,v022
OJLFZ,655,799,144,v016
OJLFZ,453,667,214,v023
ZFZEN,285,748,463,v008
ZFZEN,0,79,79,v010
ZFZEN,866,1060,194,v029
ZFZEN,0,117,117,v000
ZFZEN,573,972,399,v003
ZFZEN,276,446,170,v023
ZFZEN,0,96,96,v000
ZFZEN,0,139,139,v016
ZFZEN,57,192,135,v022
ZFZEN,249,398,149,v012
ZFZEN,880,1024,144,v006
ZFZEN,837,988,151,v031
ZFZEN,367,499,132,v001
ZFZEN,292,420,128,v012
ZFZEN,950,1060,110,v007
ZFZEN,986,1060,74,v001
N8SO1,7,350,343,v003
N8SO1,456,694,238,v029
2H9YB,499,619,120,v029
2H9YB,400,518,118,v027
2H9YB,679,799,120,v001
2H9YB,645,758,113,v012
2H9YB,48,547,499,v006
YV0ZX,0,918,918,v018
YV0ZX,266,458,192,v012
YV0ZX,0,918,918,v018
YV0ZX,218,355,137,v016
YV0ZX,218,355,137,v016
YV0ZX,439,918,479,v008
YV0ZX,0,319,319,v014
17DOT,0,386,386,v018
17DOT,256,527,271,v023
17DOT,326,527,201,v022
17DOT,386,527,141,v029
17DOT,235,506,271,v008
17DOT,0,412,412,v018
5HGHH,4,316,312,v008
5HGHH,208,405,197,v016
5HGHH,216,362,146,v016
5HGHH,156,271,115,v012
5HGHH,278,417,139,v001
EBOJG,26,336,310,v031
EBOJG,314,571,257,v020
EBOJG,384,571,187,v018
EBOJG,400,1067,667,v018
2RTH2,0,386,386,v026
2RTH2,300,578,278,v004
2RTH2,650,750,100,v027
2RTH2,278,408,130,v016
2RTH2,0,386,386,v026
2RTH2,552,698,146,v016
2RTH2,290,422,132,v023
2RTH2,585,712,127,v022
6ZSB2,55,475,420,v008
6ZSB2,0,115,115,v017
6ZSB2,40,475,435,v008
6ZSB2,0,103,103,v029
6ZSB2,14,172,158,v012
2PMYI,369,778,409,v026
2PMYI,408,732,324,v029
2PMYI,60,237,177,v000
2PMYI,120,292,172,v019
2PMYI,208,403,195,v022
2PMYI,446,778,332,v026
2PMYI,379,554,175,v023
2PMYI,396,778,382,v008
SCOML,453,631,178,v023
SCOML,0,556,556,v003
SCOML,460,616,156,v016
SCOML,463,604,141,v008
SCOML,482,628,146,v025
SCOML,0,91,91,v008
O07KU,55,312,257,v030
O07KU,52,312,260,v030
O07KU,345,492,147,v016
O07KU,360,484,124,v016
HNPC8,235,602,367,v002
HNPC8,144,264,120,v022
HNPC8,0,264,264,v026
HNPC8,0,240,240,v008
HNPC8,0,74,74,v012
HNPC8,0,170,170,v016
HNPC8,139,285,146,v001
HNPC8,0,180,180,v016
2DPEC,0,736,736,v018
2DPEC,242,578,336,v015
2DPEC,530,736,206,v031
2DPEC,571,736,165,v004
2DPEC,0,736,736,v018
PQZBX,0,302,302,v023
PQZBX,0,388,388,v008
PQZBX,297,412,115,v016
URWX9,530,744,214,v023
URWX9,168,460,292,v018
URWX9,348,547,199,v031
URWX9,141,441,300,v016
URWX9,0,415,415,v008
URWX9,247,755,508,v018
004QE,340,540,200,v004
004QE,0,735,735,v008
004QE,0,735,735,v008
004QE,175,316,141,v008
004QE,237,511,274,v022
004QE,76,268,192,v018
004QE,26,170,144,v029
004QE,50,735,685,v008
76DE2,151,573,422,v031
76DE2,237,415,178,v009
W2P61,268,609,341,v016
W2P61,204,333,129,v023
W2P61,201,331,130,v008
W2P61,453,573,120,v016
W2P61,0,673,673,v026
W2P61,285,422,137,v029
XPOKK,196,384,188,v016
XPOKK,141,290,149,v016
XPOKK,98,259,161,v031
XPOKK,300,408,108,v016
XPOKK,225,336,111,v025
XPOKK,0,278,278,v008
XPOKK,0,614,614,v018
07LG5,182,343,161,v022
07LG5,352,554,202,v023
07LG5,0,319,319,v018
07LG5,559,683,124,v001
07LG5,350,513,163,v012
07LG5,57,319,262,v017
07LG5,117,434,317,v025
07LG5,264,672,408,v032
07LG5,175,506,331,v001
07LG5,470,683,213,v023
07LG5,470,683,213,v016
07LG5,288,683,395,v001
07LG5,0,295,295,v018
07LG5,0,683,683,v008
WK6XX,0,740,740,v008
WK6XX,0,740,740,v024
WK6XX,0,740,740,v009
WK6XX,0,740,740,v018
WK6XX,0,740,740,v019
WK6XX,0,740,740,v018
WK6XX,0,740,740,v008
SQKR0,199,348,149,v017
SQKR0,254,436,182,v028
H5ZG9,218,737,519,v005
H5ZG9,139,288,149,v023
H5ZG9,218,737,519,v005
H5ZG9,55,290,235,v023
H5ZG9,218,336,118,v001
H5ZG9,139,737,598,v008
H5ZG9,309,737,428,v002
H5ZG9,153,737,584,v008
H5ZG9,0,91,91,v012
JFSJF,0,232,232,v031
JFSJF,0,232,232,v018
JFSJF,213,379,166,v008
JFSJF,0,624,624,v008
JFSJF,146,624,478,v024
JFSJF,566,624,58,v025
JFSJF,0,100,100,v012
JFSJF,141,264,123,v029
JFSJF,357,624,267,v028
PZ0MM,362,576,214,v016
PZ0MM,0,192,192,v004
PZ0MM,285,468,183,v029
PZ0MM,362,494,132,v016
PZ0MM,0,446,446,v008
PZ0MM,136,348,212,v015
PZ0MM,259,460,201,v023
X5QMG,355,740,385,v008
X5QMG,60,244,184,v023
X5QMG,100,288,188,v008
X5QMG,199,362,163,v022
X5QMG,0,384,384,v018
X5QMG,343,528,185,v023
X5QMG,0,244,244,v026
X5QMG,115,254,139,v016
X5QMG,0,273,273,v018
X5QMG,340,458,118,v023
X5QMG,86,196,110,v008
7OXNH,122,295,173,v004
7OXNH,96,604,508,v008
7OXNH,523,633,110,v016
7OXNH,460,648,188,v016
7OXNH,177,648,471,v008
VT64S,117,770,653,v008
VT64S,84,240,156,v023
VT64S,288,770,482,v005
VT64S,129,770,641,v008
VT64S,86,295,209,v023
VT64S,0,770,770,v018
VT64S,237,398,161,v012
93ESZ,134,290,156,v003
93ESZ,228,516,288,v008
93ESZ,316,588,272,v023
93ESZ,388,628,240,v003
93ESZ,218,465,247,v020
93ESZ,424,568,144,v016
93ESZ,0,124,124,v031
93ESZ,504,700,196,v003
93ESZ,446,600,154,v023
93ESZ,0,544,544,v008
93ESZ,424,544,120,v016
93ESZ,0,537,537,v031
944AK,309,717,408,v012
944AK,0,744,744,v008
944AK,290,547,257,v007
944AK,592,717,125,v019
944AK,528,744,216,v029
IGEU5,388,520,132,v025
IGEU5,0,496,496,v008
D8YOL,2,357,355,v031
D8YOL,0,237,237,v008
D8YOL,0,237,237,v031
D8YOL,0,259,259,v014
D8YOL,0,268,268,v018
RJQL6,189,751,562,v008
RJQL6,165,300,135,v023
RJQL6,0,751,751,v008
RJQL6,0,640,640,v024
RJQL6,184,751,567,v008
RJQL6,184,300,116,v023
F8UU2,0,420,420,v008
F8UU2,0,396,396,v023
F8UU2,297,882,585,v026
F8UU2,278,882,604,v023
F8UU2,84,362,278,v016
F8UU2,136,312,176,v008
F8UU2,256,388,132,v012
F8UU2,756,882,126,v016
F8UU2,0,175,175,v016
F8UU2,297,882,585,v026
JOWAU,266,456,190,v016
JOWAU,129,307,178,v000
JOWAU,0,489,489,v010
JOWAU,388,623,235,v018
JOWAU,108,309,201,v000
JOWAU,259,475,216,v028
CLU7Z,256,525,269,v013
CLU7Z,156,295,139,v012
CLU7Z,235,595,360,v014
CLU7Z,50,609,559,v008
CLU7Z,196,619,423,v031
KW0K8,0,136,136,v024
KW0K8,108,225,117,v018
KW0K8,67,184,117,v018
KW0K8,192,273,81,v019
KW0K8,0,273,273,v008
J9BXT,540,732,192,v012
J9BXT,652,782,130,v016
J9BXT,813,917,104,v020
J9BXT,566,789,223,v016
J9BXT,698,859,161,v012
J9BXT,460,592,132,v023
J9BXT,722,840,118,v031
J9BXT,676,787,111,v016
J9BXT,672,917,245,v031
J9BXT,424,748,324,v023
J9BXT,429,676,247,v016
R2VY3,55,153,98,v007
R2VY3,0,62,62,v008
R2VY3,62,153,91,v012
R2VY3,0,96,96,v005
R2VY3,0,146,146,v008
R2VY3,69,153,84,v012
R2VY3,43,151,108,v016
DYWR1,0,165,165,v008
DYWR1,204,669,465,v020
DYWR1,14,148,134,v013
IH3GN,0,732,732,v008
IH3GN,0,732,732,v005
IH3GN,0,124,124,v029
8TIC7,232,338,106,v023
8TIC7,168,309,141,v029
8TIC7,146,367,221,v005
8TIC7,146,393,247,v008
8TIC7,120,292,172,v017
8TIC7,148,362,214,v005
8TIC7,141,422,281,v008
8TIC7,232,386,154,v031
8TIC7,256,376,120,v016
8TIC7,252,379,127,v008
R9NRA,362,739,377,v008
R9NRA,465,669,204,v016
R9NRA,573,739,166,v010
R9NRA,0,96,96,v018
R9NRA,273,422,149,v023
R9NRA,4,273,269,v028
R9NRA,0,739,739,v018
R9NRA,300,525,225,v015
R9NRA,213,688,475,v016
R9NRA,518,739,221,v021
R9NRA,213,688,475,v008
R9NRA,232,384,152,v023
WK5PL,96,398,302,v008
WK5PL,153,297,144,v001
WK5PL,52,465,413,v023
WK5PL,52,465,413,v016
WK5PL,153,297,144,v001
9E89H,936,1072,136,v022
9E89H,0,1039,1039,v018
9E89H,283,1044,761,v032
9E89H,0,1022,1022,v018
9E89H,0,1056,1056,v018
9E89H,2,1032,1030,v032
FQIM2,62,142,80,v031
FQIM2,0,100,100,v016
FQIM2,0,98,98,v028
FQIM2,0,117,117,v025
FTIPX,0,723,723,v021
FTIPX,21,723,702,v008
FTIPX,24,723,699,v022
FTIPX,0,723,723,v008
FTIPX,0,723,723,v018
FTIPX,0,292,292,v008
FTIPX,0,528,528,v008
FTIPX,0,88,88,v008
GXDGV,175,856,681,v004
GXDGV,160,856,696,v008
GXDGV,122,271,149,v023
GXDGV,76,206,130,v016
GXDGV,0,856,856,v008
S0YID,0,544,544,v008
S0YID,511,672,161,v026
S0YID,0,717,717,v004
S0YID,0,717,717,v008
S0YID,340,518,178,v020
S0YID,4,144,140,v016
S0YID,350,468,118,v016
S0YID,412,537,125,v016
S0YID,4,144,140,v016
S0YID,340,460,120,v016
S0YID,412,540,128,v016
S0YID,0,98,98,v023
S0YID,141,256,115,v023
S0YID,290,424,134,v023
Z0Q5D,0,507,507,v018
Z0Q5D,0,507,507,v021
Z0Q5D,0,507,507,v008
Z0Q5D,316,439,123,v016
Z0Q5D,0,117,117,v023
Z0Q5D,0,88,88,v012
Z0Q5D,4,297,293,v014
ZAJG5,0,127,127,v008
ZAJG5,86,278,192,v028
ZAJG5,201,316,115,v028
ZAJG5,376,583,207,v030
ZAJG5,14,148,134,v016
ZAJG5,204,379,175,v019
ZAJG5,0,129,129,v026
NFAA5,549,751,202,v019
NFAA5,511,751,240,v024
NFAA5,516,751,235,v008
NFAA5,98,261,163,v029
NFAA5,0,566,566,v008
LQ0LM,290,429,139,v001
LQ0LM,400,516,116,v018
LQ0LM,336,456,120,v012
LQ0LM,384,504,120,v022
LQ0LM,480,600,120,v023
P7TT1,0,733,733,v026
P7TT1,72,733,661,v026
P7TT1,86,276,190,v008
P7TT1,204,410,206,v008
P7TT1,340,532,192,v008
P7TT1,182,300,118,v016
P7TT1,314,417,103,v016
P7TT1,436,540,104,v016
P7TT1,91,733,642,v018
P7TT1,33,158,125,v025
P7TT1,139,360,221,v023
UCFCB,648,765,117,v012
UCFCB,0,648,648,v014
UCFCB,0,765,765,v008
UCFCB,0,648,648,v031
UCFCB,532,640,108,v001
UCFCB,652,765,113,v016
UCFCB,568,684,116,v022
0M6IY,206,336,130,v016
0M6IY,331,590,259,v010
0M6IY,564,708,144,v023
0M6IY,494,652,158,v000
0M6IY,0,331,331,v008
0M6IY,0,309,309,v026
0M6IY,585,728,143,v008
0M6IY,614,728,114,v024
0M6IY,324,728,404,v021
0M6IY,0,321,321,v026
CV5YJ,576,696,120,v018
CV5YJ,0,624,624,v024
CV5YJ,0,624,624,v032
CV5YJ,0,688,688,v018
CV5YJ,0,684,684,v008
CV5YJ,674,811,137,v008
CV5YJ,588,722,134,v022
CV5YJ,540,684,144,v016
CV5YJ,645,806,161,v023
CV5YJ,0,624,624,v032
1OVB8,0,446,446,v014
1OVB8,0,453,453,v018
1OVB8,446,557,111,v027
1OVB8,271,427,156,v020
1OVB8,331,482,151,v022
1OVB8,0,453,453,v018
1OVB8,0,557,557,v008
N513D,84,333,249,v016
N513D,331,730,399,v012
N513D,40,340,300,v012
N513D,132,319,187,v008
N513D,261,504,243,v008
N513D,141,441,300,v031
N513D,43,151,108,v001
N513D,0,144,144,v012
N513D,0,730,730,v014
N513D,0,259,259,v008
N513D,324,441,117,v016
N513D,360,475,115,v001
N513D,648,730,82,v018
N513D,105,393,288,v016
N513D,0,468,468,v019
N513D,0,730,730,v018
N513D,321,501,180,v016
XEEDH,0,734,734,v026
XEEDH,0,520,520,v008
XEEDH,0,487,487,v005
XEEDH,14,429,415,v016
CPDJD,271,501,230,v008
CPDJD,0,789,789,v018
CPDJD,26,297,271,v015
CPDJD,614,746,132,v012
CPDJD,0,789,789,v018
CPDJD,343,475,132,v023
CPDJD,741,789,48,v001
CPDJD,741,789,48,v007
CPDJD,741,789,48,v029
CPDJD,741,789,48,v016
CPDJD,295,415,120,v016
CPDJD,0,132,132,v023
CPDJD,0,422,422,v008
ERGN3,396,729,333,v021
ERGN3,0,422,422,v005
ERGN3,0,422,422,v005
ERGN3,316,672,356,v023
ERGN3,340,729,389,v008
AZZ7V,0,333,333,v008
AZZ7V,396,739,343,v016
AZZ7V,403,739,336,v026
AZZ7V,0,278,278,v010
AZZ7V,264,691,427,v008
AZZ7V,259,384,125,v023
AZZ7V,271,499,228,v000
AZZ7V,691,739,48,v016
AZZ7V,691,739,48,v022
AZZ7V,691,739,48,v008
AZZ7V,691,739,48,v026
VTOBQ,254,664,410,v012
VTOBQ,0,740,740,v008
VTOBQ,0,108,108,v029
VTOBQ,259,740,481,v031
1ZAN8,237,549,312,v030
1ZAN8,0,237,237,v026
1ZAN8,242,499,257,v026
1ZAN8,552,744,192,v001
1ZAN8,0,744,744,v008
1ZAN8,547,696,149,v029
1ZAN8,237,532,295,v030
5SJ89,50,585,535,v006
5SJ89,0,751,751,v008
5SJ89,7,751,744,v006
5SJ89,417,751,334,v013
5SJ89,38,751,713,v007
5SJ89,0,751,751,v014
5SJ89,0,751,751,v018
T0LOH,40,496,456,v019
T0LOH,244,369,125,v018
T0LOH,4,517,513,v008
T0LOH,2,513,511,v008
T0LOH,0,100,100,v023
T0LOH,254,384,130,v018
T0LOH,72,484,412,v021
U2VK5,345,652,307,v019
U2VK5,343,662,319,v009
U2VK5,228,597,369,v029
U2VK5,240,757,517,v008
QIBAJ,391,561,170,v004
QIBAJ,285,460,175,v018
QIBAJ,571,705,134,v022
QIBAJ,364,667,303,v018
QIBAJ,516,667,151,v016
QIBAJ,33,468,435,v023
QIBAJ,36,748,712,v008
QIBAJ,316,477,161,v023
QIBAJ,24,151,127,v029
QIBAJ,364,652,288,v008
QIBAJ,304,460,156,v023
EGVGL,420,552,132,v012
EGVGL,0,513,513,v008
EGVGL,468,645,177,v031
EGVGL,0,427,427,v010
EGVGL,621,741,120,v022
QQRP2,0,302,302,v008
QQRP2,0,268,268,v005
2BS0V,597,751,154,v012
2BS0V,31,727,696,v008
2BS0V,2,727,725,v008
2BS0V,614,780,166,v029
2BS0V,4,751,747,v008
2BS0V,703,821,118,v001
2BS0V,597,722,125,v007
PIEHJ,720,877,157,v005
PIEHJ,0,736,736,v024
PIEHJ,741,877,136,v005
PIEHJ,0,877,877,v018
PIEHJ,662,804,142,v016
PIEHJ,0,877,877,v018
PIEHJ,386,525,139,v009
PIEHJ,0,794,794,v008
PIEHJ,0,877,877,v019
PIEHJ,710,877,167,v023
JQKR5,633,784,151,v005
JQKR5,0,67,67,v018
JQKR5,633,1005,372,v005
JQKR5,501,624,123,v016
JQKR5,573,1009,436,v008
JQKR5,0,612,612,v008
JQKR5,0,1009,1009,v018
JQKR5,0,112,112,v012
JQKR5,472,597,125,v001
JQKR5,28,583,555,v031
JQKR5,602,1009,407,v008
8IPWO,43,213,170,v004
8IPWO,208,345,137,v012
8IPWO,0,86,86,v018
8IPWO,708,750,42,v001
8IPWO,708,750,42,v032
8IPWO,708,750,42,v031
8IPWO,708,750,42,v008
8IPWO,708,750,42,v023
14Z7D,108,556,448,v007
14Z7D,0,720,720,v005
14Z7D,0,705,705,v005
LBGFT,86,216,130,v018
LBGFT,396,513,117,v025
LBGFT,403,511,108,v016
LBGFT,96,213,117,v018
LBGFT,266,470,204,v023
LBGFT,103,360,257,v028
UKOAU,237,573,336,v017
UKOAU,0,278,278,v030
UKOAU,520,730,210,v024
UKOAU,91,218,127,v008
UKOAU,148,295,147,v016
UKOAU,290,405,115,v029
A45RV,110,266,156,v012
A45RV,340,548,208,v008
A45RV,340,548,208,v023
A45RV,100,244,144,v012
OADOE,434,561,127,v007
OADOE,0,216,216,v002
OADOE,506,588,82,v001
OADOE,432,588,156,v012
OADOE,489,588,99,v029
DN0CB,1603,1848,245,v027
DN0CB,1593,1819,226,v027
DN0CB,492,765,273,v008
DN0CB,530,756,226,v012
DN0CB,866,1428,562,v031
DN0CB,1574,1865,291,v006
DN0CB,1500,1865,365,v023
DN0CB,1490,1865,375,v016
DN0CB,456,636,180,v029
2ZXJ5,216,403,187,v008
2ZXJ5,297,407,110,v016
2ZXJ5,0,242,242,v004
2ZXJ5,180,304,124,v018
2ZXJ5,208,407,199,v020
2ZXJ5,136,266,130,v016
58YA5,0,307,307,v018
58YA5,319,648,329,v008
58YA5,374,648,274,v014
58YA5,300,424,124,v023
58YA5,199,321,122,v022
58YA5,0,259,259,v010
LRJS4,398,618,220,v008
LRJS4,436,618,182,v031
LRJS4,0,292,292,v008
LRJS4,153,292,139,v022
LRJS4,0,232,232,v018
LRJS4,494,604,110,v019
LRJS4,57,184,127,v000
LRJS4,136,280,144,v020
LRJS4,0,163,163,v010
LRJS4,436,585,149,v006
LRJS4,76,218,142,v016
DZVTI,0,699,699,v006
DZVTI,45,316,271,v012
DZVTI,0,699,699,v008
DZVTI,477,699,222,v026
YPTDT,362,720,358,v018
YPTDT,204,319,115,v025
YPTDT,9,312,303,v028
YPTDT,280,463,183,v018
1KKYX,19,175,156,v023
1KKYX,213,345,132,v029
1KKYX,24,470,446,v008
4Q3N9,0,129,129,v029
4Q3N9,127,268,141,v019
4Q3N9,55,266,211,v031
4Q3N9,144,264,120,v019
4Q3N9,148,278,130,v009
ELRP9,156,1021,865,v008
ELRP9,141,307,166,v023
ELRP9,79,343,264,v023
ELRP9,544,904,360,v029
ELRP9,96,1021,925,v008
ELRP9,355,496,141,v012
ELRP9,938,1021,83,v001
S8TT8,564,758,194,v018
S8TT8,319,566,247,v016
S8TT8,290,568,278,v026
S8TT8,295,549,254,v026
S8TT8,576,720,144,v023
S8TT8,552,720,168,v025
D7ICK,288,484,196,v008
D7ICK,168,745,577,v031
D7ICK,597,745,148,v016
D7ICK,0,136,136,v029
6B9D8,0,735,735,v031
6B9D8,0,735,735,v021
6B9D8,374,504,130,v020
IDFTJ,36,321,285,v016
IDFTJ,448,580,132,v022
IDFTJ,0,160,160,v023
IDFTJ,463,710,247,v016
26YPV,0,508,508,v006
26YPV,0,122,122,v001
UT4QT,487,628,141,v008
UT4QT,434,552,118,v016
UT4QT,189,482,293,v004
UT4QT,21,180,159,v023
HTEB3,0,549,549,v031
HTEB3,0,544,544,v018
HTEB3,453,559,106,v022
HTEB3,0,535,535,v018
19BHU,50,697,647,v002
19BHU,0,697,697,v008
19BHU,0,697,697,v024
19BHU,160,448,288,v016
19BHU,405,636,231,v016
19BHU,151,453,302,v016
S7FHA,0,595,595,v014
S7FHA,0,602,602,v018
S7FHA,472,602,130,v022
S7FHA,0,602,602,v018
S7FHA,0,74,74,v016
2SSGN,688,768,80,v025
2SSGN,0,340,340,v022
2SSGN,0,768,768,v008
2SSGN,429,585,156,v016
2SSGN,436,739,303,v030
AD9MO,544,621,77,v027
AD9MO,436,614,178,v001
AD9MO,57,228,171,v012
AD9MO,36,244,208,v016
AD9MO,14,182,168,v012
AD9MO,0,175,175,v008
AD9MO,420,549,129,v001
G0BKH,76,261,185,v008
G0BKH,16,156,140,v023
G0BKH,525,736,211,v016
G0BKH,60,292,232,v016
G0BKH,50,429,379,v016
G0BKH,139,321,182,v008
G0BKH,187,583,396,v027
G0BKH,710,855,145,v029
QXEWQ,52,240,188,v023
QXEWQ,16,170,154,v012
QXEWQ,0,153,153,v012
W3LUB,100,415,315,v014
W3LUB,0,252,252,v004
W3LUB,0,728,728,v008
W3LUB,360,511,151,v022
W3LUB,537,674,137,v016
W3LUB,0,412,412,v021
W3LUB,0,475,475,v018
W3LUB,144,393,249,v008
759UE,264,460,196,v001
759UE,429,650,221,v023
759UE,62,249,187,v012
759UE,55,237,182,v007
759UE,67,283,216,v029
759UE,448,643,195,v008
BB25Z,0,252,252,v010
BB25Z,220,681,461,v028
BB25Z,607,725,118,v025
BB25Z,158,304,146,v022
BB25Z,628,725,97,v016
BB25Z,384,494,110,v008
U4XV9,552,684,132,v023
U4XV9,60,249,189,v000
U4XV9,240,429,189,v022
U4XV9,297,626,329,v003
U4XV9,93,319,226,v000
U4XV9,88,722,634,v000
XF93D,177,584,407,v018
XF93D,0,187,187,v008
XF93D,60,192,132,v016
XF93D,199,345,146,v018
XF93D,206,584,378,v010
XF93D,96,264,168,v001
XF93D,535,584,49,v012
XF93D,535,584,49,v029
XF93D,535,584,49,v012
XF93D,535,584,49,v001
IOZ8J,494,736,242,v026
IOZ8J,187,715,528,v016
IOZ8J,175,328,153,v022
IOZ8J,266,758,492,v026
IOZ8J,225,532,307,v008
IOZ8J,372,492,120,v016
IOZ8J,350,530,180,v016
815KV,96,288,192,v016
815KV,340,520,180,v029
815KV,124,295,171,v026
AZ5JS,0,484,484,v026
AZ5JS,568,747,179,v001
AZ5JS,386,592,206,v012
AZ5JS,698,747,49,v008
AZ5JS,698,747,49,v023
AZ5JS,698,747,49,v019
AZ5JS,698,747,49,v007
IKBYS,88,266,178,v008
IKBYS,228,357,129,v008
IKBYS,86,345,259,v016
IKBYS,0,208,208,v023
IKBYS,252,388,136,v029
IKBYS,0,81,81,v008
7BX06,242,588,346,v004
7BX06,218,597,379,v008
7BX06,244,463,219,v023
7BX06,0,644,644,v021
7BX06,0,300,300,v000
7BX06,0,644,644,v010
7BX06,427,583,156,v016
MAO8N,504,672,168,v001
MAO8N,120,288,168,v012
MAO8N,600,855,255,v016
MAO8N,600,855,255,v016
MAO8N,0,480,480,v026
VFD5I,628,800,172,v001
VFD5I,163,307,144,v012
VFD5I,204,631,427,v016
VFD5I,228,679,451,v016
VFD5I,604,800,196,v008
VFD5I,199,616,417,v008
VFD5I,196,595,399,v023
VFD5I,595,727,132,v023
MQFFN,0,743,743,v008
MQFFN,576,743,167,v008
MQFFN,640,743,103,v031
MQFFN,0,684,684,v014
G4MNO,0,420,420,v018
G4MNO,511,648,137,v012
G4MNO,520,688,168,v029
G4MNO,0,415,415,v018
G4MNO,244,422,178,v031
G4MNO,0,180,180,v009
G4MNO,364,482,118,v001
G4MNO,187,324,137,v023
G4MNO,0,266,266,v009
G4MNO,225,408,183,v012
G4MNO,0,211,211,v031
G4MNO,189,532,343,v008
FO9B1,50,206,156,v016
FO9B1,0,199,199,v008
FO9B1,50,206,156,v016
FO9B1,132,216,84,v029
FO9B1,0,115,115,v008
FO9B1,0,115,115,v016
FO9B1,0,79,79,v022
P4MBS,0,719,719,v021
P4MBS,528,652,124,v001
P4MBS,0,648,648,v031
P4MBS,38,148,110,v005
P4MBS,451,619,168,v022
P4MBS,0,602,602,v018
P4MBS,0,127,127,v023
P4MBS,0,583,583,v018
CSQLJ,36,739,703,v030
CSQLJ,0,754,754,v008
CSQLJ,21,754,733,v008
CSQLJ,28,734,706,v026
CSQLJ,28,734,706,v030
CSQLJ,0,754,754,v018
CSQLJ,0,754,754,v031
CSQLJ,43,172,129,v020
CSQLJ,184,319,135,v020
XXDHJ,4,187,183,v027
XXDHJ,199,415,216,v006
XXDHJ,187,328,141,v007
XXDHJ,124,242,118,v018
XXDHJ,254,480,226,v012
DAIN7,64,792,728,v008
DAIN7,108,744,636,v014
DAIN7,81,753,672,v023
DAIN7,621,775,154,v016
NWJER,33,230,197,v031
NWJER,182,812,630,v003
NWJER,765,812,47,v008
NWJER,760,812,52,v023
VBML2,55,482,427,v008
VBML2,321,484,163,v008
5XCJ6,0,612,612,v021
5XCJ6,0,669,669,v018
5XCJ6,0,600,600,v032
5XCJ6,568,722,154,v022
5XCJ6,528,669,141,v023
5XCJ6,0,652,652,v018
5XCJ6,0,652,652,v018
2NOVW,434,712,278,v008
2NOVW,664,735,71,v016
ZF5CP,134,477,343,v003
ZF5CP,0,136,136,v012
ZF5CP,57,252,195,v023
ZF5CP,340,506,166,v001
ZF5CP,278,628,350,v016
ZF5CP,280,513,233,v008
ZF5CP,0,117,117,v012
ZF5CP,432,628,196,v031
ZF5CP,381,523,142,v001
ZF5CP,0,88,88,v007
OI7GQ,0,525,525,v031
OI7GQ,115,544,429,v006
OI7GQ,626,759,133,v005
OI7GQ,559,703,144,v005
OI7GQ,520,643,123,v023
386XM,93,343,250,v028
386XM,60,326,266,v031
386XM,0,127,127,v012
386XM,0,160,160,v029
386XM,199,396,197,v008
386XM,43,189,146,v001
386XM,0,146,146,v007
386XM,247,408,161,v016
8M5VK,0,319,319,v030
8M5VK,271,806,535,v008
8M5VK,278,806,528,v026
LY74H,607,758,151,v001
IYD9U,266,408,142,v008
IYD9U,266,403,137,v023
IYD9U,554,669,115,v017
IYD9U,0,316,316,v008
IYD9U,93,240,147,v013
IYD9U,192,384,192,v016
IYD9U,621,748,127,v026
IYD9U,0,295,295,v014
511OL,0,451,451,v003
511OL,381,699,318,v022
511OL,0,463,463,v018
511OL,0,451,451,v016
511OL,518,636,118,v001
511OL,357,699,342,v008
ZCG3J,24,175,151,v016
ZCG3J,98,360,262,v012
ZCG3J,153,307,154,v018
ZCG3J,367,528,161,v018
ZCG3J,405,556,151,v012
ZCG3J,247,388,141,v023
ZCG3J,364,594,230,v018
ZCG3J,422,594,172,v014
ZCG3J,117,237,120,v001
ZCG3J,331,594,263,v018
ZCG3J,415,594,179,v032
ZCG3J,300,482,182,v016
ZCG3J,218,472,254,v008
XRWBL,626,722,96,v024
XRWBL,0,722,722,v008
XRWBL,0,684,684,v031
XRWBL,0,722,722,v018
XRWBL,624,722,98,v008
XRWBL,580,722,142,v023
XRWBL,0,722,722,v018
51JUO,0,1063,1063,v018
51JUO,0,1063,1063,v026
51JUO,0,249,249,v008
51JUO,0,1063,1063,v008
51JUO,0,1063,1063,v032
51JUO,0,1063,1063,v018
51JUO,192,350,158,v004
ES2QH,804,946,142,v018
ES2QH,410,549,139,v020
ES2QH,4,792,788,v026
ES2QH,756,946,190,v018
ES2QH,897,946,49,v016
ES2QH,897,946,49,v026
ES2QH,897,946,49,v018
QOJ09,559,684,125,v001
QOJ09,261,717,456,v008
QOJ09,290,429,139,v012
QOJ09,240,386,146,v023
QOJ09,108,302,194,v018
QOJ09,206,321,115,v022
QOJ09,333,660,327,v009
QOJ09,333,662,329,v019
QOJ09,578,717,139,v016
QOJ09,312,633,321,v031
QOJ09,16,180,164,v000
QOJ09,0,273,273,v000
QOJ09,388,585,197,v019
ILF19,0,762,762,v018
ILF19,0,384,384,v000
ILF19,355,762,407,v009
ILF19,348,762,414,v019
B0JWB,405,739,334,v018
B0JWB,405,739,334,v031
B0JWB,0,220,220,v016
B0JWB,350,501,151,v018
B0JWB,446,739,293,v032
B0JWB,0,228,228,v008
B0JWB,225,374,149,v023
NH9JS,451,703,252,v001
NH9JS,384,573,189,v012
NH9JS,285,494,209,v008
NH9JS,271,480,209,v001
NH9JS,369,571,202,v012
NH9JS,278,501,223,v008
NH9JS,264,451,187,v023
NH9JS,436,703,267,v016
NH9JS,348,475,127,v023
XWKKZ,4,151,147,v012
XWKKZ,0,108,108,v007
XWKKZ,331,470,139,v031
XWKKZ,230,374,144,v008
XWKKZ,331,482,151,v008
XWKKZ,211,427,216,v031
XWKKZ,211,619,408,v008
XWKKZ,0,741,741,v008
XWKKZ,225,388,163,v004
WY433,0,605,605,v008
WY433,0,122,122,v029
WY433,153,302,149,v009
WY433,218,477,259,v016
WY433,0,605,605,v019
WY433,218,477,259,v015
EFNXW,0,566,566,v018
EFNXW,0,561,561,v008
EFNXW,669,751,82,v029
EFNXW,98,208,110,v004
EFNXW,144,266,122,v004
TCQXI,0,76,76,v008
TCQXI,0,96,96,v020
TCQXI,0,76,76,v025
TCQXI,141,283,142,v029
P0ILN,420,742,322,v014
P0ILN,278,742,464,v019
P0ILN,333,496,163,v028
P0ILN,148,307,159,v027
P0ILN,0,742,742,v008
P0ILN,324,742,418,v018
P0ILN,297,422,125,v018
P0ILN,0,170,170,v001
P0ILN,0,117,117,v029
P0ILN,316,742,426,v018
BVGMT,192,535,343,v030
BVGMT,331,749,418,v030
BVGMT,110,749,639,v008
BVGMT,132,261,129,v023
BVGMT,0,88,88,v029
BVGMT,112,749,637,v026
YZ3TA,38,230,192,v001
YZ3TA,0,148,148,v031
YZ3TA,0,129,129,v008
P1LWC,0,69,69,v004
P1LWC,57,173,116,v026
P1LWC,74,173,99,v026
P1LWC,0,105,105,v016
P1LWC,48,168,120,v008
P1LWC,0,103,103,v008
P1LWC,0,98,98,v016
P1LWC,0,110,110,v016
P1LWC,38,160,122,v023
QJXNG,338,765,427,v006
QJXNG,0,357,357,v008
QJXNG,0,288,288,v022
QJXNG,0,278,278,v018
QJXNG,249,412,163,v016
QJXNG,0,300,300,v014
QJXNG,249,374,125,v012
QJXNG,297,420,123,v016
QJXNG,331,765,434,v031
QJXNG,230,415,185,v008
QJXNG,230,415,185,v023
5XYPL,4,228,224,v016
5XYPL,482,693,211,v025
5XYPL,208,364,156,v023
5XYPL,88,304,216,v009
5XYPL,235,360,125,v022
5XYPL,492,643,151,v023
5XYPL,45,324,279,v019
5XYPL,247,754,507,v008
5XYPL,79,213,134,v016
5XYPL,427,667,240,v026
5XYPL,552,684,132,v016
5XYPL,506,674,168,v008
5XYPL,429,578,149,v023
5XYPL,0,160,160,v008
5XYPL,64,211,147,v016
OJFYD,0,249,249,v007
OJFYD,273,463,190,v028
OJFYD,0,261,261,v006
OJFYD,153,307,154,v029
G3OUM,81,424,343,v002
G3OUM,547,679,132,v016
G3OUM,544,679,135,v025
G3OUM,458,648,190,v008
G3OUM,448,554,106,v023
G3OUM,117,769,652,v002
G3OUM,547,667,120,v025
FPODN,223,496,273,v016
FPODN,134,434,300,v018
FPODN,429,813,384,v012
FPODN,259,628,369,v018
FPODN,350,780,430,v016
FPODN,76,235,159,v029
FPODN,271,734,463,v018
FPODN,600,831,231,v010
FPODN,400,616,216,v031
PX7K1,0,762,762,v018
PX7K1,16,762,746,v020
PX7K1,0,762,762,v008
H28KM,494,628,134,v008
H28KM,367,482,115,v019
H28KM,196,451,255,v031
H28KM,532,729,197,v017
H28KM,122,484,362,v008
FHAV0,710,794,84,v012
FHAV0,590,794,204,v022
FHAV0,0,777,777,v026
FHAV0,0,758,758,v018
FHAV0,0,751,751,v018
FHAV0,657,794,137,v023
FHAV0,0,710,710,v032
FHAV0,674,794,120,v023
FHAV0,504,722,218,v019
FHAV0,698,794,96,v008
MIRSU,220,778,558,v008
MIRSU,9,273,264,v028
MIRSU,213,343,130,v023
MIRSU,252,778,526,v008
MIRSU,0,288,288,v023
F1QR1,372,487,115,v007
F1QR1,223,364,141,v016
F1QR1,242,367,125,v025
F1QR1,328,434,106,v022
F1QR1,379,561,182,v012
F1QR1,134,367,233,v008
F1QR1,120,259,139,v023
F1QR1,31,199,168,v020
F1QR1,0,398,398,v018
F1QR1,561,609,48,v025
F1QR1,561,609,48,v029
F1QR1,561,609,48,v008
FDPHZ,266,737,471,v008
FDPHZ,357,504,147,v027
FDPHZ,0,737,737,v008
FDPHZ,0,136,136,v029
FDPHZ,273,410,137,v023
WXGLA,43,552,509,v026
WXGLA,465,679,214,v023
WXGLA,463,693,230,v008
WXGLA,19,141,122,v026
Y3NN8,2,511,509,v021
Y3NN8,0,540,540,v018
Y3NN8,420,561,141,v022
Y3NN8,573,816,243,v007
Y3NN8,0,518,518,v008
L0OUW,0,92,92,v019
L0OUW,0,69,69,v027
YSZVZ,0,694,694,v008
YSZVZ,273,408,135,v012
YSZVZ,12,189,177,v004
YSZVZ,0,694,694,v008
YSZVZ,304,436,132,v020
YSZVZ,0,694,694,v023
YSZVZ,472,616,144,v020
YSZVZ,0,694,694,v008
YSZVZ,0,694,694,v008
5KGCY,261,499,238,v008
5KGCY,235,374,139,v023
5KGCY,0,499,499,v018
5KGCY,0,499,499,v018
G2VOP,0,112,112,v020
G2VOP,355,610,255,v026
G2VOP,355,610,255,v016
G2VOP,168,460,292,v023
5TG2E,705,813,108,v022
5TG2E,0,801,801,v018
5TG2E,31,232,201,v003
5TG2E,741,823,82,v029
8N939,57,218,161,v005
8N939,9,182,173,v004
8N939,288,566,278,v031
8N939,571,725,154,v017
8N939,0,643,643,v008
8N939,74,247,173,v005
8N939,0,124,124,v029
8N939,0,660,660,v008
H41MY,0,430,430,v005
H41MY,0,430,430,v005
H41MY,86,326,240,v004
H41MY,0,141,141,v008
H41MY,0,139,139,v008
H41MY,0,100,100,v023
H41MY,0,139,139,v016
0ZOPH,112,261,149,v025
0ZOPH,232,758,526,v007
0ZOPH,0,100,100,v023
0ZOPH,108,228,120,v016
0ZOPH,28,228,200,v008
QQTQN,374,813,439,v005
QQTQN,362,813,451,v005
QQTQN,345,813,468,v008
QQTQN,345,813,468,v008
QQTQN,0,813,813,v018
MURBT,0,769,769,v008
MURBT,283,769,486,v026
MURBT,0,769,769,v008
MURBT,0,264,264,v029
7SKSD,24,290,266,v031
7SKSD,199,714,515,v028
FX7ZY,388,492,104,v025
FX7ZY,0,153,153,v008
FX7ZY,55,448,393,v023
FX7ZY,0,144,144,v016
FX7ZY,48,168,120,v012
FX7ZY,384,492,108,v025
FX7ZY,144,432,288,v016
FX7ZY,206,343,137,v016
FX7ZY,374,492,118,v001
FX7ZY,172,319,147,v023
FX7ZY,21,165,144,v016
FX7ZY,228,340,112,v008
VTOYP,338,583,245,v009
VTOYP,300,444,144,v025
VTOYP,0,410,410,v006
RBJ4E,0,300,300,v008
RBJ4E,417,571,154,v018
RBJ4E,405,542,137,v018
KBPI3,84,266,182,v016
KBPI3,0,729,729,v018
KBPI3,2,256,254,v016
WBX8F,60,650,590,v028
WBX8F,535,662,127,v022
WBX8F,604,720,116,v027
WBX8F,4,163,159,v018
WBX8F,0,79,79,v029
WBX8F,72,636,564,v018
GIW6N,153,712,559,v008
GIW6N,0,708,708,v010
GIW6N,153,712,559,v005
GIW6N,595,775,180,v022
GIW6N,112,288,176,v000
O7KDK,74,288,214,v025
O7KDK,163,372,209,v016
O7KDK,0,148,148,v017
O7KDK,108,381,273,v023
04LAX,484,654,170,v004
04LAX,230,403,173,v001
04LAX,134,326,192,v012
04LAX,456,573,117,v016
04LAX,333,544,211,v015
04LAX,448,571,123,v016
DIR8Q,108,256,148,v016
DIR8Q,100,403,303,v016
DIR8Q,0,163,163,v014
DIR8Q,0,175,175,v008
DIR8Q,72,192,120,v016
DIR8Q,67,196,129,v016
DIR8Q,122,237,115,v026
DIR8Q,268,477,209,v016
VQWDG,324,523,199,v008
VQWDG,324,528,204,v008
VQWDG,249,463,214,v023
JQW1R,0,639,639,v014
JQW1R,0,639,639,v008
JQW1R,31,508,477,v019
JQW1R,2,639,637,v013
3K2QE,436,735,299,v010
3K2QE,0,516,516,v018
3K2QE,165,312,147,v016
3K2QE,0,235,235,v032
3K2QE,285,477,192,v028
3K2QE,0,280,280,v008
D9F5V,60,513,453,v032
D9F5V,523,722,199,v008
D9F5V,0,722,722,v018
D9F5V,434,564,130,v023
D9F5V,456,722,266,v023
42MIK,96,446,350,v030
42MIK,2,168,166,v020
42MIK,76,446,370,v008
45FWP,0,141,141,v008
45FWP,199,619,420,v005
45FWP,0,141,141,v008
45FWP,50,201,151,v016
45FWP,122,228,106,v023
45FWP,571,691,120,v023
45FWP,616,727,111,v023
NC75G,26,453,427,v008
NC75G,247,460,213,v012
NC75G,249,386,137,v016
NC75G,88,242,154,v023
93YXJ,453,1025,572,v016
93YXJ,936,1025,89,v022
93YXJ,127,345,218,v023
93YXJ,259,597,338,v016
93YXJ,33,376,343,v008
93YXJ,43,372,329,v008
93YXJ,0,1022,1022,v018
93YXJ,115,1017,902,v016
93YXJ,60,187,127,v012
QWTGQ,28,182,154,v027
QWTGQ,108,631,523,v009
RRHEV,0,662,662,v002
RRHEV,624,763,139,v017
CBW6S,136,264,128,v031
CBW6S,261,420,159,v009
CBW6S,43,170,127,v018
CBW6S,400,528,128,v022
CBW6S,204,511,307,v018
CBW6S,170,477,307,v018
CBW6S,237,420,183,v019
SQYTO,525,650,125,v022
SQYTO,0,609,609,v023
SQYTO,0,571,571,v008
SQYTO,0,619,619,v005
SQYTO,0,583,583,v031
SQYTO,0,103,103,v008
SQYTO,0,96,96,v031
SQYTO,12,110,98,v027
SQYTO,7,108,101,v022
SQYTO,0,103,103,v018
SQYTO,660,786,126,v029
SQYTO,444,564,120,v016
97086,441,655,214,v012
97086,0,705,705,v032
97086,0,508,508,v008
97086,192,415,223,v016
97086,410,636,226,v016
97086,74,477,403,v026
97086,420,568,148,v008
97086,480,628,148,v016
97086,208,316,108,v023
TNWWG,276,499,223,v016
TNWWG,333,482,149,v016
TNWWG,0,424,424,v026
TNWWG,266,405,139,v016
TNWWG,333,458,125,v016
TNWWG,67,220,153,v016
TNWWG,396,747,351,v026
TNWWG,0,134,134,v023
TNWWG,208,477,269,v023
TNWWG,0,100,100,v008
TNWWG,218,472,254,v008
KI0Q7,432,827,395,v003
KI0Q7,0,151,151,v003
KI0Q7,72,204,132,v018
KI0Q7,0,175,175,v016
KI0Q7,105,827,722,v018
WETXR,0,716,716,v006
WETXR,223,333,110,v020
WETXR,0,76,76,v029
HZTB1,7,434,427,v023
HZTB1,0,156,156,v012
HZTB1,448,652,204,v005
HZTB1,52,729,677,v008
HZTB1,640,799,159,v001
HZTB1,751,1551,800,v031
HZTB1,866,1536,670,v009
HZTB1,84,319,235,v012
HZTB1,115,528,413,v012
HZTB1,52,218,166,v023
HZTB1,52,722,670,v008
U36AB,175,780,605,v018
U36AB,124,278,154,v018
U36AB,705,780,75,v016
U36AB,369,720,351,v004
U36AB,300,441,141,v023
FV684,410,791,381,v008
FV684,0,261,261,v019
FV684,0,244,244,v019
FV684,0,791,791,v022
JPEQK,355,728,373,v008
JPEQK,355,728,373,v014
JPEQK,127,456,329,v004
JPEQK,105,331,226,v023
JPEQK,0,415,415,v008
5VINT,585,734,149,v001
5VINT,0,734,734,v008
5VINT,0,648,648,v014
5VINT,568,712,144,v029
19UA5,0,77,77,v025
19UA5,0,77,77,v008
19UA5,0,77,77,v004
19UA5,0,77,77,v008
BMLFA,451,609,158,v001
BMLFA,355,537,182,v012
BMLFA,0,393,393,v008
BMLFA,290,544,254,v008
BMLFA,364,540,176,v016
BMLFA,292,544,252,v016
WAD46,0,758,758,v008
WAD46,0,758,758,v014
WAD46,0,758,758,v031
WAD46,0,758,758,v010
WAD46,0,758,758,v018
GDS6Q,136,254,118,v016
GDS6Q,336,460,124,v023
GDS6Q,168,340,172,v017
GDS6Q,367,518,151,v016
GDS6Q,19,237,218,v028
GDS6Q,19,237,218,v023
GDS6Q,127,249,122,v008
GDS6Q,362,494,132,v008
GDS6Q,403,518,115,v025
TQMTC,0,100,100,v005
TQMTC,0,100,100,v016
TQMTC,0,100,100,v005
TQMTC,45,104,59,v022
TQMTC,0,104,104,v018
TQMTC,0,100,100,v008
TQMTC,0,100,100,v008
TQMTC,4,100,96,v016
TQMTC,16,104,88,v016
TQMTC,0,104,104,v008
49NHJ,0,96,96,v004
49NHJ,494,850,356,v031
49NHJ,592,850,258,v019
49NHJ,448,609,161,v029
49NHJ,0,850,850,v019
0I0FX,144,290,146,v016
0I0FX,144,295,151,v016
0I0FX,144,290,146,v016
0I0FX,573,696,123,v023
0I0FX,600,715,115,v005
0I0FX,302,588,286,v030
0I0FX,0,268,268,v008
0I0FX,592,715,123,v008
0I0FX,0,93,93,v029
9LHP3,592,764,172,v024
9LHP3,177,764,587,v018
9LHP3,688,764,76,v003
9LHP3,153,295,142,v018
9LHP3,153,295,142,v018
9LHP3,288,475,187,v003
9LHP3,50,266,216,v016
9LHP3,50,235,185,v023
9LHP3,398,764,366,v008
9LHP3,396,667,271,v014
9LHP3,120,261,141,v008
UL9LN,0,158,158,v012
UL9LN,516,672,156,v030
UL9LN,453,672,219,v023
UL9LN,482,660,178,v008
UL9LN,0,105,105,v007
UL9LN,0,129,129,v012
UL9LN,480,672,192,v016
AGN7Y,0,579,579,v008
AGN7Y,100,571,471,v020
RMNL1,0,550,550,v014
RMNL1,0,550,550,v018
RMNL1,0,550,550,v022
RR8M2,600,665,65,v001
RR8M2,508,640,132,v012
RR8M2,0,400,400,v028
RR8M2,528,665,137,v016
F9I6K,184,355,171,v029
F9I6K,0,532,532,v008
F9I6K,0,540,540,v017
CW645,199,326,127,v022
CW645,105,220,115,v025
CW645,91,204,113,v020
CW645,172,326,154,v016
CW645,172,326,154,v023
CW645,194,326,132,v008
YLNPX,696,912,216,v008
YLNPX,763,912,149,v024
YLNPX,124,756,632,v030
YLNPX,103,244,141,v020
YLNPX,170,900,730,v016
YLNPX,792,912,120,v023
YLNPX,206,801,595,v008
YLNPX,206,801,595,v030
YLNPX,52,177,125,v029
JBZF5,0,737,737,v008
JBZF5,60,737,677,v031
JBZF5,69,737,668,v009
JBZF5,0,737,737,v022
JBZF5,69,737,668,v019
JBZF5,48,576,528,v032
JBZF5,0,177,177,v026
JBZF5,88,590,502,v014
UR7C8,26,201,175,v001
UR7C8,386,679,293,v008
UR7C8,124,331,207,v028
UR7C8,256,451,195,v016
UR7C8,124,343,219,v023
UR7C8,386,525,139,v023
UR7C8,280,420,140,v012
UR7C8,36,232,196,v007
UR7C8,280,420,140,v012
UR7C8,520,710,190,v016
MJVDK,0,812,812,v005
MJVDK,0,182,182,v018
MJVDK,0,812,812,v005
MJVDK,0,172,172,v016
MJVDK,182,348,166,v023
MJVDK,0,812,812,v008
MJVDK,74,812,738,v018
MJVDK,12,148,136,v018
MJVDK,0,84,84,v025
MJVDK,0,812,812,v008
BZ1TH,72,271,199,v004
BZ1TH,57,728,671,v008
BZ1TH,45,189,144,v023
BZ1TH,0,728,728,v031
BZ1TH,0,728,728,v018
BZ1TH,0,79,79,v012
75HWR,0,889,889,v008
75HWR,578,758,180,v008
75HWR,650,758,108,v017
75HWR,0,889,889,v014
75HWR,631,736,105,v008
W1VO2,45,196,151,v008
W1VO2,108,314,206,v031
W1VO2,268,456,188,v004
W1VO2,24,141,117,v027
W1VO2,2,177,175,v012
W1VO2,261,364,103,v023
W1VO2,129,312,183,v012
W1VO2,0,211,211,v029
6OKDO,408,779,371,v026
6OKDO,0,381,381,v031
6OKDO,0,480,480,v008
6OKDO,0,480,480,v026
6OKDO,487,779,292,v026
QLB69,276,554,278,v016
QLB69,0,756,756,v024
QLB69,0,756,756,v019
QLB69,372,604,232,v005
QLB69,451,573,122,v016
QLB69,352,480,128,v023
QLB69,0,756,756,v008
J355F,0,584,584,v014
J355F,0,584,584,v008
J355F,0,547,547,v008
J355F,0,552,552,v008
J355F,0,139,139,v029
JVISI,520,854,334,v028
JVISI,453,624,171,v008
JVISI,763,902,139,v004
JVISI,424,633,209,v015
JVISI,81,300,219,v001
JVISI,64,206,142,v029
JVISI,434,628,194,v008
JVISI,285,902,617,v018
JVISI,285,902,617,v018
S0B9O,33,362,329,v019
S0B9O,0,633,633,v008
S0B9O,115,580,465,v030
RH2YW,290,439,149,v012
RH2YW,55,204,149,v005
RH2YW,206,321,115,v016
RH2YW,211,357,146,v016
RH2YW,57,175,118,v005
RH2YW,0,309,309,v008
RH2YW,199,393,194,v016
RH2YW,0,412,412,v008
R2YKH,120,499,379,v014
R2YKH,93,1308,1215,v018
R2YKH,794,1058,264,v015
R2YKH,45,216,171,v018
R2YKH,141,592,451,v008
R2YKH,451,681,230,v016
R2YKH,1200,1348,148,v022
R2YKH,1063,1207,144,v004
R2YKH,1051,1233,182,v008
R2YKH,0,1329,1329,v018
R2YKH,1044,1240,196,v016
R2YKH,1036,1233,197,v016
R2YKH,100,525,425,v023
R2YKH,470,640,170,v023
R2YKH,708,1125,417,v016
WEU2E,72,374,302,v008
WEU2E,256,427,171,v016
WEU2E,343,561,218,v019
WEU2E,633,724,91,v009
WEU2E,72,192,120,v029
KZ7Y8,43,266,223,v012
KZ7Y8,38,288,250,v007
KZ7Y8,264,670,406,v031
KZ7Y8,64,285,221,v029
P87UK,247,424,177,v012
P87UK,0,501,501,v008
P87UK,333,537,204,v016
P87UK,292,535,243,v016
P87UK,0,283,283,v031
N93LD,465,653,188,v016
N93LD,398,653,255,v016
N93LD,0,653,653,v004
N93LD,0,653,653,v022
N93LD,480,626,146,v016
N93LD,0,653,653,v008
N93LD,405,554,149,v023
N93LD,384,501,117,v001
N93LD,0,619,619,v008
N93LD,403,602,199,v008
RUG1J,0,321,321,v021
RUG1J,0,501,501,v008
RUG1J,240,345,105,v020
RUG1J,0,496,496,v008
3DUAO,93,489,396,v008
3DUAO,444,834,390,v008
3DUAO,381,834,453,v005
3DUAO,307,444,137,v016
3DUAO,110,264,154,v023
3DUAO,319,482,163,v016
3DUAO,422,547,125,v023
19SJ6,120,259,139,v018
19SJ6,566,739,173,v008
19SJ6,396,561,165,v016
19SJ6,0,751,751,v030
19SJ6,199,367,168,v016
YBVUE,372,722,350,v016
YBVUE,0,261,261,v028
YBVUE,0,621,621,v019
YBVUE,412,722,310,v016
YBVUE,0,624,624,v009
RF3EW,93,343,250,v001
RF3EW,189,523,334,v008
RF3EW,336,535,199,v031
RF3EW,285,655,370,v008
RF3EW,213,830,617,v023
RF3EW,688,833,145,v031
RF3EW,0,705,705,v014
BZ0YN,0,566,566,v004
BZ0YN,0,588,588,v008
BZ0YN,652,730,78,v002
677VJ,0,793,793,v014
677VJ,0,793,793,v018
LVJ3U,144,240,96,v027
LVJ3U,0,634,634,v017
DHR83,7,129,122,v016
DHR83,0,124,124,v008
DHR83,33,740,707,v032
DHR83,28,240,212,v020
DHR83,0,740,740,v005
DHR83,0,206,206,v008
DHR83,36,740,704,v032
DHR83,0,740,740,v005
DHR83,14,129,115,v016
DHR83,0,740,740,v008
IKPR3,0,461,461,v005
IKPR3,0,381,381,v008
IKPR3,0,461,461,v005
IKPR3,235,461,226,v017
IKPR3,220,340,120,v022
IKPR3,0,261,261,v008
ECCW2,441,655,214,v008
ECCW2,0,665,665,v018
ECCW2,0,665,665,v018
ECCW2,72,230,158,v008
ECCW2,408,554,146,v008
ECCW2,400,520,120,v023
ECCW2,386,657,271,v026
ECCW2,549,662,113,v016
ECCW2,398,511,113,v016
ECCW2,492,638,146,v023
LENVX,0,800,800,v030
LENVX,19,187,168,v008
LENVX,124,367,243,v008
0R4UI,0,91,91,v004
0R4UI,0,151,151,v015
0R4UI,0,172,172,v018
0R4UI,0,134,134,v008
TYKVA,288,600,312,v016
TYKVA,0,120,120,v012
TYKVA,76,237,161,v016
76A29,69,203,134,v016
76A29,0,203,203,v008
76A29,0,170,170,v023
485I1,585,732,147,v004
485I1,362,554,192,v022
485I1,0,297,297,v018
485I1,0,271,271,v031
485I1,290,484,194,v029
00ZCA,878,1252,374,v008
00ZCA,252,405,153,v007
00ZCA,854,1296,442,v026
00ZCA,252,393,141,v012
00ZCA,242,405,163,v012
00ZCA,566,852,286,v001
00ZCA,520,772,252,v001
00ZCA,597,1017,420,v023
7TNGJ,424,636,212,v001
7TNGJ,9,141,132,v012
7TNGJ,232,352,120,v005
QJIRI,0,747,747,v008
QJIRI,0,747,747,v008
QJIRI,0,747,747,v008
WH1PD,477,723,246,v004
WH1PD,0,412,412,v019
WH1PD,0,398,398,v008
WH1PD,0,723,723,v018
WH1PD,0,220,220,v031
WH1PD,288,475,187,v016
WH1PD,0,434,434,v013
WH1PD,0,391,391,v014
WH1PD,408,723,315,v023
3XUPT,0,321,321,v008
3XUPT,0,321,321,v012
3XUPT,228,748,520,v003
5OMSL,0,863,863,v008
5OMSL,648,863,215,v008
5OMSL,626,765,139,v023
I6KKY,72,340,268,v008
I6KKY,67,208,141,v023
I6KKY,211,340,129,v001
I6KKY,21,180,159,v012
I6KKY,57,340,283,v023
I6KKY,57,340,283,v008
I6KKY,0,340,340,v019
BCQWJ,134,295,161,v023
BCQWJ,52,477,425,v017
BCQWJ,151,547,396,v008
BCQWJ,79,184,105,v029
BCQWJ,211,331,120,v023
BCQWJ,228,477,249,v008
J9P8D,60,696,636,v008
J9P8D,45,696,651,v008
J9P8D,40,696,656,v017
J9P8D,69,213,144,v029
J9P8D,127,256,129,v029
32N81,40,160,120,v022
32N81,86,541,455,v023
32N81,0,541,541,v008
32N81,132,436,304,v015
ZVCMM,398,634,236,v016
ZVCMM,412,561,149,v008
ZVCMM,436,561,125,v016
ZVCMM,206,343,137,v012
ZVCMM,88,261,173,v005
ZVCMM,405,568,163,v023
ZVCMM,0,634,634,v008
ZVCMM,0,634,634,v016
ZVCMM,338,501,163,v001
827O1,273,393,120,v008
827O1,288,412,124,v012
827O1,388,530,142,v016
827O1,223,384,161,v023
827O1,314,465,151,v023
827O1,362,487,125,v019
827O1,333,614,281,v008
827O1,333,463,130,v023
827O1,343,614,271,v008
827O1,333,463,130,v023
U9B0R,432,626,194,v001
U9B0R,0,602,602,v031
U9B0R,532,729,197,v022
U9B0R,585,745,160,v025
U9B0R,585,745,160,v023
U9B0R,0,745,745,v008
U9B0R,432,576,144,v016
U9B0R,0,525,525,v032
U9B0R,0,566,566,v008
U9B0R,580,745,165,v008
U9B0R,0,552,552,v008
QL92H,165,367,202,v018
QL92H,331,477,146,v001
QL92H,208,340,132,v012
QL92H,4,194,190,v017
QL92H,139,278,139,v018
QL92H,343,484,141,v016
QL92H,441,523,82,v029
QL92H,69,194,125,v025
QL92H,331,487,156,v008
QL92H,314,460,146,v023
QL92H,254,396,142,v022
QL92H,328,482,154,v016
QL92H,48,168,120,v029
8K0Y5,72,766,694,v008
8K0Y5,72,766,694,v014
8K0Y5,24,766,742,v004
8K0Y5,24,766,742,v008
IP2EA,602,739,137,v025
IP2EA,0,568,568,v005
IP2EA,535,686,151,v022
IP2EA,0,624,624,v018
IP2EA,0,638,638,v018
IP2EA,204,484,280,v016
IP2EA,0,778,778,v008
IP2EA,0,597,597,v008
IP2EA,184,391,207,v023
IP2EA,357,475,118,v016
IP2EA,302,448,146,v031
IP2EA,434,612,178,v016
IP2EA,244,372,128,v008
WENGZ,158,753,595,v005
WENGZ,4,187,183,v012
WENGZ,0,379,379,v019
WENGZ,328,451,123,v001
WENGZ,129,753,624,v008
WENGZ,0,398,398,v009
T04MB,0,376,376,v031
T04MB,0,388,388,v006
T04MB,160,384,224,v019
G1KTZ,307,468,161,v016
G1KTZ,405,749,344,v031
G1KTZ,0,456,456,v004
G1KTZ,357,487,130,v022
G1KTZ,0,93,93,v018
YUOVC,139,451,312,v003
YUOVC,45,184,139,v023
YUOVC,614,727,113,v023
YUOVC,372,530,158,v028
YUOVC,427,540,113,v025
XD03B,0,280,280,v008
XD03B,134,276,142,v016
XD03B,208,705,497,v008
XD03B,208,705,497,v026
XD03B,134,273,139,v016
XD03B,432,705,273,v023
XD03B,28,175,147,v018
XD03B,439,700,261,v031
XD03B,441,554,113,v012
XD03B,446,705,259,v001
XD03B,153,271,118,v012
XD03B,187,552,365,v029
XD03B,434,705,271,v008
OZPA9,9,204,195,v027
OZPA9,307,1045,738,v032
OZPA9,314,499,185,v018
OZPA9,350,1045,695,v018
OZPA9,396,1045,649,v032
OZPA9,391,1045,654,v018
6SB75,12,463,451,v031
6SB75,0,754,754,v010
6SB75,400,609,209,v025
6SB75,0,754,754,v012
6SB75,0,754,754,v008
D2VU8,136,470,334,v008
D2VU8,168,470,302,v010
D2VU8,7,124,117,v022
D2VU8,12,163,151,v008
D2VU8,67,196,129,v016
D2VU8,158,470,312,v021
D2VU8,14,192,178,v014
D2VU8,0,120,120,v014
D2VU8,372,468,96,v001
D2VU8,96,192,96,v016
D2VU8,216,336,120,v019
D2VU8,0,96,96,v031
D2VU8,144,336,192,v023
D2VU8,384,470,86,v016
D2VU8,127,242,115,v023
D2VU8,129,264,135,v018
D2VU8,225,367,142,v019
D2VU8,153,336,183,v008
D2VU8,0,100,100,v032
D2VU8,240,456,216,v012
D2VU8,0,112,112,v018
D2VU8,242,470,228,v031
987P8,225,499,274,v008
987P8,48,283,235,v028
987P8,0,124,124,v025
987P8,0,499,499,v018
987P8,0,100,100,v025
987P8,211,376,165,v023
987P8,0,100,100,v025
7M1D0,172,410,238,v016
7M1D0,508,679,171,v020
7M1D0,192,489,297,v030
P27FO,64,292,228,v016
P27FO,242,556,314,v026
P27FO,292,717,425,v016
P27FO,384,648,264,v022
J1EA0,0,749,749,v008
J1EA0,0,348,348,v012
7T6MB,192,754,562,v008
7T6MB,0,194,194,v028
7T6MB,244,754,510,v010
7T6MB,184,372,188,v018
7T6MB,0,165,165,v023
7T6MB,355,754,399,v021
CC6JC,0,120,120,v005
CC6JC,105,290,185,v019
CC6JC,0,480,480,v018
CC6JC,0,103,103,v005
CC6JC,259,381,122,v012
CC6JC,0,480,480,v008
LJS9V,0,607,607,v031
LJS9V,0,139,139,v019
LJS9V,0,607,607,v018
K3T1B,55,242,187,v019
K3T1B,0,163,163,v006
QZ94G,0,649,649,v021
QZ94G,247,649,402,v008
QZ94G,0,649,649,v018
QZ94G,0,649,649,v010
QZ94G,225,355,130,v001
QZ94G,0,314,314,v031
QZ94G,256,417,161,v023
QZ94G,0,340,340,v032
QZ94G,348,649,301,v014
YH85Z,280,759,479,v008
YH85Z,624,759,135,v012
YH85Z,369,602,233,v023
YH85Z,657,759,102,v008
APH4V,151,422,271,v016
APH4V,336,458,122,v001
APH4V,448,741,293,v031
APH4V,0,288,288,v008
APH4V,403,691,288,v012
APH4V,165,417,252,v026
AHZWF,146,304,158,v022
AHZWF,340,487,147,v015
AHZWF,0,249,249,v008
AHZWF,0,328,328,v029
F86M9,242,588,346,v009
F86M9,0,640,640,v031
F86M9,261,604,343,v009
F86M9,0,453,453,v019
ABK63,64,412,348,v021
ABK63,424,631,207,v004
ABK63,52,463,411,v008
ABK63,9,723,714,v010
SF9P7,549,756,207,v022
SF9P7,0,734,734,v030
FI2TP,508,626,118,v023
FI2TP,516,643,127,v022
FI2TP,0,578,578,v032
FI2TP,561,708,147,v023
FI2TP,312,568,256,v020
FI2TP,0,624,624,v018
FI2TP,720,759,39,v032
FI2TP,585,681,96,v031
FI2TP,549,708,159,v008
GXVX8,0,738,738,v010
GXVX8,228,660,432,v004
GXVX8,110,218,108,v023
GXVX8,432,738,306,v019
GXVX8,0,738,738,v018
GXVX8,26,180,154,v029
GXVX8,156,307,151,v015
GXVX8,129,372,243,v008
4EDGW,268,451,183,v014
4EDGW,290,523,233,v024
4EDGW,290,523,233,v009
4EDGW,261,379,118,v029
NTW37,434,541,107,v001
NTW37,348,541,193,v022
NTW37,348,541,193,v022
NTW37,312,444,132,v016
NTW37,0,444,444,v008
XPDI1,264,456,192,v029
XPDI1,0,192,192,v008
XPDI1,120,240,120,v016
XPDI1,408,528,120,v023
XPDI1,48,216,168,v017
XPDI1,0,261,261,v008
XPDI1,0,139,139,v004
XPDI1,0,254,254,v016
LV760,0,369,369,v031
LV760,0,160,160,v023
D9AR5,0,782,782,v008
D9AR5,0,669,669,v002
9HNRY,0,528,528,v012
9HNRY,424,561,137,v023
9HNRY,0,639,639,v018
9HNRY,432,559,127,v023
9HNRY,96,228,132,v020
9HNRY,158,283,125,v020
9HNRY,444,639,195,v008
9HNRY,0,639,639,v008
LU82W,0,62,62,v016
LU82W,7,279,272,v008
LU82W,24,279,255,v009
LU82W,0,103,103,v023
LU82W,24,279,255,v009
LU82W,0,279,279,v008
LU82W,0,60,60,v025
LU82W,26,279,253,v019
LU82W,4,279,275,v008
6MJGP,0,631,631,v008
6MJGP,24,408,384,v014
6MJGP,408,528,120,v012
6MJGP,0,100,100,v012
6MJGP,480,631,151,v008
6MJGP,482,597,115,v001
6MJGP,343,482,139,v020
TZF0X,26,218,192,v008
TZF0X,218,328,110,v028
TZF0X,88,264,176,v029
TZF0X,52,216,164,v016
TZF0X,76,220,144,v025
TZF0X,376,510,134,v023
TZF0X,98,235,137,v025
0GFE8,0,321,321,v016
0GFE8,0,340,340,v008
0GFE8,38,345,307,v016
0GFE8,290,430,140,v017
CBLSW,592,751,159,v016
CBLSW,319,475,156,v023
CBLSW,340,741,401,v008
CBLSW,64,271,207,v023
T5GRP,0,513,513,v031
T5GRP,0,487,487,v019
T5GRP,0,508,508,v018
T5GRP,0,508,508,v032
T5GRP,0,388,388,v009
T5GRP,0,516,516,v018
7BQ1O,506,710,204,v009
7BQ1O,52,158,106,v027
7BQ1O,4,218,214,v001
7BQ1O,127,300,173,v012
7BQ1O,9,165,156,v029
VG8QP,110,228,118,v008
VG8QP,256,477,221,v016
VG8QP,79,228,149,v023
VG8QP,0,292,292,v023
VG8QP,40,331,291,v004
VG8QP,391,648,257,v015
VG8QP,96,345,249,v019
VG8QP,0,732,732,v008
FJRGJ,117,252,135,v012
FJRGJ,187,405,218,v016
FJRGJ,110,252,142,v012
Q57HC,744,940,196,v012
Q57HC,7,794,787,v002
Q57HC,403,770,367,v008
Q57HC,338,439,101,v023
Q57HC,628,729,101,v016
9T0AC,561,790,229,v008
9T0AC,0,790,790,v018
9T0AC,616,770,154,v008
9T0AC,679,790,111,v005
9T0AC,525,693,168,v012
9T0AC,0,542,542,v008
9T0AC,0,439,439,v016
9T0AC,0,432,432,v030
TZEJS,333,458,125,v018
TZEJS,163,434,271,v008
TZEJS,456,633,177,v016
TZEJS,144,408,264,v005
TZEJS,0,240,240,v016
TZEJS,48,408,360,v018
TZEJS,64,223,159,v015
TZEJS,151,259,108,v023
FU5BL,266,552,286,v008
FU5BL,0,585,585,v008
FU5BL,292,774,482,v005
FU5BL,528,774,246,v031
FU5BL,249,602,353,v016
FU5BL,0,614,614,v014
FU5BL,235,564,329,v005
FU5BL,216,336,120,v023
FU5BL,480,600,120,v016
FU5BL,432,552,120,v016
FU5BL,0,774,774,v018
FU5BL,0,774,774,v018
FU5BL,0,774,774,v032
FU5BL,0,684,684,v023
PAWAE,0,760,760,v014
PAWAE,0,760,760,v031
PAWAE,0,760,760,v008
TYZ05,0,336,336,v008
TYZ05,208,782,574,v004
TYZ05,0,328,328,v005
TYZ05,0,328,328,v005
TYZ05,0,782,782,v018
TYZ05,0,782,782,v014
TYZ05,0,345,345,v008
TYZ05,0,782,782,v031
TYZ05,0,782,782,v032
TYZ05,26,379,353,v008
TYZ05,0,782,782,v018
RAQNI,235,446,211,v016
RAQNI,0,376,376,v026
RAQNI,566,767,201,v031
RAQNI,98,343,245,v008
RAQNI,242,489,247,v016
RAQNI,350,482,132,v023
RAQNI,194,388,194,v026
RAQNI,0,444,444,v008
RAQNI,460,592,132,v029
RAQNI,357,477,120,v023
42PMR,852,932,80,v001
42PMR,544,732,188,v012
42PMR,372,932,560,v008
42PMR,739,932,193,v016
42PMR,348,477,129,v023
42PMR,69,225,156,v008
42PMR,72,187,115,v023
42PMR,0,76,76,v023
42PMR,348,477,129,v023
42PMR,352,932,580,v016
42PMR,0,165,165,v016
42PMR,0,108,108,v008
5TNRZ,0,139,139,v025
5TNRZ,84,365,281,v008
5TNRZ,117,232,115,v029
5TNRZ,0,122,122,v008
NCZOV,69,443,374,v032
NCZOV,0,117,117,v012
NCZOV,0,117,117,v012
NCZOV,76,443,367,v023
NCZOV,76,443,367,v008
B0MFE,0,790,790,v008
B0MFE,0,790,790,v008
B0MFE,0,201,201,v029
LG73V,266,384,118,v001
LG73V,223,360,137,v016
LG73V,40,189,149,v012
LG73V,72,249,177,v012
LG73V,21,254,233,v018
LG73V,266,576,310,v028
LG73V,177,307,130,v001
CY6U7,132,304,172,v022
CY6U7,0,247,247,v018
CY6U7,189,520,331,v023
CY6U7,187,528,341,v023
CY6U7,374,508,134,v012
CY6U7,0,360,360,v032
CY6U7,374,504,130,v029
CY6U7,208,540,332,v008
CY6U7,168,295,127,v016
CY6U7,0,242,242,v018
NPNB3,350,679,329,v003
NPNB3,0,374,374,v003
NPNB3,585,751,166,v020
NPNB3,676,751,75,v023
NPNB3,676,751,75,v008
U4NWI,225,719,494,v008
U4NWI,247,719,472,v026
U4NWI,0,719,719,v018
U4NWI,0,719,719,v031
VUOQF,132,292,160,v012
VUOQF,302,763,461,v005
VUOQF,132,307,175,v023
VUOQF,321,763,442,v019
VUOQF,256,763,507,v008
VUOQF,2,132,130,v029
6W2MO,417,770,353,v008
6W2MO,372,583,211,v023
6W2MO,0,518,518,v008
6W2MO,0,525,525,v024
6W2MO,232,398,166,v020
6W2MO,333,475,142,v014
JCSTR,0,139,139,v031
JCSTR,50,223,173,v004
JCSTR,0,727,727,v018
JCSTR,0,727,727,v008
48IQL,463,602,139,v004
48IQL,427,792,365,v008
48IQL,547,727,180,v018
48IQL,158,321,163,v019
48IQL,384,544,160,v023
48IQL,588,722,134,v018
48IQL,43,237,194,v029
48IQL,232,362,130,v029
B2X4D,0,738,738,v005
B2X4D,0,738,738,v008
B2X4D,254,391,137,v016
B2X4D,268,738,470,v016
5OCXJ,333,719,386,v031
5OCXJ,67,364,297,v000
5OCXJ,242,410,168,v022
5OCXJ,0,345,345,v010
HB4AB,69,170,101,v016
HB4AB,396,563,167,v009
HB4AB,153,304,151,v001
HB4AB,136,254,118,v012
HB4AB,0,563,563,v002
HB4AB,48,172,124,v023
3B81O,136,532,396,v030
3B81O,686,790,104,v001
3B81O,0,189,189,v012
3B81O,472,643,171,v016
3B81O,196,518,322,v016
3B81O,0,177,177,v031
3B81O,446,561,115,v012
3B81O,580,703,123,v001
3B81O,484,667,183,v016
OKL5S,132,458,326,v008
OKL5S,108,290,182,v015
OKL5S,321,535,214,v012
OKL5S,326,518,192,v020
OKL5S,225,369,144,v016
OKL5S,0,338,338,v008
OKL5S,225,367,142,v016
0ZYII,0,793,793,v031
0ZYII,0,793,793,v018
0ZYII,0,793,793,v008
0ZYII,0,793,793,v026
0ZYII,0,793,793,v023
N8WK8,417,510,93,v001
N8WK8,0,510,510,v008
N8WK8,0,510,510,v031
1DGSW,43,921,878,v031
1DGSW,400,763,363,v003
1DGSW,7,139,132,v026
1DGSW,96,307,211,v008
JF0O8,314,463,149,v018
JF0O8,62,247,185,v022
JF0O8,0,307,307,v008
JF0O8,216,396,180,v025
JF0O8,422,742,320,v018
BUE2L,0,758,758,v014
G838Q,0,240,240,v023
G838Q,182,448,266,v026
G838Q,182,448,266,v026
G838Q,194,441,247,v026
SRTW8,0,218,218,v010
SRTW8,141,295,154,v000
SRTW8,196,367,171,v010
SRTW8,242,423,181,v019
TJPFT,24,237,213,v004
TJPFT,0,91,91,v018
TJPFT,0,103,103,v031
TJPFT,0,507,507,v018
TJPFT,0,507,507,v018
TJPFT,0,494,494,v008
TJPFT,376,494,118,v016
TJPFT,410,507,97,v026
UPUPM,393,669,276,v016
UPUPM,302,439,137,v023
UPUPM,0,597,597,v010
UPUPM,40,762,722,v014
UPUPM,211,364,153,v019
UPUPM,398,669,271,v025
UPUPM,400,762,362,v018
UPUPM,264,756,492,v025
UPUPM,146,638,492,v008
UPUPM,0,762,762,v008
IRGXQ,247,604,357,v008
IRGXQ,220,412,192,v023
IRGXQ,67,208,141,v029
IRGXQ,64,266,202,v017
IRGXQ,271,680,409,v014
ZDFOL,297,422,125,v001
ZDFOL,292,410,118,v016
ZDFOL,45,379,334,v008
ZDFOL,0,417,417,v018
ZDFOL,0,391,391,v008
ZDFOL,0,103,103,v031
ZDFOL,64,379,315,v003
ZDFOL,292,412,120,v016
ZDFOL,314,434,120,v022
JTTAP,391,528,137,v016
JTTAP,343,480,137,v012
JTTAP,189,432,243,v014
JTTAP,160,285,125,v023
JTTAP,31,240,209,v008
JTTAP,417,554,137,v001
JTTAP,177,446,269,v008
JTTAP,386,520,134,v016
JTTAP,14,264,250,v004
JTTAP,544,685,141,v029
W20LY,0,735,735,v024
W20LY,484,614,130,v016
W20LY,0,735,735,v018
W20LY,0,386,386,v009
W20LY,0,735,735,v019
E75C2,38,331,293,v015
E75C2,597,745,148,v031
E75C2,290,669,379,v008
QGLQ0,158,559,401,v023
QGLQ0,26,254,228,v016
QGLQ0,0,103,103,v022
QGLQ0,0,735,735,v018
QGLQ0,297,580,283,v012
QGLQ0,168,735,567,v008
QGLQ0,48,240,192,v008
C9ISQ,93,405,312,v022
C9ISQ,134,328,194,v001
73E7V,288,648,360,v008
73E7V,264,384,120,v023
73E7V,288,648,360,v008
73E7V,264,384,120,v023
73E7V,576,696,120,v018
73E7V,249,707,458,v016
73E7V,271,508,237,v012
73E7V,352,686,334,v005
73E7V,583,707,124,v022
73E7V,43,707,664,v026
73E7V,33,696,663,v018
73E7V,19,374,355,v023
73E7V,211,369,158,v016
73E7V,592,707,115,v016
73E7V,57,350,293,v031
73E7V,240,352,112,v016
73E7V,40,686,646,v018
7BLQD,0,391,391,v014
7BLQD,0,379,379,v032
FV51S,144,588,444,v008
FV51S,81,249,168,v023
FV51S,0,146,146,v012
FV51S,470,616,146,v029
FV51S,0,451,451,v008
XMINJ,0,732,732,v008
XMINJ,0,732,732,v030
XMINJ,0,732,732,v030
WSB7W,0,194,194,v012
WSB7W,211,404,193,v031
WSB7W,148,404,256,v018
WSB7W,0,404,404,v008
OINMN,794,960,166,v001
OINMN,0,1087,1087,v008
OINMN,0,439,439,v008
OINMN,549,847,298,v016
OINMN,451,624,173,v012
OINMN,0,1087,1087,v024
OINMN,657,852,195,v025
OINMN,321,444,123,v016
OINMN,794,938,144,v001
OINMN,309,770,461,v016
OINMN,420,628,208,v012
KKONU,55,211,156,v025
KKONU,156,288,132,v023
KKONU,0,216,216,v000
KKONU,144,798,654,v018
KKONU,158,798,640,v008
KKONU,204,446,242,v005
KKONU,0,112,112,v010
KKONU,158,798,640,v018
KKONU,0,160,160,v000
KKONU,175,798,623,v008
0FO58,326,786,460,v029
0FO58,297,422,125,v008
0FO58,31,314,283,v020
02SK4,160,266,106,v016
02SK4,163,336,173,v018
02SK4,369,685,316,v005
02SK4,211,685,474,v018
02SK4,103,242,139,v031
02SK4,184,336,152,v018
02SK4,158,273,115,v016
02SK4,0,160,160,v008
02SK4,0,96,96,v029
02SK4,0,165,165,v008
7BFDL,254,379,125,v016
7BFDL,0,271,271,v008
7BFDL,0,393,393,v008
7BFDL,165,408,243,v016
7BFDL,316,775,459,v003
7BFDL,465,724,259,v016
7BFDL,278,672,394,v008
7BFDL,278,412,134,v023
Q8XEE,244,469,225,v005
Q8XEE,422,469,47,v001
Q8XEE,136,469,333,v031
Q8XEE,316,469,153,v008
Q8XEE,304,469,165,v023
Q8XEE,45,187,142,v012
Q8XEE,4,148,144,v018
Q8XEE,50,469,419,v018
Q8XEE,300,432,132,v023
Q8XEE,38,177,139,v008
Q8XEE,79,469,390,v014
Q8XEE,384,469,85,v016
B8W55,88,271,183,v016
B8W55,0,199,199,v004
B8W55,199,379,180,v018
B8W55,252,735,483,v018
B8W55,201,561,360,v018
B8W55,91,297,206,v008
B8W55,451,664,213,v012
B8W55,120,268,148,v016
B8W55,379,638,259,v031
6MUM6,518,714,196,v004
6MUM6,132,288,156,v015
6MUM6,0,714,714,v008
6MUM6,249,472,223,v015
6MUM6,0,714,714,v008
4GCPM,91,278,187,v008
4GCPM,72,283,211,v023
4GCPM,132,321,189,v001
4GCPM,62,237,175,v012
4GCPM,415,890,475,v005
21E40,441,743,302,v023
21E40,0,743,743,v008
21E40,696,743,47,v023
21E40,696,743,47,v004
21E40,696,743,47,v022
21E40,696,743,47,v029
OLV1L,484,703,219,v008
OLV1L,607,717,110,v005
OLV1L,369,484,115,v020
OLV1L,0,141,141,v022
OLV1L,79,739,660,v018
OLV1L,117,451,334,v006
OLV1L,57,189,132,v018
U6EKW,0,672,672,v008
U6EKW,0,672,672,v008
U6EKW,0,672,672,v013
U6EKW,0,648,648,v014
HUNW6,415,754,339,v008
HUNW6,472,754,282,v026
HUNW6,4,444,440,v008
HUNW6,124,448,324,v005
HUNW6,362,482,120,v022
HUNW6,468,754,286,v030
BV28R,0,292,292,v014
BV28R,259,906,647,v031
BV28R,0,906,906,v018
BV28R,748,906,158,v022
BV28R,0,787,787,v018
BV28R,0,196,196,v031
BV28R,0,201,201,v008
BV28R,0,379,379,v032
IAK2E,0,662,662,v024
IAK2E,0,655,655,v008
IAK2E,0,199,199,v008
IAK2E,0,619,619,v008
IAK2E,50,201,151,v004
IAK2E,105,271,166,v009
IAK2E,554,685,131,v023
IAK2E,0,170,170,v019
IAK2E,616,685,69,v014
T832F,146,259,113,v025
T832F,33,213,180,v026
T832F,134,259,125,v025
T832F,33,254,221,v008
T832F,33,256,223,v023
T832F,84,199,115,v016
T832F,156,268,112,v025
T832F,9,124,115,v026
1WEDJ,0,465,465,v008
1WEDJ,400,810,410,v016
1WEDJ,0,403,403,v008
1WEDJ,583,760,177,v012
1WEDJ,0,372,372,v026
1WEDJ,583,810,227,v008
1WEDJ,398,660,262,v026
1WEDJ,530,801,271,v023
T28D7,0,774,774,v002
T28D7,158,319,161,v019
QB7ZN,482,836,354,v018
QB7ZN,398,578,180,v018
QB7ZN,283,477,194,v012
QB7ZN,475,836,361,v018
9R4AQ,0,683,683,v008
9R4AQ,0,112,112,v004
9R4AQ,91,232,141,v004
9R4AQ,139,264,125,v019
9R4AQ,0,683,683,v008
9R4AQ,0,683,683,v008
9R4AQ,314,683,369,v009
1X9A1,494,705,211,v005
1X9A1,0,763,763,v008
1X9A1,314,763,449,v008
1X9A1,12,192,180,v029
T1KK1,0,93,93,v004
T1KK1,16,196,180,v016
T1KK1,86,391,305,v008
T1KK1,127,415,288,v005
T1KK1,280,516,236,v018
T1KK1,405,703,298,v018
T1KK1,0,216,216,v023
T1KK1,100,211,111,v016
T1KK1,124,242,118,v023
T1KK1,199,403,204,v023
T1KK1,0,700,700,v008
T1KK1,0,74,74,v023
9RX96,220,386,166,v008
9RX96,333,748,415,v026
9RX96,662,900,238,v031
9RX96,252,724,472,v026
8X7D6,292,549,257,v002
8X7D6,482,657,175,v031
8X7D6,398,547,149,v019
8X7D6,549,672,123,v001
8X7D6,643,785,142,v016
8X7D6,614,785,171,v023
8X7D6,638,785,147,v008
8X7D6,513,667,154,v032
8X7D6,14,424,410,v008
8X7D6,484,648,164,v031
8X7D6,475,785,310,v018
8X7D6,0,408,408,v023
8X7D6,489,765,276,v018
I31V9,127,285,158,v023
I31V9,0,108,108,v005
I31V9,88,218,130,v016
I31V9,86,220,134,v016
I31V9,0,112,112,v005
I31V9,187,289,102,v012
I31V9,216,289,73,v032
I31V9,0,192,192,v008
I31V9,0,187,187,v008
I31V9,60,177,117,v027
I31V9,180,289,109,v008
I31V9,180,289,109,v031
I31V9,62,289,227,v010
T5JY8,369,564,195,v004
T5JY8,0,456,456,v014
T5JY8,600,757,157,v031
T5JY8,458,612,154,v022
T5JY8,369,757,388,v008
T5JY8,0,559,559,v018
T5JY8,357,475,118,v023
T5JY8,0,585,585,v018
MC34P,432,725,293,v008
MC34P,480,725,245,v014
MC34P,432,552,120,v023
MC34P,0,624,624,v031
MC34P,0,725,725,v018
MC34P,0,672,672,v008
MC34P,0,725,725,v018
UECH4,552,768,216,v031
UECH4,451,744,293,v020
UECH4,0,769,769,v008
UECH4,0,547,547,v015
UECH4,0,769,769,v008
ZRRC8,0,115,115,v010
ZRRC8,14,213,199,v000
ZRRC8,369,544,175,v008
ZRRC8,328,472,144,v023
ZRRC8,124,321,197,v022
ZRRC8,14,213,199,v000
ZRRC8,336,468,132,v023
EBCTL,192,312,120,v012
EBCTL,0,288,288,v002
EBCTL,148,302,154,v016
EBCTL,148,302,154,v016
EBCTL,216,362,146,v001
PCNB7,0,278,278,v006
PCNB7,240,605,365,v008
9B93K,43,616,573,v008
9B93K,43,616,573,v023
9B93K,43,616,573,v005
9B93K,480,616,136,v016
9B93K,816,960,144,v029
9B93K,552,729,177,v016
9B93K,520,744,224,v016
9B93K,669,878,209,v027
9B93K,84,564,480,v008
9B93K,48,249,201,v023
9B93K,43,655,612,v005
9B93K,722,909,187,v007
NCBNH,170,811,641,v015
NCBNH,686,971,285,v026
NCBNH,691,971,280,v008
NCBNH,864,971,107,v017
NCBNH,676,825,149,v016
NCBNH,772,945,173,v030
NCBNH,660,816,156,v023
NCBNH,175,801,626,v008
NCBNH,175,801,626,v008
NCBNH,705,955,250,v016
GUCB4,211,636,425,v015
GUCB4,120,261,141,v018
GUCB4,55,220,165,v018
GUCB4,621,943,322,v004
GUCB4,957,1111,154,v022
GUCB4,580,1029,449,v008
GUCB4,132,1075,943,v018
GUCB4,170,273,103,v023
GUCB4,264,372,108,v016
SB7CW,148,803,655,v008
SB7CW,16,180,164,v012
SB7CW,40,240,200,v020
SB7CW,0,172,172,v012
SB7CW,0,803,803,v008
AYF5C,0,408,408,v027
AYF5C,0,408,408,v027
AYF5C,86,398,312,v019
AYF5C,393,743,350,v003
2XJG9,592,703,111,v004
2XJG9,0,703,703,v008
2XJG9,0,280,280,v008
2XJG9,0,703,703,v008
2XJG9,0,208,208,v023
2XJG9,0,703,703,v008
2XJG9,194,703,509,v016
OQM2I,0,134,134,v019
OQM2I,144,285,141,v001
OQM2I,0,151,151,v031
OQM2I,103,271,168,v012
OQM2I,141,362,221,v029
OQM2I,4,151,147,v006
09AT0,91,731,640,v008
09AT0,105,352,247,v012
09AT0,247,731,484,v026
09AT0,0,731,731,v008
09AT0,43,189,146,v001
09AT0,91,278,187,v012
09AT0,0,731,731,v026
09AT0,0,731,731,v016
D1UWI,0,72,72,v023
D1UWI,0,237,237,v008
D1UWI,0,237,237,v008
D1UWI,396,511,115,v016
NNG2V,415,588,173,v009
NNG2V,0,259,259,v031
NNG2V,256,436,180,v000
NNG2V,465,597,132,v009
NNG2V,340,746,406,v031
NNG2V,0,754,754,v018
NNG2V,321,754,433,v031
485G9,194,737,543,v008
485G9,319,737,418,v018
485G9,172,338,166,v023
485G9,249,737,488,v014
485G9,55,184,129,v029
485G9,297,475,178,v018
1EX1G,31,657,626,v014
1EX1G,0,657,657,v007
1EX1G,50,657,607,v008
OH3R9,0,717,717,v031
OH3R9,96,235,139,v016
OH3R9,0,220,220,v016
OH3R9,628,717,89,v006
OH3R9,0,213,213,v008
FKJ9L,2,187,185,v016
FKJ9L,2,187,185,v016
FKJ9L,0,513,513,v019
FKJ9L,9,187,178,v016
FKJ9L,679,726,47,v016
FKJ9L,679,726,47,v008
FKJ9L,679,726,47,v008
TPH12,268,492,224,v019
TPH12,0,175,175,v018
TPH12,549,711,162,v022
TPH12,16,691,675,v018
TPH12,9,691,682,v018
TPH12,292,691,399,v014
TPH12,283,393,110,v023
TPH12,12,360,348,v031
TPH12,590,693,103,v016
TPH12,4,144,140,v023
TPH12,292,652,360,v008
TPH12,261,374,113,v016
TPH12,19,357,338,v008
TPH12,300,660,360,v024
TPH12,16,153,137,v012
TPH12,235,379,144,v001
KTBKA,0,228,228,v021
KTBKA,264,393,129,v012
KTBKA,127,357,230,v026
UCNVW,0,744,744,v014
UCNVW,0,744,744,v018
UCNVW,0,513,513,v031
UVN96,504,747,243,v001
UVN96,235,396,161,v012
UVN96,175,376,201,v023
UVN96,280,518,238,v014
UVN96,240,747,507,v008
FGY8R,0,129,129,v014
FGY8R,165,360,195,v008
FGY8R,292,496,204,v022
FGY8R,144,434,290,v001
FGY8R,256,516,260,v018
FGY8R,0,201,201,v008
FGY8R,249,424,175,v005
FGY8R,254,405,151,v005
FGY8R,542,655,113,v012
FGY8R,57,523,466,v031
FGY8R,0,136,136,v012
FGY8R,304,441,137,v016
FGY8R,223,396,173,v023
FGY8R,216,328,112,v008
FGY8R,544,655,111,v029
FGY8R,319,451,132,v016
FGY8R,43,156,113,v018
FGY8R,223,372,149,v023
FGY8R,391,518,127,v001
FGY8R,434,576,142,v016
F8HLI,0,393,393,v008
F8HLI,0,434,434,v018
F8HLI,379,525,146,v017
F8HLI,348,458,110,v022
F8HLI,0,415,415,v031
F8HLI,0,528,528,v018
F8HLI,0,67,67,v012
F8HLI,312,427,115,v001
0V4B3,0,782,782,v018
0V4B3,0,782,782,v032
0V4B3,7,158,151,v004
0V4B3,0,782,782,v032
0V4B3,0,782,782,v008
B8JAF,386,669,283,v030
B8JAF,240,468,228,v001
B8JAF,0,136,136,v012
B8JAF,189,300,111,v012
B8JAF,379,775,396,v008
PZQ5A,31,331,300,v007
PZQ5A,146,312,166,v012
PZQ5A,206,403,197,v001
PZQ5A,206,403,197,v029
PZQ5A,110,247,137,v023
D5886,67,651,584,v021
D5886,62,651,589,v008
D5886,132,309,177,v004
D5886,117,651,534,v008
D5886,508,651,143,v031
D5886,0,156,156,v012
D5886,36,182,146,v029
D5886,62,651,589,v008
4NRPM,434,660,226,v028
4NRPM,9,444,435,v028
4NRPM,0,129,129,v023
4NRPM,0,732,732,v008
4NRPM,0,732,732,v008
G1CM7,482,855,373,v018
G1CM7,0,468,468,v026
G1CM7,547,703,156,v012
G1CM7,590,855,265,v031
G1CM7,492,669,177,v023
G1CM7,441,855,414,v018
G1CM7,7,201,194,v008
G1CM7,508,855,347,v008
G1CM7,170,304,134,v008
G1CM7,278,484,206,v023
G1CM7,290,458,168,v016
G1CM7,362,566,204,v018
DIM24,0,742,742,v008
DIM24,4,151,147,v012
DIM24,434,636,202,v008
DIM24,278,441,163,v022
DIM24,0,372,372,v018
DIM24,364,742,378,v008
16KTS,496,730,234,v012
16KTS,0,535,535,v002
I5KUM,24,364,340,v007
I5KUM,0,175,175,v008
I5KUM,60,300,240,v005
I5KUM,93,336,243,v016
I5KUM,0,379,379,v019
I5KUM,180,400,220,v012
I5KUM,93,326,233,v004
QG4N1,532,711,179,v016
QG4N1,0,364,364,v008
QG4N1,204,415,211,v016
QG4N1,244,468,224,v028
QG4N1,0,340,340,v013
QG4N1,0,328,328,v014
SAGM9,237,720,483,v031
SAGM9,352,621,269,v004
SAGM9,254,393,139,v005
SAGM9,194,328,134,v023
SAGM9,45,268,223,v008
SAGM9,247,489,242,v008
OU3HS,79,669,590,v011
OU3HS,705,935,230,v018
OU3HS,700,935,235,v018
OU3HS,513,856,343,v008
OU3HS,88,595,507,v008
OU3HS,458,736,278,v016
OU3HS,667,820,153,v018
OU3HS,840,935,95,v031
X6JKA,0,136,136,v020
VO45S,0,316,316,v008
VO45S,374,747,373,v030
VO45S,218,338,120,v016
VO45S,307,463,156,v008
VO45S,400,664,264,v030
WHRBU,456,578,122,v008
WHRBU,74,492,418,v018
WHRBU,468,590,122,v023
WHRBU,396,643,247,v022
WHRBU,410,552,142,v012
0K0LP,0,105,105,v018
0K0LP,194,333,139,v031
0K0LP,180,316,136,v018
0K0LP,194,639,445,v018
0K0LP,244,639,395,v005
0K0LP,2,127,125,v022
0K0LP,345,520,175,v012
0K0LP,153,639,486,v008
LEPM3,31,199,168,v012
LEPM3,0,823,823,v008
LEPM3,736,823,87,v016
LEPM3,518,672,154,v023
LEPM3,734,823,89,v016
IHLXC,0,194,194,v021
IHLXC,31,172,141,v010
IHLXC,158,393,235,v018
IHLXC,165,393,228,v022
ECMQU,403,614,211,v008
ECMQU,374,520,146,v023
ECMQU,0,156,156,v019
ECMQU,0,424,424,v003
ECMQU,0,127,127,v003
ECMQU,475,614,139,v004
ECMQU,547,684,137,v022
ECMQU,0,336,336,v016
ECMQU,0,626,626,v018
B1FY9,396,580,184,v008
B1FY9,484,686,202,v016
B1FY9,403,612,209,v008
B1FY9,403,612,209,v023
B1FY9,38,158,120,v023
B1FY9,463,686,223,v025
B1FY9,26,741,715,v008
B1FY9,136,741,605,v030
B6HUA,0,746,746,v019
B6HUA,0,612,612,v019
B6HUA,165,669,504,v009
B6HUA,0,746,746,v010
B6HUA,0,746,746,v008
KNDY2,0,515,515,v018
KNDY2,0,515,515,v031
KNDY2,141,273,132,v022
KNDY2,153,391,238,v013
KNDY2,0,506,506,v008
KNDY2,0,228,228,v018
KNDY2,0,451,451,v014
B8DL6,0,391,391,v018
B8DL6,268,417,149,v022
B8DL6,338,515,177,v026
B8DL6,0,295,295,v015
B8DL6,0,338,338,v008
WYZCW,0,124,124,v022
WYZCW,218,391,173,v012
WYZCW,304,588,284,v003
WYZCW,571,715,144,v003
WYZCW,432,595,163,v023
WYZCW,415,547,132,v022
WYZCW,0,513,513,v018
WYZCW,460,728,268,v008
WYZCW,628,728,100,v029
C4KZ4,14,139,125,v001
C4KZ4,100,328,228,v016
G5KWF,0,737,737,v006
G5KWF,67,544,477,v025
G5KWF,489,626,137,v009
G5KWF,146,309,163,v019
GDIW0,398,576,178,v001
GDIW0,0,540,540,v008
GDIW0,0,501,501,v014
GDIW0,448,772,324,v031
GDIW0,0,470,470,v031
WMZME,597,775,178,v023
WMZME,763,971,208,v029
WMZME,0,636,636,v006
WMZME,0,144,144,v007
WMZME,292,456,164,v007
0QHR4,0,378,378,v008
0QHR4,0,170,170,v012
0QHR4,216,378,162,v008
0QHR4,79,213,134,v005
0QHR4,0,110,110,v007
0QHR4,0,127,127,v012
63XVB,0,696,696,v018
63XVB,408,624,216,v019
63XVB,624,744,120,v022
63XVB,0,696,696,v031
63XVB,0,696,696,v014
63XVB,0,696,696,v018
63XVB,0,88,88,v032
63XVB,758,819,61,v029
VGAMG,0,331,331,v004
VGAMG,235,374,139,v008
VGAMG,96,326,230,v023
VGAMG,372,703,331,v018
VGAMG,441,638,197,v016
VGAMG,0,345,345,v008
VGAMG,0,74,74,v023
VGAMG,230,374,144,v016
5LJ3J,0,612,612,v018
5LJ3J,0,612,612,v008
5LJ3J,336,609,273,v016
5LJ3J,0,386,386,v021
5LJ3J,0,403,403,v008
5LJ3J,309,427,118,v012
MKBH8,612,711,99,v019
MKBH8,0,711,711,v016
MKBH8,0,711,711,v015
8L08M,283,446,163,v018
8L08M,127,384,257,v003
8L08M,0,208,208,v008
8L08M,108,223,115,v025
8L08M,240,405,165,v018
PYE2T,259,746,487,v008
PYE2T,81,300,219,v018
PYE2T,184,765,581,v010
PYE2T,151,765,614,v031
PYE2T,240,679,439,v014
Q9Q9L,103,755,652,v008
Q9Q9L,408,755,347,v004
Q9Q9L,0,141,141,v018
Q9Q9L,19,153,134,v022
Q9Q9L,96,228,132,v023
Q9Q9L,103,755,652,v008
0DBQD,0,139,139,v008
0DBQD,0,738,738,v018
0DBQD,0,738,738,v031
0DBQD,0,122,122,v031
0DBQD,0,122,122,v005
0DBQD,0,122,122,v005
0DBQD,0,738,738,v008
0DBQD,206,427,221,v004
0DBQD,0,738,738,v014
61FWZ,338,737,399,v018
61FWZ,350,737,387,v008
61FWZ,0,446,446,v030
61FWZ,0,441,441,v008
ARN8U,0,463,463,v004
ARN8U,338,589,251,v008
ARN8U,0,319,319,v008
ARN8U,364,589,225,v021
ARN8U,0,436,436,v018
ARN8U,0,436,436,v018
ARN8U,333,589,256,v008
3H1EA,0,151,151,v031
3H1EA,187,453,266,v008
3H1EA,170,319,149,v023
3H1EA,26,146,120,v001
3H1EA,0,153,153,v008
3H1EA,417,537,120,v004
3H1EA,307,422,115,v016
3H1EA,45,160,115,v025
3H1EA,208,386,178,v015
Q6XGG,0,744,744,v018
Q6XGG,0,744,744,v031
Q6XGG,595,744,149,v005
QT4WM,33,223,190,v012
QT4WM,422,893,471,v025
QT4WM,458,609,151,v031
QT4WM,484,672,188,v023
QT4WM,40,232,192,v012
QT4WM,432,595,163,v008
QT4WM,628,806,178,v016
CN5G4,885,1012,127,v012
CN5G4,0,417,417,v018
CN5G4,964,1055,91,v001
CN5G4,0,669,669,v005
CN5G4,0,669,669,v005
CN5G4,0,132,132,v008
CN5G4,0,170,170,v008
CN5G4,0,708,708,v018
CN5G4,943,1055,112,v008
VDXXV,160,283,123,v016
VDXXV,624,903,279,v008
VDXXV,516,672,156,v012
VDXXV,516,672,156,v012
VDXXV,160,283,123,v008
VDXXV,208,525,317,v021
VDXXV,463,571,108,v022
VDXXV,715,852,137,v001
VDXXV,213,525,312,v010
VDXXV,588,751,163,v023
VDXXV,163,300,137,v025
70TVS,240,357,117,v028
70TVS,204,321,117,v018
70TVS,602,919,317,v018
70TVS,393,640,247,v028
70TVS,837,976,139,v022
70TVS,225,477,252,v028
70TVS,561,950,389,v031
70TVS,218,950,732,v018
70TVS,477,624,147,v025
TE074,0,747,747,v024
TE074,168,747,579,v008
TE074,98,283,185,v023
TE074,0,747,747,v008
TE074,0,747,747,v008
JX18W,192,391,199,v008
JX18W,177,624,447,v022
JX18W,345,556,211,v012
JX18W,343,561,218,v012
JX18W,0,297,297,v000
JX18W,256,412,156,v023
1BEFM,0,705,705,v018
1BEFM,43,235,192,v005
1BEFM,62,196,134,v008
1BEFM,57,204,147,v016
1BEFM,343,492,149,v016
61BEP,736,873,137,v027
61BEP,0,873,873,v014
61BEP,676,806,130,v022
61BEP,0,789,789,v018
61BEP,0,873,873,v008
4P13T,38,208,170,v008
4P13T,105,355,250,v012
4P13T,0,115,115,v023
4P13T,0,86,86,v017
4P13T,441,590,149,v023
4P13T,624,744,120,v029
4P13T,264,408,144,v016
0BX9N,283,513,230,v012
0BX9N,422,543,121,v008
0BX9N,33,237,204,v016
0BX9N,93,240,147,v008
0BX9N,84,244,160,v016
0BX9N,295,543,248,v023
0BX9N,9,153,144,v008
0BX9N,122,271,149,v016
0BX9N,331,543,212,v023
0BX9N,0,235,235,v023
BRE3P,38,386,348,v016
BRE3P,57,220,163,v012
BRE3P,489,657,168,v015
BRE3P,0,163,163,v008
BRE3P,585,720,135,v004
BRE3P,103,218,115,v016
BRE3P,672,720,48,v023
BRE3P,672,720,48,v023
BRE3P,672,720,48,v016
BRE3P,672,720,48,v016
BRE3P,0,326,326,v008
BRE3P,540,720,180,v008
BRE3P,96,218,122,v016
BRE3P,367,508,141,v016
BRE3P,261,564,303,v002
OCSVQ,4,170,166,v028
OCSVQ,0,76,76,v029
OCSVQ,285,468,183,v015
OCSVQ,285,403,118,v023
OCSVQ,285,471,186,v008
SWYUO,50,156,106,v022
SWYUO,0,76,76,v018
SWYUO,0,62,62,v000
SWYUO,0,122,122,v018
WT405,146,400,254,v015
WT405,470,616,146,v001
WT405,0,153,153,v031
WT405,249,542,293,v016
WT405,340,559,219,v012
WT405,84,561,477,v023
WT405,84,561,477,v023
WT405,84,561,477,v008
WT405,84,561,477,v016
WT405,14,117,103,v031
ZJR24,415,676,261,v008
ZJR24,576,743,167,v016
ZJR24,0,743,743,v008
ZJR24,439,571,132,v029
ZJR24,223,743,520,v026
P3RRJ,0,735,735,v023
P3RRJ,0,735,735,v008
P3RRJ,43,735,692,v016
P3RRJ,484,628,144,v017
P3RRJ,0,735,735,v023
P3RRJ,484,669,185,v008
P3RRJ,484,679,195,v029
P3RRJ,0,735,735,v026
RGHT9,0,731,731,v023
RGHT9,0,731,731,v008
RGHT9,168,731,563,v009
RGHT9,0,731,731,v026
RGHT9,0,731,731,v016
RGHT9,0,731,731,v024
RGHT9,0,731,731,v008
RGHT9,0,731,731,v030
K34BE,355,402,47,v008
K34BE,9,402,393,v026
K34BE,0,402,402,v026
K34BE,26,146,120,v023
K34BE,62,402,340,v008
M3S4D,28,264,236,v016
M3S4D,208,420,212,v004
M3S4D,69,208,139,v017
M3S4D,216,619,403,v016
M3S4D,0,98,98,v008
ROL2T,139,285,146,v020
ROL2T,64,292,228,v003
ROL2T,288,730,442,v003
ROL2T,0,144,144,v022
ROL2T,189,350,161,v028
ROL2T,252,384,132,v016
ROL2T,64,204,140,v023
ME7II,247,884,637,v031
ME7II,21,189,168,v001
ME7II,0,117,117,v012
ME7II,129,268,139,v018
ME7II,129,252,123,v018
ME7II,0,148,148,v029
ME7II,0,237,237,v022
1JGLR,9,674,665,v008
1JGLR,33,674,641,v031
1JGLR,9,139,130,v023
SU5W2,2,581,579,v030
SU5W2,160,314,154,v004
SU5W2,532,581,49,v026
SU5W2,532,581,49,v031
SU5W2,532,581,49,v008
WRFZW,0,701,701,v018
WRFZW,0,701,701,v018
WRFZW,331,688,357,v005
WRFZW,470,655,185,v004
WRFZW,273,453,180,v008
WRFZW,127,701,574,v008
WRFZW,127,352,225,v008
WRFZW,0,170,170,v032
WRFZW,127,350,223,v015
WRFZW,127,352,225,v016
WRFZW,0,194,194,v032
WRFZW,376,588,212,v005
WRFZW,98,376,278,v016
WRFZW,516,701,185,v016
U1OYB,48,393,345,v032
U1OYB,76,607,531,v018
U1OYB,374,624,250,v008
U1OYB,525,657,132,v022
U1OYB,314,470,156,v023
U1OYB,0,146,146,v018
U1OYB,384,614,230,v025
VT624,331,744,413,v005
VT624,525,708,183,v020
VT624,0,211,211,v010
VT624,127,744,617,v018
VT624,0,110,110,v016
VT624,316,487,171,v008
VT624,148,744,596,v008
VT624,350,528,178,v004
VT624,4,309,305,v031
A96EQ,0,160,160,v012
A96EQ,328,800,472,v026
A96EQ,376,800,424,v026
A96EQ,12,180,168,v029
A96EQ,67,800,733,v008
SKI92,0,653,653,v002
SKI92,336,480,144,v016
SKI92,240,432,192,v012
SKI92,333,530,197,v008
SKI92,259,463,204,v023
SKI92,470,653,183,v020
MDXF4,146,292,146,v001
MDXF4,386,564,178,v004
MDXF4,444,631,187,v012
MDXF4,393,827,434,v008
MDXF4,480,631,151,v012
MDXF4,0,139,139,v016
MDXF4,158,295,137,v001
909RL,316,458,142,v004
909RL,364,489,125,v016
909RL,0,484,484,v008
909RL,396,693,297,v031
909RL,372,484,112,v016
C278V,182,355,173,v016
C278V,36,172,136,v029
C278V,187,345,158,v016
C278V,36,292,256,v008
C278V,33,734,701,v022
C278V,256,734,478,v026
C278V,213,734,521,v008
C278V,686,734,48,v018
C278V,686,734,48,v023
C278V,686,734,48,v025
C278V,686,734,48,v023
PXYN8,201,345,144,v025
PXYN8,0,220,220,v008
PXYN8,194,345,151,v025
PXYN8,43,278,235,v017
PXYN8,0,304,304,v016
PXYN8,0,304,304,v023
PXYN8,0,139,139,v026
PXYN8,0,724,724,v019
U0X4P,0,340,340,v031
U0X4P,628,739,111,v025
U0X4P,276,729,453,v028
U0X4P,712,768,56,v023
UEXO4,153,603,450,v021
UEXO4,0,603,603,v010
UEXO4,0,273,273,v000
UEXO4,196,544,348,v026
UEXO4,0,244,244,v021
UEXO4,184,295,111,v023
TTZVW,0,228,228,v012
TTZVW,528,652,124,v004
TTZVW,228,725,497,v008
TTZVW,273,725,452,v008
TTZVW,79,259,180,v001
TTZVW,223,725,502,v008
TTZVW,156,725,569,v031
TTZVW,391,554,163,v008
TTZVW,163,295,132,v001
TTZVW,273,405,132,v023
TTZVW,256,391,135,v008
TTZVW,336,576,240,v031
OMFOJ,364,506,142,v012
OMFOJ,429,592,163,v001
OMFOJ,0,448,448,v030
OMFOJ,472,604,132,v016
OMFOJ,0,463,463,v030
2ZINN,0,726,726,v008
2ZINN,0,726,726,v031
2ZINN,0,726,726,v018
2ZINN,0,726,726,v019
2ZINN,0,726,726,v019
BFVDN,0,741,741,v008
BFVDN,0,669,669,v031
FQDD1,422,823,401,v026
FQDD1,0,408,408,v028
FQDD1,496,804,308,v030
FQDD1,751,846,95,v001
FQDD1,50,391,341,v016
DVBVZ,484,741,257,v012
DVBVZ,67,223,156,v023
DVBVZ,340,496,156,v020
DVBVZ,0,108,108,v022
DVBVZ,48,285,237,v016
DVBVZ,0,741,741,v018
DVBVZ,48,288,240,v016
DVBVZ,0,741,741,v018
NODDU,520,714,194,v031
NODDU,0,376,376,v014
NODDU,285,714,429,v008
NODDU,501,714,213,v013
QKOP0,0,158,158,v012
QKOP0,288,453,165,v018
QKOP0,72,237,165,v029
QKOP0,0,168,168,v023
QKOP0,372,492,120,v023
QKOP0,302,468,166,v018
KPWKY,0,458,458,v004
KPWKY,24,141,117,v020
KPWKY,0,752,752,v008
KPWKY,0,752,752,v008
KPWKY,0,408,408,v014
UJOLG,0,470,470,v008
UJOLG,0,132,132,v005
UJOLG,208,345,137,v029
UJOLG,0,117,117,v005
UJOLG,367,482,115,v028
UJOLG,304,470,166,v016
UJOLG,297,480,183,v016
UJOLG,0,561,561,v023
UJOLG,0,259,259,v008
UJOLG,0,468,468,v008
UJOLG,0,468,468,v023
UJOLG,0,470,470,v016
UJOLG,0,468,468,v023
APZUZ,0,172,172,v016
APZUZ,100,348,248,v004
APZUZ,312,537,225,v016
APZUZ,0,146,146,v016
APZUZ,230,624,394,v028
APZUZ,9,146,137,v016
APZUZ,324,448,124,v008
APZUZ,0,730,730,v008
3LLXX,727,950,223,v004
3LLXX,0,225,225,v018
3LLXX,117,1005,888,v018
3LLXX,904,1107,203,v022
3LLXX,506,950,444,v005
3LLXX,189,708,519,v008
3LLXX,300,568,268,v008
3LLXX,300,568,268,v023
RG1XI,0,556,556,v000
RG1XI,0,547,547,v000
RG1XI,571,747,176,v022
RG1XI,0,223,223,v010
RG1XI,0,672,672,v010
RG1XI,0,624,624,v021
RG1XI,578,747,169,v018
GBPPR,0,725,725,v008
GBPPR,511,725,214,v004
GBPPR,0,725,725,v008
GBPPR,0,312,312,v005
GBPPR,0,725,725,v018
GBPPR,0,312,312,v005
GBPPR,472,725,253,v008
GBPPR,0,725,725,v031
GBPPR,292,664,372,v019
OIRJ0,0,242,242,v031
OIRJ0,388,528,140,v018
OIRJ0,384,523,139,v018
OIRJ0,422,645,223,v009
OIRJ0,398,948,550,v018
9IXS4,350,489,139,v027
9IXS4,0,568,568,v008
9IXS4,525,573,48,v008
UFNPU,168,609,441,v023
UFNPU,100,283,183,v001
UFNPU,45,175,130,v012
UFNPU,158,612,454,v008
UFNPU,460,580,120,v007
UFNPU,124,292,168,v023
UFNPU,158,564,406,v008
UFNPU,520,645,125,v029
5RY3S,206,376,170,v008
5RY3S,295,535,240,v006
5RY3S,187,650,463,v029
5RY3S,136,616,480,v007
G11YN,0,741,741,v010
CDT32,316,532,216,v025
CDT32,36,225,189,v031
CDT32,345,523,178,v025
CDT32,415,552,137,v019
CDT32,403,504,101,v016
QVQNK,288,408,120,v025
QVQNK,336,456,120,v023
QVQNK,336,624,288,v008
QVQNK,295,398,103,v016
QVQNK,117,348,231,v023
QVQNK,532,662,130,v016
QVQNK,247,417,170,v016
QVQNK,302,432,130,v025
QVQNK,98,420,322,v008
QVQNK,324,460,136,v023
Y6P1E,460,592,132,v016
Y6P1E,48,182,134,v012
001YG,216,393,177,v023
001YG,0,703,703,v018
001YG,600,736,136,v022
001YG,304,736,432,v008
001YG,0,736,736,v009
001YG,0,736,736,v018
GK08Z,309,537,228,v001
GK08Z,45,230,185,v012
GK08Z,0,364,364,v008
GK08Z,196,367,171,v016
GK08Z,45,230,185,v012
GK08Z,295,544,249,v001
GK08Z,36,254,218,v007
4021D,564,746,182,v001
4021D,0,590,590,v004
4021D,506,657,151,v022
UXET8,199,369,170,v012
UXET8,0,736,736,v008
UXET8,40,235,195,v016
UXET8,0,736,736,v012
UXET8,69,192,123,v025
UXET8,336,480,144,v016
UXET8,0,184,184,v008
V2DAA,0,709,709,v018
V2DAA,352,482,130,v008
V2DAA,182,321,139,v020
V2DAA,0,709,709,v005
V2DAA,0,93,93,v008
V2DAA,338,556,218,v016
QNUIU,398,726,328,v016
QNUIU,412,621,209,v008
QNUIU,412,549,137,v023
QNUIU,398,726,328,v025
QNUIU,384,530,146,v026
9GS13,172,492,320,v025
9GS13,516,1380,864,v030
9GS13,1624,1776,152,v022
9GS13,36,592,556,v008
9GS13,156,297,141,v012
9GS13,172,343,171,v023
9GS13,1300,1536,236,v018
9GS13,172,482,310,v016
9GS13,1274,1711,437,v008
9GS13,117,537,420,v030
9GS13,1588,1711,123,v016
9GS13,1274,1406,132,v023
G4KE3,0,556,556,v008
G4KE3,405,576,171,v016
G4KE3,403,597,194,v016
G4KE3,14,381,367,v023
G87XG,398,513,115,v022
G87XG,175,300,125,v018
G87XG,38,160,122,v017
G87XG,175,297,122,v018
G87XG,208,506,298,v018
G87XG,67,530,463,v008
G87XG,432,537,105,v016
TRHB9,50,218,168,v016
TRHB9,88,405,317,v023
TRHB9,50,199,149,v018
TRHB9,163,508,345,v016
TRHB9,0,170,170,v008
TRHB9,112,924,812,v003
TRHB9,40,160,120,v022
TRHB9,122,321,199,v008
XPZZL,0,561,561,v032
XPZZL,460,614,154,v022
XPZZL,0,564,564,v032
XPZZL,576,771,195,v026
XPZZL,0,544,544,v018
INA5N,316,576,260,v008
INA5N,79,350,271,v026
INA5N,189,302,113,v030
INA5N,43,501,458,v008
INA5N,292,744,452,v026
VTEWM,868,996,128,v022
VTEWM,448,650,202,v008
VTEWM,288,494,206,v016
VTEWM,24,163,139,v018
VTEWM,254,400,146,v023
VTEWM,28,328,300,v018
VTEWM,288,532,244,v023
VTEWM,295,609,314,v023
VTEWM,376,876,500,v008
VTEWM,818,952,134,v001
VTEWM,144,384,240,v023
VTEWM,508,957,449,v031
VTEWM,487,705,218,v012
4JSK6,86,955,869,v018
4JSK6,112,367,255,v018
4JSK6,708,928,220,v022
4JSK6,796,1029,233,v031
4JSK6,86,232,146,v028
4JSK6,81,732,651,v016
4JSK6,297,708,411,v012
4JSK6,302,600,298,v016
4JSK6,657,847,190,v003
4JSK6,297,681,384,v031
4JSK6,96,403,307,v026
K197X,0,698,698,v002
8AZRX,472,784,312,v008
8AZRX,468,624,156,v023
8AZRX,684,784,100,v027
8AZRX,367,525,158,v012
8AZRX,367,556,189,v025
8AZRX,7,607,600,v026
8AZRX,340,544,204,v016
8AZRX,715,784,69,v029
8AZRX,0,784,784,v026
0BNML,638,806,168,v023
0BNML,0,638,638,v018
0BNML,393,556,163,v001
0BNML,0,571,571,v008
0BNML,52,230,178,v012
0BNML,501,729,228,v022
0BNML,607,715,108,v025
0BNML,465,588,123,v016
0BNML,669,856,187,v008
0BNML,561,693,132,v023
0BNML,0,580,580,v031
DP7KP,465,753,288,v024
DP7KP,0,386,386,v032
DP7KP,292,412,120,v025
DP7KP,458,785,327,v019
DP7KP,290,417,127,v016
DP7KP,415,785,370,v008
DP7KP,0,408,408,v008
DP7KP,0,472,472,v018
DP7KP,388,499,111,v023
E4FN6,556,811,255,v008
E4FN6,698,811,113,v016
E4FN6,657,811,154,v026
E4FN6,240,576,336,v030
DMANO,470,679,209,v008
DMANO,0,333,333,v003
DMANO,0,340,340,v008
DMANO,314,607,293,v029
DMANO,321,803,482,v014
DMANO,0,184,184,v016
9QYHQ,98,280,182,v029
9QYHQ,268,735,467,v018
9QYHQ,216,735,519,v018
TXJK7,4,285,281,v006
TXJK7,163,374,211,v018
TXJK7,667,816,149,v022
TXJK7,180,816,636,v018
T342T,429,693,264,v004
T342T,100,278,178,v005
T342T,290,432,142,v016
T342T,636,748,112,v001
T342T,0,429,429,v008
T342T,0,463,463,v008
T342T,0,84,84,v023
TIPUS,57,268,211,v023
TIPUS,21,232,211,v031
TIPUS,182,324,142,v008
TIPUS,247,403,156,v031
TIPUS,0,67,67,v016
TIPUS,0,64,64,v008
TIPUS,0,74,74,v026
XSS0J,537,746,209,v012
XSS0J,220,376,156,v012
UQVO7,211,393,182,v008
UQVO7,64,400,336,v016
UQVO7,93,316,223,v016
UQVO7,93,242,149,v012
S4UF8,0,762,762,v008
S4UF8,86,261,175,v004
S4UF8,638,762,124,v012
S4UF8,451,638,187,v012
S4UF8,0,475,475,v008
S4UF8,619,762,143,v001
1YH1Y,12,199,187,v016
1YH1Y,0,91,91,v008
1YH1Y,50,218,168,v016
1YH1Y,0,139,139,v008
1YH1Y,0,144,144,v003
1YH1Y,172,468,296,v003
1YH1Y,96,206,110,v008
1YH1Y,84,184,100,v023
1YH1Y,0,79,79,v012
1YH1Y,0,496,496,v023
1YH1Y,55,211,156,v016
1YH1Y,151,261,110,v023
HQUHP,136,762,626,v008
HQUHP,232,400,168,v027
HQUHP,0,762,762,v018
HQUHP,0,237,237,v020
HQUHP,393,528,135,v031
HQUHP,307,432,125,v012
TANH9,0,778,778,v008
TANH9,369,508,139,v009
TANH9,0,778,778,v031
TANH9,297,542,245,v019
TANH9,0,778,778,v008
TANH9,0,778,778,v018
U77L6,50,133,83,v004
U77L6,0,133,133,v008
U77L6,0,133,133,v008
U77L6,19,133,114,v029
9GOUI,0,187,187,v008
9GOUI,84,228,144,v004
9GOUI,9,148,139,v005
9GOUI,7,156,149,v005
9GOUI,288,451,163,v017
9GOUI,242,384,142,v022
9GOUI,0,367,367,v008
9GOUI,0,367,367,v008
9GOUI,242,369,127,v016
EBTD6,60,228,168,v012
EBTD6,340,628,288,v005
EBTD6,470,619,149,v016
EBTD6,273,446,173,v023
EBTD6,60,225,165,v020
EBTD6,494,643,149,v016
EBTD6,312,600,288,v023
EBTD6,381,520,139,v005
EBTD6,516,643,127,v016
EBTD6,496,648,152,v023
EBTD6,520,765,245,v017
EBTD6,321,597,276,v008
EBTD6,340,458,118,v023
8V97G,376,511,135,v022
8V97G,429,624,195,v012
8V97G,0,470,470,v003
8V97G,516,640,124,v029
8V97G,537,640,103,v001
WSS0V,120,244,124,v008
WSS0V,134,244,110,v012
WSS0V,117,244,127,v023
WSS0V,117,244,127,v008
WSS0V,0,244,244,v018
WSS0V,0,244,244,v018
JJ7M6,621,728,107,v001
JJ7M6,458,638,180,v012
JJ7M6,0,391,391,v002
JJ7M6,484,728,244,v016
JJ7M6,480,728,248,v016
JJ7M6,386,513,127,v023
JJ7M6,410,612,202,v008
MI0UK,117,243,126,v016
MI0UK,115,243,128,v023
MI0UK,139,243,104,v025
MI0UK,117,240,123,v022
MI0UK,0,189,189,v026
D0Q6H,151,735,584,v018
D0Q6H,105,278,173,v023
D0Q6H,180,735,555,v003
D0Q6H,132,264,132,v018
D0Q6H,103,735,632,v018
L3Z0M,0,230,230,v030
L3Z0M,285,365,80,v027
L3Z0M,0,365,365,v019
L3Z0M,165,365,200,v023
L3Z0M,266,365,99,v016
1IPYC,84,218,134,v001
1IPYC,0,795,795,v008
1IPYC,0,192,192,v031
1IPYC,417,795,378,v029
1IPYC,0,795,795,v008
F3A3T,254,636,382,v005
F3A3T,254,636,382,v005
F3A3T,72,755,683,v018
F3A3T,0,93,93,v008
F3A3T,681,755,74,v022
F3A3T,175,319,144,v023
F3A3T,170,755,585,v008
F3A3T,177,755,578,v008
F3A3T,175,755,580,v023
F3A3T,691,755,64,v016
F3A3T,163,290,127,v023
F3A3T,9,755,746,v008
F3A3T,0,148,148,v022
F3A3T,0,146,146,v018
F3A3T,189,755,566,v023
DFJ3N,285,470,185,v016
DFJ3N,40,290,250,v004
DFJ3N,0,711,711,v002
DFJ3N,0,331,331,v008
DFJ3N,566,711,145,v023
DFJ3N,223,374,151,v016
KS0FF,0,573,573,v018
KS0FF,470,669,199,v022
KS0FF,0,607,607,v018
KS0FF,96,583,487,v032
KS0FF,585,744,159,v018
KS0FF,264,724,460,v008
5V8WH,0,755,755,v024
5V8WH,256,405,149,v012
5V8WH,16,158,142,v029
5V8WH,0,755,755,v008
5V8WH,52,352,300,v019
ROOLO,0,158,158,v018
ROOLO,134,304,170,v020
ROOLO,36,764,728,v018
DW4YF,50,194,144,v004
DW4YF,177,460,283,v016
DW4YF,372,671,299,v032
DW4YF,206,340,134,v023
DW4YF,0,671,671,v018
OJ4IE,0,733,733,v014
OJ4IE,0,465,465,v009
OJ4IE,374,645,271,v008
OJ4IE,0,733,733,v018
OJ4IE,405,609,204,v012
OJ4IE,508,645,137,v029
OJ4IE,0,733,733,v031
UANDB,336,624,288,v008
UANDB,364,624,260,v019
UANDB,338,633,295,v031
UANDB,376,633,257,v009
UANDB,494,633,139,v022
UANDB,333,451,118,v012
UANDB,2,304,302,v026
UANDB,355,484,129,v018
UANDB,60,278,218,v030
UANDB,506,633,127,v001
FIV2P,340,746,406,v031
FIV2P,348,465,117,v016
FIV2P,348,465,117,v016
FIV2P,0,470,470,v008
GLOMM,55,270,215,v003
GLOMM,0,96,96,v012
GLOMM,4,115,111,v001
GLOMM,28,270,242,v023
GLOMM,0,122,122,v012
GLOMM,26,270,244,v008
GLOMM,9,117,108,v001
119X3,160,292,132,v006
119X3,256,352,96,v013
119X3,268,376,108,v008
J3KT5,182,448,266,v030
J3KT5,196,448,252,v030
JO6GB,902,1021,119,v012
JO6GB,844,1021,177,v008
JO6GB,835,1021,186,v023
JO6GB,0,840,840,v003
JO6GB,396,849,453,v031
JO6GB,835,945,110,v023
JO6GB,14,192,178,v008
JO6GB,926,1021,95,v016
JO6GB,890,1021,131,v008
JO6GB,0,115,115,v023
JO6GB,938,1021,83,v016
X1XOL,453,645,192,v001
X1XOL,537,744,207,v022
X1XOL,16,600,584,v014
X1XOL,523,717,194,v008
X1XOL,2,588,586,v031
REOES,376,610,234,v008
REOES,0,610,610,v018
REOES,0,381,381,v012
REOES,285,415,130,v016
REOES,398,610,212,v013
REOES,0,610,610,v018
REOES,0,398,398,v031
REOES,278,427,149,v016
REOES,386,610,224,v014
REOES,0,369,369,v008
REOES,364,610,246,v019
REOES,369,511,142,v023
0S9KN,0,400,400,v008
0S9KN,304,403,99,v016
0S9KN,12,381,369,v021
0S9KN,304,403,99,v025
0S9KN,0,374,374,v018
0S9KN,0,81,81,v018
0S9KN,0,372,372,v018
IHVOF,0,811,811,v008
IHVOF,0,811,811,v010
IHVOF,0,811,811,v004
IHVOF,86,369,283,v008
2U903,0,312,312,v031
A75XI,652,763,111,v016
A75XI,321,763,442,v004
A75XI,0,763,763,v014
A75XI,230,396,166,v008
A75XI,237,422,185,v023
A75XI,0,763,763,v008
A75XI,0,763,763,v018
A75XI,669,763,94,v016
18IDK,350,686,336,v031
18IDK,0,686,686,v010
18IDK,357,686,329,v008
18IDK,0,686,686,v010
XY4C7,0,722,722,v031
XY4C7,0,722,722,v018
XY4C7,0,211,211,v012
XY4C7,0,722,722,v008
CFDXI,480,651,171,v008
CFDXI,398,619,221,v016
CFDXI,489,651,162,v023
CFDXI,278,460,182,v016
CFDXI,88,415,327,v005
CFDXI,343,650,307,v022
CFDXI,91,357,266,v016
CFDXI,36,448,412,v023
CFDXI,0,585,585,v018
CFDXI,43,446,403,v008
TGDWN,513,700,187,v001
TGDWN,194,573,379,v023
TGDWN,470,576,106,v016
0C5IQ,31,480,449,v022
0C5IQ,24,480,456,v008
0C5IQ,0,129,129,v023
0C5IQ,0,91,91,v029
0C5IQ,0,144,144,v016
0C5IQ,199,350,151,v016
VLZ40,7,266,259,v016
VLZ40,120,271,151,v022
VLZ40,0,223,223,v028
VLZ40,60,216,156,v025
VLZ40,0,218,218,v018
L8WFE,0,786,786,v005
L8WFE,0,786,786,v008
L8WFE,0,786,786,v008
L8WFE,0,139,139,v008
L8WFE,26,151,125,v025
Q9BRQ,0,384,384,v008
Q9BRQ,216,408,192,v022
Q9BRQ,225,381,156,v016
Q9BRQ,372,752,380,v003
Q9BRQ,0,321,321,v010
Q9BRQ,264,506,242,v008
AS7SG,451,633,182,v005
AS7SG,400,664,264,v008
AS7SG,530,729,199,v012
AS7SG,43,535,492,v029
AS7SG,64,576,512,v005
AS7SG,86,631,545,v005
AS7SG,0,660,660,v008
AS7SG,0,643,643,v008
AS7SG,432,573,141,v016
OAC4U,429,991,562,v003
OAC4U,187,300,113,v025
OAC4U,276,415,139,v023
OAC4U,429,849,420,v028
OAC4U,26,168,142,v029
OAC4U,172,304,132,v025
OAC4U,88,300,212,v016
OAC4U,0,295,295,v008
72VJD,0,199,199,v008
72VJD,0,755,755,v024
72VJD,103,755,652,v008
72VJD,0,755,755,v026
72VJD,98,230,132,v023
72VJD,355,508,153,v016
72VJD,612,741,129,v016
6RQHP,564,799,235,v018
6RQHP,74,285,211,v002
6RQHP,537,768,231,v018
6RQHP,321,506,185,v030
R390Z,592,738,146,v013
R390Z,460,738,278,v008
R390Z,336,458,122,v018
R390Z,482,657,175,v014
R390Z,252,391,139,v023
R390Z,0,738,738,v005
R390Z,0,738,738,v008
R390Z,681,738,57,v003
R390Z,280,391,111,v023
R390Z,199,309,110,v022
R390Z,494,738,244,v023
R390Z,0,331,331,v016
R390Z,0,738,738,v018
R390Z,0,738,738,v008
UJJ6Z,163,398,235,v012
UJJ6Z,175,812,637,v031
UJJ6Z,168,812,644,v008
UJJ6Z,168,288,120,v023
UJJ6Z,120,240,120,v016
UJJ6Z,0,252,252,v008
UJJ6Z,98,252,154,v016
RJU3H,0,735,735,v018
RJU3H,0,408,408,v008
RJU3H,0,735,735,v032
RJU3H,0,372,372,v004
RJU3H,0,735,735,v008
RJU3H,264,415,151,v016
RJU3H,0,735,735,v031
RJU3H,0,410,410,v016
RJU3H,0,735,735,v018
RJU3H,0,735,735,v008
DSXEN,343,537,194,v016
DSXEN,189,743,554,v008
DSXEN,458,743,285,v011
DSXEN,324,456,132,v018
DSXEN,482,743,261,v016
DSXEN,242,393,151,v029
DSXEN,302,743,441,v018
DSXEN,0,252,252,v023
DSXEN,204,489,285,v016
YKVYR,120,516,396,v008
YKVYR,218,362,144,v023
DQ1TU,252,766,514,v021
DQ1TU,2,496,494,v023
DQ1TU,9,766,757,v031
DQ1TU,163,362,199,v018
DQ1TU,297,561,264,v010
DQ1TU,288,408,120,v008
DQ1TU,242,374,132,v023
DQ1TU,100,216,116,v016
DQ1TU,108,223,115,v001
DQ1TU,139,259,120,v023
DQ1TU,16,766,750,v008
DQ1TU,408,626,218,v012
DQ1TU,216,427,211,v018
4G00A,528,672,144,v026
4G00A,0,612,612,v008
4G00A,45,607,562,v004
4G00A,583,789,206,v008
4G00A,0,789,789,v018
4G00A,0,616,616,v016
4G00A,0,768,768,v015
4G00A,453,612,159,v016
4G00A,583,746,163,v023
4G00A,0,141,141,v015
TMH6L,0,750,750,v008
TMH6L,436,750,314,v022
TMH6L,0,750,750,v008
TMH6L,0,624,624,v031
KTDXB,28,571,543,v008
KTDXB,62,631,569,v016
KTDXB,381,626,245,v001
KTDXB,64,477,413,v012
KTDXB,43,670,627,v008
KTDXB,292,463,171,v007
KTDXB,376,597,221,v029
PLH9O,0,158,158,v008
PLH9O,0,158,158,v031
JK4G2,0,170,170,v019
JK4G2,38,177,139,v031
JK4G2,24,208,184,v008
JK4G2,24,237,213,v009
75GKF,0,484,484,v002
75GKF,364,501,137,v016
75GKF,456,931,475,v026
RYQI0,223,588,365,v008
RYQI0,444,573,129,v025
RYQI0,0,556,556,v008
RYQI0,122,583,461,v018
RYQI0,0,547,547,v031
R6H5P,84,218,134,v008
R6H5P,0,146,146,v029
R6H5P,168,321,153,v019
R6H5P,64,290,226,v001
R6H5P,0,237,237,v008
R6H5P,0,348,348,v008
R6H5P,96,240,144,v025
ATWCT,429,705,276,v012
ATWCT,0,393,393,v003
ATWCT,316,444,128,v022
ATWCT,0,427,427,v003
ATWCT,446,681,235,v007
ATWCT,657,705,48,v029
ATWCT,602,705,103,v007
5TG5P,0,752,752,v008
5TG5P,7,240,233,v019
5TG5P,0,752,752,v008
5TG5P,0,752,752,v008
5TG5P,26,703,677,v009
05WY6,0,709,709,v018
05WY6,381,681,300,v020
05WY6,79,482,403,v028
05WY6,662,709,47,v016
05WY6,662,709,47,v008
05WY6,662,709,47,v023
XVHGO,52,949,897,v008
XVHGO,252,949,697,v018
XVHGO,256,949,693,v031
XVHGO,806,949,143,v022
XVHGO,208,364,156,v018
XVHGO,292,849,557,v013
XVHGO,160,844,684,v014
XVHGO,816,936,120,v016
XVHGO,98,256,158,v023
G752J,422,544,122,v027
G752J,468,616,148,v027
G752J,194,468,274,v018
G752J,0,141,141,v029
G752J,381,552,171,v019
ETQYM,0,470,470,v021
ETQYM,619,960,341,v008
ETQYM,614,907,293,v031
ETQYM,364,585,221,v020
ETQYM,0,484,484,v010
ETQYM,398,864,466,v018
ETQYM,0,484,484,v000
ETQYM,796,960,164,v022
ETQYM,782,960,178,v008
UNXLF,432,802,370,v008
UNXLF,698,802,104,v026
UNXLF,40,300,260,v003
UNXLF,91,300,209,v016
UNXLF,424,537,113,v023
UNXLF,24,144,120,v023
AGJH7,494,674,180,v023
AGJH7,352,590,238,v008
AGJH7,261,420,159,v016
AGJH7,616,792,176,v023
AGJH7,676,792,116,v029
AGJH7,568,772,204,v001
AGJH7,12,201,189,v012
F1MWB,112,386,274,v016
F1MWB,254,727,473,v001
F1MWB,338,576,238,v020
F1MWB,813,888,75,v027
VG94P,0,302,302,v004
VG94P,0,772,772,v008
VG94P,0,772,772,v018
VG94P,432,772,340,v009
VG94P,295,772,477,v019
5X6S7,62,724,662,v008
5X6S7,177,732,555,v014
5X6S7,0,791,791,v031
5X6S7,0,343,343,v019
5X6S7,0,791,791,v018
5X6S7,0,791,791,v014
5X6S7,38,189,151,v009
5X6S7,0,791,791,v018
5X6S7,122,791,669,v023
5X6S7,0,791,791,v032
UBT4U,0,750,750,v026
UBT4U,0,750,750,v018
UBT4U,0,750,750,v018
KQKNE,499,628,129,v023
KQKNE,0,139,139,v028
KQKNE,112,391,279,v003
GY70Y,230,552,322,v004
GY70Y,0,775,775,v018
GY70Y,0,775,775,v031
GY70Y,0,775,775,v018
GY70Y,0,775,775,v008
ZGHLY,242,734,492,v010
ZGHLY,0,552,552,v031
ZGHLY,105,734,629,v009
ZGHLY,0,136,136,v012
ZGHLY,549,734,185,v001
ZGHLY,105,734,629,v019
9NRLA,326,576,250,v008
9NRLA,0,74,74,v016
9NRLA,326,472,146,v005
9NRLA,513,616,103,v016
9NRLA,0,400,400,v030
9NRLA,501,643,142,v026
9NRLA,532,648,116,v029
CM5SK,26,170,144,v001
CM5SK,276,408,132,v012
CM5SK,14,134,120,v020
CM5SK,211,564,353,v018
CM5SK,182,316,134,v018
CM5SK,0,122,122,v012
CM5SK,204,350,146,v023
CM5SK,225,420,195,v031
CM5SK,213,549,336,v008
CM5SK,506,564,58,v031
FYR3P,228,427,199,v023
FYR3P,331,463,132,v031
FYR3P,0,240,240,v028
FYR3P,314,463,149,v008
FYR3P,144,266,122,v016
FYR3P,271,446,175,v023
RCD08,580,724,144,v025
RCD08,31,208,177,v019
RCD08,31,312,281,v019
RCD08,160,304,144,v023
RCD08,595,722,127,v016
RCD08,172,708,536,v008
YCST7,0,96,96,v012
YCST7,16,106,90,v023
YCST7,36,106,70,v001
B57IW,456,723,267,v008
B57IW,100,338,238,v012
B57IW,0,170,170,v027
B57IW,302,723,421,v008
B57IW,266,410,144,v023
B57IW,328,717,389,v014
B57IW,451,595,144,v023
QD4GS,0,484,484,v004
QD4GS,0,496,496,v008
QD4GS,355,747,392,v008
QD4GS,393,747,354,v030
QD4GS,396,523,127,v023
QD4GS,336,477,141,v016
HU409,554,718,164,v016
HU409,374,540,166,v023
HU409,0,482,482,v008
HU409,0,470,470,v026
HU409,559,684,125,v030
HU409,640,718,78,v025
HU409,0,468,468,v026
ZC8L5,696,744,48,v018
ZC8L5,696,744,48,v031
ZC8L5,412,580,168,v025
ZC8L5,530,676,146,v022
ZC8L5,0,480,480,v031
ZC8L5,424,552,128,v025
ZC8L5,405,554,149,v025
MH601,67,184,117,v016
MH601,0,170,170,v008
MH601,67,189,122,v016
MH601,0,151,151,v009
MH601,0,271,271,v019
MH601,48,192,144,v025
MH601,0,151,151,v029
DVTAR,261,415,154,v005
DVTAR,0,98,98,v018
DVTAR,261,415,154,v005
S7RXC,93,295,202,v027
S7RXC,268,730,462,v012
S7RXC,120,321,201,v025
S7RXC,448,730,282,v008
S7RXC,196,730,534,v008
S7RXC,216,391,175,v012
S7RXC,0,288,288,v008
S7RXC,0,117,117,v029
S7RXC,405,523,118,v012
58R8A,280,427,147,v008
58R8A,276,429,153,v027
58R8A,278,439,161,v029
58R8A,280,417,137,v022
58R8A,223,412,189,v023
58R8A,74,384,310,v003
58R8A,2,170,168,v018
58R8A,232,374,142,v026
CNSMI,422,679,257,v008
CNSMI,468,698,230,v016
CNSMI,463,724,261,v030
CNSMI,717,950,233,v025
CNSMI,739,904,165,v028
CNSMI,614,835,221,v008
CNSMI,712,864,152,v025
70SEI,362,840,478,v030
70SEI,242,405,163,v022
70SEI,379,816,437,v016
70SEI,0,355,355,v018
70SEI,364,664,300,v008
70SEI,530,650,120,v016
9SIZS,295,713,418,v026
9SIZS,247,408,161,v008
9SIZS,247,408,161,v016
9SIZS,247,408,161,v026
9SIZS,247,408,161,v025
9SIZS,333,713,380,v016
EUOT1,55,878,823,v008
EUOT1,12,117,105,v027
EUOT1,0,112,112,v029
IM3I0,0,755,755,v021
IM3I0,12,362,350,v008
IM3I0,355,542,187,v018
IM3I0,424,755,331,v018
IM3I0,0,108,108,v008
IM3I0,477,645,168,v005
LR6RZ,177,715,538,v002
LR6RZ,67,273,206,v017
LR6RZ,103,244,141,v029
7SUTI,0,756,756,v018
7SUTI,220,621,401,v012
7SUTI,0,756,756,v008
7SUTI,0,756,756,v018
7SUTI,453,708,255,v031
7SUTI,0,756,756,v014
UFQK1,520,648,128,v001
UFQK1,115,268,153,v008
UFQK1,501,619,118,v012
UFQK1,422,645,223,v016
UFQK1,182,508,326,v030
UFQK1,0,204,204,v002
UFQK1,117,288,171,v023
UFQK1,501,648,147,v007
UFQK1,580,648,68,v001
UFQK1,494,612,118,v012
UFQK1,513,648,135,v016
UB1QP,0,60,60,v008
UB1QP,0,532,532,v024
UB1QP,552,746,194,v019
UB1QP,446,698,252,v016
UB1QP,451,626,175,v008
UB1QP,465,602,137,v029
UB1QP,204,460,256,v009
UB1QP,482,751,269,v003
12VVC,242,487,245,v008
12VVC,403,487,84,v016
12VVC,230,357,127,v023
12VVC,0,400,400,v022
W1AG7,223,889,666,v018
W1AG7,240,398,158,v003
W1AG7,0,871,871,v009
W1AG7,228,372,144,v018
W1AG7,201,889,688,v018
LOH86,220,386,166,v001
LOH86,0,271,271,v008
LOH86,136,285,149,v016
LOH86,163,696,533,v008
LOH86,0,302,302,v016
LOH86,199,696,497,v026
LOH86,0,259,259,v014
LOH86,0,110,110,v029
LOH86,297,427,130,v016
LOH86,338,535,197,v016
EQQ2T,64,199,135,v016
EQQ2T,153,288,135,v025
EQQ2T,638,773,135,v019
EQQ2T,2,148,146,v023
EQQ2T,28,465,437,v008
EQQ2T,40,773,733,v030
EQQ2T,26,674,648,v026
EQQ2T,391,523,132,v016
8W31Y,55,180,125,v005
8W31Y,0,735,735,v010
8W31Y,50,158,108,v008
8W31Y,0,735,735,v021
8W31Y,12,172,160,v023
ZI2XH,0,604,604,v016
ZI2XH,0,600,600,v026
ZI2XH,0,592,592,v008
ZI2XH,290,422,132,v016
ZI2XH,340,506,166,v016
ZI2XH,0,345,345,v026
GD9BQ,0,742,742,v008
GD9BQ,448,688,240,v008
GD9BQ,448,688,240,v017
GD9BQ,559,688,129,v029
GD9BQ,0,571,571,v014
JMXK5,100,336,236,v031
JMXK5,84,578,494,v008
JMXK5,400,580,180,v004
JMXK5,0,84,84,v022
JMXK5,316,484,168,v019
JMXK5,134,328,194,v023
JMXK5,278,638,360,v008
Z3AGB,268,592,324,v016
Z3AGB,33,182,149,v007
Z3AGB,657,794,137,v027
Z3AGB,172,564,392,v008
Z3AGB,520,703,183,v020
Z3AGB,242,559,317,v026
Z3AGB,16,213,197,v012
Z3AGB,103,252,149,v027
Z3AGB,184,612,428,v016
Z3AGB,247,867,620,v026
Z3AGB,43,204,161,v012
Z3AGB,252,403,151,v029
Z3AGB,199,403,204,v023
Z3AGB,199,403,204,v026
G8E71,259,926,667,v006
G8E71,108,288,180,v023
G8E71,0,180,180,v028
G8E71,36,189,153,v025
G8E71,103,237,134,v028
G8E71,151,326,175,v008
G8E71,45,184,139,v016
G8E71,112,288,176,v025
G8E71,362,945,583,v007
G8E71,888,945,57,v029
Y3YE1,52,770,718,v008
Y3YE1,141,393,252,v016
Y3YE1,132,290,158,v025
Y3YE1,48,208,160,v019
Y3YE1,405,717,312,v031
Y3YE1,98,448,350,v026
JKZG5,33,194,161,v004
JKZG5,12,194,182,v005
JKZG5,105,194,89,v016
JKZG5,0,194,194,v008
FVSB0,0,120,120,v012
FVSB0,244,820,576,v008
FVSB0,216,424,208,v019
FVSB0,300,511,211,v016
FVSB0,273,482,209,v026
FVSB0,0,153,153,v007
AQIV7,0,904,904,v008
AQIV7,0,904,904,v008
AQIV7,0,304,304,v031
AQIV7,100,237,137,v020
GP49W,0,850,850,v021
GP49W,0,850,850,v010
GP49W,0,850,850,v008
GP49W,0,324,324,v019
GP49W,751,850,99,v022
GP49W,0,842,842,v031
GP49W,0,850,850,v008
RHU79,220,735,515,v031
RHU79,0,735,735,v018
RHU79,84,735,651,v026
R1DCJ,297,399,102,v004
R1DCJ,249,376,127,v025
R1DCJ,19,244,225,v023
R1DCJ,19,399,380,v008
QLOW7,0,755,755,v008
QLOW7,0,105,105,v031
QLOW7,0,755,755,v002
QLOW7,0,755,755,v008
WJEVU,86,338,252,v016
WJEVU,638,1166,528,v032
WJEVU,1200,1417,217,v022
WJEVU,184,734,550,v004
WJEVU,1065,1224,159,v027
WJEVU,652,868,216,v023
WJEVU,2,211,209,v018
WJEVU,369,552,183,v004
WJEVU,108,1329,1221,v018
WJEVU,1320,1416,96,v016
WJEVU,43,218,175,v008
WJEVU,1156,1252,96,v023
WJEVU,1164,1416,252,v008
WJEVU,100,254,154,v016
WJEVU,177,331,154,v023
WJEVU,1291,1416,125,v025
WJEVU,1149,1372,223,v021
WJEVU,964,1104,140,v025
E0MK4,249,415,166,v012
E0MK4,21,240,219,v005
E0MK4,196,345,149,v016
E0MK4,16,225,209,v005
E0MK4,0,415,415,v008
E0MK4,0,415,415,v018
E0MK4,127,331,204,v023
E0MK4,122,242,120,v016
E0MK4,0,127,127,v023
E0MK4,0,415,415,v018
E0MK4,120,280,160,v016
1ZEJJ,232,451,219,v019
1ZEJJ,189,453,264,v031
1ZEJJ,40,511,471,v008
1ZEJJ,62,278,216,v020
1ZEJJ,208,453,245,v009
1ZEJJ,379,515,136,v019
1ZEJJ,249,446,197,v009
92FFB,0,237,237,v008
92FFB,62,314,252,v016
92FFB,144,405,261,v001
92FFB,48,259,211,v012
92FFB,175,393,218,v001
92FFB,153,300,147,v016
PE41X,0,177,177,v008
PE41X,372,520,148,v022
PE41X,674,722,48,v026
PE41X,674,722,48,v018
PE41X,674,722,48,v026
XEASG,628,783,155,v008
XEASG,496,626,130,v004
XEASG,108,561,453,v003
XEASG,698,783,85,v008
XEASG,26,576,550,v008
XEASG,628,783,155,v023
XEASG,633,783,150,v029
XEASG,0,134,134,v016
DKV1Z,0,765,765,v026
DKV1Z,117,758,641,v031
DKV1Z,0,765,765,v005
DKV1Z,0,765,765,v018
DKV1Z,0,765,765,v008
DKV1Z,0,765,765,v026
FKZQN,230,415,185,v026
FKZQN,0,733,733,v019
FKZQN,278,590,312,v003
FKZQN,0,733,733,v022
FKZQN,223,345,122,v023
FKZQN,388,674,286,v016
FKZQN,211,362,151,v016
FKZQN,0,733,733,v018
FKZQN,237,477,240,v008
WOOYQ,134,280,146,v029
WOOYQ,345,540,195,v016
WOOYQ,0,93,93,v022
WOOYQ,31,151,120,v008
WOOYQ,112,398,286,v008
WOOYQ,96,230,134,v012
WOOYQ,31,151,120,v008
WOOYQ,112,398,286,v008
WOOYQ,412,763,351,v008
WOOYQ,112,285,173,v007
WOOYQ,40,249,209,v023
WOOYQ,396,571,175,v023
WOOYQ,43,256,213,v023
JV524,0,115,115,v008
JV524,21,136,115,v016
JV524,91,204,113,v020
JV524,52,177,125,v012
JV524,57,184,127,v001
WIPMO,921,1009,88,v001
WIPMO,0,1009,1009,v031
WIPMO,0,1009,1009,v019
WIPMO,0,1009,1009,v031
JJON5,0,668,668,v008
JJON5,182,668,486,v016
JJON5,0,668,668,v016
JJON5,160,352,192,v012
JJON5,72,199,127,v029
8QCBP,412,742,330,v016
8QCBP,0,360,360,v010
8QCBP,340,501,161,v012
8QCBP,201,355,154,v000
8QCBP,381,556,175,v023
8QCBP,460,638,178,v023
8QCBP,283,429,146,v023
8QCBP,326,482,156,v008
9VW14,0,763,763,v005
9VW14,170,583,413,v020
9VW14,0,763,763,v018
9VW14,0,763,763,v008
9VW14,0,763,763,v018
8BMZQ,0,576,576,v008
8BMZQ,508,671,163,v008
8BMZQ,0,552,552,v026
8BMZQ,549,671,122,v023
8BMZQ,0,547,547,v026
MVPQF,45,249,204,v016
MVPQF,261,388,127,v020
MVPQF,2,117,115,v012
MVPQF,40,256,216,v016
MVPQF,343,776,433,v005
MVPQF,343,776,433,v005
MVPQF,21,285,264,v016
MVPQF,367,776,409,v008
MVPQF,348,470,122,v023
MVPQF,324,444,120,v023
MVPQF,355,772,417,v008
2DDGF,0,127,127,v004
2DDGF,436,645,209,v023
2DDGF,0,621,621,v008
2DDGF,436,621,185,v016
2DDGF,290,525,235,v012
2DDGF,290,525,235,v012
2DDGF,739,836,97,v008
2DDGF,729,836,107,v023
2DDGF,583,780,197,v026
2DDGF,734,836,102,v016
2DDGF,0,836,836,v008
2DDGF,300,836,536,v026
0VKEE,264,678,414,v008
0VKEE,0,187,187,v012
0VKEE,273,662,389,v020
0VKEE,559,678,119,v008
0VKEE,0,678,678,v018
0VKEE,0,316,316,v008
0VKEE,132,352,220,v016
0VKEE,105,271,166,v023
TC3BF,160,547,387,v005
TC3BF,26,184,158,v018
TC3BF,441,566,125,v016
TC3BF,218,372,154,v009
TC3BF,468,590,122,v022
TC3BF,0,129,129,v018
TC3BF,84,544,460,v031
TC3BF,170,559,389,v008
TC3BF,148,264,116,v023
98GQH,132,549,417,v031
98GQH,0,194,194,v008
98GQH,0,177,177,v031
98GQH,0,175,175,v008
O8VYU,31,196,165,v008
O8VYU,14,196,182,v023
O8VYU,168,652,484,v016
O8VYU,14,192,178,v029
O8VYU,660,806,146,v027
O8VYU,21,206,185,v026
O8VYU,225,436,211,v026
UDDTR,105,252,147,v004
UDDTR,189,316,127,v016
UDDTR,900,1226,326,v003
UDDTR,21,316,295,v008
UDDTR,792,933,141,v008
UDDTR,324,880,556,v003
UDDTR,804,938,134,v016
UDDTR,1144,1264,120,v027
UDDTR,16,316,300,v023
UDDTR,156,316,160,v016
UDDTR,0,156,156,v029
CTOQR,607,708,101,v007
CTOQR,355,552,197,v019
CTOQR,369,523,154,v019
CTOQR,451,592,141,v012
CTOQR,0,429,429,v030
CTOQR,511,619,108,v027
CTOQR,93,201,108,v031
CTOQR,489,667,178,v029
HKSI2,43,576,533,v026
HKSI2,76,259,183,v025
HKSI2,192,638,446,v030
HKSI2,115,268,153,v016
NOJK1,588,696,108,v008
NOJK1,607,776,169,v014
NOJK1,280,463,183,v018
NOJK1,108,393,285,v000
NOJK1,568,696,128,v023
RWPS8,492,668,176,v008
RWPS8,492,668,176,v009
RWPS8,0,556,556,v008
RWPS8,492,668,176,v009
RWPS8,424,583,159,v019
RWPS8,427,583,156,v016
RWPS8,0,580,580,v026
RWPS8,520,668,148,v031
RWPS8,0,580,580,v030
RWPS8,520,668,148,v023
Q8TB3,24,237,213,v008
Q8TB3,67,204,137,v018
Q8TB3,24,237,213,v031
Q8TB3,216,362,146,v020
Q8TB3,132,242,110,v016
Q8TB3,86,379,293,v018
MFWQ7,26,703,677,v018
MFWQ7,0,703,703,v014
MFWQ7,0,132,132,v018
MFWQ7,655,703,48,v029
MFWQ7,655,703,48,v008
PEKGD,0,133,133,v025
PEKGD,0,133,133,v008
PEKGD,14,133,119,v025
00MFE,0,223,223,v004
00MFE,0,223,223,v008
00MFE,367,480,113,v008
00MFE,352,494,142,v023
00MFE,136,448,312,v006
13IOT,0,199,199,v009
13IOT,0,208,208,v009
13IOT,0,211,211,v031
IQM7A,448,660,212,v023
IQM7A,0,278,278,v030
IQM7A,585,742,157,v001
IQM7A,612,734,122,v029
IQM7A,568,715,147,v012
IQM7A,352,549,197,v023
ZYYKH,86,232,146,v014
ZYYKH,0,163,163,v022
ZYYKH,76,232,156,v008
QZY6E,28,540,512,v021
QZY6E,441,573,132,v025
Y8M9P,0,747,747,v008
Y8M9P,0,747,747,v024
Y8M9P,0,747,747,v018
Y8M9P,168,350,182,v009
RV11J,0,938,938,v008
RV11J,794,968,174,v016
RV11J,794,968,174,v016
RV11J,775,968,193,v008
RV11J,760,890,130,v023
RV11J,0,837,837,v014
U45LK,703,838,135,v001
U45LK,568,765,197,v008
U45LK,580,722,142,v012
U45LK,0,148,148,v023
U45LK,40,211,171,v016
U45LK,0,597,597,v026
U45LK,0,782,782,v026
U45LK,664,838,174,v001
40NIM,134,448,314,v023
40NIM,240,458,218,v009
40NIM,312,463,151,v019
40NIM,158,427,269,v008
DSWWV,0,60,60,v019
DSWWV,0,100,100,v008
DSWWV,0,96,96,v001
DSWWV,0,69,69,v008
DSWWV,0,84,84,v013
DSWWV,0,139,139,v031
DSWWV,165,352,187,v008
DSWWV,360,513,153,v012
DSWWV,12,117,105,v019
DSWWV,326,458,132,v016
DSWWV,72,187,115,v023
SNUVF,784,890,106,v005
SNUVF,0,177,177,v027
SNUVF,160,324,164,v018
SNUVF,765,888,123,v008
SNUVF,393,890,497,v008
SNUVF,792,890,98,v005
SNUVF,268,856,588,v008
SNUVF,624,746,122,v016
CU9RE,0,679,679,v021
CU9RE,597,727,130,v004
CU9RE,0,727,727,v010
DH66I,84,237,153,v016
DH66I,398,770,372,v005
DH66I,722,770,48,v008
DH66I,722,770,48,v012
DH66I,722,770,48,v023
DH66I,722,770,48,v008
DH66I,225,770,545,v023
DH66I,24,220,196,v008
DH66I,232,448,216,v023
QEXP4,0,314,314,v018
QEXP4,50,230,180,v030
QEXP4,175,465,290,v008
QEXP4,408,585,177,v030
QEXP4,283,571,288,v022
QEXP4,0,261,261,v026
WRXI4,0,472,472,v031
WRXI4,648,752,104,v016
WRXI4,79,616,537,v009
WRXI4,535,752,217,v023
WRXI4,556,752,196,v026
WRXI4,535,752,217,v008
WRXI4,69,578,509,v019
OD1A5,2,283,281,v030
OD1A5,676,784,108,v027
OD1A5,408,566,158,v013
OD1A5,698,828,130,v007
OD1A5,727,828,101,v029
OD1A5,693,818,125,v012
OD1A5,744,828,84,v001
OD1A5,295,705,410,v008
OD1A5,607,710,103,v031
KEY1O,0,826,826,v008
KEY1O,21,826,805,v019
KEY1O,0,826,826,v008
KEY1O,0,100,100,v023
3A4PE,0,648,648,v026
3A4PE,0,542,542,v008
3A4PE,177,405,228,v020
VMI2D,24,273,249,v016
VMI2D,367,849,482,v003
VMI2D,0,242,242,v008
VMI2D,237,811,574,v016
BE43L,376,592,216,v016
BE43L,436,757,321,v018
BE43L,465,757,292,v018
BE43L,134,463,329,v023
BE43L,129,463,334,v012
BE43L,129,472,343,v023
BE43L,0,112,112,v012
BE43L,456,757,301,v018
BE43L,0,489,489,v012
BE43L,19,547,528,v016
BE43L,367,501,134,v001
BE43L,16,482,466,v023
BE43L,38,566,528,v008
BE43L,268,453,185,v016
BE43L,352,494,142,v001
BE43L,24,441,417,v008
BE43L,285,448,163,v016
BE43L,62,559,497,v008
BE43L,0,86,86,v007
B9XZX,264,400,136,v012
B9XZX,0,98,98,v002
B9XZX,69,208,139,v012
B9XZX,422,624,202,v004
B9XZX,206,355,149,v002
B9XZX,84,290,206,v008
B9XZX,84,290,206,v023
B9XZX,84,244,160,v001
B9XZX,0,120,120,v008
B9XZX,273,432,159,v001
YSBN0,0,273,273,v002
YSBN0,0,213,213,v016
YSBN0,0,144,144,v023
0TXYV,0,213,213,v016
0TXYV,105,362,257,v008
0TXYV,232,391,159,v004
0TXYV,379,585,206,v004
0TXYV,148,338,190,v023
0TXYV,48,606,558,v008
0TXYV,48,606,558,v014
0TXYV,345,460,115,v016
0TXYV,518,606,88,v007
G4VTC,122,264,142,v004
G4VTC,105,729,624,v008
G4VTC,360,729,369,v026
G4VTC,100,729,629,v018
G4VTC,112,729,617,v008
G4VTC,0,204,204,v008
G4VTC,621,729,108,v008
1M89F,201,400,199,v004
1M89F,9,278,269,v015
1M89F,134,261,127,v016
NTYC3,530,758,228,v012
NTYC3,662,881,219,v031
NTYC3,72,590,518,v005
NTYC3,748,881,133,v009
NTYC3,0,168,168,v016
NTYC3,604,881,277,v014
NTYC3,0,585,585,v008
2N5VN,0,709,709,v008
2N5VN,338,709,371,v004
2N5VN,0,381,381,v005
2N5VN,254,427,173,v016
2N5VN,0,709,709,v026
2N5VN,33,321,288,v016
2N5VN,0,364,364,v008
2N5VN,352,506,154,v008
2N5VN,0,302,302,v008
2N5VN,55,372,317,v008
2N5VN,271,477,206,v016
2N5VN,0,396,396,v005
CS01T,0,835,835,v008
CS01T,127,832,705,v014
CS01T,544,835,291,v018
I6IPP,506,696,190,v004
I6IPP,0,697,697,v008
I6IPP,0,697,697,v019
I6IPP,0,697,697,v009
I6IPP,0,697,697,v018
I6IPP,0,470,470,v014
I6IPP,0,697,697,v018
Q77UW,0,626,626,v032
Q77UW,525,703,178,v023
Q77UW,0,734,734,v018
Q77UW,0,724,724,v018
Q77UW,0,741,741,v032
Q77UW,542,751,209,v022
6LBDM,672,1161,489,v030
6LBDM,201,595,394,v004
6LBDM,7,240,233,v029
6LBDM,144,465,321,v018
6LBDM,151,384,233,v018
6LBDM,362,607,245,v022
6LBDM,0,388,388,v008
6LBDM,448,825,377,v031
6JB5R,787,3408,2621,v005
6JB5R,768,3504,2736,v005
6JB5R,3252,3621,369,v018
6JB5R,2846,3427,581,v016
6JB5R,496,746,250,v018
6JB5R,2476,3194,718,v020
6JB5R,3350,3640,290,v022
6JB5R,496,746,250,v018
6JB5R,729,3388,2659,v008
FJIMX,14,268,254,v019
FJIMX,14,168,154,v018
FJIMX,477,724,247,v026
FJIMX,676,724,48,v023
FJIMX,676,724,48,v016
FJIMX,676,724,48,v018
FJIMX,451,724,273,v026
FJIMX,117,352,235,v009
FJIMX,441,724,283,v026
0ET8W,177,324,147,v029
0ET8W,158,331,173,v017
0ET8W,516,739,223,v020
0ET8W,0,739,739,v012
8NDRG,0,225,225,v008
8NDRG,326,547,221,v016
8NDRG,249,372,123,v023
8NDRG,285,436,151,v008
8NDRG,578,732,154,v008
8NDRG,547,664,117,v016
8NDRG,271,391,120,v023
8NDRG,271,735,464,v026
8NDRG,0,192,192,v010
6GY1M,240,768,528,v018
6GY1M,276,768,492,v014
6GY1M,206,374,168,v018
6GY1M,48,220,172,v019
X62WQ,309,460,151,v008
X62WQ,105,285,180,v022
X62WQ,74,478,404,v018
X62WQ,84,364,280,v014
X62WQ,144,408,264,v032
X62WQ,144,312,168,v012
X62WQ,0,478,478,v008
X62WQ,0,441,441,v032
X62WQ,0,160,160,v013
X62WQ,141,376,235,v031
X62WQ,0,427,427,v018
V2MHO,0,345,345,v031
V2MHO,0,727,727,v018
V2MHO,211,427,216,v025
V2MHO,196,388,192,v008
V2MHO,264,403,139,v025
V2MHO,196,345,149,v023
V2MHO,196,386,190,v008
V2MHO,199,336,137,v023
SODJP,0,674,674,v009
SODJP,0,674,674,v018
SODJP,0,674,674,v009
SODJP,0,674,674,v031
64SL1,384,597,213,v008
64SL1,384,604,220,v023
64SL1,182,612,430,v008
64SL1,156,297,141,v023
64SL1,213,328,115,v009
64SL1,110,254,144,v022
64SL1,148,448,300,v026
64SL1,220,566,346,v019
8XFAV,338,729,391,v004
8XFAV,168,326,158,v015
8XFAV,0,151,151,v012
8XFAV,50,194,144,v016
8XFAV,48,187,139,v016
8XFAV,31,182,151,v008
8XFAV,69,427,358,v008
8XFAV,31,182,151,v023
8XFAV,69,427,358,v023
8XFAV,0,139,139,v012
LBG7L,400,734,334,v008
LBG7L,127,357,230,v008
LBG7L,564,734,170,v014
LBG7L,451,734,283,v018
LBG7L,424,636,212,v023
LBG7L,230,422,192,v012
LBG7L,456,734,278,v018
LBG7L,0,338,338,v008
LBG7L,432,679,247,v018
LBG7L,492,624,132,v016
LBG7L,146,256,110,v023
31TDO,302,698,396,v027
31TDO,525,849,324,v018
31TDO,897,1192,295,v018
31TDO,933,1257,324,v023
31TDO,482,892,410,v018
31TDO,194,520,326,v016
31TDO,280,720,440,v008
31TDO,216,784,568,v005
31TDO,216,784,568,v016
31TDO,216,784,568,v023
31TDO,216,784,568,v018
K224I,0,730,730,v018
K224I,0,730,730,v002
92Q8F,86,638,552,v031
92Q8F,0,182,182,v010
92Q8F,112,660,548,v018
92Q8F,40,170,130,v000
92Q8F,631,683,52,v022
92Q8F,16,194,178,v000
2WH4F,213,595,382,v016
2WH4F,604,733,129,v016
2WH4F,523,640,117,v012
2WH4F,544,662,118,v001
2WH4F,182,379,197,v023
2WH4F,588,733,145,v025
2WH4F,439,619,180,v012
2WH4F,163,607,444,v008
2WH4F,156,626,470,v026
2WH4F,518,733,215,v028
2WH4F,518,674,156,v001
2WH4F,456,588,132,v012
2WH4F,64,211,147,v008
2WH4F,52,194,142,v016
G4NOT,0,621,621,v014
G4NOT,525,720,195,v029
G4NOT,549,679,130,v001
G4NOT,0,720,720,v008
TRFB0,304,427,123,v012
TRFB0,0,314,314,v030
TRFB0,412,604,192,v001
TRFB0,456,578,122,v016
05ZNF,424,568,144,v016
05ZNF,0,530,530,v032
05ZNF,494,743,249,v023
05ZNF,0,743,743,v018
05ZNF,0,743,743,v018
05ZNF,0,489,489,v008
05ZNF,475,609,134,v008
05ZNF,554,743,189,v005
05ZNF,122,312,190,v031
05ZNF,237,415,178,v031
05ZNF,501,631,130,v023
05ZNF,516,743,227,v008
YUGJJ,0,271,271,v008
YUGJJ,312,511,199,v012
YUGJJ,256,909,653,v008
YUGJJ,0,909,909,v018
YUGJJ,0,79,79,v008
YUGJJ,292,909,617,v008
YUGJJ,460,847,387,v031
YUGJJ,460,847,387,v032
YUGJJ,192,333,141,v005
CI6H7,9,144,135,v010
CI6H7,0,384,384,v008
CI6H7,0,384,384,v031
CI6H7,0,384,384,v008
CI6H7,206,314,108,v018
CI6H7,52,175,123,v009
CI6H7,62,184,122,v019
CI6H7,57,163,106,v031
CI6H7,28,384,356,v021
CI6H7,0,384,384,v008
CI6H7,0,384,384,v014
9NL5G,7,314,307,v004
VKBIV,12,249,237,v018
VKBIV,578,715,137,v022
VKBIV,79,703,624,v018
VKBIV,76,722,646,v014
VKBIV,60,722,662,v008
VKBIV,271,633,362,v019
MVL2O,468,920,452,v008
MVL2O,0,920,920,v008
MVL2O,367,585,218,v001
MVL2O,0,525,525,v031
MVL2O,633,920,287,v008
MVL2O,849,920,71,v027
MVL2O,0,523,523,v014
MVL2O,484,780,296,v022
MVL2O,688,920,232,v023
X2LBW,1178,1437,259,v018
X2LBW,974,1142,168,v016
X2LBW,1178,1437,259,v018
X2LBW,1456,1635,179,v001
X2LBW,1185,1502,317,v022
X2LBW,1178,1437,259,v018
X2LBW,590,1118,528,v008
X2LBW,998,1224,226,v016
X2LBW,777,1567,790,v008
X2LBW,0,235,235,v003
X2LBW,1039,1315,276,v018
X2LBW,1120,1526,406,v032
X2LBW,1480,1635,155,v031
X2LBW,753,955,202,v029
X2LBW,638,1142,504,v008
X2LBW,0,112,112,v008
X2LBW,1195,1461,266,v031
X2LBW,590,768,178,v023
X2LBW,516,652,136,v023
X2LBW,1161,1363,202,v032
X2LBW,9,163,154,v016
IV8MD,199,580,381,v005
IV8MD,182,324,142,v023
IV8MD,0,129,129,v009
IV8MD,194,588,394,v008
IV8MD,0,588,588,v008
IV8MD,266,518,252,v008
IV8MD,0,242,242,v008
IV8MD,194,345,151,v005
IV8MD,151,297,146,v023
B61CP,0,567,567,v008
B61CP,0,567,567,v026
B61CP,177,316,139,v020
B61CP,0,567,567,v026
B61CP,50,544,494,v031
XJVQL,0,480,480,v018
XJVQL,230,480,250,v008
XJVQL,0,288,288,v032
XJVQL,259,480,221,v004
XJVQL,0,480,480,v008
FDNWD,271,569,298,v021
FDNWD,115,271,156,v029
FDNWD,0,228,228,v020
FDNWD,338,569,231,v010
FDNWD,300,417,117,v018
S00C3,0,463,463,v003
S00C3,362,547,185,v019
S00C3,0,727,727,v018
S00C3,544,727,183,v019
MDZVU,4,168,164,v016
MDZVU,72,240,168,v020
OMX6W,12,177,165,v007
OMX6W,81,715,634,v008
OMX6W,7,172,165,v012
OMX6W,14,172,158,v012
8JR94,585,778,193,v005
8JR94,19,778,759,v008
8JR94,165,751,586,v011
8JR94,0,136,136,v018
8JR94,590,778,188,v005
8JR94,0,778,778,v008
8JR94,26,778,752,v018
8JR94,566,688,122,v023
K7PVL,38,266,228,v008
K7PVL,216,489,273,v016
K7PVL,4,297,293,v018
K7PVL,0,744,744,v018
K7PVL,465,744,279,v016
K7PVL,7,204,197,v023
K7PVL,0,595,595,v008
Z1H81,168,314,146,v027
Z1H81,297,758,461,v008
Z1H81,0,158,158,v029
55UAT,0,244,244,v016
55UAT,0,492,492,v026
55UAT,16,158,142,v016
CBVUS,0,472,472,v008
CBVUS,2,180,178,v020
CBVUS,439,788,349,v008
CBVUS,0,463,463,v018
CBVUS,384,788,404,v030
VGPCG,194,544,350,v003
VGPCG,0,252,252,v014
VGPCG,573,757,184,v012
VGPCG,528,734,206,v022
VGPCG,612,757,145,v001
0FC0N,400,559,159,v012
0FC0N,302,417,115,v022
0FC0N,633,753,120,v023
0FC0N,496,788,292,v008
0FC0N,633,753,120,v023
0FC0N,496,607,111,v023
0FC0N,405,788,383,v023
0FC0N,460,788,328,v008
0FC0N,420,788,368,v023
0FC0N,676,788,112,v001
0FC0N,0,417,417,v018
N7X3T,0,626,626,v023
N7X3T,0,468,468,v030
N7X3T,364,496,132,v016
N7X3T,0,614,614,v008
N7X3T,0,614,614,v016
S4PLU,417,568,151,v030
S4PLU,117,446,329,v004
S4PLU,340,494,154,v016
S4PLU,468,648,180,v016
S4PLU,388,578,190,v023
Y6MUU,0,937,937,v008
Y6MUU,688,937,249,v008
Y6MUU,732,902,170,v012
Y6MUU,787,937,150,v029
Y6MUU,703,859,156,v007
Y6MUU,636,780,144,v023
Y6MUU,835,937,102,v001
Y6MUU,0,937,937,v008
Y6MUU,0,775,775,v014
XBB9P,9,496,487,v016
XBB9P,0,108,108,v012
XBB9P,225,410,185,v008
XBB9P,0,110,110,v012
XBB9P,0,519,519,v026
LU3SU,192,376,184,v016
LU3SU,120,288,168,v023
LU3SU,319,749,430,v003
LU3SU,0,136,136,v012
LU3SU,127,256,129,v023
LU3SU,266,436,170,v008
LU3SU,206,324,118,v029
LU3SU,300,749,449,v016
LU3SU,0,122,122,v012
LU3SU,139,256,117,v008
LU3SU,67,194,127,v027
LU3SU,192,355,163,v016
G3A0B,249,456,207,v004
G3A0B,0,567,567,v008
G3A0B,0,567,567,v005
G3A0B,0,567,567,v008
G3A0B,456,567,111,v009
G3A0B,468,567,99,v019
8AKGE,309,458,149,v016
8AKGE,0,420,420,v008
8AKGE,350,614,264,v004
8AKGE,276,400,124,v027
8AKGE,0,328,328,v019
8AKGE,0,420,420,v014
8AKGE,360,631,271,v008
8AKGE,314,429,115,v016
8AKGE,352,465,113,v023
EE8OB,355,488,133,v005
EE8OB,355,488,133,v005
EE8OB,333,488,155,v018
EE8OB,333,488,155,v018
EE8OB,0,488,488,v008
EE8OB,283,456,173,v018
EE8OB,0,488,488,v008
4VYE5,2200,2448,248,v022
4VYE5,292,2277,1985,v032
4VYE5,84,2316,2232,v031
4VYE5,878,1768,890,v004
4VYE5,28,2071,2043,v018
4VYE5,103,1975,1872,v031
4VYE5,2484,3487,1003,v003
4VYE5,1576,1862,286,v016
FTWBB,0,729,729,v008
FTWBB,0,146,146,v019
FTWBB,0,146,146,v009
FTWBB,0,81,81,v012
FTWBB,0,729,729,v031
FTWBB,0,729,729,v031
FTWBB,0,729,729,v018
FTWBB,7,141,134,v019
FTWBB,192,307,115,v019
FTWBB,0,729,729,v018
2FLXE,182,316,134,v001
2FLXE,62,184,122,v012
2FLXE,74,351,277,v008
2FLXE,256,351,95,v016
2FLXE,86,249,163,v023
GG1X2,72,266,194,v001
GG1X2,0,168,168,v012
GG1X2,220,408,188,v028
GG1X2,228,415,187,v016
GG1X2,376,600,224,v008
GG1X2,0,168,168,v029
GG1X2,379,602,223,v008
GG1X2,364,494,130,v023
GG1X2,206,338,132,v008
G4IV1,67,510,443,v007
G4IV1,141,297,156,v012
G4IV1,9,158,149,v017
R6QCQ,247,426,179,v031
R6QCQ,0,218,218,v010
R6QCQ,50,216,166,v000
R6QCQ,136,271,135,v022
SIREU,0,128,128,v012
SIREU,0,103,103,v016
SIREU,9,128,119,v023
9ONDD,381,691,310,v008
9ONDD,381,626,245,v023
9ONDD,451,588,137,v001
9ONDD,535,766,231,v016
9ONDD,0,362,362,v002
9ONDD,324,492,168,v012
2TU40,307,530,223,v030
2TU40,0,74,74,v008
2TU40,0,175,175,v008
2TU40,0,725,725,v023
2TU40,38,206,168,v012
2TU40,0,288,288,v016
2TU40,319,725,406,v026
2TU40,304,432,128,v030
2TU40,0,156,156,v029
2TU40,7,134,127,v007
2TU40,304,725,421,v030
F08QY,0,86,86,v012
F08QY,28,156,128,v008
F08QY,0,311,311,v008
3MPY7,0,712,712,v008
3MPY7,0,712,712,v008
3MPY7,0,129,129,v029
9K2TY,0,736,736,v018
9K2TY,0,580,580,v008
9K2TY,456,580,124,v016
9K2TY,477,736,259,v008
9K2TY,657,736,79,v025
9K2TY,460,573,113,v016
9K2TY,0,566,566,v008
AQXBN,0,91,91,v008
AQXBN,0,156,156,v016
AQXBN,0,115,115,v031
AQXBN,52,369,317,v018
AQXBN,0,151,151,v018
AQXBN,343,484,141,v008
FDIJX,14,160,146,v025
FDIJX,297,406,109,v021
FDIJX,50,151,101,v016
FDIJX,0,406,406,v028
FDIJX,33,156,123,v025
FDIJX,0,406,406,v008
6UDGS,232,456,224,v003
6UDGS,381,576,195,v001
6UDGS,132,352,220,v008
6UDGS,69,511,442,v029
6UDGS,43,549,506,v012
6UDGS,132,518,386,v023
4DZ33,0,422,422,v026
4DZ33,0,832,832,v008
4DZ33,0,72,72,v023
4DZ33,7,139,132,v023
4DZ33,271,417,146,v016
4DZ33,9,417,408,v008
N2XCF,103,561,458,v012
N2XCF,276,900,624,v008
N2XCF,691,1226,535,v008
N2XCF,381,681,300,v008
N2XCF,578,1120,542,v023
N2XCF,849,962,113,v001
N2XCF,873,1005,132,v016
N2XCF,367,696,329,v023
N2XCF,909,1262,353,v028
N2XCF,1272,1430,158,v030
N2XCF,367,811,444,v016
3O300,180,592,412,v026
3O300,535,691,156,v029
3O300,199,604,405,v026
3O300,187,585,398,v008
GMQBY,0,723,723,v006
GMQBY,180,723,543,v031
GMQBY,0,723,723,v018
Q36FS,278,528,250,v031
Q36FS,4,343,339,v008
Q36FS,115,348,233,v019
Q36FS,115,348,233,v009
09F15,460,684,224,v020
09F15,9,218,209,v008
09F15,9,220,211,v008
09F15,60,192,132,v027
09F15,9,156,147,v012
09F15,9,156,147,v012
PUWX2,158,564,406,v008
PUWX2,468,616,148,v023
BDWIX,271,561,290,v008
BDWIX,242,532,290,v016
BDWIX,244,532,288,v025
BDWIX,235,566,331,v030
BDWIX,470,725,255,v020
BDWIX,0,232,232,v028
BDWIX,259,573,314,v016
BDWIX,206,360,154,v023
BDWIX,379,532,153,v016
BDWIX,441,571,130,v026
BDWIX,0,297,297,v016
LNXMJ,542,667,125,v027
LNXMJ,0,528,528,v031
VVCK0,441,571,130,v012
VVCK0,24,196,172,v002
VVCK0,295,453,158,v029
VVCK0,0,787,787,v005
VVCK0,2,787,785,v008
VVCK0,153,328,175,v005
VVCK0,144,331,187,v008
QHU9R,0,720,720,v024
QHU9R,0,725,725,v008
QHU9R,0,712,712,v014
QHU9R,0,725,725,v008
QHU9R,0,60,60,v022
QHU9R,0,725,725,v008
490S2,273,564,291,v014
490S2,0,362,362,v008
490S2,290,542,252,v008
490S2,0,316,316,v004
490S2,223,357,134,v016
490S2,420,609,189,v016
490S2,208,386,178,v023
490S2,206,364,158,v016
D1C8J,45,434,389,v032
D1C8J,388,739,351,v008
D1C8J,33,439,406,v018
D1C8J,338,460,122,v022
D1C8J,52,446,394,v018
D1C8J,7,144,137,v018
TU1C9,0,735,735,v008
TU1C9,0,192,192,v020
TU1C9,261,735,474,v005
TU1C9,261,496,235,v005
TU1C9,684,735,51,v021
TU1C9,672,735,63,v004
TU1C9,0,735,735,v021
TU1C9,0,735,735,v018
TU1C9,576,720,144,v004
VA8ZR,98,343,245,v012
VA8ZR,290,458,168,v027
VA8ZR,496,681,185,v023
VA8ZR,228,422,194,v029
VA8ZR,153,324,171,v012
VA8ZR,669,806,137,v001
J3LZI,98,751,653,v008
J3LZI,120,223,103,v022
J3LZI,237,588,351,v012
J3LZI,554,758,204,v016
PQH3Q,506,697,191,v031
PQH3Q,0,697,697,v008
PQH3Q,511,697,186,v006
PQH3Q,345,487,142,v022
PQH3Q,0,446,446,v018
HTCKH,280,436,156,v016
HTCKH,0,436,436,v008
HTCKH,0,312,312,v026
HTCKH,266,420,154,v008
HTCKH,285,436,151,v016
HTCKH,0,369,369,v026
HTCKH,249,372,123,v023
SPUPH,88,252,164,v008
SPUPH,84,232,148,v020
SPUPH,0,168,168,v012
SPUPH,144,261,117,v016
SPUPH,146,297,151,v008
SPUPH,146,297,151,v008
SPUPH,0,184,184,v001
SPUPH,182,297,115,v005
SPUPH,196,297,101,v005
SPUPH,62,218,156,v023
SPUPH,168,273,105,v023
FTETB,132,259,127,v001
FTETB,0,122,122,v012
FTETB,232,718,486,v002
FTETB,213,328,115,v016
FTETB,4,278,274,v023
GNMBV,0,564,564,v028
GNMBV,372,564,192,v008
GNMBV,412,516,104,v025
GNMBV,343,564,221,v008
GNMBV,412,516,104,v025
GNMBV,288,460,172,v023
YT9AL,0,170,170,v023
YT9AL,1106,1291,185,v009
YT9AL,434,1202,768,v003
YT9AL,842,1034,192,v008
YT9AL,40,700,660,v024
YT9AL,991,1142,151,v019
YT9AL,93,374,281,v003
YT9AL,67,189,122,v029
KO34N,0,266,266,v008
KO34N,232,740,508,v028
KO34N,0,252,252,v014
KO34N,163,285,122,v016
KO34N,285,458,173,v025
KO34N,686,740,54,v016
61WBK,0,79,79,v008
61WBK,0,103,103,v016
61WBK,33,165,132,v008
61WBK,67,786,719,v026
61WBK,0,103,103,v016
61WBK,0,103,103,v025
61WBK,55,535,480,v026
9SOKF,0,819,819,v008
9SOKF,4,237,233,v019
9SOKF,14,819,805,v019
9SOKF,0,819,819,v008
XRI58,43,300,257,v018
XRI58,148,453,305,v005
XRI58,369,590,221,v017
XRI58,153,338,185,v008
XRI58,273,463,190,v018
XRI58,400,578,178,v008
XRI58,266,465,199,v023
XRI58,396,547,151,v022
DSP2U,379,528,149,v018
DSP2U,309,468,159,v023
DSP2U,376,535,159,v018
DSP2U,328,463,135,v016
DSP2U,328,463,135,v008
MURXK,134,292,158,v016
MURXK,0,232,232,v008
MURXK,206,698,492,v028
MURXK,0,254,254,v014
MURXK,199,444,245,v023
MURXK,199,439,240,v008
AST4H,2,141,139,v008
AST4H,52,386,334,v019
AST4H,307,540,233,v019
AST4H,333,619,286,v006
AST4H,192,525,333,v029
AST4H,48,719,671,v023
AST4H,355,719,364,v031
QX33M,506,755,249,v008
QX33M,0,602,602,v031
QX33M,619,755,136,v012
QX33M,492,621,129,v023
QX33M,657,755,98,v001
QX33M,487,607,120,v022
QX33M,0,588,588,v018
QX33M,0,508,508,v006
QX33M,566,746,180,v007
QX33M,0,583,583,v019
QX33M,636,755,119,v029
B2NAS,309,424,115,v016
B2NAS,110,405,295,v005
B2NAS,309,424,115,v016
B2NAS,19,189,170,v018
B2NAS,336,602,266,v026
B2NAS,50,432,382,v008
B2NAS,115,432,317,v005
B2NAS,597,662,65,v022
B2NAS,48,616,568,v018
B2NAS,376,552,176,v016
B2NAS,48,412,364,v008
ZP4X6,0,499,499,v010
ZP4X6,288,508,220,v020
ZP4X6,0,100,100,v018
ZP4X6,434,580,146,v022
ZP4X6,170,612,442,v008
ZP4X6,451,619,168,v025
ZP4X6,4,184,180,v016
ZP4X6,127,300,173,v023
ZP4X6,189,513,324,v014
H378S,158,333,175,v008
H378S,199,400,201,v005
H378S,470,672,202,v026
H378S,436,676,240,v016
H378S,105,676,571,v008
H378S,105,676,571,v008
H378S,422,525,103,v016
X3FAP,124,384,260,v030
X3FAP,136,295,159,v016
X3FAP,252,415,163,v023
X3FAP,40,194,154,v012
X3FAP,482,631,149,v008
PN7N9,254,477,223,v001
PN7N9,81,285,204,v012
PN7N9,0,141,141,v008
PN7N9,96,328,232,v016
5L04F,0,693,693,v008
5L04F,302,693,391,v005
5L04F,223,400,177,v009
5L04F,302,693,391,v005
5L04F,0,693,693,v008
5L04F,0,693,693,v008
FWUV8,559,886,327,v008
FWUV8,165,456,291,v004
FWUV8,422,655,233,v018
FWUV8,408,886,478,v031
FWUV8,165,300,135,v016
FWUV8,400,616,216,v018
FWUV8,67,194,127,v023
ATNBT,367,729,362,v014
ATNBT,0,463,463,v031
ATNBT,681,729,48,v018
CMNU3,0,325,325,v018
CMNU3,228,325,97,v008
CMNU3,160,325,165,v023
CMNU3,0,325,325,v031
CMNU3,0,325,325,v008
CMNU3,0,325,325,v012
CMNU3,96,325,229,v019
CMNU3,168,321,153,v026
CMNU3,96,325,229,v019
TKFY2,256,412,156,v005
TKFY2,242,422,180,v008
TKFY2,309,439,130,v016
TKFY2,62,754,692,v002
TKFY2,235,432,197,v005
J76NX,158,340,182,v008
J76NX,0,108,108,v016
J76NX,192,429,237,v026
J76NX,400,532,132,v016
J76NX,0,117,117,v023
J76NX,120,554,434,v026
J76NX,621,748,127,v023
J76NX,657,762,105,v016
RE2CX,0,261,261,v031
RE2CX,199,336,137,v008
RE2CX,326,552,226,v016
RE2CX,355,535,180,v016
RE2CX,194,520,326,v008
CA7T0,0,842,842,v008
CA7T0,0,739,739,v008
CA7T0,588,724,136,v016
CA7T0,189,674,485,v019
CA7T0,86,664,578,v004
CA7T0,0,669,669,v005
CA7T0,0,669,669,v008
CA7T0,0,664,664,v005
CA7T0,672,928,256,v023
CA7T0,691,928,237,v008
CA7T0,564,708,144,v016
CA7T0,830,928,98,v029
CA7T0,0,679,679,v008
CA7T0,573,724,151,v016
CA7T0,681,928,247,v023
CA7T0,537,729,192,v016
IK72J,96,957,861,v024
IK72J,96,957,861,v008
IK72J,38,158,120,v012
BA6DD,0,827,827,v022
W3DYV,0,79,79,v007
W3DYV,0,175,175,v001
W3DYV,103,752,649,v028
UJXBC,40,194,154,v012
UJXBC,254,766,512,v008
UJXBC,124,384,260,v018
UJXBC,223,766,543,v018
UJXBC,326,621,295,v014
UJXBC,415,648,233,v008
UJXBC,0,120,120,v029
UJXBC,24,151,127,v012
QO49P,0,189,189,v004
QO49P,52,187,135,v025
QO49P,0,139,139,v029
3CFFJ,36,802,766,v008
3CFFJ,148,801,653,v005
3CFFJ,96,249,153,v018
3CFFJ,0,60,60,v022
3CFFJ,0,148,148,v016
3CFFJ,105,802,697,v018
3CFFJ,753,802,49,v004
3CFFJ,753,802,49,v023
3CFFJ,465,801,336,v008
3CFFJ,28,160,132,v008
3CFFJ,388,561,173,v023
SD90M,230,786,556,v017
SD90M,0,786,786,v019
QMTF2,0,309,309,v021
QMTF2,0,312,312,v010
QMTF2,247,556,309,v018
QMTF2,158,333,175,v000
QMTF2,295,456,161,v025
Y8ON2,264,391,127,v025
Y8ON2,0,391,391,v010
Y8ON2,264,391,127,v025
Y8ON2,240,360,120,v000
Y8ON2,43,328,285,v000
22FJU,153,266,113,v027
22FJU,26,350,324,v008
22FJU,220,737,517,v030
V3CWF,2,228,226,v008
V3CWF,141,642,501,v008
V3CWF,571,642,71,v016
V3CWF,144,642,498,v031
V3CWF,26,225,199,v016
V3CWF,148,254,106,v023
V3CWF,16,211,195,v016
V3CWF,148,642,494,v009
0UFGC,158,398,240,v012
0UFGC,21,192,171,v007
0UFGC,532,732,200,v001
0UFGC,0,172,172,v012
0UFGC,148,487,339,v031
0UFGC,136,391,255,v001
V2C4I,201,506,305,v008
V2C4I,0,199,199,v004
V2C4I,273,463,190,v026
V2C4I,412,547,135,v016
V2C4I,451,667,216,v016
V2C4I,0,542,542,v008
V2C4I,484,660,176,v026
V2C4I,0,535,535,v008
V2C4I,367,496,129,v022
V2C4I,427,547,120,v016
V2C4I,189,295,106,v023
V2C4I,273,463,190,v030
H1J19,0,410,410,v005
H1J19,0,667,667,v008
H1J19,350,520,170,v020
H1J19,427,556,129,v016
H1J19,0,410,410,v005
H1J19,427,556,129,v016
H1J19,0,540,540,v008
ZUKHZ,110,352,242,v008
ZUKHZ,292,420,128,v005
ZUKHZ,249,433,184,v017
ZUKHZ,292,424,132,v005
ZUKHZ,256,422,166,v008
ZUKHZ,96,324,228,v008
ZUKHZ,256,427,171,v008
S9SRM,228,755,527,v004
S9SRM,0,755,755,v008
S9SRM,141,755,614,v018
S9SRM,124,252,128,v018
S9SRM,0,105,105,v029
S9SRM,0,74,74,v012
S9SRM,26,755,729,v008
S9SRM,12,160,148,v001
S9SRM,52,158,106,v007
SPDF6,7,124,117,v012
SPDF6,297,559,262,v008
SPDF6,0,132,132,v008
SPDF6,0,67,67,v023
SPDF6,110,595,485,v008
SPDF6,86,585,499,v023
SPDF6,477,621,144,v022
SPDF6,14,242,228,v012
SPDF6,16,228,212,v016
SPDF6,64,276,212,v025
SPDF6,79,537,458,v016
SPDF6,14,333,319,v025
SPDF6,0,600,600,v018
SPDF6,0,386,386,v026
B2GXG,388,849,461,v008
B2GXG,381,568,187,v023
B2GXG,273,532,259,v022
B2GXG,304,472,168,v012
V10LX,0,249,249,v004
V10LX,0,352,352,v008
V10LX,208,372,164,v016
V10LX,307,763,456,v006
V10LX,302,763,461,v008
V10LX,218,352,134,v025
HJ2JO,0,201,201,v005
HJ2JO,487,703,216,v020
HJ2JO,0,278,278,v008
9K4HS,2,626,624,v016
9K4HS,0,626,626,v026
LZTH6,0,307,307,v018
LZTH6,184,302,118,v005
LZTH6,223,307,84,v016
LZTH6,151,307,156,v023
LZTH6,184,302,118,v005
LZTH6,153,307,154,v023
LZTH6,153,307,154,v008
DFD3T,288,415,127,v008
DFD3T,268,783,515,v023
DFD3T,0,228,228,v016
DFD3T,0,235,235,v025
DFD3T,288,780,492,v016
DFD3T,0,84,84,v008
DFD3T,0,240,240,v025
DFD3T,254,783,529,v026
DFD3T,256,487,231,v016
DFD3T,391,650,259,v016
DFD3T,256,487,231,v016
DFD3T,391,650,259,v016
DFD3T,607,783,176,v026
RXJ04,883,1252,369,v001
RXJ04,734,1044,310,v016
RXJ04,211,880,669,v026
RXJ04,31,199,168,v012
RXJ04,110,256,146,v001
KS29V,448,602,154,v007
KS29V,0,148,148,v008
KS29V,0,105,105,v022
KS29V,0,62,62,v018
KS29V,67,314,247,v029
00N38,199,436,237,v016
00N38,343,499,156,v012
00N38,55,480,425,v028
00N38,151,283,132,v008
00N38,405,518,113,v007
00N38,16,151,135,v029
MMV3D,0,184,184,v008
MMV3D,0,1179,1179,v024
MMV3D,105,1008,903,v003
MMV3D,64,307,243,v008
MMV3D,0,177,177,v008
L2DR0,115,235,120,v008
L2DR0,0,468,468,v008
L2DR0,364,480,116,v025
L2DR0,19,324,305,v023
3DNW1,302,432,130,v001
3DNW1,225,355,130,v012
3DNW1,280,454,174,v008
3DNW1,362,454,92,v017
3DNW1,168,290,122,v022
3DNW1,264,454,190,v023
3DNW1,0,278,278,v018
3DNW1,268,454,186,v008
3DNW1,0,290,290,v018
3DNW1,0,454,454,v024
EJIKG,309,463,154,v012
EJIKG,259,405,146,v023
EJIKG,336,655,319,v031
EJIKG,24,158,134,v023
EJIKG,213,350,137,v018
EJIKG,340,460,120,v008
EJIKG,79,204,125,v008
EJIKG,50,194,144,v023
HJJ32,381,504,123,v016
HJJ32,381,504,123,v025
HJJ32,0,357,357,v016
HJJ32,0,496,496,v008
HJJ32,194,372,178,v026
HJJ32,590,739,149,v029
SLMQF,160,578,418,v005
SLMQF,530,650,120,v023
SLMQF,184,597,413,v005
SLMQF,328,496,168,v003
SLMQF,112,225,113,v016
SLMQF,554,717,163,v016
SLMQF,559,715,156,v016
SLMQF,237,585,348,v003
SLMQF,36,232,196,v028
SLMQF,148,333,185,v023
SLMQF,518,621,103,v016
SLMQF,261,477,216,v023
SLMQF,499,607,108,v016
SLMQF,429,566,137,v023
LQO5R,117,804,687,v031
LQO5R,600,804,204,v018
LQO5R,566,720,154,v018
LQO5R,554,804,250,v018
HAIVQ,0,400,400,v008
HAIVQ,182,352,170,v016
HAIVQ,0,304,304,v026
HAIVQ,408,750,342,v008
HAIVQ,417,698,281,v005
HAIVQ,271,460,189,v009
HAIVQ,177,352,175,v025
HAIVQ,0,86,86,v025
HAIVQ,211,405,194,v023
92UB5,0,638,638,v018
92UB5,580,743,163,v016
92UB5,0,616,616,v032
92UB5,458,686,228,v022
92UB5,0,554,554,v031
PP5KJ,120,384,264,v008
PP5KJ,120,384,264,v023
PP5KJ,139,568,429,v009
Y6ZJI,196,540,344,v008
Y6ZJI,369,511,142,v022
Y6ZJI,0,544,544,v023
Y6ZJI,31,460,429,v018
Y6ZJI,24,216,192,v012
Y6ZJI,372,764,392,v016
Y6ZJI,360,499,139,v018
P36YW,180,487,307,v008
P36YW,350,654,304,v004
P36YW,355,552,197,v023
P36YW,403,654,251,v008
P36YW,33,194,161,v007
P36YW,340,472,132,v016
P36YW,556,654,98,v016
P36YW,556,654,98,v016
P36YW,96,220,124,v029
P36YW,355,487,132,v016
P36YW,393,523,130,v023
P36YW,206,516,310,v021
KEPDQ,0,122,122,v008
KEPDQ,48,122,74,v016
KEPDQ,48,122,74,v016
KEPDQ,0,122,122,v008
KEPDQ,50,122,72,v016
QQUI7,326,448,122,v012
QQUI7,352,735,383,v023
QQUI7,0,316,316,v017
QQUI7,2,290,288,v008
QQUI7,184,319,135,v016
QQUI7,0,735,735,v031
QQUI7,499,735,236,v009
QQUI7,621,735,114,v008
QQUI7,655,735,80,v023
QQUI7,0,331,331,v019
K47J5,0,369,369,v008
K47J5,340,678,338,v005
K47J5,0,201,201,v018
K47J5,314,616,302,v008
K47J5,494,678,184,v008
K47J5,151,340,189,v028
K47J5,576,678,102,v016
K47J5,105,678,573,v018
SXFG6,0,535,535,v008
SXFG6,379,537,158,v023
SXFG6,0,405,405,v009
SXFG6,364,484,120,v022
SXFG6,0,453,453,v018
SXFG6,0,453,453,v018
SXFG6,393,568,175,v008
SXFG6,0,511,511,v021
3CGO0,88,220,132,v012
3CGO0,0,515,515,v008
3CGO0,0,515,515,v018
3CGO0,0,515,515,v031
3CGO0,376,515,139,v012
3CGO0,266,388,122,v026
3CGO0,350,501,151,v029
XNT6F,172,326,154,v025
XNT6F,230,436,206,v023
XNT6F,266,611,345,v008
XNT6F,314,611,297,v013
XNT6F,0,340,340,v026
XNT6F,0,273,273,v016
XNT6F,206,316,110,v025
XNT6F,0,259,259,v023
OLELC,0,139,139,v004
OLELC,24,136,112,v008
OLELC,43,168,125,v023
OLELC,74,256,182,v002
OLELC,43,165,122,v016
OLELC,45,165,120,v016
7WJUW,0,117,117,v012
7WJUW,218,806,588,v021
7WJUW,276,829,553,v018
7WJUW,96,237,141,v001
7WJUW,48,288,240,v008
7WJUW,120,288,168,v023
7WJUW,216,432,216,v018
7WJUW,672,816,144,v025
7WJUW,0,216,216,v012
7WJUW,698,829,131,v023
7WJUW,698,829,131,v024
7WJUW,698,829,131,v008
7YMK9,0,460,460,v026
7YMK9,871,972,101,v001
7YMK9,818,957,139,v012
7YMK9,379,854,475,v026
7YMK9,924,972,48,v008
7YMK9,924,972,48,v007
7YMK9,924,972,48,v016
KZ45F,0,742,742,v010
KZ45F,0,742,742,v008
KZ45F,26,742,716,v021
9WLBQ,319,784,465,v008
9WLBQ,290,470,180,v012
9WLBQ,0,319,319,v030
9WLBQ,309,790,481,v023
9WLBQ,326,458,132,v008
9WLBQ,355,501,146,v016
UKMK6,350,1202,852,v008
UKMK6,1012,1296,284,v016
UKMK6,429,1010,581,v021
UKMK6,304,499,195,v023
UKMK6,1147,1300,153,v001
UKMK6,948,1104,156,v012
UKMK6,940,1274,334,v016
6HHCU,0,732,732,v008
6HHCU,259,415,156,v013
6HHCU,285,417,132,v019
6HHCU,288,429,141,v022
6HHCU,216,732,516,v014
6HHCU,211,732,521,v022
6HHCU,249,732,483,v013
2RRSO,0,715,715,v008
2RRSO,405,715,310,v008
2RRSO,0,715,715,v022
2RRSO,105,216,111,v026
2RRSO,110,715,605,v008
2RRSO,52,254,202,v030
TW3RS,93,648,555,v019
TW3RS,24,648,624,v008
TW3RS,98,648,550,v009
TW3RS,110,244,134,v019
TW3RS,36,648,612,v008
TW3RS,84,648,564,v031
TW3RS,16,122,106,v023
KO80I,0,769,769,v008
KO80I,0,769,769,v018
KO80I,432,554,122,v016
KO80I,36,278,242,v008
KO80I,244,468,224,v014
VMRAV,180,422,242,v027
VMRAV,609,849,240,v016
VMRAV,878,926,48,v029
VMRAV,878,926,48,v012
CNVZX,0,180,180,v027
CNVZX,69,307,238,v000
CNVZX,79,324,245,v000
CNVZX,0,278,278,v010
MJ1T7,0,583,583,v022
MJ1T7,588,732,144,v008
MJ1T7,482,732,250,v023
MJ1T7,537,674,137,v029
XIUQJ,201,843,642,v008
XIUQJ,0,266,266,v008
XIUQJ,0,264,264,v004
XIUQJ,0,843,843,v018
XIUQJ,184,415,231,v023
XIUQJ,508,631,123,v016
XIUQJ,117,254,137,v016
XIUQJ,518,638,120,v028
XIUQJ,0,843,843,v018
XIUQJ,242,520,278,v030
1BXYR,40,136,96,v031
1BXYR,0,136,136,v030
1BXYR,0,136,136,v018
1BXYR,0,105,105,v009
1BXYR,0,136,136,v008
1BXYR,31,136,105,v019
FDVBR,0,686,686,v008
FDVBR,460,648,188,v016
FDVBR,0,588,588,v023
FDVBR,472,660,188,v016
FDVBR,0,686,686,v031
M5XBZ,0,532,532,v030
M5XBZ,0,564,564,v030
CUII4,813,967,154,v021
CUII4,595,835,240,v028
CUII4,136,864,728,v016
CUII4,9,314,305,v023
CUII4,100,686,586,v003
CUII4,0,139,139,v012
CUII4,127,328,201,v025
CUII4,768,967,199,v008
CUII4,72,835,763,v025
J88MJ,247,525,278,v008
J88MJ,256,470,214,v023
J88MJ,532,681,149,v027
J88MJ,364,516,152,v009
J88MJ,213,542,329,v016
J88MJ,199,441,242,v020
J88MJ,360,564,204,v019
J88MJ,540,691,151,v029
J88MJ,201,530,329,v008
KR4EB,0,674,674,v008
KR4EB,0,674,674,v020
KR4EB,0,674,674,v009
KR4EB,0,674,674,v008
52MV9,782,938,156,v016
52MV9,105,276,171,v029
52MV9,189,336,147,v008
52MV9,0,132,132,v008
52MV9,537,784,247,v005
52MV9,163,590,427,v023
52MV9,537,784,247,v005
52MV9,28,201,173,v001
52MV9,122,276,154,v012
52MV9,333,513,180,v016
52MV9,360,1696,1336,v008
52MV9,688,1617,929,v026
JBHOL,134,319,185,v008
JBHOL,134,319,185,v023
JBHOL,136,295,159,v008
JBHOL,129,324,195,v017
WCERV,31,681,650,v008
WCERV,72,688,616,v021
WCERV,182,552,370,v023
WCERV,38,745,707,v018
WCERV,33,201,168,v016
WCERV,220,745,525,v008
WCERV,612,745,133,v016
WCERV,681,745,64,v014
WCERV,396,744,348,v032
AF8IH,0,117,117,v026
AF8IH,283,779,496,v030
AF8IH,26,175,149,v012
AF8IH,0,134,134,v026
AF8IH,362,496,134,v016
AF8IH,544,779,235,v023
AF8IH,288,779,491,v008
BPHWQ,0,636,636,v018
BPHWQ,544,710,166,v022
BPHWQ,0,636,636,v018
BPHWQ,0,386,386,v003
94HKL,249,732,483,v008
94HKL,307,480,173,v012
94HKL,259,384,125,v016
94HKL,256,376,120,v023
94HKL,384,732,348,v031
94HKL,384,732,348,v014
94HKL,0,732,732,v018
YX0RG,0,755,755,v004
YX0RG,163,350,187,v003
YX0RG,0,112,112,v008
YX0RG,115,283,168,v008
YX0RG,436,566,130,v008
YX0RG,110,364,254,v023
YX0RG,0,112,112,v008
YX0RG,115,283,168,v008
YX0RG,436,566,130,v008
GZSTG,0,916,916,v030
GZSTG,141,290,149,v008
GZSTG,165,314,149,v016
GZSTG,506,674,168,v016
GZSTG,165,314,149,v016
GZSTG,753,912,159,v016
GZSTG,432,645,213,v008
RZY2I,120,272,152,v008
RZY2I,96,216,120,v023
RZY2I,120,240,120,v012
RZY2I,0,120,120,v028
EW6RX,0,725,725,v024
EW6RX,0,725,725,v005
EW6RX,0,725,725,v008
EW6RX,60,175,115,v005
EW6RX,0,91,91,v008
2EPFZ,386,751,365,v003
2EPFZ,28,276,248,v012
2EPFZ,319,767,448,v018
2EPFZ,288,767,479,v023
2EPFZ,376,571,195,v025
2EPFZ,336,748,412,v023
2EPFZ,326,463,137,v018
2EPFZ,424,583,159,v016
2EPFZ,324,767,443,v026
2EPFZ,168,357,189,v001
293L4,0,470,470,v002
3CTZL,48,384,336,v003
3CTZL,288,580,292,v008
3CTZL,60,376,316,v016
3CTZL,444,568,124,v016
3CTZL,84,242,158,v008
RVKKS,0,355,355,v010
RVKKS,295,645,350,v018
RVKKS,535,690,155,v022
HL4V4,0,795,795,v008
HL4V4,0,795,795,v018
HL4V4,0,441,441,v026
HL4V4,0,436,436,v030
HL4V4,364,795,431,v014
HL4V4,710,795,85,v031
HL4V4,338,516,178,v023
HL4V4,0,422,422,v008
HL4V4,326,525,199,v016
HL4V4,309,501,192,v008
HL4V4,0,795,795,v032
HL4V4,0,795,795,v018
HL4V4,408,561,153,v012
HL4V4,338,525,187,v016
HL4V4,0,424,424,v016
NMC5N,0,766,766,v024
NMC5N,0,336,336,v008
NMC5N,264,384,120,v016
NMC5N,362,638,276,v029
NMC5N,0,766,766,v008
MCNRZ,0,722,722,v014
MCNRZ,427,544,117,v016
MCNRZ,0,722,722,v018
MCNRZ,360,576,216,v004
MCNRZ,338,559,221,v023
MCNRZ,427,619,192,v016
MCNRZ,367,544,177,v023
MCNRZ,0,722,722,v008
MCNRZ,0,722,722,v032
MCNRZ,0,67,67,v012
MCNRZ,0,722,722,v018
MCNRZ,432,576,144,v016
0O81T,88,746,658,v008
0O81T,276,506,230,v020
0O81T,67,734,667,v008
0O81T,132,285,153,v004
5I330,314,410,96,v012
5I330,14,328,314,v028
5I330,264,410,146,v023
J4VCR,249,516,267,v005
J4VCR,0,708,708,v018
J4VCR,62,708,646,v008
J4VCR,0,708,708,v031
VRY89,631,754,123,v001
VRY89,50,754,704,v031
6PZJ3,0,326,326,v008
6PZJ3,213,340,127,v016
6PZJ3,0,480,480,v021
6PZJ3,240,355,115,v016
6PZJ3,240,355,115,v016
6PZJ3,0,350,350,v008
6PZJ3,240,355,115,v016
6PZJ3,110,254,144,v029
MWUIN,192,493,301,v004
MWUIN,4,285,281,v008
MWUIN,50,196,146,v025
MWUIN,132,493,361,v008
MWUIN,122,304,182,v023
MWUIN,7,192,185,v016
MWUIN,132,493,361,v018
W7WJR,352,518,166,v027
W7WJR,381,734,353,v008
W7WJR,345,734,389,v022
W7WJR,21,223,202,v018
W7WJR,88,408,320,v018
W7WJR,0,734,734,v008
W7WJR,556,734,178,v029
YA7M0,0,304,304,v008
YA7M0,0,866,866,v026
YA7M0,770,928,158,v023
YA7M0,816,1015,199,v004
YA7M0,0,864,864,v016
YA7M0,432,864,432,v026
YA7M0,0,297,297,v023
YA7M0,355,691,336,v023
YA7M0,0,1134,1134,v018
WZRLQ,727,838,111,v004
WZRLQ,664,818,154,v023
WZRLQ,0,838,838,v031
WZRLQ,0,838,838,v018
WZRLQ,686,816,130,v023
WZRLQ,727,835,108,v008
FOA8D,88,538,450,v008
FOA8D,112,538,426,v014
FOA8D,0,172,172,v008
FOA8D,48,184,136,v016
XI9FM,0,774,774,v004
XI9FM,0,774,774,v008
XI9FM,0,774,774,v008
XI9FM,0,774,774,v006
6SWTR,321,620,299,v008
6SWTR,388,620,232,v012
6SWTR,453,620,167,v031
6SWTR,336,620,284,v018
6SWTR,312,620,308,v018
6SWTR,60,338,278,v026
6SWTR,324,620,296,v023
6SWTR,535,620,85,v001
BRLNM,667,747,80,v010
BRLNM,0,727,727,v018
BRLNM,93,496,403,v005
BRLNM,0,720,720,v008
BLB6G,355,751,396,v030
BLB6G,0,192,192,v010
BLB6G,86,352,266,v000
BLB6G,643,752,109,v016
BLB6G,312,752,440,v008
BLB6G,252,752,500,v026
BLB6G,151,752,601,v018
BLB6G,362,748,386,v030
1XK68,33,763,730,v008
1XK68,340,559,219,v031
LDST7,117,420,303,v008
LDST7,124,266,142,v023
LDST7,120,441,321,v008
LDST7,266,403,137,v029
LDST7,0,115,115,v012
J7D0D,0,100,100,v012
J7D0D,0,632,632,v005
J7D0D,0,632,632,v006
J7D0D,0,632,632,v008
RQUGW,0,156,156,v012
RQUGW,84,239,155,v023
9A90E,26,201,175,v012
9A90E,475,724,249,v016
9A90E,84,499,415,v023
9A90E,364,513,149,v016
9A90E,492,693,201,v008
9A90E,482,619,137,v023
9A90E,163,300,137,v025
9A90E,504,727,223,v025
9A90E,516,698,182,v012
C3JAS,0,1173,1173,v008
C3JAS,988,1207,219,v016
C3JAS,0,1092,1092,v026
C3JAS,350,535,185,v020
C3JAS,0,427,427,v026
TJHFA,117,736,619,v010
TJHFA,698,813,115,v022
8Z9GW,199,403,204,v023
8Z9GW,300,559,259,v026
8Z9GW,285,499,214,v018
8Z9GW,0,336,336,v003
8Z9GW,300,504,204,v018
8Z9GW,297,737,440,v008
0XRD1,0,177,177,v001
0XRD1,0,175,175,v008
0XRD1,0,93,93,v012
0XRD1,0,244,244,v016
0XRD1,213,520,307,v004
0XRD1,516,745,229,v010
0XRD1,187,470,283,v008
0XRD1,64,228,164,v016
0XRD1,444,600,156,v018
1GKWJ,0,528,528,v008
1GKWJ,470,847,377,v032
1GKWJ,367,496,129,v017
1GKWJ,129,374,245,v013
1GKWJ,0,417,417,v014
1GKWJ,432,655,223,v023
1GKWJ,499,847,348,v018
1GKWJ,304,424,120,v016
1GKWJ,472,604,132,v018
7GIOE,98,812,714,v031
7GIOE,0,812,812,v008
7GIOE,0,812,812,v031
7GIOE,0,812,812,v014
NDLY5,0,194,194,v021
NDLY5,0,348,348,v010
NDLY5,415,712,297,v028
NDLY5,230,396,166,v025
NDLY5,540,652,112,v019
NDLY5,0,338,338,v008
NDLY5,528,664,136,v031
NDLY5,105,403,298,v000
NDLY5,612,732,120,v016
NDLY5,379,511,132,v006
5QXCO,468,805,337,v008
5QXCO,532,805,273,v031
5QXCO,12,446,434,v016
5QXCO,532,693,161,v012
5QXCO,0,451,451,v008
5QXCO,326,535,209,v030
5QXCO,297,475,178,v016
5QXCO,499,805,306,v023
P2HRN,0,127,127,v008
P2HRN,38,496,458,v016
P2HRN,487,780,293,v030
P2HRN,86,204,118,v016
P2HRN,182,297,115,v016
P2HRN,0,391,391,v016
E2EHR,0,93,93,v005
E2EHR,64,647,583,v030
E2EHR,0,93,93,v005
E2EHR,62,595,533,v016
E2EHR,81,647,566,v026
E2EHR,76,647,571,v026
E2EHR,0,120,120,v008
KAU5T,0,345,345,v004
KAU5T,516,763,247,v017
KAU5T,348,544,196,v022
KAU5T,0,434,434,v018
X95MU,0,874,874,v008
X95MU,165,328,163,v018
X95MU,201,874,673,v018
X95MU,458,874,416,v013
X95MU,12,196,184,v003
X95MU,0,874,874,v014
0M1ZU,0,81,81,v016
0M1ZU,0,153,153,v025
0M1ZU,36,206,170,v019
0M1ZU,151,252,101,v020
0M1ZU,38,204,166,v016
0M1ZU,12,187,175,v008
0M1ZU,14,252,238,v008
0M1ZU,4,252,248,v026
U2B8U,60,374,314,v004
8XC4G,0,266,266,v008
8XC4G,0,213,213,v031
8XC4G,40,213,173,v009
8XC4G,122,283,161,v023
8XC4G,225,418,193,v016
8XC4G,194,333,139,v023
8XC4G,120,295,175,v016
8XC4G,0,268,268,v010
8XC4G,0,283,283,v010
8XC4G,110,225,115,v001
8XC4G,81,206,125,v019
8XC4G,163,418,255,v018
8XC4G,211,391,180,v003
8XC4G,45,418,373,v019
8XC4G,204,386,182,v008
DQEC3,0,715,715,v026
DQEC3,0,199,199,v026
DQEC3,163,705,542,v024
DQEC3,0,244,244,v008
DQEC3,369,698,329,v005
DQEC3,0,170,170,v016
DQEC3,280,412,132,v012
DQEC3,667,715,48,v008
DQEC3,667,715,48,v016
DQEC3,667,715,48,v023
7B50N,652,730,78,v031
7B50N,0,730,730,v010
7B50N,0,242,242,v008
7B50N,0,242,242,v021
7B50N,336,446,110,v023
7B50N,244,730,486,v018
7B50N,213,386,173,v018
7B50N,153,288,135,v022
MOREL,0,105,105,v012
MOREL,444,595,151,v016
MOREL,444,595,151,v016
MOREL,16,528,512,v023
MOREL,444,595,151,v016
MOREL,0,64,64,v007
MOREL,50,158,108,v027
MOREL,122,595,473,v008
MOREL,432,643,211,v016
MOREL,156,707,551,v026
MOREL,0,105,105,v012
MOREL,2,189,187,v029
VQP1L,369,556,187,v008
VQP1L,374,544,170,v023
VQP1L,424,556,132,v025
VQP1L,0,556,556,v008
VQP1L,0,556,556,v026
VQP1L,88,556,468,v026
VQP1L,271,468,197,v026
U7E1T,7,206,199,v016
U7E1T,40,739,699,v026
U7E1T,40,739,699,v008
U7E1T,36,554,518,v026
U7E1T,0,739,739,v018
U7E1T,0,204,204,v008
YOVS5,0,105,105,v010
YOVS5,160,499,339,v029
YOVS5,379,549,170,v001
YOVS5,134,328,194,v022
YOVS5,26,204,178,v000
MEYZ5,0,436,436,v018
MEYZ5,0,422,422,v008
MEYZ5,0,376,376,v014
MEYZ5,369,609,240,v012
MEYZ5,0,369,369,v032
MEYZ5,333,465,132,v022
MEYZ5,0,477,477,v031
MEYZ5,0,444,444,v018
MEYZ5,319,436,117,v016
YUCU2,408,497,89,v004
YUCU2,0,376,376,v005
YUCU2,0,72,72,v008
YUCU2,252,384,132,v023
YUCU2,0,240,240,v002
YUCU2,228,360,132,v012
YUCU2,249,400,151,v001
YUCU2,369,497,128,v016
NLWBW,28,182,154,v016
NLWBW,364,518,154,v027
NLWBW,686,844,158,v016
NLWBW,789,1034,245,v004
NLWBW,0,316,316,v016
NLWBW,0,141,141,v001
NLWBW,50,204,154,v016
NLWBW,163,285,122,v016
NLWBW,148,259,111,v023
NLWBW,0,151,151,v008
NLWBW,153,259,106,v008
75HNO,0,724,724,v008
75HNO,0,724,724,v018
75HNO,0,105,105,v016
75HNO,0,724,724,v031
75HNO,0,105,105,v023
75HNO,242,724,482,v008
75HNO,43,168,125,v022
75HNO,96,213,117,v018
75HNO,0,132,132,v018
D7KU2,129,338,209,v008
D7KU2,50,184,134,v022
D7KU2,184,338,154,v016
D7KU2,0,146,146,v018
D7KU2,79,211,132,v007
HGLHS,36,160,124,v029
HGLHS,168,420,252,v009
HGLHS,139,427,288,v019
HGLHS,0,528,528,v008
WCLGY,345,532,187,v025
WCLGY,168,379,211,v026
WCLGY,0,720,720,v008
WCLGY,103,242,139,v025
WCLGY,472,626,154,v030
WCLGY,0,720,720,v016
5EEFP,0,741,741,v008
5EEFP,156,307,151,v018
5EEFP,0,100,100,v016
5EEFP,0,62,62,v023
5EEFP,14,124,110,v022
5EEFP,14,232,218,v018
5EEFP,151,741,590,v008
5EEFP,160,674,514,v030
OSHMX,165,290,125,v004
OSHMX,19,791,772,v008
OSHMX,115,475,360,v012
OSHMX,684,791,107,v018
SMS5G,499,650,151,v025
SMS5G,0,156,156,v029
SMS5G,124,749,625,v008
SMS5G,120,749,629,v023
SMS5G,307,655,348,v023
SMS5G,280,410,130,v023
SMS5G,501,616,115,v025
SMS5G,499,624,125,v025
LDBDD,0,722,722,v018
LDBDD,0,698,698,v005
LDBDD,338,537,199,v019
LDBDD,403,578,175,v009
LDBDD,0,722,722,v008
LDBDD,0,722,722,v005
LDBDD,312,448,136,v025
LDBDD,0,722,722,v008
LDBDD,319,722,403,v019
LDBDD,0,722,722,v018
LDBDD,609,722,113,v009
JA3MN,148,396,248,v008
JA3MN,148,266,118,v023
JA3MN,52,213,161,v017
JA3MN,14,148,134,v012
JA3MN,120,432,312,v016
JA3MN,120,264,144,v016
JA3MN,288,432,144,v007
JA3MN,120,264,144,v016
JA3MN,163,271,108,v016
JA3MN,24,141,117,v029
JA3MN,24,271,247,v008
UTNL9,115,679,564,v003
UTNL9,0,690,690,v008
UTNL9,84,206,122,v023
UTNL9,0,120,120,v026
UTNL9,86,542,456,v008
80ADD,348,496,148,v009
80ADD,201,381,180,v016
80ADD,0,725,725,v031
80ADD,192,336,144,v016
80ADD,96,288,192,v004
80ADD,72,192,120,v023
80ADD,0,725,725,v018
80ADD,31,168,137,v019
Z6IAE,127,446,319,v031
Z6IAE,604,772,168,v012
Z6IAE,388,664,276,v003
Z6IAE,189,422,233,v012
Z6IAE,424,561,137,v008
Z6IAE,554,866,312,v029
0NM06,369,501,132,v016
0NM06,424,564,140,v018
0NM06,372,501,129,v012
0NM06,444,757,313,v031
0NM06,468,600,132,v018
0NM06,444,590,146,v018
0NM06,475,757,282,v031
X0CVU,0,163,163,v012
X0CVU,0,288,288,v031
X0CVU,43,823,780,v008
X0CVU,38,823,785,v008
X0CVU,33,823,790,v008
X0CVU,0,823,823,v008
X0CVU,364,561,197,v004
9AFQ7,314,1142,828,v005
9AFQ7,595,796,201,v004
9AFQ7,374,1120,746,v004
9AFQ7,187,340,153,v012
9AFQ7,50,252,202,v001
9AFQ7,74,1149,1075,v016
9AFQ7,367,1120,753,v023
9AFQ7,74,336,262,v023
9AFQ7,81,434,353,v016
9AFQ7,62,1161,1099,v008
9AFQ7,350,1125,775,v008
9AFQ7,396,1120,724,v005
9AFQ7,192,352,160,v007
9AFQ7,74,1125,1051,v023
9AFQ7,374,1113,739,v016
9AFQ7,192,357,165,v012
9AFQ7,81,1171,1090,v008
IUXP8,0,408,408,v021
IUXP8,386,688,302,v002
IUXP8,0,432,432,v008
IUXP8,352,688,336,v008
IUXP8,48,220,172,v019
2U0GH,0,463,463,v028
2U0GH,384,778,394,v030
2U0GH,372,778,406,v008
2U0GH,0,778,778,v022
2U0GH,252,417,165,v008
2U0GH,0,417,417,v023
TPW1Z,0,720,720,v004
TPW1Z,0,720,720,v008
TPW1Z,74,592,518,v009
TPW1Z,64,602,538,v009
TPW1Z,0,720,720,v018
TPW1Z,0,720,720,v031
TPW1Z,57,348,291,v019
RRS54,180,340,160,v021
RRS54,0,722,722,v031
RRS54,0,722,722,v014
RRS54,0,722,722,v010
RRS54,0,722,722,v008
HLUMT,0,420,420,v026
HLUMT,0,96,96,v018
HLUMT,381,523,142,v022
HLUMT,321,432,111,v023
HLUMT,0,105,105,v008
HLUMT,321,453,132,v008
HLUMT,345,463,118,v025
HLUMT,0,496,496,v018
10LP3,129,386,257,v008
10LP3,117,386,269,v023
10LP3,268,386,118,v025
10LP3,0,91,91,v029
10LP3,117,386,269,v023
10LP3,268,386,118,v025
10LP3,151,381,230,v016
Z5AZW,0,230,230,v008
Z5AZW,141,259,118,v025
Z5AZW,0,91,91,v029
CJ0U1,451,583,132,v027
CJ0U1,103,705,602,v008
CJ0U1,91,261,170,v001
CJ0U1,177,686,509,v019
CJ0U1,0,139,139,v012
CJ0U1,91,705,614,v008
CJ0U1,48,235,187,v023
CJ0U1,494,705,211,v029
KGMA5,0,127,127,v012
KGMA5,228,482,254,v023
0TL9Y,679,766,87,v008
0TL9Y,0,439,439,v003
0TL9Y,705,766,61,v029
0TL9Y,0,165,165,v016
0TL9Y,0,158,158,v008
0TL9Y,0,86,86,v023
A7BUX,0,376,376,v005
A7BUX,0,364,364,v005
A7BUX,0,345,345,v018
A7BUX,218,458,240,v022
A7BUX,230,783,553,v008
A7BUX,0,352,352,v018
A7BUX,0,283,283,v008
A7BUX,276,571,295,v031
A7BUX,398,686,288,v008
A7BUX,655,783,128,v008
A7BUX,441,638,197,v016
A7BUX,0,278,278,v008
A7BUX,242,783,541,v026
BW5MF,0,91,91,v027
BW5MF,4,490,486,v017
A58I2,703,770,67,v008
A58I2,218,357,139,v012
A58I2,0,62,62,v008
A58I2,0,98,98,v016
A58I2,717,770,53,v018
A58I2,727,770,43,v029
A58I2,165,770,605,v018
A58I2,48,175,127,v029
D8HN1,0,372,372,v004
D8HN1,38,165,127,v019
D8HN1,172,314,142,v005
D8HN1,573,664,91,v001
D8HN1,38,177,139,v005
D8HN1,0,492,492,v031
D8HN1,0,664,664,v008
D8HN1,544,664,120,v029
D8HN1,0,664,664,v008
D8HN1,364,487,123,v019
FQLS1,0,731,731,v018
FQLS1,0,731,731,v018
FQLS1,0,731,731,v032
FQLS1,0,731,731,v031
FQLS1,0,731,731,v014
FQLS1,163,314,151,v019
FQLS1,568,731,163,v006
33OVO,391,727,336,v018
33OVO,398,727,329,v031
33OVO,292,477,185,v018
33OVO,134,345,211,v028
33OVO,151,352,201,v008
33OVO,249,388,139,v016
33OVO,2,204,202,v029
33OVO,264,403,139,v025
33OVO,0,168,168,v007
33OVO,424,727,303,v014
33OVO,76,218,142,v001
33OVO,0,168,168,v012
XTACZ,436,576,140,v027
XTACZ,120,468,348,v028
XTACZ,0,220,220,v028
XTACZ,139,573,434,v025
XTACZ,530,719,189,v031
XTACZ,532,719,187,v018
5FDHU,4,146,142,v005
5FDHU,326,487,161,v008
5FDHU,4,146,142,v005
5FDHU,501,626,125,v007
5FDHU,0,822,822,v008
5FDHU,758,822,64,v029
5FDHU,115,232,117,v007
5FDHU,9,139,130,v008
5FDHU,0,84,84,v023
3V2HJ,177,360,183,v016
3V2HJ,280,519,239,v004
3V2HJ,115,355,240,v016
63TU2,672,832,160,v029
63TU2,451,568,117,v023
OA6XR,340,561,221,v008
OA6XR,355,597,242,v023
OA6XR,0,588,588,v008
OA6XR,372,540,168,v016
27IOX,0,770,770,v008
27IOX,0,770,770,v013
27IOX,0,770,770,v008
WTPQ6,264,388,124,v008
WTPQ6,213,357,144,v023
WTPQ6,0,388,388,v008
WTPQ6,0,388,388,v014
WTPQ6,0,388,388,v031
WTPQ6,0,388,388,v018
9X8YH,0,87,87,v016
9X8YH,0,87,87,v016
9X8YH,0,87,87,v016
E33IO,345,449,104,v029
E33IO,0,312,312,v008
E33IO,204,331,127,v009
E33IO,276,449,173,v007
E33IO,273,412,139,v012
E33IO,362,449,87,v001
SG2HN,0,735,735,v008
SG2HN,230,735,505,v003
SG2HN,230,735,505,v031
SG2HN,0,735,735,v014
SG2HN,21,268,247,v019
SG2HN,0,735,735,v013
SG2HN,43,312,269,v023
OOEME,79,400,321,v003
OOEME,0,743,743,v018
OOEME,0,743,743,v031
OOEME,319,743,424,v003
OOEME,0,100,100,v023
OOEME,0,290,290,v008
54CFS,0,738,738,v019
54CFS,0,738,738,v005
54CFS,0,738,738,v031
54CFS,0,738,738,v019
54CFS,273,738,465,v009
54CFS,0,738,738,v005
54CFS,0,151,151,v008
YHPLU,504,612,108,v018
YHPLU,276,583,307,v005
YHPLU,686,783,97,v018
YHPLU,0,783,783,v008
YHPLU,0,177,177,v012
YHPLU,0,783,783,v008
DYXY5,576,781,205,v031
DYXY5,494,626,132,v022
DYXY5,177,376,199,v004
DYXY5,0,588,588,v018
DYXY5,7,196,189,v005
CF92N,67,743,676,v031
CF92N,0,743,743,v004
CF92N,326,482,156,v018
CF92N,386,743,357,v018
CF92N,0,127,127,v029
CF92N,0,156,156,v008
N6XEV,0,849,849,v008
N6XEV,4,876,872,v026
N6XEV,765,877,112,v019
N6XEV,0,264,264,v026
N6XEV,484,739,255,v008
N6XEV,480,724,244,v026
3064K,196,432,236,v016
3064K,357,542,185,v016
3064K,525,662,137,v022
3064K,0,319,319,v018
3064K,9,446,437,v026
3064K,0,446,446,v018
3064K,460,600,140,v016
3064K,460,600,140,v023
3064K,72,194,122,v026
3064K,393,518,125,v008
3064K,463,583,120,v016
JBY4E,48,720,672,v008
JBY4E,153,765,612,v008
JBY4E,194,715,521,v005
JBY4E,26,175,149,v018
JBY4E,333,734,401,v009
JBY4E,624,765,141,v022
JBY4E,67,220,153,v016
JBY4E,187,302,115,v005
JBY4E,117,746,629,v008
JBY4E,26,156,130,v023
JBY4E,64,201,137,v018
JBY4E,129,252,123,v023
JBY4E,153,271,118,v008
JBY4E,129,249,120,v023
JBY4E,643,748,105,v016
CR1OK,146,304,158,v018
CR1OK,55,490,435,v008
CR1OK,33,168,135,v012
CR1OK,40,196,156,v029
CR1OK,441,490,49,v014
CR1OK,441,490,49,v007
CR1OK,441,490,49,v018
CR1OK,225,336,111,v001
CR1OK,165,278,113,v018
CR1OK,38,490,452,v024
WN7T3,0,172,172,v008
WN7T3,158,738,580,v031
WN7T3,19,199,180,v016
WN7T3,324,489,165,v020
WN7T3,26,218,192,v016
6RXCP,36,170,134,v030
6RXCP,532,648,116,v012
6RXCP,432,566,134,v016
6RXCP,556,686,130,v012
6RXCP,98,223,125,v030
6RXCP,52,564,512,v008
6RXCP,400,559,159,v016
8J723,0,619,619,v008
8J723,710,871,161,v031
8J723,0,935,935,v008
8J723,621,852,231,v012
8J723,0,604,604,v026
X2GNB,0,216,216,v004
X2GNB,0,777,777,v018
X2GNB,0,777,777,v031
X2GNB,0,777,777,v019
X2GNB,0,777,777,v008
2ZFNL,0,470,470,v010
2ZFNL,0,62,62,v000
2ZFNL,372,470,98,v025
2ZFNL,0,79,79,v023
2ZFNL,64,168,104,v025
2ZFNL,45,271,226,v025
2ZFNL,0,470,470,v018
2ZFNL,175,470,295,v028
2ZFNL,0,235,235,v028
2ZFNL,0,79,79,v000
2ZFNL,357,470,113,v016
ODMAZ,0,708,708,v008
XU2MV,16,1079,1063,v008
XU2MV,0,1079,1079,v018
YBZOU,48,576,528,v026
YBZOU,501,703,202,v031
YBZOU,117,548,431,v026
YBZOU,601,728,127,v029
243Y9,144,328,184,v003
243Y9,523,672,149,v018
243Y9,513,771,258,v008
243Y9,0,218,218,v008
243Y9,424,660,236,v018
243Y9,492,684,192,v005
243Y9,460,645,185,v008
243Y9,0,189,189,v023
3MLVF,386,508,122,v001
3MLVF,0,350,350,v002
3MLVF,276,398,122,v012
3MLVF,372,525,153,v023
3MLVF,688,736,48,v016
3MLVF,688,736,48,v004
8VNSV,60,916,856,v018
8VNSV,103,907,804,v031
8VNSV,830,940,110,v018
8VNSV,511,664,153,v006
8VNSV,0,981,981,v008
8VNSV,98,912,814,v012
8VNSV,0,136,136,v022
8VNSV,0,981,981,v016
8VNSV,789,921,132,v001
2D98B,115,237,122,v012
2D98B,309,385,76,v001
2D98B,309,385,76,v012
5ZRFL,583,734,151,v008
5ZRFL,432,628,196,v001
5ZRFL,160,302,142,v012
5ZRFL,686,734,48,v031
5ZRFL,686,734,48,v023
5ZRFL,686,734,48,v014
42SEP,403,592,189,v018
42SEP,0,592,592,v008
42SEP,0,592,592,v014
42SEP,309,456,147,v007
42SEP,355,499,144,v018
NHLQ1,583,748,165,v005
NHLQ1,0,592,592,v008
NHLQ1,0,748,748,v008
NHLQ1,0,403,403,v003
NHLQ1,333,477,144,v022
NHLQ1,578,748,170,v013
NHLQ1,0,432,432,v018
NHLQ1,460,585,125,v016
NHLQ1,508,748,240,v023
NHLQ1,384,552,168,v008
NHLQ1,415,552,137,v005
K0Y6X,52,156,104,v027
K0Y6X,110,453,343,v008
K0Y6X,357,496,139,v012
K0Y6X,400,763,363,v014
K0Y6X,1094,1447,353,v031
K0Y6X,0,98,98,v029
CF9QP,326,501,175,v012
CF9QP,0,374,374,v004
CF9QP,321,614,293,v005
CF9QP,309,616,307,v023
CF9QP,259,403,144,v016
CF9QP,0,739,739,v018
CF9QP,388,607,219,v008
CF9QP,0,381,381,v008
X3KFE,537,765,228,v014
X3KFE,345,511,166,v004
X3KFE,417,619,202,v016
X3KFE,117,273,156,v019
X3KFE,0,343,343,v008
X3KFE,0,261,261,v013
X3KFE,259,415,156,v008
X3KFE,261,453,192,v004
X3KFE,0,765,765,v018
X3KFE,499,621,122,v016
X3KFE,0,765,765,v018
O5D7S,64,405,341,v014
O5D7S,331,451,120,v022
O5D7S,0,424,424,v018
O5D7S,0,424,424,v018
O5D7S,0,448,448,v008
O5D7S,0,436,436,v032
O5D7S,374,504,130,v029
O5D7S,0,434,434,v031
EHT0A,369,587,218,v026
EHT0A,0,336,336,v030
EHT0A,360,587,227,v026
DD9YS,0,730,730,v008
DD9YS,0,730,730,v019
DD9YS,0,730,730,v008
VXNGC,0,728,728,v021
VXNGC,0,728,728,v031
VXNGC,127,415,288,v019
VXNGC,0,728,728,v008
VXNGC,624,728,104,v014
GYRQH,417,729,312,v008
GYRQH,470,626,156,v025
GYRQH,405,597,192,v029
GYRQH,0,492,492,v031
GYRQH,134,482,348,v028
UVQWW,232,480,248,v016
UVQWW,0,489,489,v008
UVQWW,403,511,108,v025
GJC0W,0,81,81,v014
GJC0W,103,273,170,v022
GJC0W,115,743,628,v008
GJC0W,352,619,267,v029
GJC0W,0,96,96,v031
GJC0W,0,230,230,v018
GJC0W,136,285,149,v023
GJC0W,136,256,120,v001
GJC0W,0,237,237,v018
65RS3,345,676,331,v008
65RS3,340,662,322,v008
SFZ6Q,417,571,154,v012
SFZ6Q,0,172,172,v008
SFZ6Q,0,312,312,v003
SFZ6Q,350,628,278,v012
J1RLO,0,189,189,v001
J1RLO,448,600,152,v012
J1RLO,0,192,192,v029
DED50,0,175,175,v010
DED50,489,674,185,v004
DED50,360,764,404,v008
DED50,333,448,115,v023
DED50,62,216,154,v000
DED50,0,764,764,v021
DED50,364,525,161,v015
DED50,0,100,100,v000
DED50,249,764,515,v008
DED50,249,764,515,v008
DED50,67,764,697,v018
ZCOSY,391,730,339,v027
ZCOSY,0,494,494,v026
P6SOI,511,748,237,v012
P6SOI,669,772,103,v023
P6SOI,0,592,592,v006
P6SOI,0,662,662,v031
P6SOI,652,772,120,v016
P6SOI,724,772,48,v026
P6SOI,590,772,182,v026
P6SOI,585,746,161,v029
P6SOI,506,674,168,v007
W75CV,398,529,131,v008
W75CV,0,529,529,v008
W75CV,0,487,487,v000
W75CV,0,529,529,v008
W75CV,0,529,529,v021
W75CV,0,529,529,v018
F31X6,0,640,640,v018
F31X6,19,460,441,v028
F31X6,465,607,142,v008
F31X6,482,616,134,v005
F31X6,540,667,127,v022
F31X6,172,304,132,v008
91ZUX,0,747,747,v008
91ZUX,0,747,747,v018
91ZUX,0,747,747,v008
91ZUX,0,747,747,v031
91ZUX,0,747,747,v021
91ZUX,360,691,331,v019
91ZUX,0,747,747,v008
MRSYL,0,182,182,v008
MRSYL,72,192,120,v016
MRSYL,0,88,88,v008
MRSYL,0,144,144,v016
MRSYL,0,108,108,v017
1514T,0,582,582,v008
1514T,0,582,582,v023
1514T,376,556,180,v001
1514T,156,582,426,v009
1514T,240,434,194,v029
1514T,0,290,290,v026
1514T,194,582,388,v019
1514T,319,564,245,v001
1514T,0,290,290,v026
4KO74,273,559,286,v019
4KO74,62,770,708,v008
4KO74,600,824,224,v009
L3F3M,0,756,756,v014
L3F3M,0,540,540,v005
L3F3M,0,264,264,v008
L3F3M,333,508,175,v004
L3F3M,0,756,756,v008
L3F3M,0,756,756,v016
L3F3M,0,756,756,v018
L3F3M,0,756,756,v023
S2IG2,0,134,134,v012
S2IG2,816,1073,257,v008
S2IG2,290,504,214,v015
S2IG2,825,1073,248,v026
S2IG2,784,933,149,v023
S2IG2,4,482,478,v023
S2IG2,624,830,206,v004
S2IG2,129,268,139,v012
S2IG2,43,182,139,v001
S2IG2,86,681,595,v008
G4WCE,223,427,204,v016
G4WCE,223,372,149,v016
G4WCE,55,367,312,v008
G4WCE,208,367,159,v016
G4WCE,240,360,120,v016
G4WCE,331,801,470,v026
OSJW7,506,664,158,v001
OSJW7,468,602,134,v012
OSJW7,0,312,312,v026
OSJW7,470,652,182,v026
PHIRP,0,166,166,v008
QCBIG,0,321,321,v021
QCBIG,285,422,137,v025
QCBIG,381,542,161,v025
QCBIG,328,542,214,v028
QCBIG,691,739,48,v008
QCBIG,691,739,48,v016
QCBIG,691,739,48,v023
QCBIG,0,343,343,v008
QCBIG,280,439,159,v016
QCBIG,328,480,152,v023
WT3IG,511,874,363,v008
WT3IG,535,717,182,v026
WT3IG,0,196,196,v008
WT3IG,468,621,153,v016
WT3IG,79,249,170,v013
18FTZ,0,530,530,v018
18FTZ,600,757,157,v005
18FTZ,429,566,137,v022
18FTZ,506,624,118,v029
18FTZ,547,757,210,v008
18FTZ,0,501,501,v032
18FTZ,523,643,120,v023
18FTZ,532,757,225,v008
18FTZ,621,757,136,v005
18FTZ,0,513,513,v031
POHWK,0,74,74,v016
POHWK,0,730,730,v018
POHWK,0,730,730,v008
7JSAI,398,540,142,v016
7JSAI,458,597,139,v012
7JSAI,396,549,153,v016
7JSAI,60,261,201,v019
7JSAI,412,727,315,v016
7JSAI,0,508,508,v008
7JSAI,165,316,151,v029
HOZ76,552,672,120,v012
HOZ76,480,600,120,v023
HOZ76,600,734,134,v031
HOZ76,0,734,734,v018
HOZ76,360,504,144,v029
HOZ76,501,734,233,v008
HOZ76,0,734,734,v018
1SVJS,0,190,190,v014
1SVJS,0,129,129,v005
1SVJS,0,190,190,v008
1SVJS,0,122,122,v005
1SVJS,28,190,162,v020
1SVJS,0,190,190,v031
T0HLX,496,684,188,v016
T0HLX,496,684,188,v016
T0HLX,681,760,79,v001
T0HLX,590,748,158,v007
T0HLX,648,760,112,v029
T0HLX,348,504,156,v016
T0HLX,609,760,151,v012
T0HLX,28,492,464,v004
BM9H4,0,477,477,v008
BM9H4,0,477,477,v031
BM9H4,0,477,477,v008
BM9H4,62,477,415,v005
O4P08,216,393,177,v016
O4P08,0,400,400,v008
O4P08,422,609,187,v020
O4P08,213,393,180,v016
QC9M1,0,96,96,v008
QC9M1,842,1024,182,v023
QC9M1,808,1008,200,v022
QC9M1,290,782,492,v010
QC9M1,117,379,262,v016
QC9M1,564,890,326,v000
QC9M1,151,360,209,v018
81YF0,302,429,127,v025
81YF0,0,165,165,v016
81YF0,79,436,357,v008
81YF0,484,679,195,v026
81YF0,523,686,163,v023
0XP8L,148,360,212,v023
0XP8L,312,489,177,v002
0XP8L,472,876,404,v014
0XP8L,451,684,233,v018
0XP8L,513,876,363,v018
0XP8L,127,307,180,v012
0XP8L,0,232,232,v023
0XP8L,530,876,346,v031
0XP8L,4,228,224,v016
0XP8L,163,504,341,v016
0XP8L,254,494,240,v008
0XP8L,494,876,382,v018
0XP8L,487,876,389,v032
0XP8L,170,376,206,v001
0XP8L,14,218,204,v008
LSURK,0,657,657,v004
LSURK,0,657,657,v008
LSURK,0,657,657,v018
LSURK,0,657,657,v008
ANJNU,0,729,729,v018
ANJNU,0,729,729,v004
ANJNU,0,729,729,v008
ANJNU,436,655,219,v027
ANJNU,43,180,137,v029
ANJNU,36,228,192,v017
29B3I,0,386,386,v008
29B3I,432,968,536,v002
29B3I,96,424,328,v016
29B3I,86,434,348,v016
29B3I,112,439,327,v023
29B3I,0,172,172,v026
469ZJ,0,141,141,v027
469ZJ,52,208,156,v029
469ZJ,110,657,547,v016
RVYXB,398,523,125,v023
RVYXB,314,460,146,v022
RVYXB,0,408,408,v018
RVYXB,441,628,187,v015
RVYXB,0,403,403,v014
RVYXB,636,747,111,v018
RVYXB,0,403,403,v018
TMYHM,0,628,628,v014
TMYHM,530,680,150,v019
TMYHM,530,638,108,v009
TMYHM,0,680,680,v008
AVBDD,86,223,137,v025
AVBDD,0,544,544,v018
W5RC5,57,439,382,v018
W5RC5,156,408,252,v004
W5RC5,21,168,147,v018
W5RC5,74,249,175,v005
W5RC5,326,436,110,v022
W5RC5,64,427,363,v018
EK19H,108,374,266,v005
EK19H,108,372,264,v005
EK19H,360,532,172,v019
EK19H,9,542,533,v023
EK19H,326,453,127,v016
EK19H,314,422,108,v016
EK19H,93,420,327,v008
EK19H,91,199,108,v023
EK19H,336,451,115,v016
EK19H,91,453,362,v008
EK19H,76,196,120,v023
EK19H,100,444,344,v008
TVJ0L,264,463,199,v023
TVJ0L,57,184,127,v025
TVJ0L,9,177,168,v016
QBOOH,470,621,151,v001
QBOOH,422,561,139,v012
QBOOH,0,199,199,v031
QBOOH,0,307,307,v004
QBOOH,0,641,641,v008
QBOOH,408,542,134,v007
QBOOH,448,571,123,v029
M02OO,0,117,117,v009
M02OO,0,609,609,v007
M02OO,0,657,657,v019
MC45U,259,492,233,v015
MC45U,669,855,186,v018
MC45U,62,206,144,v028
MC45U,336,600,264,v004
MC45U,751,855,104,v018
MC45U,465,732,267,v028
MC45U,727,855,128,v031
MC45U,588,855,267,v023
UX9RI,98,592,494,v009
UX9RI,0,69,69,v016
UX9RI,0,62,62,v014
UX9RI,0,62,62,v008
UX9RI,0,62,62,v024
11TTU,290,477,187,v008
11TTU,16,189,173,v018
11TTU,103,602,499,v018
11TTU,153,400,247,v015
11TTU,79,604,525,v018
11TTU,525,638,113,v022
11TTU,184,316,132,v008
11TTU,355,482,127,v019
11TTU,134,240,106,v014
11TTU,235,369,134,v016
11TTU,0,175,175,v018
11TTU,139,280,141,v023
11TTU,100,232,132,v016
WNSGZ,2,755,753,v019
WNSGZ,0,755,755,v003
WNSGZ,0,755,755,v008
WNSGZ,0,755,755,v016
WNSGZ,0,755,755,v016
WNSGZ,0,755,755,v026
FYU0D,84,216,132,v016
FYU0D,120,247,127,v016
FYU0D,184,778,594,v026
FYU0D,0,223,223,v008
FYU0D,0,240,240,v016
CM293,12,225,213,v005
CM293,9,232,223,v005
CM293,168,384,216,v012
CM293,168,384,216,v012
CM293,472,631,159,v023
CM293,0,211,211,v019
CM293,0,707,707,v008
CM293,638,707,69,v029
D32A4,96,333,237,v008
D32A4,175,326,151,v016
D32A4,122,360,238,v019
D32A4,316,754,438,v032
D32A4,96,477,381,v031
D32A4,45,213,168,v023
D32A4,283,754,471,v032
D32A4,45,417,372,v016
D32A4,297,463,166,v008
D32A4,0,754,754,v018
FRLW2,616,756,140,v025
FRLW2,206,369,163,v016
FRLW2,636,756,120,v025
FRLW2,81,225,144,v023
8NSDT,153,297,144,v016
8NSDT,0,285,285,v008
8NSDT,115,292,177,v016
8NSDT,372,516,144,v008
8NSDT,367,743,376,v005
8NSDT,0,81,81,v029
5VJ1X,12,468,456,v030
5VJ1X,213,470,257,v016
5VJ1X,172,326,154,v023
5VJ1X,403,681,278,v004
5VJ1X,12,501,489,v022
5VJ1X,444,686,242,v008
5VJ1X,357,477,120,v025
5VJ1X,571,698,127,v016
5VJ1X,204,446,242,v008
5VJ1X,412,540,128,v018
J0JD1,355,638,283,v008
J0JD1,0,96,96,v017
J0JD1,204,343,139,v031
J0JD1,259,427,168,v029
J0JD1,12,170,158,v001
J0JD1,0,360,360,v009
J0JD1,192,638,446,v001
J0JD1,364,638,274,v008
C4HHB,43,336,293,v004
C4HHB,240,395,155,v020
C4HHB,206,367,161,v016
C4HHB,0,103,103,v023
C4HHB,0,364,364,v008
AAJI0,259,494,235,v012
AAJI0,24,283,259,v016
AAJI0,24,283,259,v028
FDOY9,633,856,223,v027
FDOY9,355,748,393,v004
FDOY9,492,775,283,v020
FDOY9,136,448,312,v015
FDOY9,141,898,757,v008
2J2EW,98,496,398,v012
2J2EW,0,187,187,v008
2J2EW,0,839,839,v008
138LG,216,352,136,v027
138LG,177,307,130,v029
W3CPB,249,480,231,v006
W3CPB,208,480,272,v022
W3CPB,0,98,98,v012
W3CPB,110,288,178,v028
W3CPB,144,278,134,v025
W3CPB,141,278,137,v025
W3CPB,0,115,115,v029
W3CPB,0,88,88,v007
EWBOG,228,535,307,v005
EWBOG,422,547,125,v016
EWBOG,86,278,192,v020
EWBOG,276,518,242,v008
EWBOG,235,372,137,v023
EWBOG,468,834,366,v008
EWBOG,276,511,235,v005
EWBOG,420,540,120,v016
EWBOG,228,544,316,v008
EWBOG,422,544,122,v016
EWBOG,228,364,136,v023
5Q0CX,340,448,108,v027
5Q0CX,537,736,199,v031
5Q0CX,12,297,285,v000
5Q0CX,196,386,190,v022
5Q0CX,0,115,115,v010
3FMAS,0,628,628,v031
3FMAS,40,556,516,v022
3FMAS,758,892,134,v013
3FMAS,0,892,892,v008
3FMAS,352,525,173,v006
3FMAS,544,892,348,v014
3ONCH,290,508,218,v001
3ONCH,136,530,394,v016
3ONCH,117,566,449,v019
3ONCH,144,348,204,v008
3ONCH,124,369,245,v012
3ONCH,304,528,224,v008
3ONCH,420,532,112,v016
VSFCR,0,910,910,v018
VSFCR,0,698,698,v004
VSFCR,74,910,836,v009
VSFCR,0,910,910,v018
VSFCR,0,698,698,v008
HNTS9,0,129,129,v008
HNTS9,216,444,228,v027
HNTS9,38,213,175,v016
HNTS9,33,168,135,v018
HNTS9,62,444,382,v018
VLMII,324,429,105,v025
VLMII,48,180,132,v001
VLMII,0,158,158,v031
VLMII,0,129,129,v014
VLMII,216,386,170,v028
VLMII,201,434,233,v016
VLMII,372,588,216,v016
75KQ6,175,312,137,v008
75KQ6,211,391,180,v016
75KQ6,372,707,335,v011
75KQ6,0,324,324,v030
75KQ6,189,338,149,v030
75KQ6,391,528,137,v008
75KQ6,62,182,120,v023
57MEO,175,360,185,v016
57MEO,19,340,321,v008
57MEO,19,340,321,v008
57MEO,175,360,185,v016
57MEO,175,360,185,v016
57MEO,0,117,117,v012
57MEO,0,79,79,v007
57MEO,0,93,93,v029
9FHVW,0,391,391,v014
9FHVW,384,516,132,v012
9FHVW,456,568,112,v001
9FHVW,314,480,166,v019
9FHVW,566,709,143,v004
9FHVW,0,381,381,v008
W1SRN,336,472,136,v025
W1SRN,244,393,149,v023
W1SRN,0,122,122,v029
W1SRN,266,492,226,v008
W1SRN,492,778,286,v021
W1SRN,340,480,140,v025
W1SRN,153,292,139,v012
W1SRN,26,165,139,v027
170OQ,0,436,436,v005
170OQ,290,441,151,v016
170OQ,355,573,218,v023
170OQ,0,721,721,v008
170OQ,0,721,721,v018
170OQ,0,429,429,v008
170OQ,403,607,204,v008
170OQ,427,556,129,v026
170OQ,0,376,376,v005
170OQ,482,721,239,v021
170OQ,0,721,721,v018
170OQ,0,427,427,v008
170OQ,412,588,176,v016
170OQ,0,721,721,v014
N4Q0O,24,285,261,v000
N4Q0O,177,292,115,v022
N4Q0O,0,244,244,v010
N4Q0O,100,285,185,v000
O0NVG,415,626,211,v015
O0NVG,276,626,350,v008
O0NVG,96,295,199,v028
O0NVG,62,232,170,v029
O0NVG,271,626,355,v023
O0NVG,360,494,134,v016
O0NVG,117,290,173,v025
5C6IS,127,254,127,v012
5C6IS,232,384,152,v025
5C6IS,177,360,183,v023
5C6IS,206,417,211,v008
5C6IS,247,369,122,v016
5C6IS,0,369,369,v008
LECWG,79,264,185,v031
LECWG,492,754,262,v016
LECWG,511,722,211,v008
LECWG,237,568,331,v003
LECWG,0,300,300,v003
LECWG,585,754,169,v012
LECWG,477,754,277,v016
LECWG,590,741,151,v012
LECWG,0,134,134,v008
HONRP,88,580,492,v008
HONRP,338,612,274,v030
HONRP,91,494,403,v008
HONRP,216,400,184,v016
HONRP,331,580,249,v016
OBXY5,57,343,286,v030
OBXY5,12,129,117,v016
MNNDB,345,525,180,v023
MNNDB,69,446,377,v005
MNNDB,396,532,136,v022
MNNDB,52,516,464,v018
MNNDB,360,554,194,v008
MNNDB,14,444,430,v023
MNNDB,16,165,149,v018
MNNDB,45,506,461,v018
MNNDB,14,170,156,v008
MNNDB,38,177,139,v016
MNNDB,74,444,370,v008
MNNDB,31,170,139,v016
MNNDB,357,566,209,v016
803H6,151,295,144,v012
803H6,264,381,117,v025
803H6,151,295,144,v012
803H6,307,740,433,v031
803H6,511,652,141,v016
EHHRS,38,163,125,v027
EHHRS,340,520,180,v005
EHHRS,220,338,118,v020
EHHRS,328,549,221,v008
G5G8K,0,256,256,v008
G5G8K,79,240,161,v016
G5G8K,0,747,747,v008
G5G8K,105,747,642,v020
G5G8K,266,530,264,v019
G5G8K,0,747,747,v008
ZO3EG,240,914,674,v008
ZO3EG,2,381,379,v016
ZO3EG,422,628,206,v008
ZO3EG,372,552,180,v023
ZO3EG,38,276,238,v030
ZO3EG,0,295,295,v023
ZO3EG,290,451,161,v012
ZO3EG,381,756,375,v016
ZO3EG,21,225,204,v028
ZO3EG,765,914,149,v012
ZO3EG,144,321,177,v025
ZO3EG,830,914,84,v029
ZO3EG,84,240,156,v008
Z0O2V,0,523,523,v026
Z0O2V,0,230,230,v008
Z0O2V,556,703,147,v016
Z0O2V,122,244,122,v016
Z0O2V,204,321,117,v016
Z0O2V,127,244,117,v016
Z0O2V,192,314,122,v016
Z0O2V,268,388,120,v016
A0RW3,266,756,490,v008
A0RW3,232,600,368,v031
A0RW3,352,756,404,v020
A0RW3,292,528,236,v031
36WU0,0,748,748,v008
36WU0,0,748,748,v031
36WU0,0,748,748,v018
JP60G,312,527,215,v008
JP60G,0,168,168,v023
JP60G,14,194,180,v028
JP60G,280,427,147,v018
JP60G,307,434,127,v013
JP60G,333,527,194,v018
JP60G,271,527,256,v014
JP60G,62,192,130,v016
JP60G,141,261,120,v012
2RJF6,456,717,261,v019
2RJF6,456,717,261,v031
2RJF6,0,542,542,v031
2RJF6,0,528,528,v018
2RJF6,480,710,230,v006
2RJF6,0,530,530,v014
2RJF6,717,792,75,v029
J3ZZH,703,902,199,v008
J3ZZH,559,756,197,v016
J3ZZH,559,756,197,v023
J3ZZH,460,655,195,v022
J3ZZH,650,780,130,v001
J3ZZH,26,124,98,v023
J3ZZH,12,112,100,v016
J3ZZH,0,81,81,v000
J3ZZH,0,64,64,v010
MYPU6,76,732,656,v004
MYPU6,74,732,658,v008
MYPU6,12,148,136,v008
MYPU6,12,139,127,v025
MYPU6,122,732,610,v005
MYPU6,163,732,569,v018
THW67,552,672,120,v008
THW67,0,264,264,v028
THW67,240,576,336,v008
THW67,288,528,240,v005
THW67,0,264,264,v023
THW67,14,115,101,v025
THW67,12,110,98,v023
THW67,0,72,72,v025
THW67,4,108,104,v016
THW67,0,96,96,v016
THW67,0,103,103,v023
THW67,544,698,154,v026
THW67,523,698,175,v025
THW67,280,619,339,v005
THW67,242,624,382,v023
THW67,4,307,303,v023
THW67,261,602,341,v008
THW67,489,664,175,v016
THW67,492,698,206,v019
THW67,268,393,125,v023
THW67,504,619,115,v016
THW67,280,540,260,v008
WZN0I,0,136,136,v008
WZN0I,0,122,122,v023
WZN0I,324,745,421,v008
WZN0I,302,420,118,v023
WZN0I,45,184,139,v025
WZN0I,31,196,165,v025
WZN0I,336,745,409,v014
SZTNV,0,690,690,v018
SZTNV,0,690,690,v005
SZTNV,0,690,690,v008
SZTNV,0,690,690,v025
SZTNV,0,690,690,v005
SZTNV,0,690,690,v025
SZTNV,0,690,690,v016
SZTNV,0,690,690,v016
SZTNV,0,690,690,v008
ZZDBH,48,714,666,v010
ZZDBH,48,714,666,v024
ZZDBH,24,714,690,v018
ZZDBH,24,714,690,v008
5SGU6,24,225,201,v012
5SGU6,0,117,117,v008
5SGU6,144,264,120,v016
5SGU6,261,391,130,v012
5SGU6,333,451,118,v016
5SGU6,232,348,116,v016
5SGU6,232,348,116,v016
5SGU6,638,722,84,v001
5SGU6,237,343,106,v016
5SGU6,0,348,348,v008
5SGU6,201,348,147,v016
LCEM0,4,302,298,v005
LCEM0,211,751,540,v014
LCEM0,0,708,708,v008
LCEM0,0,708,708,v008
LCEM0,0,751,751,v018
LCEM0,564,708,144,v016
LCEM0,571,700,129,v016
LCEM0,0,751,751,v018
LCEM0,16,261,245,v023
LCEM0,0,751,751,v032
LCEM0,511,652,141,v016
LCEM0,542,700,158,v023
LCEM0,204,420,216,v031
2DTZ3,7,175,168,v001
2DTZ3,182,364,182,v008
2DTZ3,117,383,266,v017
2DTZ3,182,297,115,v023
4AQZ2,9,355,346,v016
4AQZ2,628,761,133,v031
4AQZ2,544,696,152,v001
4AQZ2,0,355,355,v008
4AQZ2,146,686,540,v012
4AQZ2,628,761,133,v006
4AQZ2,36,367,331,v016
A8SG6,0,544,544,v008
A8SG6,0,544,544,v005
A8SG6,0,544,544,v008
A8SG6,0,544,544,v031
A8SG6,0,544,544,v005
A8SG6,0,544,544,v008
A8SG6,0,544,544,v008
Q34XB,237,357,120,v008
Q34XB,55,259,204,v016
Q34XB,0,223,223,v028
Q34XB,256,610,354,v003
Q34XB,220,367,147,v023
7SQXM,0,742,742,v031
7SQXM,0,742,742,v021
7SQXM,0,742,742,v018
2STCL,336,487,151,v016
2STCL,33,427,394,v031
2STCL,36,357,321,v028
2STCL,273,410,137,v023
2STCL,266,424,158,v023
2STCL,280,420,140,v008
2STCL,314,446,132,v016
2STCL,91,307,216,v016
2STCL,81,324,243,v008
2STCL,81,336,255,v016
H8S4L,0,696,696,v008
H8S4L,0,187,187,v014
H8S4L,158,626,468,v008
H8S4L,355,477,122,v005
3W6TL,290,477,187,v001
3W6TL,9,355,346,v008
3W6TL,201,362,161,v016
3W6TL,0,192,192,v023
3W6TL,0,192,192,v025
3W6TL,244,364,120,v016
3W6TL,338,463,125,v007
3W6TL,314,482,168,v001
D7PI9,0,739,739,v008
D7PI9,0,739,739,v006
D7PI9,0,739,739,v018
D7PI9,0,316,316,v008
D7PI9,213,350,137,v023
N9D4C,199,388,189,v008
N9D4C,199,388,189,v021
N9D4C,199,388,189,v019
N9D4C,0,295,295,v031
N9D4C,0,459,459,v018
K4UOG,0,312,312,v031
K4UOG,312,696,384,v005
K4UOG,240,696,456,v008
K4UOG,312,696,384,v005
K4UOG,242,403,161,v023
K4UOG,261,715,454,v008
K4UOG,242,403,161,v023
K4UOG,578,715,137,v016
YCGJS,309,724,415,v011
YCGJS,132,338,206,v018
YCGJS,619,736,117,v022
YCGJS,124,247,123,v016
YCGJS,192,345,153,v018
YCGJS,254,736,482,v008
YCGJS,0,242,242,v008
YCGJS,643,736,93,v019
YCGJS,33,151,118,v029
YCGJS,220,732,512,v018
YCGJS,124,247,123,v016
YCGJS,129,247,118,v016
82YF1,355,518,163,v004
82YF1,501,621,120,v016
82YF1,304,417,113,v016
82YF1,283,393,110,v025
82YF1,259,559,300,v008
82YF1,31,393,362,v008
82YF1,52,393,341,v023
82YF1,468,612,144,v016
82YF1,0,100,100,v029
9F91I,146,436,290,v012
9F91I,50,192,142,v029
9F91I,0,764,764,v008
GAM0E,74,208,134,v016
GAM0E,64,439,375,v016
GAM0E,132,408,276,v026
GAM0E,331,504,173,v020
GAM0E,477,591,114,v001
TUTOD,0,513,513,v003
TUTOD,436,628,192,v018
TUTOD,513,775,262,v010
TUTOD,511,621,110,v018
WN2N7,0,597,597,v010
WN2N7,271,499,228,v014
WN2N7,16,172,156,v008
WN2N7,456,568,112,v016
WN2N7,235,350,115,v023
WN2N7,0,134,134,v024
KLO0K,48,417,369,v007
KLO0K,321,472,151,v008
KLO0K,360,482,122,v016
KLO0K,67,175,108,v019
KLO0K,429,764,335,v010
KLO0K,338,475,137,v025
7W66P,0,129,129,v018
7W66P,242,747,505,v008
7W66P,441,566,125,v018
7W66P,72,747,675,v031
7W66P,158,304,146,v031
7W66P,225,537,312,v023
7W66P,0,153,153,v022
7W66P,0,134,134,v018
Z04NK,0,100,100,v008
Z04NK,0,122,122,v016
Z04NK,0,254,254,v019
Z04NK,0,153,153,v016
Z04NK,93,254,161,v009
KRRBE,278,444,166,v029
KRRBE,122,242,120,v016
KRRBE,120,266,146,v022
KRRBE,0,156,156,v008
KRRBE,0,223,223,v031
KRRBE,0,206,206,v018
KRRBE,0,211,211,v008
KRRBE,0,213,213,v031
12T13,0,735,735,v031
12T13,0,735,735,v008
12T13,0,735,735,v032
12T13,0,735,735,v008
12T13,0,735,735,v018
12T13,0,735,735,v014
12T13,0,735,735,v018
12T13,0,216,216,v016
12T13,290,528,238,v016
Y4PAD,0,739,739,v008
Y4PAD,0,739,739,v014
Y4PAD,0,739,739,v018
Y4PAD,307,513,206,v008
Y4PAD,302,549,247,v008
Y4PAD,300,547,247,v023
Y4PAD,302,424,122,v029
Y4PAD,0,739,739,v018
I8BC5,309,516,207,v008
I8BC5,184,400,216,v005
I8BC5,192,408,216,v005
I8BC5,165,386,221,v008
I8BC5,165,386,221,v008
I8BC5,96,336,240,v029
I8BC5,297,578,281,v023
I8BC5,144,381,237,v023
ZHOP3,168,304,136,v001
ZHOP3,256,432,176,v008
ZHOP3,424,705,281,v028
ZHOP3,60,266,206,v023
ZHOP3,168,367,199,v022
ZHOP3,2,156,154,v012
ZHOP3,117,767,650,v016
ZHOP3,93,554,461,v023
ZHOP3,93,767,674,v008
ZHOP3,0,767,767,v003
2MJA1,0,754,754,v008
2MJA1,0,754,754,v031
2MJA1,0,754,754,v014
2MJA1,216,580,364,v028
2MJA1,400,674,274,v016
94EHE,115,372,257,v023
94EHE,26,187,161,v016
94EHE,52,213,161,v025
8KM5Q,0,69,69,v025
8KM5Q,19,146,127,v019
8KM5Q,0,708,708,v018
LK2XX,0,713,713,v008
LK2XX,136,713,577,v019
LK2XX,0,713,713,v008
2OWA8,55,364,309,v012
2OWA8,74,364,290,v016
2OWA8,0,508,508,v018
2OWA8,60,682,622,v008
2OWA8,0,285,285,v016
2OWA8,412,585,173,v022
2OWA8,0,168,168,v023
2OWA8,460,609,149,v029
8WYAG,0,757,757,v016
8WYAG,0,757,757,v023
8WYAG,0,757,757,v026
BT7FV,415,626,211,v001
BT7FV,213,513,300,v012
BT7FV,213,513,300,v031
BT7FV,549,626,77,v016
BT7FV,60,607,547,v008
BT7FV,40,211,171,v023
BT7FV,43,304,261,v018
BT7FV,192,626,434,v018
PJ2NN,367,722,355,v006
PJ2NN,204,722,518,v006
1YTD7,585,729,144,v012
1YTD7,0,660,660,v032
1YTD7,0,645,645,v010
1YTD7,508,667,159,v022
1YTD7,583,710,127,v007
8NJD2,139,506,367,v008
8NJD2,21,168,147,v012
8NJD2,141,504,363,v023
8NJD2,439,615,176,v001
8NJD2,14,182,168,v012
8NJD2,31,175,144,v007
8NJD2,456,615,159,v001
8NJD2,566,615,49,v019
1L2G1,9,660,651,v023
1L2G1,0,182,182,v018
1L2G1,45,723,678,v003
1L2G1,0,127,127,v001
1L2G1,50,723,673,v018
PFCRB,0,91,91,v031
PFCRB,0,618,618,v008
PFCRB,367,535,168,v020
PFCRB,0,525,525,v019
CN108,0,117,117,v021
CN108,0,295,295,v010
CN108,264,422,158,v022
CN108,0,336,336,v008
CN108,523,640,117,v016
D2ES2,0,74,74,v008
D2ES2,0,69,69,v023
D2ES2,0,139,139,v025
D2ES2,256,374,118,v029
6PN8O,552,741,189,v027
6PN8O,0,206,206,v008
6PN8O,136,667,531,v003
6PN8O,0,636,636,v008
ORPD5,0,252,252,v008
ORPD5,410,701,291,v026
ORPD5,88,396,308,v009
ORPD5,103,252,149,v016
ORPD5,0,701,701,v016
ORPD5,67,701,634,v008
ORPD5,141,396,255,v031
ORPD5,120,640,520,v019
ORPD5,60,328,268,v008
ORPD5,204,412,208,v008
ORPD5,0,124,124,v023
ORPD5,98,216,118,v023
ORPD5,384,492,108,v023
ORPD5,0,225,225,v026
ORPD5,0,184,184,v008
ORPD5,112,285,173,v008
ORPD5,194,420,226,v009
WTJQ0,194,415,221,v001
WTJQ0,141,307,166,v012
WTJQ0,0,218,218,v008
WTJQ0,242,447,205,v016
WTJQ0,2,175,173,v016
WTJQ0,124,384,260,v029
WTJQ0,124,447,323,v008
SQY6A,388,660,272,v001
SQY6A,156,355,199,v008
SQY6A,242,369,127,v016
SQY6A,50,796,746,v019
SQY6A,24,384,360,v023
ZU8Q1,124,357,233,v016
ZU8Q1,309,501,192,v012
ZU8Q1,184,396,212,v016
ZU8Q1,184,403,219,v016
ZU8Q1,244,513,269,v018
ZU8Q1,45,328,283,v008
ZU8Q1,117,288,171,v001
ZU8Q1,403,734,331,v031
ZU8Q1,36,314,278,v008
ZU8Q1,0,328,328,v022
ZU8Q1,333,736,403,v018
ZU8Q1,333,736,403,v018
ZU8Q1,348,703,355,v014
ZU8Q1,4,280,276,v012
ZU8Q1,12,328,316,v023
ZU8Q1,4,170,166,v023
HWLBL,0,729,729,v014
HWLBL,0,441,441,v008
HWLBL,0,441,441,v011
HWLBL,333,463,130,v016
HWLBL,0,456,456,v016
HWLBL,0,729,729,v018
HWLBL,76,427,351,v023
HWLBL,0,729,729,v018
HWLBL,62,453,391,v008
HWLBL,0,729,729,v018
GANC6,40,170,130,v016
GANC6,38,156,118,v016
GANC6,93,658,565,v026
GANC6,326,470,144,v020
GANC6,24,151,127,v008
GANC6,43,153,110,v025
GANC6,16,136,120,v023
TLSUX,21,666,645,v008
TLSUX,0,100,100,v029
TLSUX,0,100,100,v017
TLSUX,64,666,602,v020
TLSUX,21,153,132,v023
TLSUX,28,666,638,v008
8FH2F,249,422,173,v001
8FH2F,391,540,149,v018
8FH2F,199,314,115,v008
8FH2F,350,475,125,v018
8FH2F,33,223,190,v012
8FH2F,103,350,247,v004
8FH2F,247,494,247,v019
8FH2F,475,719,244,v018
8FH2F,177,331,154,v029
OVKWZ,463,715,252,v030
OVKWZ,0,803,803,v008
OVKWZ,0,432,432,v008
OVKWZ,456,672,216,v030
XN64E,50,794,744,v008
XN64E,201,794,593,v008
XN64E,153,290,137,v012
XN64E,348,794,446,v005
XN64E,201,794,593,v008
XN64E,360,794,434,v005
XN64E,0,794,794,v023
OFPAE,170,809,639,v008
OFPAE,0,809,809,v010
OFPAE,48,220,172,v000
OFPAE,158,809,651,v014
GDTYU,0,683,683,v008
GDTYU,254,614,360,v028
GDTYU,0,297,297,v008
GDTYU,0,292,292,v005
GDTYU,160,285,125,v016
GDTYU,0,276,276,v008
GDTYU,0,252,252,v005
GDTYU,600,683,83,v016
GDTYU,528,683,155,v008
GDTYU,168,290,122,v016
GDTYU,333,683,350,v023
MOT57,446,613,167,v008
MOT57,0,348,348,v004
MOT57,280,424,144,v016
MOT57,480,613,133,v031
MOT57,429,559,130,v023
D9UO2,117,252,135,v008
D9UO2,115,357,242,v008
D9UO2,187,362,175,v016
D9UO2,76,196,120,v012
D9UO2,100,261,161,v023
T8B7B,535,691,156,v001
T8B7B,0,602,602,v008
T8B7B,470,609,139,v016
T8B7B,0,704,704,v010
T8B7B,400,559,159,v018
T8B7B,388,530,142,v020
T8B7B,480,664,184,v016
T8B7B,0,609,609,v008
706BT,0,600,600,v005
706BT,0,132,132,v005
706BT,607,767,160,v019
706BT,607,767,160,v009
DOUFF,211,418,207,v013
DOUFF,0,418,418,v008
KDYNB,0,77,77,v031
KDYNB,0,77,77,v008
V4HBP,489,705,216,v023
V4HBP,604,727,123,v025
V4HBP,0,271,271,v008
V4HBP,292,463,171,v025
V4HBP,638,747,109,v018
V4HBP,0,271,271,v008
V4HBP,261,381,120,v016
V4HBP,0,458,458,v026
V4HBP,516,652,136,v008
V4HBP,374,518,144,v026
V4HBP,280,451,171,v016
V4HBP,523,667,144,v016
5SAAB,115,276,161,v016
5SAAB,508,705,197,v018
5SAAB,300,547,247,v012
5SAAB,0,228,228,v008
5SAAB,580,739,159,v018
5SAAB,506,739,233,v008
5SAAB,295,432,137,v023
5SAAB,516,631,115,v023
5SAAB,652,739,87,v005
5SAAB,535,739,204,v023
OFB7A,319,530,211,v004
OFB7A,350,516,166,v019
OFB7A,350,516,166,v031
OFB7A,0,704,704,v018
OFB7A,0,704,704,v008
86GSE,268,445,177,v028
86GSE,127,261,134,v027
86GSE,187,338,151,v018
86GSE,242,445,203,v018
86GSE,230,445,215,v023
86GSE,247,445,198,v008
86GSE,319,445,126,v019
JA49K,0,504,504,v004
JA49K,0,504,504,v031
JA49K,0,525,525,v008
R4FOQ,33,148,115,v008
R4FOQ,14,122,108,v023
R4FOQ,62,148,86,v031
R4FOQ,0,72,72,v012
R4FOQ,16,141,125,v001
I0HIX,0,184,184,v032
I0HIX,0,177,177,v014
I0HIX,117,504,387,v003
I0HIX,436,556,120,v020
Q0BNP,571,768,197,v004
Q0BNP,357,628,271,v028
Q0BNP,122,772,650,v022
Q0BNP,508,772,264,v023
Q0BNP,184,585,401,v008
Q0BNP,206,331,125,v029
Q0BNP,314,429,115,v016
MQHDC,0,736,736,v008
MQHDC,0,736,736,v005
MQHDC,0,736,736,v005
G24CA,0,1072,1072,v032
G24CA,0,1297,1297,v018
G24CA,28,1204,1176,v031
G24CA,0,1228,1228,v008
G24CA,1087,1228,141,v001
G24CA,100,489,389,v019
UZIER,105,264,159,v016
UZIER,160,831,671,v008
UZIER,9,156,147,v008
UZIER,146,276,130,v023
UZIER,206,831,625,v014
KCEJF,26,223,197,v005
KCEJF,189,528,339,v031
KCEJF,64,326,262,v005
KCEJF,0,744,744,v008
19ZJB,405,573,168,v008
19ZJB,477,669,192,v016
19ZJB,189,343,154,v001
19ZJB,170,285,115,v012
19ZJB,165,280,115,v007
19ZJB,499,657,158,v016
19ZJB,403,576,173,v008
19ZJB,588,720,132,v031
D548M,578,738,160,v016
D548M,336,568,232,v029
D548M,0,738,738,v008
D548M,578,738,160,v016
OFGBC,0,724,724,v024
OFGBC,264,432,168,v009
OFGBC,360,506,146,v020
OFGBC,0,367,367,v007
OFGBC,0,724,724,v008
2IS9G,667,715,48,v008
2IS9G,264,609,345,v010
2IS9G,24,220,196,v000
2IS9G,552,715,163,v007
2IS9G,470,580,110,v023
2IS9G,374,492,118,v008
2IS9G,244,355,111,v027
PZS0C,484,749,265,v007
PZS0C,52,242,190,v022
PZS0C,0,163,163,v000
PZS0C,199,749,550,v028
PZS0C,52,206,154,v018
PZS0C,273,429,156,v031
PZS0C,0,115,115,v000
9J166,237,420,183,v012
9J166,0,528,528,v008
9J166,417,525,108,v001
9J166,0,520,520,v031
9J166,252,448,196,v031
9J166,446,528,82,v001
F796T,237,749,512,v014
F796T,0,175,175,v029
F796T,206,326,120,v001
4C1KY,772,928,156,v026
4C1KY,0,494,494,v005
4C1KY,0,832,832,v008
4C1KY,0,823,823,v031
4C1KY,772,928,156,v026
4C1KY,727,888,161,v022
4C1KY,684,823,139,v001
4C1KY,722,849,127,v016
4C1KY,0,794,794,v019
4C1KY,0,828,828,v018
4C1KY,0,828,828,v018
V9XR6,328,480,152,v010
V9XR6,811,920,109,v019
V9XR6,0,789,789,v018
V9XR6,760,904,144,v012
V9XR6,0,775,775,v014
V9XR6,568,724,156,v022
V9XR6,0,724,724,v018
V9XR6,808,920,112,v023
V9XR6,0,790,790,v032
38HNU,312,463,151,v020
38HNU,312,537,225,v009
WV8SY,314,456,142,v012
WV8SY,403,529,126,v028
WV8SY,307,480,173,v017
WV8SY,302,439,137,v029
WV8SY,367,520,153,v016
WV8SY,415,529,114,v028
WV8SY,369,504,135,v016
WV8SY,360,504,144,v016
5XAMJ,242,388,146,v001
5XAMJ,384,773,389,v008
5XAMJ,552,773,221,v009
5XAMJ,554,773,219,v019
5XAMJ,0,350,350,v008
5XAMJ,304,472,168,v023
5XAMJ,0,360,360,v031
5XAMJ,362,773,411,v014
5XAMJ,0,773,773,v018
3C9L1,626,789,163,v022
3C9L1,748,828,80,v016
3C9L1,0,727,727,v018
3C9L1,0,828,828,v008
3C9L1,602,823,221,v023
3C9L1,93,686,593,v031
0A8ZT,614,801,187,v008
0A8ZT,631,801,170,v014
0A8ZT,249,465,216,v005
0A8ZT,0,657,657,v008
0A8ZT,530,657,127,v016
0A8ZT,254,655,401,v016
0A8ZT,636,801,165,v023
0A8ZT,513,672,159,v016
0A8ZT,600,720,120,v023
0A8ZT,256,446,190,v004
0A8ZT,117,312,195,v015
CJJ4Q,108,261,153,v016
CJJ4Q,0,199,199,v018
CJJ4Q,187,646,459,v031
CJJ4Q,172,530,358,v005
CJJ4Q,148,646,498,v018
CJJ4Q,45,646,601,v008
FQBHO,0,618,618,v008
FQBHO,36,618,582,v026
FQBHO,0,88,88,v004
FQBHO,110,618,508,v025
9Z1A3,76,309,233,v003
9Z1A3,0,165,165,v003
9Z1A3,0,410,410,v003
9Z1A3,256,619,363,v008
9Z1A3,0,204,204,v008
9Z1A3,240,391,151,v023
9Z1A3,266,641,375,v016
9Z1A3,0,252,252,v016
QU5KF,105,235,130,v013
QU5KF,0,86,86,v029
QU5KF,91,513,422,v008
QU5KF,88,516,428,v014
8SVWO,674,786,112,v005
8SVWO,588,786,198,v023
8SVWO,0,786,786,v018
8SVWO,0,362,362,v014
8SVWO,580,786,206,v008
8SVWO,698,786,88,v008
8SVWO,710,786,76,v005
8SVWO,0,708,708,v008
8SVWO,597,770,173,v023
8SVWO,631,786,155,v023
8SVWO,328,552,224,v005
7HV9Q,0,259,259,v012
7HV9Q,170,717,547,v031
7HV9Q,0,717,717,v032
7HV9Q,367,528,161,v019
7HV9Q,0,717,717,v014
7HV9Q,0,717,717,v014
GRJG1,0,545,545,v008
GRJG1,0,545,545,v026
GRJG1,300,422,122,v028
GRJG1,379,513,134,v016
GRJG1,264,384,120,v025
GRJG1,120,480,360,v028
GRJG1,360,504,144,v023
GRJG1,50,146,96,v026
GRJG1,0,168,168,v032
DDV1G,384,743,359,v018
DDV1G,0,144,144,v000
DDV1G,146,475,329,v018
DDV1G,384,743,359,v018
DDV1G,0,163,163,v010
DDV1G,451,743,292,v032
DDV1G,0,264,264,v000
PG32H,604,1252,648,v026
PG32H,348,638,290,v003
PG32H,873,1254,381,v016
PG32H,2,669,667,v023
ZQAMW,0,795,795,v031
ZQAMW,444,600,156,v023
ZQAMW,0,795,795,v021
ZQAMW,492,795,303,v020
ZQAMW,489,795,306,v008
ZQAMW,465,580,115,v023
OO6BH,292,451,159,v016
OO6BH,429,717,288,v008
OO6BH,470,679,209,v020
OO6BH,242,367,125,v023
OO6BH,657,796,139,v016
OO6BH,307,422,115,v016
OO6BH,199,328,129,v012
OO6BH,208,914,706,v016
OO6BH,199,936,737,v012
OO6BH,199,312,113,v007
OO6BH,208,333,125,v001
OO6BH,424,580,156,v023
51801,67,230,163,v023
51801,201,415,214,v004
51801,295,494,199,v016
51801,0,789,789,v018
51801,0,789,789,v018
51801,156,789,633,v008
51801,160,415,255,v016
51801,160,264,104,v023
UX8NQ,333,601,268,v008
UX8NQ,43,307,264,v009
UX8NQ,316,429,113,v016
UX8NQ,336,601,265,v026
UX8NQ,336,456,120,v023
UX8NQ,264,408,144,v023
UX8NQ,12,120,108,v008
UX8NQ,24,309,285,v030
UX8NQ,273,384,111,v008
UX8NQ,288,427,139,v030
UX8NQ,38,319,281,v030
UX8NQ,343,601,258,v026
UX8NQ,204,348,144,v016
UX8NQ,0,115,115,v023
UX8NQ,45,360,315,v019
X8AP2,290,612,322,v008
X8AP2,535,728,193,v005
X8AP2,218,360,142,v001
X8AP2,0,429,429,v008
X8AP2,0,429,429,v031
X8AP2,36,309,273,v005
X8AP2,535,703,168,v008
AO8RW,0,165,165,v016
AO8RW,280,809,529,v003
AO8RW,74,302,228,v016
AO8RW,52,412,360,v023
AO8RW,530,712,182,v006
QVYE2,28,424,396,v031
QVYE2,0,758,758,v003
QVYE2,547,758,211,v008
QVYE2,0,86,86,v008
0KER3,0,408,408,v012
0KER3,326,585,259,v023
0KER3,477,665,188,v008
0KER3,0,665,665,v008
0KER3,0,665,665,v014
0KER3,280,408,128,v016
0KER3,0,134,134,v023
0KER3,218,357,139,v023
0KER3,208,665,457,v031
0KER3,0,665,665,v008
0KER3,0,665,665,v018
QXBTG,292,458,166,v028
QXBTG,7,144,137,v001
QXBTG,177,436,259,v008
QXBTG,74,235,161,v023
QXBTG,355,490,135,v022
QXBTG,345,490,145,v025
QXBTG,0,93,93,v012
QXBTG,57,204,147,v008
QXBTG,57,261,204,v016
QXBTG,0,136,136,v008
7NLXI,0,576,576,v008
7NLXI,201,420,219,v020
ZXKUH,0,506,506,v026
ZXKUH,417,733,316,v008
ZXKUH,0,513,513,v003
ZXKUH,530,724,194,v029
ZXKUH,420,590,170,v023
NYZ5Q,302,432,130,v022
NYZ5Q,0,340,340,v026
NYZ5Q,0,312,312,v026
NYZ5Q,307,432,125,v001
PBV4T,81,208,127,v022
PBV4T,0,204,204,v018
PBV4T,60,194,134,v016
PBV4T,122,208,86,v010
PBV4T,0,165,165,v005
PBV4T,0,98,98,v008
PBV4T,0,103,103,v005
PBV4T,72,194,122,v016
PBV4T,0,76,76,v023
PBV4T,127,208,81,v018
PBV4T,21,132,111,v008
PBV4T,69,194,125,v016
PBV4T,45,156,111,v004
PBV4T,0,100,100,v008
PBV4T,2,103,101,v016
PBV4T,0,62,62,v023
PBV4T,0,192,192,v008
PBV4T,28,129,101,v023
PBV4T,84,194,110,v016
8030U,412,847,435,v031
8030U,0,489,489,v010
8030U,0,540,540,v008
8030U,456,847,391,v018
8030U,660,847,187,v006
1JGRO,57,731,674,v031
1JGRO,160,508,348,v005
1JGRO,0,731,731,v008
SCTNB,12,158,146,v012
SCTNB,50,199,149,v029
SCTNB,129,755,626,v008
SCTNB,0,112,112,v017
SCTNB,151,755,604,v023
TE421,458,767,309,v024
TE421,381,532,151,v029
TE421,28,156,128,v005
TE421,559,767,208,v001
TE421,386,523,137,v020
TE421,120,336,216,v004
NZ6PU,580,687,107,v027
NZ6PU,153,687,534,v006
NZ6PU,165,662,497,v007
MNBEI,0,110,110,v029
MNBEI,16,156,140,v018
MNBEI,156,441,285,v003
MNBEI,319,513,194,v022
MNBEI,9,244,235,v018
MNBEI,0,120,120,v012
MNBEI,0,117,117,v001
ZHPZ1,14,624,610,v018
ZHPZ1,472,688,216,v008
ZHPZ1,0,115,115,v018
ZHPZ1,549,667,118,v022
ZHPZ1,309,650,341,v026
ZHPZ1,0,715,715,v008
ZHPZ1,0,398,398,v021
V2I7S,0,759,759,v008
V2I7S,0,759,759,v024
V2I7S,266,396,130,v029
11DD3,0,348,348,v031
11DD3,374,741,367,v031
11DD3,0,141,141,v022
11DD3,26,273,247,v001
11DD3,307,741,434,v008
11DD3,381,741,360,v019
11DD3,196,374,178,v018
11DD3,297,420,123,v023
11DD3,364,549,185,v031
11DD3,333,444,111,v026
11DD3,0,108,108,v018
LKYCT,247,595,348,v005
LKYCT,542,730,188,v004
LKYCT,91,242,151,v018
LKYCT,0,91,91,v029
LKYCT,156,607,451,v005
LKYCT,168,609,441,v008
LKYCT,163,607,444,v023
LKYCT,105,242,137,v018
LKYCT,504,624,120,v016
TGUKM,0,79,79,v008
TGUKM,0,124,124,v025
TGUKM,0,124,124,v025
TGUKM,0,132,132,v016
TGUKM,237,770,533,v008
TGUKM,192,396,204,v027
TGUKM,213,770,557,v014
5YA6D,64,307,243,v001
5YA6D,0,750,750,v008
5YA6D,336,556,220,v028
5YA6D,290,552,262,v028
Y5ZU3,0,448,448,v018
Y5ZU3,412,735,323,v026
Y5ZU3,393,735,342,v008
Y5ZU3,388,530,142,v023
Y5ZU3,415,735,320,v026
Y5ZU3,319,475,156,v022
Y5ZU3,0,446,446,v016
Y5ZU3,0,446,446,v032
Y5ZU3,0,446,446,v008
97HAH,362,482,120,v001
97HAH,117,252,135,v012
97HAH,14,256,242,v016
97HAH,280,412,132,v012
97HAH,513,643,130,v004
97HAH,400,542,142,v023
97HAH,9,170,161,v012
97HAH,24,266,242,v016
97HAH,597,643,46,v016
J4TLX,444,710,266,v009
J4TLX,588,744,156,v029
J4TLX,379,549,170,v000
J4TLX,0,624,624,v018
J4TLX,460,643,183,v019
J4TLX,0,633,633,v018
J4TLX,540,655,115,v022
XJE4Y,360,760,400,v008
XJE4Y,355,760,405,v026
XJE4Y,67,333,266,v008
XJE4Y,0,182,182,v025
XJE4Y,360,501,141,v023
XJE4Y,379,760,381,v026
XJE4Y,132,333,201,v016
XJE4Y,0,153,153,v023
XJE4Y,9,352,343,v003
XJE4Y,0,81,81,v012
673VM,2500,3883,1383,v008
673VM,3528,3818,290,v016
673VM,3722,3924,202,v023
673VM,2200,2467,267,v029
673VM,3422,3818,396,v016
673VM,2457,3967,1510,v014
75ZOJ,0,268,268,v032
75ZOJ,597,750,153,v008
75ZOJ,583,693,110,v023
75ZOJ,0,288,288,v031
75ZOJ,0,750,750,v018
75ZOJ,139,261,122,v001
75ZOJ,607,750,143,v012
75ZOJ,177,295,118,v025
75ZOJ,0,288,288,v008
75ZOJ,338,494,156,v004
RM1FR,340,482,142,v001
RM1FR,76,256,180,v012
RM1FR,160,444,284,v026
RM1FR,76,228,152,v012
RM1FR,345,496,151,v001
RM1FR,172,465,293,v026
RM1FR,537,751,214,v019
RM1FR,537,765,228,v019
7W8E0,189,460,271,v008
7W8E0,96,460,364,v008
7W8E0,172,309,137,v023
7W8E0,79,460,381,v008
7W8E0,0,112,112,v029
7W8E0,180,460,280,v014
7W8E0,0,460,460,v022
7W8E0,206,460,254,v019
LWBPP,0,232,232,v008
LWBPP,105,228,123,v016
LWBPP,43,151,108,v027
LWBPP,146,236,90,v019
CUD1T,240,640,400,v008
CUD1T,0,67,67,v016
CUD1T,208,348,140,v023
CUD1T,0,640,640,v008
CUD1T,0,333,333,v014
CUD1T,266,556,290,v009
CUD1T,0,640,640,v018
CUD1T,218,357,139,v014
ZEC1D,403,758,355,v008
ZEC1D,403,643,240,v023
ZEC1D,525,676,151,v023
ZEC1D,559,758,199,v013
ZEC1D,513,758,245,v008
ZEC1D,516,758,242,v014
NHB5N,0,739,739,v005
NHB5N,0,739,739,v005
NHB5N,0,739,739,v008
NHB5N,0,739,739,v008
NHB5N,0,739,739,v018
NHB5N,0,739,739,v014
NHB5N,0,739,739,v018
EXPOA,244,388,144,v016
EXPOA,441,664,223,v028
EXPOA,261,400,139,v018
EXPOA,559,676,117,v023
EXPOA,295,556,261,v018
EXPOA,7,206,199,v004
EXPOA,206,400,194,v018
EXPOA,535,850,315,v003
EXPOA,537,655,118,v016
JHRXJ,0,747,747,v008
JHRXJ,0,747,747,v018
JHRXJ,0,747,747,v014
JHRXJ,0,747,747,v008
JHRXJ,0,747,747,v008
Z1LE8,124,528,404,v005
Z1LE8,124,528,404,v005
Z1LE8,72,535,463,v018
Z1LE8,43,175,132,v018
Z1LE8,436,556,120,v022
Z1LE8,110,381,271,v008
Z1LE8,88,218,130,v008
Z1LE8,278,420,142,v016
Z1LE8,93,220,127,v023
Z1LE8,252,415,163,v016
Z1LE8,252,422,170,v016
Z1LE8,79,220,141,v023
Z1LE8,124,372,248,v008
Z1LE8,72,535,463,v018
K43ZC,0,648,648,v028
K43ZC,480,621,141,v022
K43ZC,52,177,125,v005
K43ZC,244,379,135,v005
K43ZC,396,530,134,v005
K43ZC,0,648,648,v026
K43ZC,0,612,612,v018
I8I5F,0,184,184,v008
I8I5F,146,283,137,v016
I8I5F,204,451,247,v026
I8I5F,372,651,279,v009
I8I5F,0,139,139,v029
I8I5F,136,460,324,v026
I8I5F,67,228,161,v016
CMZOB,249,386,137,v001
CMZOB,146,348,202,v012
CMZOB,16,189,173,v012
CMZOB,362,470,108,v016
CMZOB,357,482,125,v016
CMZOB,343,463,120,v016
CMZOB,211,352,141,v016
CMZOB,494,621,127,v029
CMZOB,112,230,118,v023
313G8,0,662,662,v008
313G8,525,662,137,v016
313G8,590,814,224,v005
313G8,0,814,814,v018
313G8,0,616,616,v014
313G8,520,674,154,v016
DD5SD,0,333,333,v002
DD5SD,0,568,568,v026
DD5SD,0,605,605,v026
DD5SD,0,605,605,v008
DD5SD,0,605,605,v030
0F453,273,480,207,v023
0F453,7,508,501,v008
0F453,7,189,182,v012
TAGS2,408,544,136,v001
TAGS2,348,508,160,v012
TAGS2,0,590,590,v008
TAGS2,0,590,590,v024
TAGS2,165,391,226,v009
JIGAJ,628,768,140,v027
JIGAJ,50,410,360,v031
JIGAJ,664,794,130,v001
JIGAJ,664,792,128,v007
JIGAJ,676,794,118,v029
60W9B,115,256,141,v001
60W9B,43,182,139,v012
60W9B,244,483,239,v002
60W9B,52,206,154,v023
PM1VD,0,2572,2572,v014
PM1VD,2419,2632,213,v018
PM1VD,2498,3499,1001,v023
PM1VD,2652,3499,847,v008
PM1VD,2575,3036,461,v023
PM1VD,0,3633,3633,v008
Q18ZQ,0,312,312,v008
Q18ZQ,427,823,396,v008
Q18ZQ,799,993,194,v001
Q18ZQ,199,470,271,v016
Q18ZQ,535,868,333,v016
Q18ZQ,60,321,261,v012
Q18ZQ,0,100,100,v008
Q18ZQ,4,280,276,v016
Q18ZQ,28,192,164,v012
Q18ZQ,789,957,168,v001
Q18ZQ,24,177,153,v007
N78RL,0,691,691,v008
N78RL,0,691,691,v029
WT7GN,0,755,755,v008
WT7GN,595,755,160,v007
WT7GN,628,755,127,v012
WT7GN,240,376,136,v019
WT7GN,667,755,88,v029
6YN3J,530,751,221,v031
6YN3J,0,216,216,v005
6YN3J,249,405,156,v020
6YN3J,396,571,175,v022
6YN3J,139,314,175,v016
6YN3J,0,314,314,v008
6YN3J,146,314,168,v016
6YN3J,0,348,348,v016
6YN3J,0,235,235,v008
6YN3J,0,441,441,v018
6YN3J,199,312,113,v016
6YN3J,0,295,295,v008
6YN3J,0,367,367,v005
Y5NDR,297,518,221,v026
Y5NDR,62,357,295,v017
Y5NDR,132,292,160,v028
Y5NDR,297,520,223,v026
Y5NDR,24,156,132,v027
M2AKR,12,192,180,v004
M2AKR,0,447,447,v008
M2AKR,129,447,318,v031
M2AKR,216,447,231,v019
8PXPO,705,781,76,v001
8PXPO,240,758,518,v026
8PXPO,0,242,242,v008
8PXPO,0,177,177,v023
8PXPO,199,396,197,v016
8PXPO,268,453,185,v016
8PXPO,724,781,57,v012
ETS92,638,749,111,v018
ETS92,285,396,111,v001
ETS92,352,475,123,v012
ETS92,110,216,106,v031
ETS92,633,749,116,v018
ETS92,160,288,128,v006
3QY79,285,700,415,v028
3QY79,213,374,161,v016
3QY79,619,890,271,v023
3QY79,38,271,233,v004
3QY79,285,1543,1258,v003
3QY79,516,708,192,v016
3QY79,0,79,79,v029
3QY79,516,708,192,v008
3QY79,0,144,144,v023
3QY79,24,326,302,v008
3QY79,739,883,144,v001
3QY79,619,780,161,v012
XNXW6,108,316,208,v002
XNXW6,252,412,160,v009
XNXW6,240,412,172,v008
XNXW6,232,345,113,v023
XNXW6,242,412,170,v019
09W8V,316,621,305,v008
09W8V,528,652,124,v016
09W8V,295,460,165,v023
09W8V,0,384,384,v031
09W8V,302,643,341,v016
09W8V,81,667,586,v031
09W8V,482,624,142,v029
5JSFE,470,691,221,v012
5JSFE,525,696,171,v023
5JSFE,0,715,715,v004
5JSFE,477,691,214,v007
5JSFE,465,681,216,v029
5JSFE,0,740,740,v008
5JSFE,554,696,142,v001
P03FP,76,525,449,v024
P03FP,266,460,194,v006
P03FP,576,698,122,v023
P03FP,0,578,578,v008
P03FP,0,751,751,v008
P03FP,578,724,146,v016
P03FP,631,751,120,v005
G4MDY,16,136,120,v027
G4MDY,196,611,415,v016
G4MDY,0,268,268,v008
G4MDY,206,316,110,v016
G4MDY,264,403,139,v016
G4MDY,352,480,128,v016
G4MDY,156,273,117,v012
G4MDY,148,259,111,v016
LEG82,247,367,120,v008
LEG82,0,717,717,v018
LEG82,376,573,197,v020
LEG82,247,439,192,v005
LEG82,340,496,156,v016
LEG82,0,249,249,v004
LEG82,264,446,182,v005
LEG82,0,717,717,v018
LEG82,0,717,717,v023
LEG82,0,285,285,v008
LEG82,0,717,717,v008
LEG82,232,717,485,v023
LEG82,139,273,134,v016
LEG82,38,439,401,v031
LEG82,228,717,489,v008
4FGLC,0,523,523,v018
4FGLC,0,511,511,v008
4FGLC,427,731,304,v009
4FGLC,0,516,516,v016
4FGLC,0,511,511,v008
4FGLC,0,516,516,v016
4FGLC,0,518,518,v023
4FGLC,436,731,295,v019
4FGLC,0,180,180,v023
4FGLC,120,285,165,v023
4FGLC,208,434,226,v023
NYZL3,278,621,343,v008
NYZL3,501,619,118,v016
NYZL3,304,621,317,v008
NYZL3,300,429,129,v023
NYZL3,0,741,741,v032
NYZL3,0,741,741,v018
NYZL3,264,429,165,v023
NYZL3,0,367,367,v008
NYZL3,333,580,247,v008
68YR6,504,742,238,v030
68YR6,379,492,113,v001
68YR6,364,468,104,v012
68YR6,0,742,742,v031
68YR6,434,742,308,v030
68YR6,352,492,140,v029
O1XYF,0,163,163,v007
O1XYF,43,737,694,v005
O1XYF,21,737,716,v008
O1XYF,12,737,725,v005
O1XYF,0,129,129,v029
O1XYF,84,737,653,v031
G8YWY,244,635,391,v004
G8YWY,0,321,321,v002
G8YWY,230,635,405,v008
G8YWY,230,635,405,v016
G8YWY,146,312,166,v008
G8YWY,98,196,98,v023
G8YWY,100,211,111,v016
G8YWY,230,340,110,v023
RXBUJ,48,319,271,v001
XJU8U,427,566,139,v001
XJU8U,290,465,175,v008
XJU8U,141,295,154,v008
XJU8U,31,160,129,v029
XJU8U,0,175,175,v012
XJU8U,108,280,172,v023
XJU8U,201,393,192,v023
XJU8U,31,170,139,v007
ZVMAY,0,811,811,v008
ZVMAY,780,931,151,v004
ZVMAY,132,931,799,v019
ZVMAY,614,775,161,v018
ZVMAY,398,530,132,v009
ZVMAY,398,595,197,v015
ZVMAY,136,516,380,v014
ZVMAY,628,1004,376,v018
ZVMAY,840,1004,164,v016
ZVMAY,52,223,171,v012
ZVMAY,62,249,187,v029
M3EAQ,307,473,166,v008
M3EAQ,288,473,185,v021
M3EAQ,302,434,132,v023
M3EAQ,0,473,473,v014
M3EAQ,216,473,257,v019
M3EAQ,216,473,257,v009
M3EAQ,288,473,185,v008
M3EAQ,0,473,473,v031
67MSU,64,571,507,v016
67MSU,544,728,184,v001
67MSU,86,316,230,v008
67MSU,0,91,91,v012
67MSU,489,638,149,v016
42MC3,220,384,164,v027
42MC3,252,403,151,v027
42MC3,444,569,125,v005
42MC3,0,76,76,v001
42MC3,0,132,132,v012
42MC3,444,569,125,v005
M40WF,612,866,254,v008
M40WF,612,820,208,v023
M40WF,756,866,110,v025
M40WF,0,866,866,v018
M40WF,316,460,144,v022
M40WF,264,408,144,v009
M40WF,43,187,144,v014
M40WF,60,182,122,v019
M40WF,672,847,175,v023
M40WF,31,172,141,v008
M40WF,0,105,105,v023
3GXB7,645,754,109,v018
3GXB7,0,504,504,v002
3GXB7,559,746,187,v018
3GXB7,633,754,121,v019
3GXB7,0,448,448,v008
YP1HM,753,831,78,v016
YP1HM,0,571,571,v032
YP1HM,304,446,142,v009
YP1HM,0,831,831,v018
YP1HM,7,831,824,v019
YP1HM,0,831,831,v023
YP1HM,0,831,831,v026
YP1HM,0,831,831,v032
YP1HM,0,831,831,v016
YP1HM,532,645,113,v008
YP1HM,588,696,108,v008
YP1HM,0,504,504,v031
YP1HM,446,576,130,v001
YP1HM,2,384,382,v019
L42OQ,69,739,670,v005
L42OQ,0,110,110,v016
L42OQ,163,739,576,v008
L42OQ,69,739,670,v005
L42OQ,36,739,703,v008
L42OQ,76,739,663,v023
PSCWP,566,708,142,v025
PSCWP,0,201,201,v028
PSCWP,240,436,196,v030
PSCWP,672,806,134,v023
PSCWP,693,847,154,v008
PSCWP,141,292,151,v016
PSCWP,172,285,113,v025
PSCWP,134,290,156,v008
PSCWP,249,847,598,v016
HA8MN,0,578,578,v008
HA8MN,76,477,401,v004
HA8MN,592,762,170,v009
HA8MN,386,489,103,v023
HA8MN,386,657,271,v016
HA8MN,0,482,482,v031
EFIA2,74,693,619,v008
EFIA2,580,708,128,v016
EFIA2,218,417,199,v008
EFIA2,206,331,125,v023
EFIA2,132,261,129,v029
EFIA2,300,424,124,v016
EFIA2,669,763,94,v030
5N7DP,7,223,216,v016
5N7DP,0,793,793,v008
5N7DP,578,793,215,v024
5N7DP,276,793,517,v020
5N7DP,0,278,278,v025
5N7DP,7,357,350,v028
5N7DP,439,793,354,v023
1C6P3,9,722,713,v008
1C6P3,0,722,722,v008
1C6P3,0,722,722,v018
1C6P3,16,206,190,v005
1C6P3,16,206,190,v005
1C6P3,0,722,722,v018
1C6P3,0,206,206,v008
1C6P3,0,722,722,v008
F44A2,0,386,386,v008
F44A2,573,748,175,v008
F44A2,619,758,139,v019
F44A2,604,741,137,v013
F44A2,460,602,142,v023
F44A2,0,520,520,v031
F44A2,0,758,758,v018
F44A2,0,552,552,v032
F44A2,482,758,276,v014
F44A2,0,758,758,v018
F44A2,0,79,79,v016
F44A2,0,578,578,v008
M506V,33,328,295,v008
M506V,225,427,202,v025
M506V,105,420,315,v030
M506V,0,738,738,v008
M506V,0,738,738,v031
M506V,153,412,259,v030
M506V,74,412,338,v026
M506V,336,738,402,v026
EVHDE,105,364,259,v023
EVHDE,0,645,645,v018
EVHDE,518,729,211,v022
EVHDE,496,696,200,v008
EVHDE,511,691,180,v023
EVHDE,0,626,626,v018
EVHDE,0,576,576,v032
EVHDE,0,592,592,v014
EVHDE,506,652,146,v023
36VYU,0,168,168,v016
36VYU,7,165,158,v016
36VYU,0,122,122,v008
36VYU,523,576,53,v022
36VYU,79,576,497,v014
36VYU,0,576,576,v008
36VYU,81,576,495,v018
1YAYG,45,235,190,v016
1YAYG,132,895,763,v030
1YAYG,122,895,773,v030
1YAYG,0,895,895,v008
1YAYG,72,218,146,v016
1YAYG,304,420,116,v016
1YAYG,506,633,127,v016
1YAYG,9,146,137,v029
1YAYG,0,895,895,v008
SSKK6,556,655,99,v016
SSKK6,307,774,467,v005
SSKK6,520,652,132,v016
SSKK6,496,655,159,v008
SSKK6,556,655,99,v025
SSKK6,0,124,124,v018
SSKK6,0,100,100,v008
SSKK6,0,69,69,v023
SSKK6,2,100,98,v023
SSKK6,0,124,124,v005
SSKK6,501,674,173,v012
SSKK6,280,571,291,v008
SSKK6,108,372,264,v023
SSKK6,544,681,137,v016
SSKK6,0,774,774,v018
SSKK6,482,679,197,v016
1ZBUS,0,254,254,v008
1ZBUS,96,326,230,v016
1ZBUS,124,259,135,v018
1ZBUS,264,505,241,v008
1ZBUS,108,259,151,v012
1ZBUS,50,199,149,v016
1ZBUS,28,273,245,v016
1ZBUS,0,505,505,v018
1ZBUS,247,505,258,v005
COM6M,252,415,163,v001
COM6M,0,381,381,v026
COM6M,367,552,185,v001
COM6M,60,381,321,v016
COM6M,0,81,81,v012
COM6M,0,355,355,v023
KSAGF,0,194,194,v031
KSAGF,381,501,120,v029
YQSN8,0,744,744,v008
YQSN8,81,331,250,v001
YQSN8,561,744,183,v031
61WIS,19,168,149,v008
61WIS,52,331,279,v031
61WIS,230,386,156,v016
61WIS,484,612,128,v022
61WIS,0,134,134,v018
61WIS,477,626,149,v023
61WIS,0,573,573,v014
61WIS,242,386,144,v023
61WIS,14,148,134,v018
61WIS,271,391,120,v025
61WIS,511,619,108,v016
N79WJ,376,595,219,v016
N79WJ,0,540,540,v008
N79WJ,384,583,199,v016
N79WJ,156,691,535,v031
N79WJ,494,655,161,v001
N79WJ,86,290,204,v029
EUK1Y,0,148,148,v008
EUK1Y,0,96,96,v031
EUK1Y,156,739,583,v008
EUK1Y,36,172,136,v016
EUK1Y,33,172,139,v016
6PYRZ,0,144,144,v008
6PYRZ,43,144,101,v025
6PYRZ,0,769,769,v008
6PYRZ,218,552,334,v020
6PYRZ,33,156,123,v016
6PYRZ,0,168,168,v008
6PYRZ,112,633,521,v008
8ATVC,0,237,237,v001
8ATVC,0,103,103,v030
3D81G,0,752,752,v031
3D81G,0,752,752,v008
3D81G,0,146,146,v023
3D81G,0,208,208,v005
3D81G,0,752,752,v008
3D81G,0,752,752,v018
WFUK2,247,493,246,v009
WFUK2,0,319,319,v028
WFUK2,290,493,203,v019
WFUK2,220,493,273,v009
WFUK2,43,493,450,v031
WFUK2,0,326,326,v023
WFUK2,223,493,270,v008
N0DXI,292,468,176,v005
N0DXI,84,278,194,v008
N0DXI,304,614,310,v005
N0DXI,290,446,156,v008
N0DXI,72,326,254,v023
ECXEX,120,300,180,v016
ECXEX,117,300,183,v016
ECXEX,525,749,224,v008
ECXEX,460,604,144,v016
ECXEX,117,295,178,v016
ECXEX,348,576,228,v008
ECXEX,348,576,228,v023
ECXEX,475,604,129,v016
ECXEX,0,189,189,v008
ECXEX,693,749,56,v025
ECXEX,688,749,61,v023
HURN7,0,144,144,v028
HURN7,475,733,258,v030
HURN7,48,312,264,v028
HURN7,295,561,266,v002
HURN7,266,458,192,v016
HURN7,0,326,326,v016
MV9N4,0,696,696,v002
MV9N4,0,696,696,v022
MV9N4,88,211,123,v012
MV9N4,242,364,122,v015
MV9N4,360,696,336,v008
MV9N4,384,508,124,v004
MV9N4,360,480,120,v001
0CFQV,103,501,398,v031
0CFQV,48,163,115,v012
0CFQV,0,62,62,v029
2YT8V,0,752,752,v008
2YT8V,0,208,208,v019
2YT8V,0,752,752,v008
YLE12,0,734,734,v026
YLE12,72,230,158,v023
YLE12,172,297,125,v023
YLE12,237,393,156,v023
YLE12,151,264,113,v016
YLE12,201,319,118,v016
YLE12,285,408,123,v016
EO6XX,280,700,420,v031
EO6XX,0,700,700,v008
EO6XX,194,700,506,v023
EO6XX,204,700,496,v031
G1JBI,698,854,156,v001
G1JBI,0,129,129,v012
G1JBI,698,859,161,v001
G1JBI,0,129,129,v012
G1JBI,33,784,751,v026
G1JBI,21,885,864,v016
G1JBI,43,784,741,v026
G1JBI,12,204,192,v007
G1JBI,204,355,151,v016
NL1WG,60,745,685,v018
NL1WG,156,745,589,v008
NL1WG,112,745,633,v014
NL1WG,0,745,745,v018
EIZFC,302,739,437,v031
EIZFC,81,381,300,v023
EIZFC,588,739,151,v009
EIZFC,364,739,375,v019
EIZFC,0,739,739,v018
EIZFC,67,432,365,v003
YIV35,578,736,158,v005
YIV35,626,736,110,v016
YIV35,379,523,144,v001
YIV35,14,175,161,v012
YIV35,470,614,144,v020
YIV35,542,739,197,v008
YIV35,0,739,739,v018
YIV35,564,736,172,v008
YIV35,484,660,176,v023
YIV35,0,506,506,v008
YIV35,408,556,148,v016
YIV35,662,739,77,v022
YIV35,640,739,99,v023
YIV35,566,734,168,v005
YIV35,542,739,197,v008
YIV35,0,504,504,v031
9I3HW,62,496,434,v011
9I3HW,0,496,496,v008
9I3HW,0,496,496,v018
9I3HW,0,496,496,v008
9I3HW,0,496,496,v008
9I3HW,31,496,465,v008
IM96T,0,540,540,v008
UN86L,499,764,265,v008
UN86L,480,602,122,v023
UN86L,0,566,566,v028
UN86L,592,724,132,v021
UN86L,417,583,166,v016
UN86L,405,544,139,v008
UN86L,456,764,308,v021
UN86L,242,480,238,v016
UN86L,242,487,245,v008
I4N6K,0,523,523,v032
I4N6K,0,708,708,v018
I4N6K,357,626,269,v026
I4N6K,583,722,139,v022
I4N6K,487,614,127,v016
I4N6K,350,475,125,v001
I4N6K,482,619,137,v016
I4N6K,475,631,156,v008
I4N6K,0,470,470,v031
I4N6K,427,583,156,v023
I4N6K,458,612,154,v008
0M1X0,0,242,242,v028
0M1X0,146,350,204,v016
0M1X0,0,525,525,v028
0M1X0,429,667,238,v016
XTC0F,0,237,237,v012
XTC0F,177,384,207,v012
XTC0F,300,624,324,v008
XTC0F,187,556,369,v023
XTC0F,103,715,612,v026
JNQOB,345,460,115,v023
JNQOB,0,496,496,v008
JNQOB,0,405,405,v014
M2XIS,86,225,139,v012
M2XIS,151,508,357,v031
M2XIS,26,153,127,v018
M2XIS,0,153,153,v016
M2XIS,43,196,153,v018
M2XIS,0,141,141,v016
M2XIS,0,151,151,v008
M2XIS,0,88,88,v029
M2XIS,64,177,113,v018
M2XIS,115,295,180,v014
M2XIS,225,362,137,v032
MDOSW,192,707,515,v030
MDOSW,0,707,707,v018
MDOSW,0,705,705,v008
MDOSW,0,240,240,v023
MDOSW,0,288,288,v005
MDOSW,196,707,511,v008
MDOSW,0,324,324,v008
V2WXW,266,597,331,v022
V2WXW,381,525,144,v023
V2WXW,0,134,134,v019
V2WXW,381,525,144,v023
M0ENV,0,580,580,v014
M0ENV,530,657,127,v025
M0ENV,0,752,752,v018
M0ENV,0,752,752,v018
9A58F,192,307,115,v008
9A58F,261,504,243,v014
9A58F,69,194,125,v025
9A58F,381,508,127,v001
9A58F,64,204,140,v025
9A58F,153,309,156,v012
9A58F,136,261,125,v023
9A58F,396,511,115,v016
9A58F,208,470,262,v031
W9XY8,50,391,341,v023
W9XY8,26,201,175,v012
W9XY8,26,201,175,v012
H0R3P,0,218,218,v008
H0R3P,175,352,177,v025
H0R3P,158,307,149,v016
L37YS,348,693,345,v008
L37YS,0,285,285,v012
L37YS,0,290,290,v007
L37YS,0,278,278,v012
L37YS,0,753,753,v008
L37YS,276,753,477,v023
XYWWG,40,773,733,v018
XYWWG,26,773,747,v032
XYWWG,0,773,773,v021
XYWWG,0,773,773,v021
XYWWG,0,773,773,v010
XYWWG,26,280,254,v014
XYWWG,184,489,305,v008
GF6UG,0,448,448,v008
GF6UG,0,448,448,v013
EI5M3,170,357,187,v016
EI5M3,302,545,243,v008
EI5M3,348,545,197,v019
EI5M3,0,196,196,v012
EI5M3,38,244,206,v023
EI5M3,304,468,164,v023
EI5M3,26,168,142,v012
EI5M3,273,489,216,v023
EI5M3,74,223,149,v029
EI5M3,189,357,168,v016
EI5M3,7,132,125,v007
NIPVQ,103,229,126,v008
NIPVQ,76,194,118,v023
NIPVQ,153,229,76,v025
NIPVQ,52,189,137,v012
I5ZWF,417,564,147,v008
I5ZWF,417,580,163,v025
I5ZWF,388,508,120,v016
I5ZWF,374,508,134,v025
I5ZWF,21,192,171,v009
I5ZWF,456,573,117,v016
I5ZWF,396,513,117,v016
I5ZWF,648,721,73,v023
I5ZWF,460,636,176,v025
I5ZWF,374,520,146,v025
I5ZWF,0,508,508,v008
857S9,189,829,640,v005
857S9,36,256,220,v004
857S9,0,189,189,v019
857S9,0,829,829,v018
857S9,192,829,637,v005
857S9,0,829,829,v018
857S9,38,304,266,v008
857S9,38,304,266,v008
857S9,38,314,276,v016
857S9,139,829,690,v008
CNX6I,268,443,175,v008
CNX6I,0,242,242,v014
CNX6I,103,285,182,v022
CNX6I,0,256,256,v018
CNX6I,0,264,264,v018
CNX6I,0,240,240,v032
ANZ0S,340,489,149,v001
ANZ0S,0,165,165,v012
ANZ0S,259,429,170,v004
ANZ0S,453,688,235,v018
CHQ41,290,564,274,v004
CHQ41,0,665,665,v008
CHQ41,21,665,644,v008
CHQ41,0,665,665,v018
CHQ41,468,665,197,v016
CHQ41,0,665,665,v014
8MX1T,9,532,523,v008
8MX1T,379,564,185,v003
8MX1T,33,175,142,v018
8MX1T,460,602,142,v022
8MX1T,64,576,512,v018
8MX1T,487,760,273,v008
8MX1T,530,698,168,v004
8MX1T,626,760,134,v016
JHU46,43,309,266,v012
JHU46,110,352,242,v023
JHU46,0,470,470,v008
JHU46,240,381,141,v016
20YRU,0,237,237,v008
20YRU,2,733,731,v026
DOGYU,0,746,746,v018
DOGYU,91,384,293,v018
DOGYU,463,746,283,v001
DOGYU,0,230,230,v012
DOGYU,14,208,194,v023
DOGYU,148,304,156,v009
DOGYU,141,304,163,v019
DOGYU,0,746,746,v008
NQKZB,0,300,300,v026
NQKZB,316,765,449,v008
NQKZB,645,854,209,v016
NQKZB,283,434,151,v023
NQKZB,897,1120,223,v016
NQKZB,0,396,396,v026
H4M0N,0,587,587,v008
H4M0N,0,587,587,v014
H4M0N,0,587,587,v008
H4M0N,4,472,468,v019
JPEM7,132,570,438,v018
JPEM7,132,352,220,v018
JPEM7,0,570,570,v005
JPEM7,160,314,154,v016
JPEM7,136,360,224,v018
JPEM7,266,570,304,v018
JPEM7,0,72,72,v005
JPEM7,74,276,202,v008
JPEM7,165,304,139,v016
1Q4SL,0,136,136,v004
1Q4SL,0,74,74,v009
1Q4SL,48,271,223,v031
1Q4SL,456,650,194,v023
1Q4SL,0,134,134,v008
1Q4SL,657,742,85,v027
1Q4SL,482,742,260,v029
1Q4SL,216,360,144,v006
1Q4SL,472,633,161,v007
1Q4SL,364,742,378,v008
1Q4SL,482,652,170,v012
X1EZQ,0,136,136,v032
X1EZQ,530,700,170,v012
X1EZQ,696,767,71,v008
X1EZQ,48,271,223,v005
X1EZQ,48,175,127,v023
X1EZQ,0,386,386,v010
X1EZQ,472,767,295,v008
HVZUQ,439,604,165,v008
HVZUQ,40,501,461,v003
HVZUQ,0,158,158,v023
HVZUQ,424,583,159,v023
Q9TIN,451,595,144,v007
Q9TIN,472,729,257,v031
Q9TIN,453,648,195,v001
Q9TIN,0,729,729,v022
53FPM,830,935,105,v022
53FPM,0,127,127,v018
53FPM,55,273,218,v014
53FPM,672,921,249,v005
53FPM,26,285,259,v031
53FPM,741,904,163,v004
53FPM,0,132,132,v018
53FPM,628,912,284,v016
53FPM,638,787,149,v016
53FPM,36,935,899,v032
53FPM,0,146,146,v018
53FPM,578,729,151,v015
53FPM,189,580,391,v008
53FPM,508,614,106,v023
53FPM,513,772,259,v008
IGH70,67,622,555,v008
IGH70,0,103,103,v008
V47ZW,127,343,216,v028
V47ZW,108,709,601,v008
V47ZW,0,709,709,v031
V47ZW,247,352,105,v016
V47ZW,247,352,105,v025
V47ZW,314,709,395,v026
TTJNS,0,350,350,v028
TTJNS,79,355,276,v016
TTJNS,367,460,93,v023
EVGRN,0,729,729,v018
EVGRN,160,597,437,v031
EVGRN,177,415,238,v029
R13US,144,312,168,v019
R13US,0,698,698,v008
R13US,144,312,168,v019
R13US,0,698,698,v022
R13US,0,698,698,v014
R13US,0,698,698,v008
R13US,168,456,288,v031
R13US,237,384,147,v006
XUV0Y,72,537,465,v008
XUV0Y,72,537,465,v008
XUV0Y,228,492,264,v008
XUV0Y,206,331,125,v023
XUV0Y,340,489,149,v005
XUV0Y,235,504,269,v008
XUV0Y,206,352,146,v023
XUV0Y,69,223,154,v023
XUV0Y,381,501,120,v016
XUV0Y,160,285,125,v001
XUV0Y,112,237,125,v023
2HEUO,664,891,227,v023
2HEUO,0,891,891,v018
2HEUO,0,760,760,v032
2HEUO,0,891,891,v018
2HEUO,652,891,239,v023
2HEUO,0,891,891,v032
2HEUO,664,891,227,v016
2HEUO,664,891,227,v008
2HEUO,0,891,891,v031
YOOHJ,0,752,752,v021
YOOHJ,0,752,752,v008
Z9XLJ,180,441,261,v028
Z9XLJ,285,451,166,v012
Z9XLJ,324,484,160,v025
Z9XLJ,376,516,140,v001
Z9XLJ,319,446,127,v012
Z9XLJ,0,110,110,v029
Z9XLJ,319,520,201,v007
Z9XLJ,374,508,134,v001
XSGYC,0,472,472,v005
XSGYC,458,585,127,v025
XSGYC,458,585,127,v025
XSGYC,441,590,149,v025
XSGYC,0,626,626,v008
XSGYC,338,506,168,v016
XSGYC,0,626,626,v008
XSGYC,0,626,626,v008
XSGYC,0,528,528,v008
XSGYC,0,580,580,v008
XSGYC,484,626,142,v023
J5TTU,0,463,463,v008
J5TTU,458,729,271,v030
J5TTU,638,792,154,v008
J5TTU,657,792,135,v030
J5TTU,324,511,187,v016
J5TTU,0,420,420,v014
4JQBM,84,396,312,v008
4JQBM,0,336,336,v008
4JQBM,0,739,739,v008
HAR5P,175,348,173,v008
HAR5P,331,669,338,v031
HAR5P,0,242,242,v000
HAR5P,604,758,154,v017
HAR5P,542,703,161,v022
HAR5P,391,564,173,v006
HAR5P,271,386,115,v016
HAR5P,338,703,365,v008
HAR5P,187,328,141,v012
HAR5P,199,324,125,v031
81R3C,0,175,175,v016
81R3C,352,566,214,v001
81R3C,204,420,216,v031
81R3C,583,730,147,v001
81R3C,532,672,140,v012
81R3C,2,187,185,v016
81R3C,624,730,106,v029
81R3C,0,146,146,v008
81R3C,554,730,176,v007
5JVMD,432,576,144,v004
5JVMD,0,264,264,v016
5JVMD,0,676,676,v008
5JVMD,316,542,226,v015
5JVMD,0,247,247,v025
5JVMD,0,676,676,v018
ZJNXZ,261,1128,867,v008
ZJNXZ,240,427,187,v022
ZJNXZ,0,285,285,v026
MVO1W,0,330,330,v031
MVO1W,0,132,132,v006
O1J7D,168,753,585,v025
O1J7D,0,759,759,v008
O1J7D,148,288,140,v025
O1J7D,225,343,118,v025
O1J7D,312,432,120,v025
O1J7D,50,242,192,v026
H5DQ6,62,386,324,v030
H5DQ6,0,381,381,v012
H5DQ6,0,381,381,v001
H5DQ6,297,468,171,v020
H5DQ6,292,456,164,v004
H5DQ6,489,614,125,v016
H5DQ6,0,386,386,v008
BOKLM,518,648,130,v022
BOKLM,172,391,219,v016
BOKLM,429,600,171,v020
BOKLM,160,297,137,v018
BOKLM,631,744,113,v012
BOKLM,0,518,518,v003
BOKLM,196,633,437,v018
M0KKW,0,192,192,v008
M0KKW,76,189,113,v016
M0KKW,110,292,182,v012
M0KKW,242,372,130,v001
UZTIW,290,429,139,v023
UZTIW,96,444,348,v023
4D7GX,163,630,467,v008
4D7GX,100,249,149,v012
4D7GX,146,630,484,v008
4D7GX,115,328,213,v029
4D7GX,583,630,47,v029
334W9,326,498,172,v004
334W9,0,304,304,v006
334W9,216,498,282,v022
OGA0C,0,230,230,v018
OGA0C,0,230,230,v005
OGA0C,0,115,115,v009
OGA0C,0,230,230,v023
OGA0C,0,230,230,v016
OGA0C,0,230,230,v008
OGA0C,0,230,230,v019
OGA0C,0,230,230,v018
KUBPN,0,736,736,v010
KUBPN,0,736,736,v018
KUBPN,0,736,736,v004
KUBPN,55,225,170,v005
KUBPN,55,225,170,v005
KUBPN,0,736,736,v008
KUBPN,0,736,736,v021
KUBPN,0,736,736,v008
UOBM0,168,708,540,v008
UOBM0,360,544,184,v008
UOBM0,422,708,286,v005
UOBM0,0,206,206,v008
UOBM0,0,146,146,v023
UOBM0,0,64,64,v016
024PD,0,1418,1418,v008
024PD,0,1408,1408,v031
024PD,1255,1416,161,v001
024PD,50,254,204,v016
024PD,0,218,218,v008
024PD,36,254,218,v016
YBW3D,492,643,151,v026
YBW3D,211,552,341,v000
YBW3D,122,470,348,v010
YBW3D,561,753,192,v017
YBW3D,26,225,199,v008
YBW3D,285,492,207,v022
YBW3D,381,786,405,v026
X226B,504,652,148,v016
X226B,496,710,214,v018
X226B,398,544,146,v018
X226B,0,228,228,v002
BTR60,69,1560,1491,v026
BTR60,69,381,312,v016
BTR60,285,782,497,v016
BTR60,847,1317,470,v016
BTR60,184,374,190,v026
BTR60,604,916,312,v026
BTR60,1029,1334,305,v026
4FW7I,0,766,766,v005
4FW7I,280,766,486,v027
4FW7I,0,724,724,v008
8WQOP,2,139,137,v008
8WQOP,223,508,285,v031
8WQOP,530,681,151,v001
8WQOP,372,626,254,v012
8WQOP,494,732,238,v020
8WQOP,475,660,185,v029
8WQOP,384,520,136,v007
8WQOP,0,621,621,v008
B6S6T,0,158,158,v008
B6S6T,31,180,149,v016
B6S6T,194,307,113,v031
B6S6T,0,307,307,v030
B6S6T,0,160,160,v016
GNA1H,0,585,585,v004
GNA1H,0,718,718,v008
GNA1H,0,718,718,v032
GNA1H,516,669,153,v020
GNA1H,0,718,718,v018
GNA1H,0,718,718,v008
GNA1H,0,718,718,v031
808H5,348,506,158,v004
808H5,307,456,149,v012
808H5,156,326,170,v005
808H5,252,381,129,v023
808H5,237,736,499,v008
808H5,288,448,160,v012
RYXCI,62,345,283,v018
RYXCI,297,624,327,v008
RYXCI,194,345,151,v000
RYXCI,249,372,123,v022
RYXCI,40,180,140,v018
RYXCI,74,326,252,v018
PQX96,316,460,144,v018
PQX96,0,362,362,v031
PQX96,297,427,130,v018
PQX96,492,730,238,v027
PQX96,28,355,327,v001
4L664,302,652,350,v008
4L664,292,434,142,v023
4L664,0,729,729,v008
4L664,312,640,328,v016
4L664,542,652,110,v025
4CHXK,24,175,151,v029
4CHXK,302,480,178,v031
4CHXK,499,582,83,v025
4CHXK,508,582,74,v016
4CHXK,139,290,151,v001
UCPP8,12,228,216,v007
UCPP8,830,1173,343,v028
UCPP8,837,1166,329,v016
UCPP8,818,1214,396,v023
UCPP8,38,254,216,v012
UCPP8,856,1027,171,v028
UCPP8,530,919,389,v016
UCPP8,72,220,148,v012
UCPP8,417,595,178,v016
AJZYE,1010,1178,168,v004
AJZYE,55,247,192,v012
AJZYE,708,1041,333,v008
AJZYE,0,163,163,v007
AJZYE,55,247,192,v012
AJZYE,230,422,192,v001
AJZYE,235,384,149,v001
NJU3G,48,218,170,v005
NJU3G,319,448,129,v016
NJU3G,36,156,120,v029
NJU3G,321,451,130,v016
NJU3G,19,148,129,v008
NJU3G,48,211,163,v005
NJU3G,448,739,291,v003
NJU3G,367,513,146,v023
NJU3G,333,456,123,v016
NJU3G,386,588,202,v008
NJU3G,28,436,408,v008
NJU3G,19,434,415,v008
NJU3G,340,444,104,v016
T1NS2,0,873,873,v008
T1NS2,0,873,873,v032
T1NS2,0,873,873,v008
T1NS2,0,873,873,v021
DGPR1,141,717,576,v007
DGPR1,26,184,158,v025
DGPR1,199,717,518,v018
DGPR1,139,331,192,v018
DGPR1,0,120,120,v008
3VWR9,86,271,185,v016
3VWR9,74,266,192,v008
3VWR9,79,264,185,v016
3VWR9,256,405,149,v001
3VWR9,194,316,122,v019
3VWR9,74,266,192,v016
3VWR9,235,364,129,v007
4KZHT,0,729,729,v032
4KZHT,31,729,698,v005
4KZHT,0,729,729,v018
4KZHT,28,729,701,v005
4KZHT,0,729,729,v008
DB07P,0,187,187,v009
DB07P,0,177,177,v008
FQWTE,218,386,168,v023
FQWTE,237,420,183,v016
FQWTE,314,492,178,v028
FQWTE,302,504,202,v023
8NU39,513,762,249,v031
8NU39,0,762,762,v018
8NU39,410,655,245,v004
8NU39,556,762,206,v016
YQCYJ,132,312,180,v030
YQCYJ,645,835,190,v023
YQCYJ,132,312,180,v030
YQCYJ,127,324,197,v030
YQCYJ,573,758,185,v016
YQCYJ,0,110,110,v012
YQCYJ,662,835,173,v010
YQCYJ,0,76,76,v031
YQCYJ,52,758,706,v008
YQCYJ,98,211,113,v001
Y8XYL,571,733,162,v031
Y8XYL,0,348,348,v018
Y8XYL,244,372,128,v022
5LH8B,9,261,252,v019
5LH8B,4,759,755,v031
5LH8B,9,266,257,v019
MUZMD,436,847,411,v008
MUZMD,0,837,837,v031
MUZMD,2,338,336,v008
MUZMD,302,475,173,v016
MUZMD,528,908,380,v026
GI7JM,0,674,674,v008
GI7JM,0,674,674,v014
GI7JM,535,657,122,v016
EQ4GN,559,826,267,v023
EQ4GN,583,826,243,v030
EQ4GN,0,288,288,v005
EQ4GN,724,826,102,v008
EQ4GN,463,576,113,v016
EQ4GN,72,196,124,v005
EQ4GN,741,826,85,v026
EQ4GN,108,826,718,v008
EQ4GN,187,588,401,v004
EQ4GN,175,602,427,v016
EQ4GN,158,604,446,v005
EQ4GN,576,826,250,v026
O55V6,0,706,706,v008
O55V6,0,706,706,v009
O55V6,0,706,706,v019
O55V6,0,528,528,v026
O55V6,0,528,528,v026
9IY50,0,523,523,v018
9IY50,427,528,101,v023
9IY50,120,499,379,v019
9IY50,424,528,104,v022
9IY50,0,520,520,v018
9IY50,0,528,528,v008
9IY50,0,468,468,v032
9IY50,0,472,472,v031
J4U86,679,854,175,v005
J4U86,0,628,628,v016
J4U86,520,662,142,v009
VTIUW,268,379,111,v023
VTIUW,362,534,172,v024
VTIUW,444,534,90,v008
VTIUW,441,534,93,v023
VTIUW,0,534,534,v018
VTIUW,201,523,322,v008
VTIUW,0,534,534,v018
P8ZU6,0,506,506,v018
P8ZU6,475,729,254,v008
P8ZU6,247,441,194,v028
P8ZU6,417,631,214,v023
P8ZU6,384,554,170,v022
P8ZU6,206,412,206,v023
P8ZU6,256,408,152,v016
P8ZU6,566,729,163,v029
P8ZU6,235,513,278,v028
974PN,0,733,733,v031
974PN,0,201,201,v019
974PN,117,362,245,v009
974PN,0,733,733,v018
974PN,0,733,733,v031
974PN,0,733,733,v018
8GP10,0,631,631,v031
8GP10,180,420,240,v005
8GP10,0,295,295,v001
S38BY,355,472,117,v019
S38BY,0,726,726,v031
S38BY,0,638,638,v004
S38BY,0,726,726,v008
S38BY,115,726,611,v009
S38BY,0,156,156,v019
JYDCI,424,740,316,v000
JYDCI,0,740,740,v008
JYDCI,412,740,328,v000
JYDCI,0,708,708,v010
JYDCI,0,693,693,v021
PB0TU,0,201,201,v009
PB0TU,0,570,570,v018
PB0TU,0,570,570,v008
PB0TU,0,570,570,v019
AIT3V,273,697,424,v008
AIT3V,259,424,165,v023
AIT3V,230,484,254,v022
AIT3V,0,417,417,v010
AIT3V,530,693,163,v012
AIT3V,0,446,446,v018
AIT3V,564,697,133,v029
DJ6ZW,48,679,631,v031
DJ6ZW,316,537,221,v004
DJ6ZW,48,405,357,v015
DJ6ZW,52,182,130,v030
DJ6ZW,316,540,224,v008
DJ6ZW,271,412,141,v023
S6W5T,0,634,634,v008
S6W5T,412,634,222,v028
S6W5T,9,129,120,v019
S6W5T,33,163,130,v008
S6W5T,24,153,129,v014
6ERRL,208,398,190,v008
6ERRL,211,321,110,v012
6ERRL,259,372,113,v018
6ERRL,33,290,257,v026
6ERRL,254,379,125,v018
6ERRL,333,398,65,v001
6ERRL,211,319,108,v023
6ERRL,316,398,82,v032
6ERRL,52,165,113,v012
6WZ1K,0,297,297,v014
6WZ1K,352,743,391,v024
6WZ1K,398,516,118,v022
6WZ1K,201,743,542,v023
6WZ1K,496,645,149,v016
6WZ1K,494,643,149,v023
6WZ1K,0,504,504,v018
6WZ1K,513,638,125,v025
6WZ1K,0,427,427,v032
6WZ1K,237,743,506,v008
V2BCZ,417,659,242,v016
V2BCZ,400,659,259,v012
V2BCZ,0,225,225,v010
V2BCZ,2,182,180,v000
V2BCZ,81,295,214,v022
V2BCZ,180,659,479,v016
V2BCZ,182,477,295,v012
AXIW1,616,830,214,v028
AXIW1,0,705,705,v031
AXIW1,0,700,700,v032
AXIW1,0,899,899,v018
AXIW1,765,899,134,v008
AXIW1,789,899,110,v004
P2UBC,108,312,204,v003
P2UBC,199,631,432,v000
P2UBC,362,554,192,v022
P2UBC,259,703,444,v012
P2UBC,518,787,269,v023
P2UBC,396,643,247,v008
P2UBC,386,523,137,v023
P2UBC,136,328,192,v020
P2UBC,0,223,223,v010
P2UBC,396,799,403,v003
P2UBC,710,799,89,v007
P2UBC,144,376,232,v018
P2UBC,28,192,164,v019
P2UBC,691,799,108,v027
M0RUS,448,612,164,v029
M0RUS,0,540,540,v008
M0RUS,0,513,513,v014
E6P07,156,688,532,v019
E6P07,36,319,283,v031
E6P07,172,453,281,v009
E6P07,79,513,434,v019
E6P07,43,732,689,v008
3SNSC,278,436,158,v001
3SNSC,0,482,482,v008
3SNSC,0,124,124,v012
3SNSC,0,439,439,v031
3SNSC,384,566,182,v020
3SNSC,532,708,176,v005
3SNSC,355,525,170,v016
3SNSC,463,725,262,v008
UBUKL,14,218,204,v008
UBUKL,117,326,209,v023
UBUKL,153,369,216,v016
UBUKL,278,432,154,v016
UBUKL,264,398,134,v008
UBUKL,288,448,160,v016
UBUKL,110,288,178,v018
UBUKL,74,204,130,v022
UBUKL,16,127,111,v016
UBUKL,12,110,98,v023
MB1MR,369,720,351,v003
MB1MR,0,379,379,v010
MB1MR,172,432,260,v008
MB1MR,0,184,184,v000
MB1MR,194,340,146,v014
MB1MR,636,760,124,v022
BBYHD,482,609,127,v007
BBYHD,50,525,475,v005
BBYHD,50,525,475,v005
BBYHD,0,634,634,v008
BBYHD,559,634,75,v001
BBYHD,492,634,142,v012
BBYHD,530,634,104,v029
DVDU2,372,571,199,v025
DVDU2,434,676,242,v025
DVDU2,592,724,132,v005
DVDU2,105,724,619,v018
DVDU2,278,566,288,v008
DVDU2,513,703,190,v008
DVDU2,278,429,151,v023
DVDU2,499,657,158,v023
DVDU2,74,232,158,v023
DVDU2,0,777,777,v018
DVDU2,585,691,106,v016
RIV6I,0,297,297,v020
RIV6I,364,712,348,v010
WGUW8,295,657,362,v016
WGUW8,14,778,764,v031
WGUW8,2,372,370,v028
0VQCH,52,133,81,v019
0VQCH,0,133,133,v031
0VQCH,57,133,76,v009
0VQCH,26,133,107,v016
0VQCH,2,133,131,v025
KAKSU,0,96,96,v025
KAKSU,48,204,156,v027
KAKSU,220,391,171,v029
KAKSU,124,247,123,v027
AVSN8,148,609,461,v015
AVSN8,528,739,211,v002
AVSN8,151,590,439,v008
AVSN8,516,631,115,v016
AVSN8,144,276,132,v023
LTA22,146,470,324,v015
LTA22,0,172,172,v001
LTA22,0,172,172,v012
LTA22,410,556,146,v016
2ECXI,50,194,144,v010
2ECXI,136,316,180,v012
2ECXI,24,208,184,v008
2ECXI,21,220,199,v021
2ECXI,33,206,173,v008
2ECXI,4,136,132,v022
2ECXI,242,369,127,v008
2ECXI,240,357,117,v016
2ECXI,206,463,257,v031
2ECXI,364,506,142,v001
2ECXI,220,336,116,v023
2ECXI,415,530,115,v016
ZZ9RN,237,470,233,v020
ZZ9RN,0,199,199,v011
ZZ9RN,28,156,128,v016
ZZ9RN,295,441,146,v023
ZZ9RN,422,547,125,v029
ZZ9RN,0,156,156,v008
9IO0Y,388,583,195,v028
9IO0Y,480,636,156,v022
9IO0Y,156,424,268,v010
9IO0Y,112,254,142,v018
9IO0Y,600,865,265,v016
NVF2S,396,600,204,v005
NVF2S,511,712,201,v004
NVF2S,0,744,744,v018
NVF2S,343,477,134,v008
NVF2S,0,393,393,v014
NVF2S,451,561,110,v016
NVF2S,0,410,410,v019
NVF2S,0,744,744,v018
NVF2S,451,568,117,v016
NVF2S,321,436,115,v023
NVF2S,0,386,386,v032
NVF2S,324,552,228,v008
RPPCV,0,739,739,v008
RPPCV,0,247,247,v030
RPPCV,472,672,200,v020
RPPCV,655,739,84,v029
6N4BD,348,602,254,v012
6N4BD,511,631,120,v008
6N4BD,535,799,264,v005
6N4BD,40,432,392,v000
6N4BD,172,799,627,v018
L347E,679,811,132,v025
L347E,679,811,132,v016
L347E,0,648,648,v014
L347E,0,821,821,v008
V0XW3,492,611,119,v004
V0XW3,0,487,487,v014
V0XW3,0,611,611,v008
V0XW3,530,611,81,v016
DG33V,316,470,154,v001
DG33V,427,554,127,v016
DG33V,134,484,350,v023
DG33V,16,482,466,v012
DG33V,427,660,233,v016
0ZUMU,213,739,526,v031
0ZUMU,259,739,480,v006
RNCN8,436,626,190,v012
RNCN8,316,463,147,v023
RNCN8,0,338,338,v008
RNCN8,535,706,171,v010
RNCN8,218,336,118,v016
RNCN8,391,518,127,v016
RNCN8,0,388,388,v008
RNCN8,429,706,277,v018
RNCN8,482,706,224,v031
CCTIO,139,309,170,v028
CCTIO,225,396,171,v025
CCTIO,127,455,328,v010
CCTIO,98,213,115,v018
CCTIO,69,206,137,v018
CCTIO,237,376,139,v025
CCTIO,184,362,178,v008
GA4EI,120,362,242,v008
GA4EI,228,477,249,v023
GA4EI,494,645,151,v008
GA4EI,338,720,382,v022
GA4EI,571,844,273,v008
GA4EI,576,698,122,v016
GA4EI,321,520,199,v012
GA4EI,727,860,133,v016
GA4EI,0,285,285,v019
GA4EI,705,844,139,v027
WCY52,544,662,118,v025
WCY52,223,408,185,v002
WCY52,669,804,135,v029
WCY52,511,657,146,v016
WCY52,50,468,418,v002
WCY52,544,691,147,v025
WCY52,496,688,192,v026
WCY52,511,640,129,v008
YXQWH,559,724,165,v016
YXQWH,0,669,669,v008
YXQWH,559,727,168,v012
YXQWH,494,626,132,v016
YXQWH,494,626,132,v016
YXQWH,0,626,626,v008
YXQWH,494,626,132,v016
DUEEE,266,614,348,v014
DUEEE,0,730,730,v002
DUEEE,288,631,343,v008
DUEEE,0,384,384,v008
DUEEE,295,628,333,v023
DUEEE,288,621,333,v016
DUEEE,307,631,324,v013
BP94L,0,326,326,v026
BP94L,312,484,172,v008
BP94L,0,295,295,v026
BP94L,182,295,113,v020
BP94L,0,352,352,v008
TOYP5,0,612,612,v018
TOYP5,0,607,607,v004
TOYP5,0,597,597,v008
TOYP5,0,600,600,v008
TOYP5,537,660,123,v029
XXCS6,0,756,756,v031
XXCS6,0,756,756,v022
XXCS6,127,756,629,v008
XXCS6,403,756,353,v013
XXCS6,98,756,658,v014
4L6GZ,715,907,192,v026
4L6GZ,364,734,370,v012
4L6GZ,703,907,204,v026
4L6GZ,0,266,266,v026
4L6GZ,364,688,324,v031
4L6GZ,98,225,127,v016
4L6GZ,216,372,156,v023
4L6GZ,276,458,182,v016
VS2RI,141,360,219,v031
VS2RI,86,213,127,v022
VS2RI,0,196,196,v018
VS2RI,0,204,204,v031
VS2RI,0,206,206,v018
VS2RI,278,360,82,v017
VS2RI,273,360,87,v019
UN6O9,0,657,657,v002
UN6O9,0,489,489,v025
UN6O9,105,223,118,v025
UN6O9,180,307,127,v025
BLFEV,0,907,907,v018
BLFEV,816,929,113,v022
BLFEV,0,216,216,v014
BLFEV,686,861,175,v004
BLFEV,175,801,626,v008
BLFEV,487,698,211,v015
BLFEV,640,782,142,v005
BLFEV,0,237,237,v032
BLFEV,129,892,763,v008
BLFEV,134,912,778,v023
BLFEV,0,929,929,v018
CII5H,0,273,273,v008
CII5H,264,475,211,v016
CII5H,420,573,153,v001
CII5H,36,208,172,v012
CII5H,278,480,202,v016
CII5H,50,177,127,v012
CII5H,259,475,216,v016
CII5H,259,489,230,v016
CII5H,156,352,196,v026
CII5H,0,372,372,v008
CII5H,0,453,453,v008
CII5H,393,583,190,v001
CII5H,103,482,379,v026
TW2F4,439,755,316,v021
TW2F4,636,755,119,v018
TW2F4,638,755,117,v018
TW2F4,309,444,135,v008
TW2F4,91,391,300,v028
TW2F4,626,755,129,v018
OXEMQ,242,436,194,v025
OXEMQ,0,175,175,v028
OXEMQ,480,708,228,v003
OXEMQ,69,232,163,v003
OXEMQ,110,235,125,v016
OXEMQ,144,369,225,v023
OXEMQ,264,410,146,v008
OXEMQ,331,511,180,v016
OXEMQ,108,249,141,v008
OXEMQ,192,518,326,v023
OXEMQ,146,261,115,v016
LIP4U,0,316,316,v028
LIP4U,19,804,785,v009
LIP4U,595,703,108,v016
LIP4U,391,489,98,v008
LIP4U,451,571,120,v019
LIP4U,691,804,113,v023
2PRCP,290,458,168,v004
2PRCP,127,727,600,v008
2PRCP,134,727,593,v023
2PRCP,206,357,151,v019
2PRCP,134,345,211,v031
2PRCP,67,727,660,v008
KC863,643,789,146,v001
KC863,566,734,168,v012
KC863,684,843,159,v008
KC863,0,110,110,v008
KC863,0,326,326,v008
KC863,237,427,190,v016
S8PVE,124,705,581,v008
S8PVE,456,703,247,v019
S8PVE,0,715,715,v018
S8PVE,81,712,631,v016
S8PVE,0,715,715,v018
S8PVE,542,715,173,v016
S8PVE,360,523,163,v031
S8PVE,0,91,91,v023
BY6ZZ,393,632,239,v021
BY6ZZ,0,348,348,v005
BY6ZZ,0,369,369,v018
BY6ZZ,297,405,108,v022
BY6ZZ,372,632,260,v010
BY6ZZ,0,105,105,v008
BY6ZZ,43,256,213,v008
BY6ZZ,189,336,147,v016
BY6ZZ,189,336,147,v016
YS9RE,532,680,148,v013
YS9RE,88,480,392,v000
YS9RE,0,177,177,v010
YS9RE,458,585,127,v008
YS9RE,453,680,227,v014
LK3BW,0,110,110,v001
LK3BW,0,84,84,v012
LK3BW,160,295,135,v027
LK3BW,79,348,269,v031
LK3BW,0,76,76,v029
Y1KKI,0,284,284,v016
Y1KKI,0,284,284,v016
Y1KKI,0,284,284,v012
Y1KKI,0,284,284,v026
Y1KKI,0,284,284,v012
Y1KKI,0,284,284,v008
Y1KKI,0,284,284,v004
NZCG8,537,736,199,v001
NZCG8,0,662,662,v014
NZCG8,0,729,729,v032
C9FMC,110,292,182,v001
C9FMC,0,225,225,v016
C9FMC,590,906,316,v008
C9FMC,513,705,192,v001
C9FMC,12,160,148,v012
C9FMC,0,108,108,v016
C9FMC,667,895,228,v015
C9FMC,667,895,228,v016
T35WB,0,96,96,v018
T35WB,393,564,171,v009
T35WB,396,748,352,v019
T35WB,0,748,748,v018
7QEQN,0,100,100,v006
ZXTY5,249,733,484,v007
ZXTY5,285,733,448,v001
ZXTY5,640,733,93,v012
75RPN,304,514,210,v008
75RPN,38,304,266,v023
75RPN,16,139,123,v029
75RPN,244,403,159,v023
75RPN,91,514,423,v008
75RPN,328,514,186,v019
XBRO4,0,585,585,v032
XBRO4,592,722,130,v017
XBRO4,0,585,585,v032
XBRO4,0,585,585,v018
XBRO4,496,624,128,v022
XBRO4,614,734,120,v029
XBRO4,0,592,592,v018
XBRO4,535,660,125,v023
FM6KD,710,866,156,v008
FM6KD,751,1020,269,v016
FM6KD,93,249,156,v019
FM6KD,74,256,182,v009
FM6KD,1039,1221,182,v026
FM6KD,648,866,218,v012
FM6KD,0,146,146,v012
FM6KD,50,628,578,v031
FM6KD,672,799,127,v023
FM6KD,196,328,132,v019
FM6KD,532,664,132,v001
FFBK3,72,799,727,v008
FFBK3,4,799,795,v008
FFBK3,535,698,163,v016
FFBK3,79,456,377,v006
TVDWJ,211,541,330,v004
TVDWJ,208,357,149,v023
TVDWJ,175,362,187,v018
TVDWJ,60,232,172,v016
TVDWJ,57,225,168,v023
TVDWJ,232,541,309,v008
TVDWJ,211,541,330,v018
TVDWJ,24,134,110,v016
TVDWJ,216,541,325,v018
7FTZR,388,576,188,v023
7FTZR,0,830,830,v031
7FTZR,374,830,456,v008
7FTZR,0,830,830,v019
7FTZR,0,830,830,v008
PVN01,422,544,122,v007
PVN01,0,357,357,v008
PVN01,278,458,180,v008
ED6VQ,204,420,216,v008
ED6VQ,163,312,149,v016
ED6VQ,0,249,249,v004
ED6VQ,228,523,295,v005
ED6VQ,0,586,586,v018
ED6VQ,165,276,111,v016
ED6VQ,0,586,586,v018
MEZVN,0,158,158,v012
MEZVN,0,709,709,v008
MEZVN,33,268,235,v020
MEZVN,48,228,180,v029
0WHOH,554,708,154,v029
0WHOH,184,583,399,v008
0WHOH,0,264,264,v028
55OAL,180,492,312,v008
55OAL,184,400,216,v023
55OAL,211,360,149,v012
55OAL,201,309,108,v012
55OAL,288,403,115,v001
55OAL,271,388,117,v001
SHZ84,0,746,746,v008
SHZ84,0,170,170,v023
67EEN,12,187,175,v018
67EEN,307,448,141,v022
67EEN,55,439,384,v018
VX82P,0,769,769,v008
VX82P,72,228,156,v016
VX82P,110,769,659,v008
VX82P,36,276,240,v016
VX82P,175,475,300,v020
VX82P,367,769,402,v009
VX82P,124,237,113,v023
VX82P,355,628,273,v019
64F1C,542,664,122,v025
64F1C,0,348,348,v026
64F1C,535,657,122,v025
64F1C,0,721,721,v026
64F1C,540,679,139,v025
64F1C,388,592,204,v026
64F1C,288,721,433,v026
64F1C,124,290,166,v023
64F1C,0,211,211,v023
7UU9S,0,254,254,v008
7UU9S,0,117,117,v013
7UU9S,0,254,254,v006
7UU9S,0,254,254,v022
MA1ON,0,62,62,v017
MA1ON,24,104,80,v029
MA1ON,24,104,80,v010
QQM8M,0,64,64,v007
QQM8M,0,64,64,v008
QQM8M,0,64,64,v024
QQM8M,0,64,64,v012
QQM8M,0,64,64,v029
QQM8M,0,64,64,v008
CMI7U,350,511,161,v016
CMI7U,288,422,134,v016
CMI7U,7,163,156,v022
CMI7U,172,295,123,v012
CMI7U,669,849,180,v029
CMI7U,0,124,124,v018
CMI7U,240,506,266,v016
TM0RL,271,439,168,v004
TM0RL,31,643,612,v008
TM0RL,547,693,146,v016
LPR6Z,674,792,118,v027
LPR6Z,0,746,746,v003
LPR6Z,0,799,799,v016
1YBKW,0,228,228,v019
1YBKW,247,528,281,v027
1YBKW,0,184,184,v019
1YBKW,439,693,254,v003
1YBKW,158,266,108,v031
1YBKW,218,530,312,v031
1YBKW,0,254,254,v008
LF49A,232,633,401,v008
LF49A,230,393,163,v012
LF49A,223,345,122,v025
LF49A,0,319,319,v008
V3B51,0,153,153,v031
V3B51,28,211,183,v027
V3B51,0,290,290,v008
V3B51,194,302,108,v025
V3B51,194,302,108,v016
3NOML,273,422,149,v016
3NOML,379,729,350,v028
3NOML,0,117,117,v029
3NOML,604,729,125,v016
3NOML,62,204,142,v007
3NOML,0,88,88,v012
3NOML,547,696,149,v008
3NOML,55,201,146,v001
3NOML,0,429,429,v008
3NOML,386,729,343,v016
IHGNV,0,199,199,v008
IHGNV,105,436,331,v012
IHGNV,420,716,296,v025
IHGNV,420,716,296,v016
IHGNV,391,537,146,v023
IHGNV,266,520,254,v008
IHGNV,420,588,168,v025
IHGNV,499,716,217,v025
00YZL,16,626,610,v005
00YZL,228,797,569,v004
00YZL,52,741,689,v005
00YZL,609,797,188,v012
00YZL,717,797,80,v001
00YZL,16,746,730,v008
00YZL,64,729,665,v008
2LMQF,225,362,137,v016
2LMQF,225,362,137,v016
2LMQF,0,316,316,v005
2LMQF,0,278,278,v005
2LMQF,415,556,141,v023
2LMQF,0,691,691,v018
2LMQF,290,691,401,v008
2LMQF,249,362,113,v016
2LMQF,0,336,336,v008
2LMQF,331,549,218,v015
2LMQF,0,691,691,v018
2LMQF,460,588,128,v016
2LMQF,453,652,199,v023
47I6H,288,429,141,v027
47I6H,52,252,200,v028
47I6H,153,379,226,v001
9PP4V,266,415,149,v018
9PP4V,271,384,113,v023
9PP4V,333,748,415,v014
9PP4V,307,748,441,v008
A6GZT,0,677,677,v023
A6GZT,0,677,677,v018
A6GZT,381,624,243,v023
A6GZT,69,677,608,v005
A6GZT,0,677,677,v018
A6GZT,0,677,677,v008
A6GZT,0,677,677,v008
KJ8G2,362,477,115,v008
KJ8G2,340,477,137,v016
KJ8G2,124,249,125,v016
KJ8G2,0,247,247,v008
KJ8G2,345,720,375,v023
KJ8G2,352,720,368,v026
DM2HW,326,502,176,v027
DM2HW,132,420,288,v027
DM2HW,240,429,189,v023
34DKM,703,1130,427,v008
34DKM,698,1130,432,v023
34DKM,0,667,667,v026
34DKM,115,235,120,v023
34DKM,127,458,331,v008
34DKM,463,590,127,v016
6BI70,26,254,228,v007
6BI70,69,273,204,v012
6BI70,201,754,553,v031
6BI70,333,720,387,v003
6BI70,105,244,139,v029
6BI70,408,508,100,v006
6BI70,182,326,144,v026
2WW04,0,117,117,v008
N5895,0,596,596,v008
N5895,86,596,510,v008
N5895,81,196,115,v023
N5895,112,596,484,v014
5776I,132,324,192,v008
5776I,230,400,170,v016
5776I,0,86,86,v031
5776I,0,158,158,v018
5776I,199,400,201,v016
5776I,288,400,112,v025
5776I,288,400,112,v025
5776I,79,208,129,v029
DMI87,146,736,590,v008
DMI87,81,249,168,v008
DMI87,2,228,226,v026
DMI87,434,614,180,v019
DMI87,0,276,276,v030
DMI87,112,736,624,v018
DMI87,36,172,136,v023
DMI87,124,736,612,v014
DMI87,324,530,206,v016
NSUHV,0,535,535,v031
NSUHV,158,506,348,v008
NSUHV,144,506,362,v008
NSUHV,204,367,163,v023
NSUHV,321,472,151,v016
NSUHV,216,376,160,v023
NSUHV,0,535,535,v008
NSUHV,297,427,130,v016
6VMGZ,0,511,511,v018
6VMGZ,0,675,675,v031
6VMGZ,0,518,518,v026
6VMGZ,168,508,340,v008
BPDTY,163,472,309,v008
BPDTY,266,448,182,v012
BPDTY,232,472,240,v019
BPDTY,158,444,286,v023
TWLUH,0,163,163,v012
TWLUH,38,694,656,v018
TWLUH,55,660,605,v004
TWLUH,0,165,165,v018
TWLUH,0,165,165,v008
MFSGO,103,539,436,v008
MFSGO,240,460,220,v001
MFSGO,237,422,185,v012
MFSGO,74,196,122,v023
M0QER,0,1128,1128,v008
M0QER,12,1082,1070,v031
M0QER,0,1060,1060,v018
M0QER,0,86,86,v018
M0QER,933,1068,135,v022
M0QER,1010,1142,132,v016
M0QER,0,1089,1089,v012
M0QER,897,1149,252,v001
M0QER,1219,1329,110,v026
M0QER,1010,1135,125,v016
M0QER,1084,1499,415,v026
RQJWI,0,667,667,v016
RQJWI,0,739,739,v005
RQJWI,0,739,739,v018
RQJWI,0,88,88,v016
RQJWI,100,252,152,v023
RQJWI,0,280,280,v008
RQJWI,0,739,739,v026
RQJWI,0,739,739,v030
RQJWI,0,739,739,v005
RQJWI,0,739,739,v008
RQJWI,0,739,739,v018
RQJWI,0,739,739,v008
7S3KW,0,736,736,v008
7S3KW,643,736,93,v001
7S3KW,0,103,103,v012
7S3KW,0,736,736,v026
7S3KW,0,736,736,v026
7S3KW,0,736,736,v018
7S3KW,69,736,667,v014
USXHZ,0,448,448,v008
USXHZ,0,448,448,v008
USXHZ,96,408,312,v029
AQ3CP,513,744,231,v028
AQ3CP,621,776,155,v008
AQ3CP,0,79,79,v018
AQ3CP,0,441,441,v003
3LLSZ,0,528,528,v008
3LLSZ,0,528,528,v031
3LLSZ,446,703,257,v029
5AHQV,2,115,113,v027
5AHQV,0,211,211,v008
5AHQV,151,350,199,v025
5AHQV,453,597,144,v012
5AHQV,31,158,127,v007
5AHQV,206,360,154,v025
5AHQV,0,151,151,v029
UJXLL,158,321,163,v025
UJXLL,105,345,240,v008
UJXLL,201,388,187,v016
UJXLL,48,386,338,v023
UJXLL,158,619,461,v025
30LGT,93,314,221,v008
30LGT,144,369,225,v008
30LGT,249,422,173,v008
30LGT,343,700,357,v022
30LGT,0,432,432,v018
30LGT,487,607,120,v001
30LGT,0,326,326,v031
4VODV,717,845,128,v005
4VODV,0,374,374,v000
4VODV,0,247,247,v010
4VODV,662,820,158,v023
4VODV,595,724,129,v008
4VODV,684,818,134,v023
4VODV,624,729,105,v025
4VODV,712,845,133,v008
4VODV,619,780,161,v012
4VODV,508,698,190,v028
74Q66,0,600,600,v008
74Q66,288,441,153,v004
74Q66,0,600,600,v008
74Q66,0,600,600,v008
74Q66,0,600,600,v026
SCCZG,0,456,456,v008
SCCZG,96,477,381,v008
SCCZG,415,736,321,v031
TKWJB,338,564,226,v008
TKWJB,530,753,223,v005
TKWJB,338,564,226,v008
TKWJB,530,753,223,v005
TKWJB,328,448,120,v023
TKWJB,434,556,122,v016
O1ILB,261,376,115,v001
O1ILB,213,408,195,v008
O1ILB,268,427,159,v023
O1ILB,297,432,135,v017
IXISD,309,448,139,v016
IXISD,93,314,221,v009
IXISD,86,441,355,v009
IXISD,196,324,128,v028
IXISD,0,727,727,v018
IXISD,0,727,727,v031
IXISD,256,374,118,v016
0RROG,0,254,254,v006
0RROG,357,453,96,v008
3LLDC,0,129,129,v008
3LLDC,0,134,134,v016
3LLDC,0,153,153,v008
3LLDC,36,163,127,v016
3LLDC,0,96,96,v017
3LLDC,0,174,174,v016
5HWX0,384,737,353,v008
5HWX0,424,729,305,v020
5HWX0,0,737,737,v018
5HWX0,0,737,737,v031
X00I8,0,704,704,v018
X00I8,0,704,704,v008
X00I8,0,704,704,v031
X00I8,0,704,704,v008
X00I8,0,704,704,v008
X00I8,88,288,200,v004
X00I8,0,84,84,v029
ZBBP9,0,708,708,v008
ZBBP9,2,708,706,v020
ZBBP9,0,708,708,v026
U2FA5,369,721,352,v008
U2FA5,364,540,176,v023
U2FA5,434,721,287,v014
U2FA5,276,446,170,v022
U2FA5,0,388,388,v030
U2FA5,285,403,118,v025
U2FA5,415,721,306,v012
U2FA5,422,721,299,v031
U2FA5,333,504,171,v018
U2FA5,393,518,125,v018
U2FA5,240,388,148,v025
XJH5D,0,400,400,v014
XJH5D,396,588,192,v023
XJH5D,0,391,391,v008
XJH5D,566,728,162,v016
XJH5D,619,728,109,v016
XJH5D,386,728,342,v026
XJH5D,386,728,342,v026
XJH5D,604,728,124,v025
XJH5D,381,724,343,v008
XJH5D,218,338,120,v020
N7ZBM,0,732,732,v008
N7ZBM,146,312,166,v008
N7ZBM,211,326,115,v025
N7ZBM,540,732,192,v026
N7ZBM,180,297,117,v022
N7ZBM,0,732,732,v008
U6XPZ,0,596,596,v008
U6XPZ,218,596,378,v031
U6XPZ,0,254,254,v004
U6XPZ,0,218,218,v008
U6XPZ,24,180,156,v016
U6XPZ,247,596,349,v023
2ZTNY,218,627,409,v031
2ZTNY,216,627,411,v010
2ZTNY,0,218,218,v016
2ZTNY,0,271,271,v018
2ZTNY,554,627,73,v001
2ZTNY,91,627,536,v008
2ZTNY,228,627,399,v012
TF6P8,115,336,221,v016
TF6P8,319,465,146,v023
TF6P8,84,600,516,v012
TF6P8,504,624,120,v001
YUOQW,0,799,799,v009
YUOQW,12,494,482,v019
YUOQW,0,799,799,v008
YUOQW,398,799,401,v009
YUOQW,57,278,221,v008
YUOQW,688,799,111,v008
YUOQW,117,297,180,v008
YUOQW,108,796,688,v031
4ETXZ,388,637,249,v008
4ETXZ,244,369,125,v027
4ETXZ,324,480,156,v023
9GA3H,0,743,743,v026
9GA3H,0,743,743,v004
9GA3H,458,609,151,v020
9GA3H,0,743,743,v008
3CAPI,88,252,164,v025
3CAPI,698,786,88,v025
3CAPI,33,165,132,v025
3CAPI,153,295,142,v025
3CAPI,0,307,307,v016
3CAPI,0,312,312,v008
3CAPI,338,786,448,v016
3CAPI,352,786,434,v008
3CAPI,348,786,438,v026
N14BK,0,624,624,v008
N14BK,840,1010,170,v012
N14BK,943,1080,137,v016
N14BK,0,674,674,v026
N14BK,914,1039,125,v008
N14BK,772,914,142,v008
N14BK,926,1089,163,v016
N14BK,784,948,164,v023
9MOH2,136,398,262,v012
9MOH2,384,709,325,v008
9MOH2,0,220,220,v029
OB1XO,472,753,281,v003
OB1XO,0,482,482,v003
OB1XO,0,789,789,v018
OB1XO,799,888,89,v029
OB1XO,0,136,136,v008
OB1XO,4,172,168,v023
OB1XO,770,888,118,v007
OB1XO,693,811,118,v022
OB1XO,405,532,127,v025
9N44Y,288,419,131,v001
9N44Y,0,124,124,v012
9N44Y,100,388,288,v023
R1B8I,379,772,393,v008
R1B8I,0,439,439,v006
R1B8I,268,434,166,v007
R1B8I,374,772,398,v031
YPIKO,736,856,120,v008
YPIKO,0,674,674,v031
YPIKO,72,218,146,v005
YPIKO,710,852,142,v031
YPIKO,710,856,146,v018
YPIKO,328,655,327,v015
YPIKO,192,806,614,v008
NHXI3,182,759,577,v008
NHXI3,220,360,140,v022
NHXI3,580,700,120,v027
NHXI3,96,261,165,v012
NHXI3,518,662,144,v029
NHXI3,0,324,324,v018
NHXI3,0,336,336,v018
NHXI3,108,321,213,v023
VX39P,0,122,122,v029
VX39P,607,818,211,v001
VX39P,818,1131,313,v030
NY8P3,427,736,309,v008
NY8P3,0,508,508,v026
NY8P3,415,530,115,v023
NY8P3,446,736,290,v014
RYK18,0,120,120,v018
RYK18,676,759,83,v027
RYK18,0,127,127,v018
RYK18,393,724,331,v028
RYK18,336,470,134,v022
RYK18,612,732,120,v025
7FLXE,0,330,330,v008
7FLXE,0,259,259,v032
7FLXE,0,330,330,v018
7FLXE,237,330,93,v025
DP1TV,0,180,180,v008
DP1TV,84,182,98,v016
DP1TV,84,182,98,v016
DP1TV,124,220,96,v020
DP1TV,0,170,170,v026
DP1TV,124,220,96,v009
DP1TV,69,182,113,v016
DP1TV,0,180,180,v008
DP1TV,160,220,60,v019
RSFII,607,855,248,v026
RSFII,216,453,237,v001
RSFII,691,855,164,v026
RSFII,422,561,139,v007
6I0IH,0,698,698,v024
6I0IH,0,698,698,v008
6I0IH,0,698,698,v018
6I0IH,0,698,698,v018
618HP,0,84,84,v027
618HP,364,508,144,v022
618HP,480,612,132,v029
NEE6E,0,475,475,v010
NEE6E,600,682,82,v018
NEE6E,0,151,151,v009
NEE6E,0,136,136,v019
NEE6E,0,682,682,v031
NEE6E,357,682,325,v000
NEE6E,0,682,682,v019
HI81L,0,163,163,v008
HI81L,67,228,161,v012
HI81L,148,288,140,v008
HI81L,67,228,161,v008
HI81L,0,158,158,v018
HI81L,230,432,202,v009
HI81L,230,432,202,v019
HI81L,0,851,851,v008
HI81L,0,851,851,v021
HI81L,0,851,851,v010
7Z2KR,2,634,632,v018
7Z2KR,0,117,117,v018
7Z2KR,0,634,634,v008
7Z2KR,9,634,625,v018
D8OSC,31,177,146,v008
D8OSC,141,266,125,v025
D8OSC,170,429,259,v009
D8OSC,0,100,100,v029
D8OSC,88,220,132,v026
D8OSC,0,115,115,v007
D8OSC,14,261,247,v023
D8OSC,146,668,522,v019
D8OSC,129,261,132,v016
FC2TJ,340,928,588,v008
FC2TJ,189,933,744,v026
FC2TJ,24,151,127,v029
FC2TJ,96,1003,907,v023
DZNYK,103,350,247,v008
DZNYK,285,518,233,v012
DZNYK,16,223,207,v023
DZNYK,0,98,98,v012
DZNYK,427,674,247,v009
DZNYK,52,259,207,v022
DZNYK,220,367,147,v016
DZNYK,211,372,161,v016
DZNYK,170,316,146,v001
DZNYK,16,223,207,v018
DZNYK,420,674,254,v019
DZNYK,0,124,124,v018
20NI0,628,772,144,v016
20NI0,278,482,204,v023
20NI0,0,292,292,v026
20NI0,321,756,435,v008
20NI0,446,650,204,v016
20NI0,446,645,199,v008
20NI0,638,758,120,v016
20NI0,446,645,199,v023
OELNE,112,376,264,v031
OELNE,0,196,196,v008
OELNE,96,204,108,v016
OELNE,0,196,196,v031
OELNE,300,424,124,v029
I6NJ6,0,225,225,v010
I6NJ6,324,535,211,v003
I6NJ6,223,364,141,v022
I6NJ6,0,192,192,v021
I6NJ6,112,321,209,v000
I6NJ6,112,321,209,v000
I6NJ6,98,252,154,v025
I6NJ6,328,470,142,v023
I6NJ6,117,252,135,v021
I6NJ6,21,148,127,v023
HMLJX,0,410,410,v014
HMLJX,0,295,295,v010
HMLJX,285,446,161,v022
HMLJX,372,513,141,v018
HMLJX,408,795,387,v018
HMLJX,388,795,407,v018
HMLJX,715,795,80,v032
HMLJX,528,655,127,v016
HMLJX,559,795,236,v032
HMLJX,511,676,165,v023
HMLJX,511,795,284,v008
9MOQ7,477,772,295,v008
9MOQ7,0,199,199,v020
9MOQ7,292,439,147,v022
9MOQ7,0,391,391,v018
9MOQ7,333,484,151,v003
RXIAX,79,343,264,v008
RXIAX,213,355,142,v016
RXIAX,134,273,139,v016
RXIAX,307,564,257,v020
RXIAX,249,633,384,v001
UZIQS,544,714,170,v016
UZIQS,321,508,187,v023
UZIQS,412,674,262,v026
UZIQS,549,714,165,v016
UZIQS,336,660,324,v008
7VZ5M,52,199,147,v018
7VZ5M,218,556,338,v031
7VZ5M,103,597,494,v018
7VZ5M,79,192,113,v018
7VZ5M,472,592,120,v022
7VZ5M,0,667,667,v008
7VZ5M,120,273,153,v004
ZXN6A,91,300,209,v004
ZXN6A,0,732,732,v005
ZXN6A,0,732,732,v008
ZXN6A,0,732,732,v005
ZXN6A,0,732,732,v018
ZXN6A,103,237,134,v016
ZXN6A,50,180,130,v023
ZXN6A,242,381,139,v016
ZXN6A,117,223,106,v008
ZXN6A,0,112,112,v018
ZXN6A,571,700,129,v016
ZXN6A,168,520,352,v008
4U52R,328,703,375,v008
4U52R,0,124,124,v016
4U52R,343,540,197,v018
4U52R,0,110,110,v016
4U52R,124,244,120,v008
4U52R,403,703,300,v018
4U52R,204,360,156,v016
4U52R,33,511,478,v026
13MWT,369,547,178,v027
13MWT,74,285,211,v016
13MWT,67,273,206,v023
13MWT,62,271,209,v028
13MWT,297,741,444,v018
13MWT,297,741,444,v018
WM8QQ,340,818,478,v008
WM8QQ,602,758,156,v012
WM8QQ,26,206,180,v016
WM8QQ,283,436,153,v020
WM8QQ,568,717,149,v023
WM8QQ,33,331,298,v016
WM8QQ,220,374,154,v018
WM8QQ,0,297,297,v023
WM8QQ,57,232,175,v012
WM8QQ,0,165,165,v008
WM8QQ,259,681,422,v020
WM8QQ,115,285,170,v016
WM8QQ,208,818,610,v018
AIYFU,0,441,441,v031
AIYFU,362,566,204,v008
AIYFU,86,410,324,v020
AIYFU,300,451,151,v022
AIYFU,0,261,261,v016
AIYFU,0,266,266,v008
AIYFU,0,273,273,v016
AIYFU,374,600,226,v005
AIYFU,0,441,441,v031
OK2TU,804,1008,204,v012
OK2TU,280,540,260,v026
OK2TU,904,1104,200,v001
OK2TU,508,1180,672,v008
OK2TU,24,456,432,v026
OK2TU,340,552,212,v016
OK2TU,220,408,188,v008
OK2TU,376,832,456,v023
OK2TU,268,444,176,v016
OK2TU,984,1200,216,v007
T8XGN,283,429,146,v012
T8XGN,362,722,360,v008
T8XGN,182,307,125,v022
T8XGN,564,722,158,v019
5NK4L,614,763,149,v012
5NK4L,655,807,152,v026
5NK4L,0,807,807,v016
5NK4L,0,806,806,v026
5NK4L,242,384,142,v020
5NK4L,194,398,204,v008
5NK4L,528,807,279,v023
SRHJV,0,396,396,v018
SRHJV,576,775,199,v005
SRHJV,72,427,355,v022
SRHJV,408,552,144,v012
SRHJV,480,775,295,v008
SRHJV,648,775,127,v019
SRHJV,0,110,110,v031
SRHJV,451,590,139,v029
NZY1U,0,674,674,v008
NZY1U,0,566,566,v024
NZY1U,477,672,195,v004
NZY1U,0,674,674,v008
ZYLTE,45,307,262,v008
ZYLTE,148,307,159,v031
ZYLTE,0,160,160,v023
9XFJX,0,400,400,v008
9XFJX,0,527,527,v008
9XFJX,225,400,175,v016
9W63D,0,811,811,v008
9W63D,0,811,811,v008
9W63D,0,811,811,v018
9W63D,0,811,811,v008
9YNN1,0,458,458,v016
9YNN1,0,444,444,v026
9YNN1,477,707,230,v006
9YNN1,484,707,223,v031
9YNN1,0,607,607,v008
9YNN1,0,158,158,v026
9YNN1,103,249,146,v006
9YNN1,64,249,185,v031
U5CDS,122,261,139,v018
U5CDS,0,318,318,v031
U5CDS,122,261,139,v018
ENC45,0,319,319,v005
ENC45,211,638,427,v004
ENC45,0,336,336,v005
ENC45,0,638,638,v008
ENC45,0,638,638,v008
EJPO8,74,720,646,v005
EJPO8,60,720,660,v008
EJPO8,50,220,170,v023
EJPO8,0,720,720,v008
EJPO8,304,528,224,v016
EJPO8,50,720,670,v005
EJPO8,96,720,624,v008
P5JRJ,0,588,588,v008
P5JRJ,0,588,588,v031
P5JRJ,528,588,60,v010
P5JRJ,0,463,463,v008
P5JRJ,0,458,458,v018
P5JRJ,0,489,489,v021
O8DER,0,439,439,v024
O8DER,400,542,142,v022
O8DER,0,494,494,v018
O8DER,535,737,202,v026
O8DER,96,427,331,v019
O8DER,0,480,480,v008
O8DER,122,309,187,v009
O8DER,520,686,166,v016
O8DER,523,681,158,v008
O8DER,412,585,173,v023
O8DER,590,737,147,v001
O8DER,393,504,111,v016
O8DER,446,686,240,v016
0LNLR,237,547,310,v010
0LNLR,45,333,288,v018
0LNLR,19,141,122,v018
0LNLR,518,712,194,v022
DPBID,0,723,723,v018
DPBID,0,723,723,v032
DPBID,0,316,316,v004
DPBID,0,723,723,v008
DPBID,288,405,117,v006
DPBID,0,723,723,v008
DPBID,0,723,723,v008
6N7G6,0,105,105,v016
6N7G6,4,175,171,v018
6N7G6,434,824,390,v021
6N7G6,4,175,171,v018
6N7G6,0,112,112,v016
6N7G6,0,112,112,v016
6N7G6,278,824,546,v008
6N7G6,2,824,822,v018
6N7G6,0,180,180,v008
6N7G6,338,782,444,v023
6N7G6,0,213,213,v023
MX0CO,0,163,163,v004
MX0CO,21,129,108,v008
MX0CO,0,124,124,v023
MX0CO,223,355,132,v016
250SN,321,480,159,v001
250SN,36,148,112,v012
250SN,156,360,204,v003
250SN,278,412,134,v017
250SN,50,160,110,v029
250SN,124,240,116,v008
250SN,96,252,156,v016
250SN,96,252,156,v023
250SN,14,136,122,v007
250SN,0,86,86,v008
250SN,0,103,103,v016
250SN,0,81,81,v023
PW9P0,151,318,167,v031
PW9P0,0,156,156,v028
PW9P0,60,247,187,v028
PW9P0,115,220,105,v016
PW9P0,64,216,152,v008
8NS1G,367,612,245,v015
8NS1G,98,748,650,v008
8NS1G,592,744,152,v005
8NS1G,592,744,152,v005
8NS1G,360,636,276,v016
8NS1G,580,736,156,v023
8NS1G,580,748,168,v008
8NS1G,338,602,264,v008
6JKD6,211,393,182,v012
6JKD6,271,420,149,v023
6JKD6,115,268,153,v016
6JKD6,571,724,153,v001
6JKD6,52,232,180,v008
8PRDP,72,338,266,v014
8PRDP,312,504,192,v016
8PRDP,40,710,670,v008
8PRDP,448,592,144,v023
8PRDP,482,688,206,v004
8PRDP,537,684,147,v016
8PRDP,256,386,130,v023
8PRDP,304,460,156,v023
8PRDP,379,489,110,v023
VCV6A,4,103,99,v005
VCV6A,72,182,110,v008
VCV6A,283,415,132,v016
VCV6A,405,506,101,v005
VCV6A,360,751,391,v032
VCV6A,290,508,218,v012
VCV6A,124,352,228,v023
VCV6A,225,336,111,v023
VCV6A,350,549,199,v008
VCV6A,64,189,125,v012
VCV6A,112,235,123,v023
VCV6A,146,249,103,v016
VCV6A,127,254,127,v008
VCV6A,0,156,156,v023
VCV6A,7,156,149,v016
ONA0S,218,429,211,v007
ONA0S,624,765,141,v018
ONA0S,434,571,137,v022
ONA0S,228,468,240,v012
6TJVS,57,216,159,v005
6TJVS,52,228,176,v005
6TJVS,220,364,144,v016
6TJVS,283,432,149,v004
6TJVS,0,777,777,v008
6TJVS,393,777,384,v020
6TJVS,0,777,777,v018
6TJVS,230,420,190,v008
6TJVS,0,777,777,v008
6TJVS,0,302,302,v008
6TJVS,0,204,204,v024
6TJVS,331,446,115,v023
6TJVS,295,415,120,v023
6TJVS,0,777,777,v018
6TJVS,0,285,285,v008
94LXD,585,830,245,v008
94LXD,67,408,341,v026
94LXD,556,830,274,v008
94LXD,585,830,245,v008
94LXD,292,434,142,v022
94LXD,556,691,135,v023
94LXD,556,696,140,v023
94LXD,756,830,74,v012
EOAR1,283,439,156,v001
EOAR1,175,343,168,v012
EOAR1,472,808,336,v026
EOAR1,76,362,286,v008
EOAR1,230,398,168,v016
EOAR1,60,208,148,v023
EOAR1,28,189,161,v031
EOAR1,247,408,161,v016
EOAR1,0,93,93,v029
3MIWR,62,506,444,v008
3MIWR,69,506,437,v026
3MIWR,199,312,113,v020
3MIWR,52,513,461,v026
T2S96,0,136,136,v030
T2S96,0,60,60,v008
SFH7G,38,211,173,v016
SFH7G,62,230,168,v018
SFH7G,792,960,168,v022
SFH7G,52,926,874,v018
SFH7G,110,945,835,v018
SFH7G,24,206,182,v016
SFH7G,33,192,159,v016
IGOQK,170,307,137,v018
IGOQK,132,784,652,v008
IGOQK,0,127,127,v001
IGOQK,0,146,146,v029
IGOQK,117,264,147,v023
IGOQK,168,319,151,v018
IGOQK,528,784,256,v014
IGOQK,0,122,122,v007
IGOQK,194,784,590,v018
TWZA4,237,439,202,v008
TWZA4,535,659,124,v024
TWZA4,12,160,148,v012
TWZA4,7,659,652,v023
TWZA4,28,659,631,v031
TWZA4,7,659,652,v008
TWZA4,0,100,100,v023
M1GW9,9,559,550,v016
M1GW9,91,237,146,v012
M1GW9,112,237,125,v029
M1GW9,28,340,312,v008
M1GW9,4,124,120,v023
M1GW9,528,660,132,v001
M1GW9,324,564,240,v025
M1GW9,525,655,130,v007
OL2JP,0,338,338,v006
OL2JP,0,338,338,v006
OL2JP,559,679,120,v008
OL2JP,528,706,178,v023
OL2JP,552,706,154,v008
A3AV0,540,683,143,v012
A3AV0,578,683,105,v007
A3AV0,372,614,242,v022
A3AV0,0,554,554,v018
Z6HSZ,465,636,171,v001
Z6HSZ,295,511,216,v005
Z6HSZ,2,446,444,v004
Z6HSZ,2,496,494,v005
Z6HSZ,0,638,638,v008
Z6HSZ,540,657,117,v029
Z6HSZ,465,614,149,v007
8PL34,76,228,152,v001
8PL34,220,340,120,v018
8PL34,573,802,229,v025
8PL34,436,705,269,v012
8PL34,316,508,192,v022
8PL34,232,489,257,v018
8PL34,216,496,280,v028
8PL34,264,770,506,v008
EI0F6,549,787,238,v001
EI0F6,57,386,329,v012
EI0F6,470,803,333,v008
EI0F6,0,803,803,v008
BLBJY,0,360,360,v008
BLBJY,0,369,369,v008
BLBJY,67,235,168,v009
BLBJY,0,312,312,v005
BLBJY,261,763,502,v004
AKEDL,0,730,730,v008
AKEDL,0,730,730,v008
AKEDL,19,225,206,v031
8VDZ7,12,314,302,v023
8VDZ7,4,439,435,v008
8VDZ7,434,798,364,v008
8VDZ7,386,621,235,v023
8VDZ7,362,679,317,v018
8VDZ7,338,650,312,v018
8VDZ7,554,798,244,v022
9WGMG,184,352,168,v023
9WGMG,302,523,221,v004
NU4XA,163,324,161,v012
NU4XA,67,196,129,v019
NU4XA,405,549,144,v018
NU4XA,638,739,101,v031
NU4XA,139,340,201,v007
NU4XA,21,580,559,v009
NU4XA,254,379,125,v016
NU4XA,0,372,372,v008
NU4XA,69,211,142,v029
NU4XA,33,187,154,v022
FAZXS,477,655,178,v008
FAZXS,472,648,176,v031
FAZXS,2,237,235,v026
FAZXS,148,309,161,v016
FAZXS,129,259,130,v023
WYCRK,0,333,333,v031
WYCRK,199,667,468,v004
WYCRK,592,714,122,v023
WYCRK,441,714,273,v030
WYCRK,208,427,219,v004
WYCRK,134,302,168,v008
WYCRK,441,714,273,v026
WYCRK,384,714,330,v008
QEG5O,0,180,180,v000
QEG5O,134,266,132,v020
QEG5O,489,652,163,v026
QEG5O,0,69,69,v010
QEG5O,0,386,386,v000
08EPO,0,447,447,v008
08EPO,232,376,144,v005
08EPO,0,447,447,v008
08EPO,242,379,137,v005
08EPO,0,447,447,v008
83D9H,0,643,643,v008
83D9H,556,676,120,v025
83D9H,396,544,148,v012
83D9H,0,403,403,v023
83D9H,271,513,242,v008
83D9H,504,650,146,v016
83D9H,319,463,144,v026
83D9H,386,540,154,v001
83D9H,0,451,451,v026
IQSWM,0,648,648,v008
IQSWM,528,661,133,v012
IQSWM,559,661,102,v001
IQSWM,0,661,661,v008
IQSWM,511,616,105,v029
IQSWM,530,636,106,v007
Y0CSN,0,472,472,v031
Y0CSN,396,758,362,v032
Y0CSN,0,472,472,v012
KL68V,216,693,477,v003
KL68V,0,292,292,v003
KL68V,583,751,168,v022
HBQ33,345,733,388,v005
HBQ33,0,213,213,v020
HBQ33,381,506,125,v016
HBQ33,0,733,733,v018
HBQ33,0,733,733,v031
HBQ33,0,733,733,v018
HBQ33,132,733,601,v008
R5CWJ,0,72,72,v031
R5CWJ,134,414,280,v008
R5CWJ,45,230,185,v009
R5CWJ,331,414,83,v003
R5CWJ,0,259,259,v019
R5CWJ,117,414,297,v026
PWJ3J,0,333,333,v010
PWJ3J,81,319,238,v020
PWJ3J,508,698,190,v016
PWJ3J,441,650,209,v008
PWJ3J,220,501,281,v000
PWJ3J,472,631,159,v022
PWJ3J,513,838,325,v016
PWJ3J,0,316,316,v010
PWJ3J,489,838,349,v016
PWJ3J,429,655,226,v016
TUVM8,0,747,747,v031
TUVM8,0,268,268,v009
TUVM8,0,747,747,v018
TUVM8,0,747,747,v018
TUVM8,393,595,202,v019
TW6NZ,513,696,183,v008
TW6NZ,465,600,135,v023
TW6NZ,552,667,115,v012
TW6NZ,616,787,171,v015
TW6NZ,0,304,304,v018
TW6NZ,38,297,259,v028
TW6NZ,225,343,118,v022
TW6NZ,513,657,144,v019
TW6NZ,208,340,132,v016
TW6NZ,0,297,297,v023
TW6NZ,460,787,327,v008
TW6NZ,314,422,108,v029
TW6NZ,458,645,187,v023
TW6NZ,196,309,113,v025
EO6OI,338,679,341,v008
EO6OI,463,688,225,v030
EO6OI,811,1086,275,v008
EO6OI,93,244,151,v026
EO6OI,343,667,324,v026
EO6OI,794,1082,288,v026
EO6OI,794,1082,288,v026
EO6OI,604,808,204,v023
EO6OI,98,254,156,v016
EO6OI,93,244,151,v008
EO6OI,609,739,130,v008
EO6OI,136,292,156,v025
EO6OI,81,211,130,v023
EO6OI,326,451,125,v023
EO6OI,446,662,216,v030
EO6OI,326,667,341,v008
EO6OI,561,688,127,v016
EO6OI,571,696,125,v016
EO6OI,806,933,127,v023
EO6OI,81,244,163,v026
EO6OI,974,1086,112,v016
WIOOY,60,249,189,v025
WIOOY,69,218,149,v016
WIOOY,297,648,351,v002
WIOOY,0,108,108,v029
WIOOY,194,321,127,v029
WIOOY,328,468,140,v008
WIOOY,0,204,204,v008
WIOOY,98,213,115,v016
L7HA6,148,273,125,v016
L7HA6,206,744,538,v008
L7HA6,648,789,141,v016
L7HA6,240,736,496,v024
L7HA6,360,640,280,v004
L7HA6,710,1032,322,v028
L7HA6,0,201,201,v023
NALYS,364,614,250,v008
NALYS,422,674,252,v016
NALYS,592,742,150,v023
NALYS,69,292,223,v016
NALYS,271,504,233,v019
NALYS,273,429,156,v001
NALYS,0,170,170,v012
NALYS,338,556,218,v023
NALYS,93,386,293,v008
NALYS,127,427,300,v023
NALYS,86,273,187,v026
NALYS,422,583,161,v029
RF4OI,9,144,135,v004
RF4OI,280,422,142,v030
RF4OI,0,343,343,v023
RF4OI,266,417,151,v026
RF4OI,180,369,189,v016
RF4OI,0,333,333,v008
RF4OI,7,160,153,v005
54VBR,0,691,691,v018
54VBR,312,448,136,v004
54VBR,208,561,353,v018
54VBR,0,691,691,v018
54VBR,391,571,180,v018
54VBR,285,446,161,v008
54VBR,0,172,172,v005
54VBR,0,175,175,v005
54VBR,0,691,691,v008
54VBR,184,540,356,v022
54VBR,211,362,151,v029
54VBR,0,252,252,v010
8BCI8,686,861,175,v023
8BCI8,518,705,187,v012
8BCI8,604,1010,406,v019
8BCI8,672,840,168,v001
8BCI8,0,254,254,v002
8BCI8,674,842,168,v001
8BCI8,504,696,192,v012
DEJ35,14,213,199,v000
DEJ35,436,648,212,v023
DEJ35,460,616,156,v008
DEJ35,249,544,295,v003
DEJ35,0,156,156,v010
DEJ35,124,345,221,v003
DEJ35,460,609,149,v023
DEJ35,468,609,141,v023
DEJ35,88,564,476,v018
DEJ35,506,648,142,v016
DEJ35,144,564,420,v018
DEJ35,441,648,207,v026
DEJ35,446,612,166,v008
DEJ35,163,528,365,v016
DEJ35,475,648,173,v022
DEJ35,165,520,355,v023
DEJ35,602,648,46,v023
DEJ35,602,648,46,v023
DEJ35,602,648,46,v018
DEJ35,602,648,46,v016
Q37OS,225,453,228,v008
Q37OS,0,684,684,v008
Q37OS,343,451,108,v029
Q37OS,0,696,696,v008
HCSPE,369,528,159,v001
HCSPE,0,124,124,v012
HCSPE,189,333,144,v008
HCSPE,554,734,180,v016
HCSPE,0,81,81,v007
HCSPE,132,268,136,v027
HCSPE,0,96,96,v029
H69BE,0,549,549,v031
H69BE,0,738,738,v018
H69BE,420,667,247,v001
H69BE,0,738,738,v018
HN362,388,564,176,v016
HN362,388,571,183,v018
HN362,388,578,190,v016
HN362,535,710,175,v031
HN362,33,160,127,v018
HN362,40,564,524,v018
HN362,470,626,156,v012
HN362,69,456,387,v023
HN362,460,585,125,v022
HN362,0,475,475,v008
HN362,432,710,278,v032
HN362,115,247,132,v012
HN362,26,566,540,v018
HN362,352,477,125,v016
ARCUY,451,943,492,v008
ARCUY,40,175,135,v018
ARCUY,374,837,463,v020
ARCUY,900,1027,127,v022
ARCUY,62,1012,950,v018
ARCUY,864,996,132,v016
B7DNX,153,719,566,v018
B7DNX,156,525,369,v005
B7DNX,148,465,317,v008
B7DNX,456,703,247,v004
B7DNX,148,511,363,v005
B7DNX,405,537,132,v016
B7DNX,0,187,187,v000
B7DNX,124,530,406,v008
B7DNX,134,496,362,v008
B7DNX,74,719,645,v018
B7DNX,134,496,362,v023
B7DNX,420,525,105,v016
B7DNX,0,148,148,v010
B7DNX,105,249,144,v023
1Q5ST,0,132,132,v021
1Q5ST,57,187,130,v016
1Q5ST,0,110,110,v029
1Q5ST,74,187,113,v008
1Q5ST,55,187,132,v023
1Q5ST,0,79,79,v020
RUK08,88,201,113,v008
RUK08,0,156,156,v026
RUK08,0,172,172,v022
RUK08,0,163,163,v026
RUK08,72,201,129,v014
RUK08,91,201,110,v018
MLLVP,98,252,154,v004
MLLVP,256,381,125,v020
MLLVP,0,487,487,v008
MLLVP,0,120,120,v029
76R37,0,703,703,v008
76R37,0,722,722,v022
76R37,499,619,120,v030
76R37,43,232,189,v026
4FS34,16,151,135,v018
4FS34,43,492,449,v018
4FS34,415,549,134,v023
4FS34,417,614,197,v008
Z9B4Y,261,398,137,v016
Z9B4Y,0,405,405,v008
Z9B4Y,585,753,168,v026
Z9B4Y,321,753,432,v008
Z9B4Y,427,650,223,v032
Z9B4Y,348,465,117,v023
Z9B4Y,16,192,176,v008
Z9B4Y,302,444,142,v023
Z9B4Y,374,638,264,v031
5AEB8,0,745,745,v021
5AEB8,105,745,640,v032
5AEB8,0,264,264,v018
5AEB8,0,745,745,v008
5AEB8,0,745,745,v008
88CD5,0,535,535,v002
88CD5,0,535,535,v031
88CD5,0,535,535,v008
88CD5,0,117,117,v005
SP1QS,0,297,297,v018
SP1QS,182,319,137,v022
SP1QS,295,501,206,v015
SP1QS,201,525,324,v016
SP1QS,501,612,111,v008
SP1QS,4,278,274,v018
43UGG,36,309,273,v008
43UGG,0,136,136,v023
43UGG,98,283,185,v005
43UGG,72,417,345,v005
43UGG,271,436,165,v016
43UGG,328,475,147,v022
43UGG,1041,1274,233,v003
43UGG,28,328,300,v008
43UGG,0,444,444,v018
43UGG,213,328,115,v016
YBO6N,62,196,134,v023
YBO6N,643,759,116,v027
YBO6N,532,672,140,v001
YBO6N,0,759,759,v031
YBO6N,108,249,141,v004
YBO6N,172,297,125,v016
YBO6N,364,499,135,v027
YBO6N,480,609,129,v012
M7KH7,453,688,235,v016
M7KH7,453,688,235,v016
M7KH7,64,614,550,v030
M7KH7,50,859,809,v008
M7KH7,528,672,144,v016
M7KH7,79,578,499,v008
M7KH7,26,559,533,v030
M7KH7,26,559,533,v030
09QI0,0,764,764,v008
09QI0,28,764,736,v028
09QI0,0,764,764,v023
09QI0,0,764,764,v014
09QI0,120,764,644,v016
8G9A9,206,506,300,v004
8G9A9,343,528,185,v016
8G9A9,105,340,235,v016
8G9A9,86,352,266,v008
8G9A9,81,348,267,v008
8G9A9,124,319,195,v018
8G9A9,240,506,266,v008
8G9A9,244,405,161,v023
8G9A9,208,666,458,v018
8G9A9,124,285,161,v016
8G9A9,146,321,175,v016
8G9A9,525,666,141,v022
8G9A9,456,628,172,v031
8G9A9,45,187,142,v023
8G9A9,427,544,117,v012
8G9A9,242,501,259,v005
8G9A9,530,662,132,v001
U1B27,93,338,245,v008
U1B27,122,264,142,v001
U1B27,98,729,631,v028
U1B27,621,729,108,v023
U1B27,21,165,144,v029
UCDL4,2,148,146,v012
UCDL4,220,631,411,v016
UCDL4,220,595,375,v031
UCDL4,96,216,120,v001
UCDL4,240,576,336,v008
UCDL4,216,336,120,v023
UCDL4,504,624,120,v016
UCDL4,216,336,120,v013
UCDL4,0,127,127,v029
F8E8C,302,626,324,v004
F8E8C,0,199,199,v031
F8E8C,177,331,154,v020
F8E8C,542,650,108,v016
F8E8C,271,386,115,v023
F8E8C,643,763,120,v022
F8E8C,0,739,739,v018
F8E8C,271,405,134,v008
F8E8C,636,777,141,v017
F8E8C,0,285,285,v021
GHJ8Z,513,662,149,v008
GHJ8Z,62,489,427,v002
GHJ8Z,523,657,134,v012
GHJ8Z,249,520,271,v016
6YH19,429,810,381,v031
6YH19,240,810,570,v014
6YH19,36,158,122,v000
6YH19,76,242,166,v022
6YH19,0,184,184,v018
6YH19,410,573,163,v004
6YH19,482,597,115,v016
6YH19,247,810,563,v032
NDH24,0,874,874,v008
NDH24,0,874,874,v008
NDH24,136,874,738,v009
NDH24,0,874,874,v014
1R9XW,0,810,810,v021
1R9XW,204,810,606,v031
1R9XW,194,384,190,v001
1R9XW,69,247,178,v012
1R9XW,0,160,160,v012
1R9XW,0,810,810,v008
1R9XW,28,230,202,v001
1R9XW,33,230,197,v001
1R9XW,0,141,141,v012
UVPSZ,194,807,613,v018
UVPSZ,456,807,351,v026
UVPSZ,88,295,207,v001
UVPSZ,348,807,459,v016
UVPSZ,348,807,459,v023
UVPSZ,300,458,158,v018
UVPSZ,355,807,452,v025
UVPSZ,360,807,447,v016
UVPSZ,360,807,447,v023
UVPSZ,360,807,447,v026
UVPSZ,0,132,132,v029
HZCXV,0,487,487,v009
HZCXV,26,614,588,v032
HZCXV,0,748,748,v019
RF00I,441,1027,586,v024
RF00I,636,1039,403,v005
RF00I,62,1221,1159,v008
RF00I,405,1039,634,v018
RF00I,919,1087,168,v018
RF00I,1113,1272,159,v012
RF00I,943,1099,156,v016
RF00I,38,194,156,v023
RF00I,1310,1478,168,v001
RF00I,967,2272,1305,v030
RF00I,576,1000,424,v008
RF00I,919,1051,132,v022
RF00I,1027,2066,1039,v023
RF00I,367,1039,672,v008
2QYZA,0,268,268,v012
2QYZA,0,667,667,v023
2QYZA,525,715,190,v005
2QYZA,199,309,110,v016
Q42EE,0,244,244,v023
Q42EE,0,313,313,v010
Q42EE,60,242,182,v005
Q42EE,0,313,313,v021
CXO6P,362,554,192,v008
CXO6P,0,564,564,v008
CXO6P,360,554,194,v008
CXO6P,343,568,225,v023
CXO6P,136,384,248,v020
CXO6P,343,568,225,v023
CXO6P,0,105,105,v021
CXO6P,129,571,442,v021
CXO6P,362,556,194,v008
Q07CU,727,818,91,v027
Q07CU,74,758,684,v003
Q07CU,0,100,100,v023
Q07CU,698,818,120,v029
NU09Z,384,520,136,v001
NU09Z,38,523,485,v026
NU09Z,319,427,108,v026
4O32W,0,208,208,v004
4O32W,0,729,729,v008
4O32W,0,729,729,v008
3S70A,350,590,240,v016
3S70A,345,590,245,v016
3S70A,103,333,230,v000
3S70A,230,621,391,v032
4BZI6,223,720,497,v008
4BZI6,360,720,360,v030
4BZI6,0,139,139,v012
4BZI6,208,720,512,v008
4BZI6,0,720,720,v018
73J9F,177,567,390,v030
73J9F,0,567,567,v005
73J9F,0,567,567,v005
73J9F,0,567,567,v008
73J9F,184,567,383,v030
UTAGQ,0,289,289,v018
UTAGQ,153,276,123,v023
UTAGQ,0,141,141,v005
UTAGQ,0,144,144,v021
UTAGQ,165,289,124,v031
UTAGQ,67,192,125,v005
UTAGQ,194,289,95,v012
UTAGQ,184,289,105,v008
UTAGQ,168,271,103,v008
44Y6S,876,1004,128,v016
44Y6S,309,967,658,v014
44Y6S,849,991,142,v016
44Y6S,223,364,141,v023
44Y6S,223,996,773,v008
44Y6S,218,350,132,v023
DEZJ5,199,432,233,v008
DEZJ5,340,480,140,v001
DEZJ5,254,496,242,v008
DEZJ5,206,355,149,v023
DEZJ5,100,235,135,v012
DEZJ5,240,590,350,v023
DEZJ5,0,67,67,v012
DEZJ5,0,288,288,v023
DEZJ5,240,384,144,v009
DEZJ5,432,590,158,v007
DEZJ5,336,465,129,v001
3CKXF,21,141,120,v016
3CKXF,60,175,115,v012
3CKXF,21,129,108,v025
3CKXF,57,175,118,v029
Y25DQ,201,412,211,v012
Y25DQ,146,388,242,v007
Y25DQ,336,530,194,v029
Y25DQ,556,698,142,v014
R9382,321,487,166,v001
R9382,489,664,175,v005
R9382,218,525,307,v023
R9382,0,288,288,v002
R9382,400,638,238,v019
R9382,316,506,190,v001
R9382,211,477,266,v012
R9382,360,660,300,v008
R9382,0,664,664,v002
R9382,547,664,117,v005
R9382,314,664,350,v008
R9382,280,664,384,v023
R9382,228,664,436,v016
LRQXG,0,715,715,v008
LRQXG,0,720,720,v008
LRQXG,43,314,271,v016
LRQXG,232,652,420,v020
LRQXG,549,738,189,v016
LRQXG,0,268,268,v025
LRQXG,235,357,122,v023
57NFY,648,825,177,v001
57NFY,242,386,144,v012
57NFY,33,278,245,v008
57NFY,50,223,173,v031
57NFY,69,206,137,v020
ZOLVU,278,516,238,v008
ZOLVU,160,348,188,v023
ZOLVU,117,657,540,v018
ZOLVU,429,669,240,v020
ZOLVU,122,244,122,v018
ZOLVU,554,674,120,v022
ZOLVU,0,67,67,v016
ZOLVU,199,355,156,v016
ZOLVU,192,338,146,v016
ZOLVU,129,655,526,v018
ZOLVU,252,496,244,v015
GM4UP,0,640,640,v008
GM4UP,0,640,640,v014
GM4UP,372,696,324,v020
GM4UP,645,784,139,v012
ZP53M,84,369,285,v025
ZP53M,228,542,314,v026
ZP53M,62,328,266,v025
ZP53M,314,686,372,v016
ZP53M,129,465,336,v016
ZP53M,124,328,204,v008
ZP53M,108,228,120,v023
ZP53M,468,609,141,v022
ZP53M,165,321,156,v016
ZP53M,386,547,161,v018
ZP53M,261,738,477,v026
ZP53M,0,738,738,v030
A0ZW3,415,779,364,v008
A0ZW3,501,628,127,v012
A0ZW3,216,379,163,v000
A0ZW3,0,309,309,v010
A0ZW3,415,779,364,v018
PHWKM,278,434,156,v016
PHWKM,278,436,158,v016
PHWKM,244,372,128,v029
PHWKM,194,300,106,v001
PHWKM,160,288,128,v012
PHWKM,0,424,424,v008
UU2LH,271,583,312,v008
UU2LH,0,331,331,v031
UU2LH,230,393,163,v018
UU2LH,0,304,304,v006
UU2LH,261,583,322,v018
UU2LH,206,436,230,v016
UU2LH,266,583,317,v008
6FUDS,232,408,176,v012
6FUDS,424,781,357,v005
6FUDS,374,520,146,v018
6FUDS,412,781,369,v018
6FUDS,412,781,369,v008
320VL,0,336,336,v031
320VL,256,746,490,v031
320VL,302,746,444,v022
320VL,0,633,633,v019
320VL,0,640,640,v018
320VL,523,746,223,v016
320VL,0,640,640,v009
VX7P0,288,408,120,v016
VX7P0,0,360,360,v021
VX7P0,0,731,731,v018
VX7P0,0,731,731,v031
VX7P0,0,731,731,v008
A3MOW,384,518,134,v031
A3MOW,396,513,117,v016
A3MOW,0,472,472,v005
A3MOW,506,643,137,v031
A3MOW,0,405,405,v005
A3MOW,513,688,175,v029
A3MOW,434,597,163,v022
A3MOW,0,525,525,v018
A3MOW,388,525,137,v016
A3MOW,0,525,525,v008
A3MOW,0,523,523,v008
G5819,0,398,398,v020
G5819,0,745,745,v010
G5819,0,745,745,v031
2VNXF,2,201,199,v004
2VNXF,326,532,206,v016
2VNXF,355,475,120,v008
2VNXF,0,538,538,v018
2VNXF,0,506,506,v008
2VNXF,0,538,538,v018
2VNXF,348,487,139,v016
2VNXF,331,499,168,v023
2VNXF,403,520,117,v016
2VNXF,0,117,117,v023
BVX8X,300,537,237,v008
BVX8X,254,465,211,v023
BVX8X,120,324,204,v012
BVX8X,45,381,336,v008
BVX8X,487,640,153,v012
BVX8X,417,542,125,v005
BVX8X,410,537,127,v005
UN1PD,609,738,129,v016
UN1PD,0,396,396,v002
UN1PD,357,672,315,v030
UN1PD,348,460,112,v023
UN1PD,0,398,398,v008
34BYN,271,602,331,v008
34BYN,520,693,173,v023
34BYN,597,722,125,v029
34BYN,348,530,182,v019
34BYN,81,348,267,v026
CXKFB,105,324,219,v026
CXKFB,290,458,168,v020
CXKFB,129,338,209,v026
CXKFB,396,499,103,v019
7QWL3,441,776,335,v031
7QWL3,362,489,127,v001
7QWL3,0,487,487,v008
7QWL3,0,482,482,v031
RKIC6,0,153,153,v008
RKIC6,0,93,93,v023
RKIC6,9,811,802,v023
RKIC6,0,148,148,v017
RKIC6,0,153,153,v023
RKIC6,0,148,148,v008
RKIC6,88,794,706,v026
77KWE,249,379,130,v025
77KWE,0,379,379,v008
77KWE,247,398,151,v016
D1D55,530,877,347,v018
D1D55,324,487,163,v020
D1D55,477,636,159,v018
D1D55,768,877,109,v022
D1D55,0,196,196,v023
D1D55,67,206,139,v016
D1D55,14,408,394,v016
D1D55,9,211,202,v008
D1D55,31,338,307,v016
DZ1VH,141,506,365,v008
DZ1VH,31,506,475,v008
DZ1VH,0,120,120,v023
0R0DJ,0,180,180,v008
0R0DJ,105,228,123,v012
0R0DJ,148,628,480,v031
0R0DJ,280,628,348,v019
0R0DJ,108,628,520,v014
0R0DJ,156,408,252,v009
X084M,45,528,483,v006
X084M,271,523,252,v027
X084M,600,765,165,v029
X084M,566,715,149,v012
X084M,566,732,166,v007
JQW5G,585,719,134,v016
JQW5G,103,516,413,v016
JQW5G,103,516,413,v008
JQW5G,103,516,413,v026
JQW5G,0,148,148,v010
JQW5G,499,667,168,v023
JQW5G,242,364,122,v021
L8Y8D,523,717,194,v023
L8Y8D,1147,1314,167,v001
L8Y8D,0,698,698,v002
L8Y8D,1048,1314,266,v004
L8Y8D,799,1118,319,v015
L8Y8D,734,876,142,v012
L8Y8D,667,804,137,v023
L8Y8D,708,816,108,v001
L8Y8D,667,804,137,v012
MU6UQ,403,559,156,v012
MU6UQ,0,105,105,v000
MU6UQ,9,156,147,v022
MU6UQ,540,726,186,v023
MU6UQ,499,726,227,v001
MU6UQ,0,168,168,v000
MU6UQ,0,175,175,v009
MU6UQ,0,148,148,v010
MU6UQ,504,726,222,v023
MU6UQ,0,726,726,v008
MU6UQ,184,312,128,v029
MU6UQ,0,112,112,v019
ZSZS4,532,984,452,v032
ZSZS4,506,628,122,v018
ZSZS4,273,403,130,v021
ZSZS4,883,1015,132,v022
ZSZS4,355,492,137,v023
ZSZS4,470,588,118,v016
ZSZS4,134,352,218,v008
ZSZS4,139,261,122,v023
ZSZS4,283,439,156,v018
ZSZS4,374,597,223,v008
ZSZS4,324,638,314,v023
ZSZS4,324,638,314,v016
ZSZS4,542,969,427,v032
FZBK6,276,484,208,v031
FZBK6,266,484,218,v016
FZBK6,196,484,288,v010
FZBK6,300,484,184,v021
FZBK6,0,124,124,v029
6VF2L,184,379,195,v029
6VF2L,530,763,233,v026
6VF2L,583,780,197,v016
6VF2L,343,566,223,v004
6VF2L,592,775,183,v016
6VF2L,554,741,187,v023
6VF2L,549,770,221,v008
6VF2L,463,604,141,v016
JF36Q,0,187,187,v001
JF36Q,0,144,144,v031
JF36Q,609,711,102,v001
5HOAV,350,482,132,v016
5HOAV,511,629,118,v016
5HOAV,91,629,538,v008
5HOAV,348,470,122,v016
5HOAV,84,460,376,v008
5HOAV,86,629,543,v008
5HOAV,350,465,115,v016
5HOAV,516,629,113,v016
EWO2A,208,544,336,v030
EWO2A,208,544,336,v030
EWO2A,0,751,751,v031
9D37U,537,735,198,v008
9D37U,540,735,195,v014
9D37U,0,537,537,v008
9D37U,132,547,415,v026
9D37U,120,566,446,v018
EG1MY,136,350,214,v008
EG1MY,122,400,278,v023
EG1MY,81,259,178,v031
EG1MY,124,384,260,v023
EG1MY,136,755,619,v026
EG1MY,518,686,168,v016
EG1MY,124,720,596,v026
EG1MY,410,566,156,v022
K90LN,43,568,525,v008
K90LN,69,223,154,v012
K90LN,28,264,236,v023
K90LN,0,677,677,v002
K90LN,0,677,677,v023
K90LN,0,677,677,v008
K90LN,0,677,677,v016
K90LN,0,677,677,v016
CO8ZB,0,168,168,v028
CO8ZB,182,327,145,v017
CO8ZB,110,319,209,v019
CO8ZB,88,327,239,v008
CO8ZB,175,326,151,v009
TI9JB,472,619,147,v001
TI9JB,523,664,141,v023
TI9JB,0,242,242,v008
TI9JB,518,991,473,v008
TI9JB,523,993,470,v026
TI9JB,403,549,146,v016
TI9JB,0,525,525,v026
TI9JB,0,991,991,v023
KENG1,703,899,196,v015
KENG1,64,218,154,v018
KENG1,324,453,129,v022
KENG1,127,290,163,v003
KENG1,559,899,340,v008
KENG1,96,899,803,v019
KENG1,60,192,132,v016
KENG1,0,146,146,v023
KENG1,564,664,100,v023
KENG1,96,424,328,v018
1T8RK,62,189,127,v008
1T8RK,88,276,188,v012
1T8RK,175,446,271,v016
1T8RK,43,170,127,v023
1T8RK,172,295,123,v023
1T8RK,0,98,98,v031
1T8RK,64,199,135,v016
1T8RK,410,759,349,v030
1T8RK,256,759,503,v008
1T8RK,0,98,98,v006
5J91T,0,408,408,v031
5J91T,0,120,120,v012
5J91T,100,307,207,v020
5J91T,0,180,180,v008
5J91T,384,482,98,v029
FZIW9,0,189,189,v008
FZIW9,285,480,195,v012
FZIW9,643,786,143,v008
FZIW9,0,72,72,v023
FZIW9,388,786,398,v005
FZIW9,112,763,651,v019
FZIW9,108,786,678,v005
7BAUC,0,168,168,v031
7BAUC,96,172,76,v004
7BAUC,0,172,172,v008
7BAUC,0,172,172,v008
K8ZIK,0,115,115,v012
K8ZIK,530,705,175,v002
K8ZIK,386,542,156,v001
K8ZIK,175,364,189,v015
K8ZIK,261,415,154,v008
K8ZIK,117,264,147,v023
ORW6Y,0,590,590,v008
ORW6Y,422,724,302,v008
ORW6Y,523,724,201,v020
ORW6Y,448,619,171,v016
ORW6Y,393,724,331,v008
ORW6Y,228,403,175,v029
ORW6Y,451,595,144,v016
M23X2,88,384,296,v008
M23X2,112,264,152,v012
M23X2,254,393,139,v016
M23X2,278,427,149,v001
M23X2,230,357,127,v012
M23X2,45,177,132,v017
M23X2,408,529,121,v019
M23X2,88,235,147,v023
M23X2,40,160,120,v029
XO97L,146,571,425,v018
XO97L,26,578,552,v008
XO97L,482,604,122,v022
XO97L,127,249,122,v018
XO97L,4,228,224,v023
XO97L,4,228,224,v026
XO97L,374,496,122,v031
XHB9U,0,338,338,v008
XHB9U,0,367,367,v031
XHB9U,268,841,573,v008
XHB9U,268,841,573,v003
XHB9U,148,360,212,v016
XHB9U,343,830,487,v016
RXRAS,0,340,340,v008
RXRAS,0,343,343,v026
RXRAS,266,732,466,v031
RXRAS,669,759,90,v023
RXRAS,12,199,187,v016
RXRAS,676,759,83,v008
CN480,117,180,63,v018
CN480,0,129,129,v031
CN480,84,180,96,v018
XS7RN,672,761,89,v016
XS7RN,252,761,509,v018
XS7RN,225,372,147,v018
XS7RN,513,645,132,v025
XS7RN,160,417,257,v016
XS7RN,295,468,173,v012
XS7RN,660,761,101,v022
XS7RN,326,736,410,v023
XS7RN,405,580,175,v025
XS7RN,302,436,134,v025
XS7RN,722,761,39,v023
4ZN66,636,788,152,v008
4ZN66,648,788,140,v014
4ZN66,424,756,332,v008
4ZN66,218,422,204,v016
4ZN66,218,422,204,v023
4ZN66,465,732,267,v023
4ZN66,0,513,513,v026
4ZN66,242,398,156,v008
4ZN66,597,741,144,v016
4ZN66,636,788,152,v023
UETKQ,434,554,120,v012
UETKQ,74,201,127,v008
UETKQ,285,463,178,v025
UETKQ,0,127,127,v022
UETKQ,561,676,115,v009
UETKQ,405,537,132,v001
UETKQ,0,115,115,v012
UETKQ,4,242,238,v016
UETKQ,324,537,213,v012
UETKQ,0,441,441,v008
UETKQ,0,170,170,v008
UETKQ,81,208,127,v023
UETKQ,19,252,233,v016
UETKQ,350,516,166,v001
UETKQ,74,223,149,v023
UETKQ,316,441,125,v007
UETKQ,372,496,124,v016
UETKQ,372,494,122,v025
UETKQ,312,616,304,v012
BVBZF,324,657,333,v005
BVBZF,285,621,336,v008
BVBZF,340,657,317,v031
EYQ6U,1886,2383,497,v031
EYQ6U,782,1034,252,v015
EYQ6U,1807,2436,629,v008
EYQ6U,1963,2162,199,v005
EYQ6U,184,398,214,v018
EYQ6U,16,177,161,v022
EYQ6U,108,2539,2431,v008
7MI5Z,0,683,683,v008
7MI5Z,0,683,683,v024
7MI5Z,429,683,254,v008
J99Z8,0,619,619,v008
J99Z8,124,705,581,v005
J99Z8,9,220,211,v019
J99Z8,0,705,705,v016
J99Z8,96,705,609,v016
J99Z8,0,705,705,v014
80E3X,0,165,165,v010
80E3X,288,729,441,v008
80E3X,403,535,132,v023
80E3X,456,729,273,v005
80E3X,148,729,581,v018
80E3X,211,338,127,v027
80E3X,288,552,264,v012
80E3X,0,259,259,v000
80E3X,386,729,343,v031
80E3X,21,187,166,v000
80E3X,288,729,441,v008
UYFET,492,600,108,v027
UYFET,540,755,215,v029
UYFET,45,352,307,v026
I4K7B,321,453,132,v016
I4K7B,336,456,120,v016
I4K7B,504,731,227,v026
I4K7B,314,731,417,v025
I4K7B,314,731,417,v016
I4K7B,0,731,731,v019
I4K7B,7,252,245,v008
I4K7B,156,487,331,v008
I4K7B,156,489,333,v023
I4K7B,0,456,456,v023
M5YLS,204,669,465,v014
M5YLS,568,705,137,v027
M5YLS,343,532,189,v019
M5YLS,117,237,120,v027
M5YLS,168,684,516,v008
RF39W,0,127,127,v016
RF39W,163,360,197,v016
RF39W,206,362,156,v016
RF39W,21,537,516,v026
8E5AD,0,535,535,v008
8E5AD,511,767,256,v005
8E5AD,501,767,266,v005
8E5AD,432,626,194,v023
8E5AD,472,616,144,v023
8E5AD,508,767,259,v008
8E5AD,504,767,263,v008
TKOYQ,496,626,130,v016
TKOYQ,177,300,123,v014
TKOYQ,290,408,118,v025
TKOYQ,0,122,122,v023
TKOYQ,381,657,276,v016
TKOYQ,225,439,214,v025
TKOYQ,31,752,721,v008
TKOYQ,0,408,408,v008
TKOYQ,0,69,69,v023
TKOYQ,0,398,398,v008
TKOYQ,381,511,130,v026
I5LAC,0,943,943,v008
I5LAC,0,168,168,v008
I5LAC,50,184,134,v016
I5LAC,0,91,91,v029
I5LAC,105,964,859,v026
I5LAC,55,172,117,v016
H3241,0,1022,1022,v008
H3241,0,1022,1022,v018
H3241,0,1022,1022,v032
AYMCZ,105,324,219,v016
AYMCZ,432,708,276,v008
AYMCZ,448,604,156,v012
AYMCZ,427,708,281,v014
AYMCZ,91,396,305,v030
AYMCZ,31,153,122,v029
A54DW,0,115,115,v004
A54DW,7,266,259,v032
A54DW,564,751,187,v018
A54DW,458,626,168,v019
A54DW,0,506,506,v008
A54DW,0,153,153,v008
A54DW,196,559,363,v008
FZ0LU,60,244,184,v029
FZ0LU,396,528,132,v023
FZ0LU,151,513,362,v008
FZ0LU,151,513,362,v008
FZ0LU,151,513,362,v025
FZ0LU,134,542,408,v016
FZ0LU,55,566,511,v022
QN1WE,0,374,374,v007
QN1WE,180,348,168,v020
QN1WE,379,723,344,v031
RKCKK,122,242,120,v025
RKCKK,0,723,723,v022
RKCKK,292,453,161,v031
RKCKK,360,723,363,v008
RKCKK,374,705,331,v016
RKCKK,60,242,182,v023
RKCKK,0,723,723,v002
RKCKK,0,535,535,v008
8MY8P,160,367,207,v016
8MY8P,14,170,156,v023
8MY8P,412,735,323,v008
8MY8P,477,640,163,v004
8MY8P,187,412,225,v002
8MY8P,19,187,168,v023
7K163,0,144,144,v008
HFYNW,0,461,461,v018
HFYNW,0,216,216,v005
HFYNW,348,456,108,v020
HFYNW,0,461,461,v018
VAIVN,84,292,208,v001
VAIVN,0,252,252,v031
VAIVN,259,595,336,v021
VAIVN,465,741,276,v028
VAIVN,0,944,944,v010
VAIVN,163,345,182,v016
VAIVN,0,336,336,v008
VAIVN,240,878,638,v016
VAIVN,244,396,152,v023
6SY23,561,648,87,v001
6SY23,103,254,151,v012
6SY23,201,648,447,v016
6SY23,175,648,473,v023
6SY23,408,648,240,v026
6SY23,376,648,272,v016
6SY23,292,648,356,v008
ZOK5T,16,156,140,v016
ZOK5T,16,156,140,v016
ZOK5T,0,115,115,v017
9SNMR,0,524,524,v008
9SNMR,93,225,132,v023
9SNMR,132,523,391,v014
9SNMR,427,524,97,v016
9SNMR,0,74,74,v029
9SNMR,100,524,424,v008
D7LMI,172,544,372,v008
D7LMI,422,564,142,v016
D7LMI,81,530,449,v008
D7LMI,549,630,81,v016
D7LMI,472,630,158,v008
D7LMI,0,630,630,v016
D7LMI,36,160,124,v023
D7LMI,340,630,290,v023
5S2ZU,612,763,151,v018
5S2ZU,0,444,444,v002
5S2ZU,405,525,120,v029
KFOX4,196,336,140,v005
KFOX4,132,290,158,v008
KFOX4,501,674,173,v016
KFOX4,331,456,125,v025
KFOX4,614,744,130,v023
KFOX4,19,427,408,v008
KFOX4,336,456,120,v025
F6A4W,201,314,113,v028
F6A4W,57,225,168,v004
F6A4W,0,141,141,v018
F6A4W,48,607,559,v018
F6A4W,170,379,209,v025
F6A4W,103,314,211,v004
F6A4W,192,362,170,v023
F6A4W,0,616,616,v008
F6A4W,523,672,149,v016
F6A4W,0,619,619,v008
XVNJC,14,1087,1073,v010
XVNJC,568,986,418,v012
XVNJC,84,1219,1135,v018
XVNJC,607,1104,497,v031
XVNJC,568,789,221,v008
XVNJC,45,292,247,v008
XVNJC,110,1118,1008,v021
UA2PO,96,254,158,v012
UA2PO,403,779,376,v003
UA2PO,72,208,136,v023
UA2PO,115,489,374,v008
7Z69Y,501,712,211,v008
7Z69Y,861,991,130,v018
7Z69Y,0,434,434,v016
7Z69Y,0,496,496,v026
7Z69Y,868,1020,152,v018
7Z69Y,924,1359,435,v003
7Z69Y,712,991,279,v023
7Z69Y,0,964,964,v026
7Z69Y,508,652,144,v012
7Z69Y,475,631,156,v023
7Z69Y,576,741,165,v029
7Z69Y,564,708,144,v016
7Z69Y,0,148,148,v026
7Z69Y,189,441,252,v016
RHCFX,76,216,140,v004
RHCFX,0,799,799,v010
RHCFX,0,160,160,v008
RHCFX,0,799,799,v008
RHCFX,348,489,141,v000
RHCFX,554,686,132,v021
RHCFX,0,208,208,v031
E9FY2,0,144,144,v005
E9FY2,0,132,132,v005
E9FY2,614,727,113,v019
E9FY2,362,739,377,v014
E9FY2,230,446,216,v028
E9FY2,0,739,739,v018
E9FY2,33,172,139,v016
E9FY2,84,470,386,v016
E9FY2,12,177,165,v016
E9FY2,0,180,180,v008
E9FY2,0,91,91,v023
E9FY2,0,158,158,v008
E9FY2,309,446,137,v008
E9FY2,36,172,136,v016
E9FY2,350,739,389,v032
E9FY2,0,739,739,v018
E9FY2,0,84,84,v023
6Y709,0,739,739,v018
6Y709,0,739,739,v008
6Y709,144,364,220,v031
99XHN,0,657,657,v008
99XHN,0,657,657,v008
99XHN,0,657,657,v002
99XHN,604,657,53,v016
14VCB,0,148,148,v004
14VCB,0,750,750,v018
14VCB,0,750,750,v008
14VCB,0,750,750,v008
IK4Q8,52,386,334,v008
IK4Q8,79,192,113,v023
IK4Q8,374,741,367,v025
IK4Q8,45,741,696,v018
IK4Q8,14,136,122,v018
IK4Q8,38,189,151,v016
IK4Q8,297,415,118,v008
IK4Q8,338,506,168,v001
IK4Q8,427,571,144,v012
CZPFO,626,878,252,v001
CZPFO,4,165,161,v012
CZPFO,777,950,173,v008
CZPFO,84,708,624,v006
CZPFO,52,194,142,v018
CZPFO,621,852,231,v001
CZPFO,9,163,154,v012
IDW61,0,772,772,v008
IDW61,0,772,772,v008
IDW61,0,372,372,v031
IDW61,7,175,168,v012
BQXVG,148,391,243,v014
BQXVG,153,398,245,v022
BQXVG,31,146,115,v016
BQXVG,0,93,93,v029
BQXVG,316,433,117,v017
BQXVG,33,146,113,v016
BQXVG,0,139,139,v008
DKTVI,81,340,259,v008
DKTVI,168,326,158,v025
DKTVI,374,679,305,v029
DKTVI,616,734,118,v016
DKTVI,410,638,228,v016
DKTVI,624,734,110,v008
DKTVI,388,525,137,v016
DKTVI,432,580,148,v008
DKTVI,532,708,176,v008
DKTVI,0,348,348,v026
DKTVI,388,525,137,v016
BT1WN,415,826,411,v026
BT1WN,136,444,308,v016
BT1WN,432,826,394,v008
BT1WN,0,826,826,v018
BT1WN,134,271,137,v023
BT1WN,9,122,113,v016
BT1WN,609,724,115,v016
ENA3F,208,650,442,v003
ENA3F,0,650,650,v008
JU74I,235,463,228,v009
JU74I,0,441,441,v031
JU74I,0,479,479,v004
JU74I,331,479,148,v008
JU74I,232,448,216,v009
JU74I,0,479,479,v008
JU74I,0,479,479,v008
JU74I,0,400,400,v031
WMR4G,343,475,132,v008
WMR4G,338,451,113,v023
WMR4G,240,410,170,v016
WMR4G,513,753,240,v016
WMR4G,84,386,302,v008
WMR4G,79,386,307,v023
WMR4G,513,797,284,v005
K5DIB,0,391,391,v021
K5DIB,0,316,316,v019
K5DIB,292,441,149,v027
K5DIB,0,225,225,v009
K5DIB,290,456,166,v022
K5DIB,0,324,324,v018
K5DIB,0,247,247,v031
K5DIB,0,309,309,v030
K5DIB,0,297,297,v008
9C4JX,0,225,225,v008
9C4JX,43,213,170,v016
9C4JX,264,544,280,v004
9C4JX,134,285,151,v023
9C4JX,100,829,729,v016
9C4JX,180,829,649,v008
9C4JX,43,600,557,v031
QHARF,0,271,271,v008
QHARF,0,768,768,v030
RZNSM,295,604,309,v008
RZNSM,288,604,316,v026
RZNSM,288,604,316,v026
RZNSM,256,456,200,v016
RZNSM,237,415,178,v023
RZNSM,0,328,328,v031
RZNSM,0,340,340,v004
RZNSM,0,340,340,v008
SBW7O,0,300,300,v031
SBW7O,364,752,388,v008
SBW7O,640,752,112,v023
SBW7O,650,752,102,v012
OYNBC,0,326,326,v017
OYNBC,360,480,120,v012
OYNBC,434,544,110,v001
OYNBC,364,482,118,v012
OYNBC,417,532,115,v001
KKP3R,144,292,148,v012
KKP3R,333,744,411,v026
KKP3R,336,756,420,v016
KKP3R,201,736,535,v026
FSHB7,722,798,76,v016
FSHB7,0,798,798,v031
FSHB7,0,798,798,v021
FSHB7,0,798,798,v018
FSHB7,0,326,326,v012
FSHB7,0,798,798,v008
FSHB7,28,160,132,v012
HSSOZ,0,710,710,v002
HSSOZ,535,813,278,v016
WBATR,590,780,190,v008
WBATR,590,780,190,v005
WBATR,28,333,305,v012
WBATR,0,153,153,v004
WBATR,652,801,149,v028
WBATR,619,722,103,v023
WBATR,626,756,130,v016
WBATR,679,801,122,v023
WBATR,0,129,129,v008
WBATR,81,744,663,v023
WBATR,12,132,120,v016
WBATR,40,751,711,v016
WBATR,12,129,117,v016
2MURI,192,331,139,v016
2MURI,0,312,312,v008
2MURI,0,312,312,v014
2MURI,273,410,137,v029
7ZUE1,0,444,444,v018
7ZUE1,499,684,185,v026
7ZUE1,355,489,134,v022
XWY6P,0,232,232,v012
XWY6P,88,576,488,v008
XWY6P,237,516,279,v023
XWY6P,14,196,182,v029
XWY6P,0,141,141,v007
XWY6P,132,410,278,v024
XWY6P,146,345,199,v009
XWY6P,256,781,525,v008
XWY6P,307,427,120,v016
2JR26,451,892,441,v016
2JR26,705,912,207,v004
2JR26,638,806,168,v004
2JR26,120,468,348,v003
2JR26,0,184,184,v022
2JR26,583,746,163,v023
UG0TA,535,733,198,v008
UG0TA,0,124,124,v012
UG0TA,544,733,189,v020
UG0TA,391,547,156,v001
UG0TA,0,136,136,v029
SMPEB,0,69,69,v001
SMPEB,0,124,124,v008
SMPEB,0,100,100,v023
SMPEB,7,124,117,v008
SMPEB,314,633,319,v026
SMPEB,472,650,178,v023
TXAG9,55,475,420,v028
TXAG9,254,422,168,v031
TXAG9,338,638,300,v023
TXAG9,410,542,132,v016
TXAG9,400,561,161,v028
TXAG9,597,694,97,v008
TXAG9,597,694,97,v016
TXAG9,597,694,97,v008
CC610,571,795,224,v008
CC610,86,362,276,v015
CC610,525,667,142,v018
CC610,600,795,195,v020
CC610,576,795,219,v018
CC610,0,544,544,v030
CC610,571,795,224,v023
UL7YC,0,731,731,v018
UL7YC,182,731,549,v008
UL7YC,2,731,729,v008
UL7YC,64,731,667,v005
UL7YC,2,307,305,v016
UL7YC,614,731,117,v004
UL7YC,321,472,151,v016
UL7YC,547,681,134,v023
UL7YC,292,731,439,v008
UL7YC,36,172,136,v008
UL7YC,0,139,139,v023
UL7YC,285,417,132,v023
UL7YC,0,62,62,v018
UL7YC,160,352,192,v029
EOKJ0,0,187,187,v008
EOKJ0,196,400,204,v025
EOKJ0,189,463,274,v030
EOKJ0,117,271,154,v007
EOKJ0,216,456,240,v016
EOKJ0,220,456,236,v023
EOKJ0,0,271,271,v019
1PALI,223,400,177,v012
1PALI,163,324,161,v031
1PALI,0,259,259,v029
1PALI,187,400,213,v001
MICBC,0,805,805,v008
MICBC,0,805,805,v031
MICBC,0,805,805,v018
61TMQ,432,813,381,v005
61TMQ,432,813,381,v005
61TMQ,391,813,422,v008
AEUVY,0,520,520,v008
AEUVY,448,726,278,v008
AEUVY,439,726,287,v026
AEUVY,0,542,542,v009
AEUVY,446,726,280,v026
AEUVY,393,549,156,v016
AEUVY,0,513,513,v014
KFC28,700,815,115,v001
KFC28,16,741,725,v028
KFC28,648,768,120,v022
KFC28,0,112,112,v018
KFC28,16,741,725,v023
KFC28,9,748,739,v018
KFC28,4,748,744,v032
KFC28,26,744,718,v003
YVH4J,36,468,432,v008
YVH4J,360,506,146,v009
YVH4J,0,535,535,v031
YVH4J,792,916,124,v012
YVH4J,360,506,146,v009
YVH4J,384,547,163,v019
YVH4J,0,1121,1121,v010
YVH4J,883,1101,218,v023
YVH4J,775,972,197,v008
YVH4J,0,871,871,v031
NYDRK,254,381,127,v025
NYDRK,0,230,230,v025
NYDRK,19,148,129,v023
NYDRK,261,420,159,v008
NYDRK,170,671,501,v019
NYDRK,21,208,187,v008
OD38J,0,630,630,v026
OD38J,0,630,630,v018
OD38J,0,489,489,v024
HJM37,0,348,348,v008
HJM37,144,348,204,v020
CG9ZL,117,773,656,v031
CG9ZL,117,773,656,v018
CG9ZL,218,364,146,v018
CG9ZL,384,547,163,v019
CG9ZL,84,244,160,v029
69F8P,290,424,134,v008
69F8P,328,460,132,v025
69F8P,0,216,216,v008
69F8P,0,216,216,v021
69F8P,175,300,125,v025
69F8P,273,386,113,v025
69F8P,434,552,118,v025
69F8P,160,290,130,v023
69F8P,328,444,116,v023
69F8P,472,592,120,v023
4HMTY,93,331,238,v008
4HMTY,0,762,762,v014
UUPEV,0,232,232,v008
UUPEV,0,244,244,v016
UUPEV,0,110,110,v020
UUPEV,192,735,543,v031
UUPEV,103,240,137,v016
D0SCK,556,780,224,v008
D0SCK,489,722,233,v023
D0SCK,0,508,508,v005
D0SCK,624,780,156,v008
D0SCK,626,780,154,v023
D0SCK,0,508,508,v005
D0SCK,458,564,106,v029
D0SCK,0,511,511,v008
B0BDR,88,741,653,v018
B0BDR,0,741,741,v008
B0BDR,4,237,233,v018
B0BDR,0,741,741,v008
B0BDR,319,741,422,v005
B0BDR,148,400,252,v019
B0BDR,434,741,307,v005
55PFS,0,508,508,v008
55PFS,268,412,144,v016
55PFS,0,412,412,v008
JPUUF,0,715,715,v023
JPUUF,0,724,724,v016
JPUUF,0,218,218,v026
JPUUF,36,400,364,v008
0N7OQ,9,453,444,v025
0N7OQ,482,801,319,v028
0N7OQ,705,870,165,v028
0N7OQ,0,182,182,v025
0N7OQ,108,247,139,v025
0N7OQ,674,823,149,v025
0N7OQ,679,823,144,v025
H8BTR,316,717,401,v018
H8BTR,67,381,314,v008
H8BTR,189,338,149,v018
H8BTR,417,571,154,v015
H8BTR,0,91,91,v022
H8BTR,48,223,175,v023
H8BTR,247,381,134,v031
H8BTR,537,717,180,v004
H8BTR,537,664,127,v008
H8BTR,52,192,140,v023
H8BTR,0,717,717,v018
H8BTR,0,717,717,v018
KR0SH,252,384,132,v016
KR0SH,0,733,733,v014
KR0SH,0,733,733,v018
KR0SH,252,384,132,v016
KR0SH,252,388,136,v012
KR0SH,0,733,733,v018
KR0SH,196,348,152,v029
KR0SH,242,388,146,v016
KR0SH,0,733,733,v031
8DL54,360,535,175,v012
8DL54,16,571,555,v008
8DL54,391,547,156,v016
8DL54,487,667,180,v001
8DL54,0,232,232,v023
8DL54,0,530,530,v008
8DL54,410,552,142,v016
6VUIO,247,379,132,v016
6VUIO,122,285,163,v023
6VUIO,0,722,722,v008
6VUIO,0,722,722,v031
6VUIO,0,722,722,v018
6VUIO,132,350,218,v004
6VUIO,0,722,722,v014
6VUIO,158,372,214,v008
LZEWE,266,614,348,v026
LZEWE,0,297,297,v016
LZEWE,0,69,69,v026
LZEWE,552,672,120,v006
LZEWE,288,600,312,v026
LZEWE,552,769,217,v031
X6D8E,468,626,158,v012
X6D8E,624,747,123,v008
X6D8E,340,477,137,v001
X6D8E,561,732,171,v015
X6D8E,0,472,472,v026
X6D8E,508,645,137,v023
VAKF0,93,703,610,v008
VAKF0,93,321,228,v023
VAKF0,247,703,456,v009
VAKF0,93,703,610,v008
VAKF0,237,350,113,v008
VAKF0,254,628,374,v019
VAKF0,81,223,142,v029
V62NW,487,621,134,v001
V62NW,249,568,319,v012
V62NW,57,168,111,v023
V62NW,69,312,243,v031
V62NW,448,616,168,v020
V62NW,48,595,547,v008
V62NW,657,735,78,v025
V62NW,0,76,76,v029
E2EXR,386,542,156,v004
E2EXR,0,736,736,v024
E2EXR,0,736,736,v031
E2EXR,0,139,139,v009
E2EXR,0,736,736,v018
E2EXR,0,350,350,v019
D87UN,0,698,698,v008
D87UN,0,698,698,v031
D87UN,0,698,698,v010
D87UN,36,273,237,v004
D87UN,38,511,473,v008
PHH6B,0,338,338,v005
PHH6B,602,725,123,v016
PHH6B,499,700,201,v015
PHH6B,357,537,180,v015
PHH6B,0,725,725,v023
PHH6B,0,725,725,v008
PHH6B,45,216,171,v005
PHH6B,0,216,216,v008
PHH6B,364,708,344,v008
PHH6B,355,468,113,v023
PHH6B,50,182,132,v023
PHH6B,597,712,115,v016
PHH6B,583,725,142,v016
PHH6B,88,208,120,v008
PHH6B,460,607,147,v016
D9EDE,52,266,214,v016
D9EDE,0,177,177,v008
D9EDE,312,808,496,v002
D9EDE,69,254,185,v012
D9EDE,16,290,274,v023
QWZV5,0,709,709,v008
QWZV5,0,709,709,v026
QWZV5,79,709,630,v002
QWZV5,0,709,709,v010
QWZV5,0,709,709,v032
QWZV5,0,709,709,v026
QWZV5,0,709,709,v008
DS22L,0,453,453,v026
DS22L,456,631,175,v004
DS22L,0,417,417,v025
DS22L,0,427,427,v025
DS22L,540,693,153,v022
DS22L,703,887,184,v016
DS22L,0,631,631,v018
DS22L,0,439,439,v032
DS22L,384,532,148,v023
DS22L,388,866,478,v008
F6Z7U,136,300,164,v001
F6Z7U,96,218,122,v016
F6Z7U,40,168,128,v005
F6Z7U,0,405,405,v008
F6Z7U,74,204,130,v023
F6Z7U,0,67,67,v016
F6Z7U,108,218,110,v005
S1F6M,21,743,722,v008
S1F6M,343,616,273,v007
9RKTE,0,631,631,v024
9RKTE,64,199,135,v007
9RKTE,0,631,631,v019
9RKTE,362,631,269,v008
9RKTE,129,453,324,v028
9RKTE,432,604,172,v012
9RKTE,0,631,631,v008
9RKTE,220,631,411,v012
Q3UAN,0,742,742,v008
Q3UAN,0,360,360,v030
Q3UAN,508,742,234,v015
Q3UAN,290,585,295,v002
Q3UAN,0,742,742,v030
Q3UAN,0,742,742,v030
WQ57B,177,570,393,v008
WQ57B,429,570,141,v026
WQ57B,412,570,158,v026
WQ57B,374,530,156,v023
WQ57B,391,570,179,v008
CSLEP,741,981,240,v032
CSLEP,55,244,189,v000
CSLEP,93,532,439,v003
CSLEP,0,372,372,v010
CSLEP,124,504,380,v016
CSLEP,163,494,331,v008
CSLEP,158,316,158,v023
CSLEP,0,146,146,v010
CSLEP,0,136,136,v021
CIBGY,0,225,225,v030
CIBGY,580,715,135,v012
CIBGY,576,700,124,v029
CIBGY,631,726,95,v001
CIBGY,300,549,249,v030
G4853,0,715,715,v008
G4853,465,715,250,v012
G4853,76,319,243,v020
COPFE,0,830,830,v021
COPFE,739,846,107,v000
COPFE,0,846,846,v010
GQGAE,458,616,158,v031
GQGAE,0,151,151,v012
GQGAE,12,199,187,v012
GQGAE,396,740,344,v008
GQGAE,172,319,147,v001
GQGAE,648,740,92,v005
GQGAE,340,609,269,v012
GQGAE,592,696,104,v001
WW4MY,208,374,166,v018
WW4MY,504,736,232,v008
WW4MY,360,662,302,v023
WW4MY,180,552,372,v012
WW4MY,379,525,146,v004
WW4MY,379,525,146,v016
WW4MY,48,225,177,v005
WW4MY,0,158,158,v008
WW4MY,444,580,136,v001
WW4MY,0,153,153,v023
WW4MY,0,158,158,v008
LN3WU,24,569,545,v024
LN3WU,48,213,165,v009
LN3WU,40,350,310,v008
LN3WU,292,556,264,v018
LN3WU,199,422,223,v028
LN3WU,12,172,160,v012
LN3WU,48,192,144,v029
25QPB,376,508,132,v007
25QPB,0,439,439,v003
25QPB,434,664,230,v019
25QPB,408,600,192,v012
25QPB,408,600,192,v012
25QPB,0,148,148,v016
BV6VV,0,542,542,v026
BV6VV,528,720,192,v008
BV6VV,549,720,171,v008
BV6VV,81,412,331,v026
N1EDG,0,714,714,v004
N1EDG,0,714,714,v008
N1EDG,621,714,93,v016
N1EDG,0,714,714,v008
N1EDG,0,714,714,v018
N1EDG,0,714,714,v031
N1EDG,645,714,69,v016
YDLBN,338,804,466,v008
YDLBN,84,412,328,v019
YDLBN,96,439,343,v031
YDLBN,345,804,459,v004
YDLBN,0,804,804,v018
YDLBN,357,554,197,v009
YDLBN,0,804,804,v014
BKC9E,36,734,698,v008
BKC9E,0,734,734,v008
BKC9E,0,734,734,v024
BKC9E,492,734,242,v019
ZL61Y,19,165,146,v016
ZL61Y,0,271,271,v008
ZL61Y,0,283,283,v023
ZL61Y,0,283,283,v016
G93PL,67,345,278,v016
G93PL,0,350,350,v008
G93PL,108,352,244,v016
G93PL,26,406,380,v031
AC9NI,520,669,149,v029
AC9NI,204,321,117,v022
AC9NI,43,304,261,v018
AC9NI,0,307,307,v031
AC9NI,216,400,184,v019
AC9NI,24,240,216,v009
0OQVD,0,133,133,v008
0OQVD,0,62,62,v004
0OQVD,0,133,133,v024
WESPT,100,273,173,v031
WESPT,91,576,485,v008
WESPT,415,576,161,v001
WESPT,177,338,161,v012
WESPT,172,297,125,v007
WESPT,84,415,331,v023
4BGWL,4,115,111,v008
4BGWL,14,139,125,v012
4BGWL,79,152,73,v019
4BGWL,0,152,152,v018
4BGWL,57,152,95,v023
4BGWL,2,108,106,v023
4BGWL,86,152,66,v009
OLEWM,523,722,199,v008
OLEWM,554,720,166,v029
OLEWM,0,232,232,v005
OLEWM,398,672,274,v023
OLEWM,0,163,163,v023
OLEWM,0,722,722,v018
OLEWM,655,722,67,v004
OLEWM,554,698,144,v008
OLEWM,0,722,722,v018
HFTEO,45,283,238,v026
HFTEO,0,513,513,v010
HFTEO,146,304,158,v016
HFTEO,0,184,184,v023
HFTEO,0,297,297,v008
HFTEO,165,295,130,v025
HFTEO,0,276,276,v025
HFTEO,458,580,122,v026
HFTEO,432,745,313,v018
HFTEO,492,745,253,v030
1LSEQ,232,654,422,v030
1LSEQ,324,446,122,v020
1LSEQ,0,148,148,v008
1LSEQ,60,228,168,v030
1LSEQ,160,276,116,v016
0JP8Q,0,674,674,v018
0JP8Q,69,674,605,v008
0JP8Q,0,674,674,v005
0JP8Q,0,674,674,v018
0JP8Q,0,496,496,v023
0JP8Q,400,674,274,v006
SBT2X,225,616,391,v008
SBT2X,496,640,144,v016
SBT2X,189,350,161,v023
SBT2X,24,168,144,v001
SBT2X,633,797,164,v012
SBT2X,600,797,197,v008
SBT2X,588,797,209,v023
SBT2X,170,652,482,v021
SBT2X,0,163,163,v029
SBT2X,0,163,163,v007
14TJT,0,691,691,v005
14TJT,0,691,691,v008
14TJT,60,218,158,v005
14TJT,0,691,691,v008
14TJT,0,691,691,v031
14TJT,0,691,691,v008
8ECJ1,0,328,328,v031
8ECJ1,0,759,759,v008
8ECJ1,266,513,247,v004
8ECJ1,0,759,759,v008
8ECJ1,561,759,198,v019
S16FI,0,704,704,v008
S16FI,93,700,607,v026
S16FI,48,578,530,v026
S16FI,0,72,72,v029
NHD1J,96,340,244,v031
NHD1J,244,496,252,v028
NHD1J,196,660,464,v018
NHD1J,352,513,161,v012
NHD1J,170,456,286,v018
NHD1J,0,398,398,v028
NHD1J,0,715,715,v031
NHD1J,285,448,163,v016
NHD1J,350,585,235,v023
NHD1J,415,715,300,v031
NHD1J,139,302,163,v029
NHD1J,170,396,226,v008
NHD1J,168,434,266,v008
NHD1J,446,609,163,v023
NHD1J,336,446,110,v016
NHD1J,345,715,370,v018
NHD1J,316,441,125,v016
NHD1J,40,715,675,v008
NHD1J,316,441,125,v016
8VWV2,350,1370,1020,v030
8VWV2,0,566,566,v005
8VWV2,180,367,187,v022
8VWV2,136,297,161,v023
8VWV2,38,175,137,v018
8VWV2,165,297,132,v023
8VWV2,0,175,175,v018
8VWV2,122,261,139,v008
8VWV2,1260,1399,139,v016
SF6NU,100,472,372,v008
SF6NU,264,472,208,v023
SF6NU,0,160,160,v012
SF6NU,0,86,86,v017
SF6NU,76,472,396,v008
SF6NU,12,204,192,v023
XTRH7,134,273,139,v029
XTRH7,139,423,284,v008
XTRH7,177,362,185,v023
XTRH7,177,362,185,v008
XTRH7,172,423,251,v017
4713W,96,232,136,v029
4713W,237,499,262,v020
4713W,79,204,125,v012
SMMK4,0,759,759,v008
SMMK4,300,468,168,v004
SMMK4,252,388,136,v023
SMMK4,345,759,414,v019
1HP1X,427,712,285,v008
1HP1X,549,768,219,v016
1HP1X,398,566,168,v023
1HP1X,508,672,164,v025
VVTJJ,81,208,127,v016
VVTJJ,81,206,125,v016
VVTJJ,211,717,506,v018
VVTJJ,153,316,163,v018
VVTJJ,146,331,185,v018
VVTJJ,0,206,206,v029
VVTJJ,324,717,393,v014
VVTJJ,74,230,156,v016
99596,350,729,379,v000
99596,842,1017,175,v022
99596,676,948,272,v003
99596,362,633,271,v000
99596,664,782,118,v023
7NW4V,549,752,203,v004
7NW4V,475,645,170,v018
7NW4V,475,645,170,v018
7NW4V,700,752,52,v031
7NW4V,427,752,325,v023
7NW4V,314,492,178,v023
92AO4,19,228,209,v008
92AO4,0,228,228,v017
92AO4,0,110,110,v029
I3N3J,0,472,472,v026
I3N3J,388,643,255,v008
I3N3J,391,652,261,v031
I3N3J,362,532,170,v022
I3N3J,420,597,177,v012
I3N3J,31,508,477,v025
I3N3J,7,134,127,v023
I3N3J,52,187,135,v023
I3N3J,38,146,108,v016
I3N3J,122,240,118,v016
I3N3J,21,472,451,v026
I3N3J,403,556,153,v023
QBQR3,232,552,320,v031
QBQR3,192,326,134,v022
QBQR3,0,280,280,v018
QBQR3,285,504,219,v012
IWCXM,12,349,337,v008
IWCXM,12,184,172,v017
IWCXM,0,134,134,v029
IX64X,0,762,762,v031
IX64X,0,762,762,v026
IX64X,0,762,762,v008
IX64X,0,326,326,v026
IX64X,283,496,213,v026
IX64X,0,326,326,v030
IX64X,283,496,213,v030
VOTA7,0,312,312,v008
VOTA7,0,435,435,v018
VOTA7,235,408,173,v017
VOTA7,0,225,225,v013
VOTA7,0,350,350,v014
VOTA7,0,435,435,v018
VOTA7,216,343,127,v023
H94MQ,0,103,103,v012
H94MQ,201,781,580,v015
H94MQ,0,781,781,v008
EPP0O,0,759,759,v008
EPP0O,0,759,759,v008
EPP0O,0,177,177,v009
EPP0O,0,290,290,v016
EPP0O,0,537,537,v023
EPP0O,0,547,547,v005
H3XC1,0,683,683,v008
H3XC1,40,369,329,v008
H3XC1,0,127,127,v012
H3XC1,0,683,683,v017
H3XC1,19,549,530,v016
0VQES,0,737,737,v008
0VQES,223,737,514,v008
0VQES,640,737,97,v016
0VQES,182,715,533,v023
0VQES,69,196,127,v008
0VQES,614,737,123,v016
BLIFO,0,172,172,v008
BLIFO,57,259,202,v026
BLIFO,40,336,296,v030
BLIFO,24,218,194,v012
BLIFO,297,616,319,v026
BLIFO,9,180,171,v017
BLIFO,24,730,706,v029
BLIFO,50,165,115,v029
AWGMW,374,568,194,v017
AWGMW,192,343,151,v023
AWGMW,0,117,117,v010
AWGMW,364,477,113,v022
AWGMW,331,436,105,v016
AWGMW,148,302,154,v003
AWGMW,247,405,158,v004
AWGMW,196,436,240,v023
AWGMW,340,446,106,v016
AWGMW,379,566,187,v029
AWGMW,204,441,237,v008
B7IAK,0,384,384,v008
B7IAK,0,396,396,v014
F3RM9,86,504,418,v030
F3RM9,86,504,418,v030
F3RM9,0,535,535,v008
F3RM9,412,525,113,v019
F3RM9,0,96,96,v018
F3RM9,0,115,115,v031
F3RM9,396,518,122,v008
F3RM9,422,535,113,v023
F3RM9,21,148,127,v023
F3RM9,100,223,123,v019
J84TZ,388,478,90,v029
J84TZ,278,478,200,v008
J84TZ,0,156,156,v000
J84TZ,0,108,108,v010
J84TZ,0,124,124,v021
J84TZ,127,369,242,v009
J84TZ,292,441,149,v022
J84TZ,283,478,195,v023
IEXTB,345,780,435,v003
IEXTB,81,312,231,v009
IEXTB,96,348,252,v012
IEXTB,153,331,178,v009
IEXTB,276,549,273,v031
IEXTB,508,780,272,v023
IEXTB,100,336,236,v019
IEXTB,314,535,221,v008
IEXTB,290,405,115,v022
W4U3V,276,446,170,v004
W4U3V,57,492,435,v008
W4U3V,192,482,290,v016
W4U3V,453,801,348,v005
W4U3V,448,806,358,v005
W4U3V,0,832,832,v008
W4U3V,0,225,225,v023
W4U3V,249,844,595,v016
W4U3V,19,828,809,v008
W4U3V,429,753,324,v023
W4U3V,427,780,353,v016
CWBHH,48,477,429,v028
CWBHH,81,242,161,v016
CWBHH,0,194,194,v031
CWBHH,794,836,42,v008
CWBHH,794,836,42,v016
BRLC0,285,468,183,v023
BRLC0,31,683,652,v003
BRLC0,324,460,136,v005
BRLC0,0,81,81,v005
BRLC0,0,96,96,v008
BRLC0,268,475,207,v008
BRLC0,0,683,683,v010
VE5DN,300,688,388,v008
VE5DN,480,700,220,v016
VE5DN,468,686,218,v012
VE5DN,676,783,107,v020
VE5DN,33,283,250,v000
VE5DN,465,744,279,v016
VE5DN,331,537,206,v023
VE5DN,0,254,254,v010
XRR22,254,849,595,v006
XRR22,165,777,612,v022
XRR22,849,1123,274,v016
XRR22,878,1188,310,v008
XRR22,290,660,370,v026
XRR22,885,1123,238,v023
1QT62,4,1092,1088,v018
1QT62,559,708,149,v009
1QT62,31,1137,1106,v031
1QT62,220,400,180,v009
1QT62,0,112,112,v018
UKLQ1,165,309,144,v027
UKLQ1,324,791,467,v018
UKLQ1,38,451,413,v008
UKLQ1,26,328,302,v023
UKLQ1,331,463,132,v016
UKLQ1,12,444,432,v016
UKLQ1,319,506,187,v018
QG338,379,561,182,v005
QG338,609,746,137,v005
QG338,117,345,228,v031
QG338,0,129,129,v012
QG338,268,847,579,v008
QG338,324,446,122,v023
QG338,676,847,171,v023
QG338,2,153,151,v029
QG338,307,458,151,v023
QG338,312,573,261,v008
O2OUX,187,304,117,v008
O2OUX,242,360,118,v026
O2OUX,0,405,405,v014
O2OUX,324,429,105,v001
O2OUX,0,735,735,v018
O2OUX,117,309,192,v026
O2OUX,0,735,735,v032
O2OUX,0,735,735,v018
J06RS,67,386,319,v029
J06RS,206,798,592,v008
J06RS,64,216,152,v009
J06RS,0,264,264,v019
J06RS,199,434,235,v023
RBAO1,48,876,828,v004
RBAO1,0,876,876,v008
RBAO1,0,876,876,v021
AD28I,52,240,188,v026
AD28I,314,832,518,v021
AD28I,355,480,125,v023
AD28I,0,427,427,v008
AD28I,213,434,221,v023
AD28I,144,302,158,v026
AD28I,372,535,163,v008
AD28I,741,832,91,v016
XZM6Y,0,384,384,v008
XZM6Y,280,388,108,v016
XZM6Y,300,419,119,v017
XZM6Y,0,391,391,v008
XZM6Y,216,331,115,v001
XZM6Y,266,386,120,v016
XZM6Y,0,386,386,v023
PRVP0,124,542,418,v023
PRVP0,259,410,151,v029
PRVP0,132,542,410,v008
DD57W,247,542,295,v014
DD57W,0,969,969,v018
NGMVI,211,580,369,v025
NGMVI,0,708,708,v028
NGMVI,516,703,187,v020
NGMVI,405,561,156,v023
NGMVI,398,708,310,v008
NGMVI,184,410,226,v028
NGMVI,0,288,288,v016
ZWVNF,0,132,132,v008
ZWVNF,36,218,182,v012
ZWVNF,213,408,195,v008
ZWVNF,122,333,211,v023
ZWVNF,0,759,759,v018
ZWVNF,201,759,558,v014
ZWVNF,0,144,144,v023
ZWVNF,220,340,120,v025
4Z3PQ,180,336,156,v001
4Z3PQ,314,746,432,v018
4Z3PQ,45,170,125,v017
4Z3PQ,300,424,124,v018
4Z3PQ,355,746,391,v013
4Z3PQ,340,746,406,v008
4Z3PQ,355,746,391,v014
4Z3PQ,616,746,130,v031
4Z3PQ,336,746,410,v018
4Z3PQ,0,177,177,v029
94ICP,369,525,156,v012
94ICP,0,172,172,v002
94ICP,117,364,247,v030
VFS9P,120,453,333,v008
VFS9P,62,244,182,v023
VFS9P,79,244,165,v004
VFS9P,331,645,314,v016
VFS9P,127,561,434,v018
VFS9P,0,460,460,v018
VFS9P,141,453,312,v008
VFS9P,396,729,333,v031
VFS9P,0,448,448,v018
4SF59,7,579,572,v008
4SF59,57,172,115,v019
4SF59,24,579,555,v008
4SF59,24,579,555,v023
GRYTY,0,588,588,v008
GRYTY,0,600,600,v024
GRYTY,465,679,214,v004
GRYTY,643,754,111,v022
GRYTY,388,754,366,v008
GRYTY,0,496,496,v016
GRYTY,0,686,686,v018
GRYTY,396,754,358,v023
KOHWO,583,737,154,v001
KOHWO,0,737,737,v008
KOHWO,340,532,192,v004
TFM98,36,218,182,v004
TFM98,0,264,264,v008
TFM98,9,206,197,v005
TFM98,7,264,257,v008
FV9AL,242,713,471,v008
FV9AL,0,144,144,v012
FV9AL,266,713,447,v026
K48CQ,0,1406,1406,v008
K48CQ,506,883,377,v020
K48CQ,14,1276,1262,v008
K48CQ,0,168,168,v029
K48CQ,1180,1334,154,v001
K48CQ,1154,1375,221,v001
K48CQ,1279,1404,125,v027
K48CQ,36,624,588,v004
K48CQ,794,981,187,v004
M2O8G,0,357,357,v008
M2O8G,232,355,123,v027
B2EZB,676,776,100,v004
B2EZB,664,776,112,v008
B2EZB,0,590,590,v008
B2EZB,0,520,520,v026
4C4LC,0,757,757,v008
4C4LC,0,757,757,v005
4C4LC,0,757,757,v008
4C4LC,655,757,102,v027
4C4LC,0,657,657,v009
4C4LC,0,717,717,v005
4C4LC,0,60,60,v019
4C4LC,0,67,67,v016
4C4LC,175,292,117,v016
4C4LC,417,544,127,v016
4C4LC,0,67,67,v016
4C4LC,175,292,117,v016
4C4LC,417,544,127,v016
XQITP,9,405,396,v008
XQITP,242,384,142,v003
XQITP,688,771,83,v022
XQITP,0,727,727,v028
EJL2F,76,201,125,v027
EJL2F,393,735,342,v008
EJL2F,0,158,158,v029
EJL2F,376,669,293,v019
EJL2F,386,735,349,v008
EJL2F,384,523,139,v023
EJL2F,0,139,139,v012
EJL2F,352,735,383,v031
TFVSF,0,613,613,v008
TFVSF,0,504,504,v026
TFVSF,432,613,181,v007
TFVSF,0,504,504,v026
37SE6,14,283,269,v004
37SE6,211,607,396,v023
37SE6,0,628,628,v018
37SE6,0,79,79,v018
37SE6,0,624,624,v018
37SE6,859,905,46,v016
37SE6,859,905,46,v032
37SE6,859,905,46,v032
37SE6,859,905,46,v015
DINAV,0,288,288,v015
DINAV,0,259,259,v008
DINAV,0,352,352,v018
DINAV,292,703,411,v010
DINAV,208,326,118,v016
DINAV,237,350,113,v016
C0WLP,0,760,760,v016
C0WLP,0,760,760,v026
C0WLP,0,470,470,v008
C0WLP,393,746,353,v008
C0WLP,0,760,760,v026
WHGAQ,122,338,216,v008
WHGAQ,218,352,134,v016
WHGAQ,0,711,711,v008
WHGAQ,0,711,711,v026
WHGAQ,276,400,124,v029
WHGAQ,115,249,134,v023
WHGAQ,0,208,208,v026
S8Q1Z,384,778,394,v008
S8Q1Z,271,778,507,v008
S8Q1Z,0,778,778,v008
S8Q1Z,0,343,343,v026
S8Q1Z,372,778,406,v008
S8Q1Z,259,778,519,v008
S8Q1Z,367,499,132,v023
S8Q1Z,0,340,340,v026
FGP46,0,372,372,v008
FGP46,343,968,625,v008
FGP46,0,362,362,v008
NO9MI,45,199,154,v007
NO9MI,120,626,506,v008
NO9MI,427,600,173,v012
NO9MI,516,626,110,v029
NO9MI,108,283,175,v023
0ZSFI,196,408,212,v012
0ZSFI,204,321,117,v007
0ZSFI,132,264,132,v008
0ZSFI,127,264,137,v008
0ZSFI,482,696,214,v016
0ZSFI,7,732,725,v008
0ZSFI,0,732,732,v016
VYI5L,0,731,731,v008
VYI5L,0,249,249,v016
VYI5L,175,731,556,v026
VYI5L,62,731,669,v026
VYI5L,0,731,731,v014
VYI5L,208,381,173,v008
WPZQ7,0,602,602,v008
WPZQ7,0,60,60,v008
WPZQ7,240,480,240,v028
WPZQ7,324,446,122,v025
MC50M,64,220,156,v016
MC50M,120,343,223,v008
MC50M,240,343,103,v020
MC50M,2,343,341,v023
MC50M,0,343,343,v026
MC50M,0,343,343,v016
MC50M,9,180,171,v008
MC50M,120,266,146,v023
WX7AG,132,256,124,v016
WX7AG,175,295,120,v027
WX7AG,264,672,408,v008
WX7AG,576,720,144,v016
WX7AG,0,261,261,v008
WX7AG,561,720,159,v023
WX7AG,0,225,225,v004
WX7AG,276,614,338,v014
WX7AG,304,595,291,v013
I7U0W,240,730,490,v008
I7U0W,532,730,198,v024
I7U0W,108,280,172,v020
I7U0W,0,730,730,v008
MTEOU,0,1296,1296,v018
MTEOU,163,1334,1171,v005
MTEOU,1178,1348,170,v022
MTEOU,0,1356,1356,v008
MTEOU,0,1394,1394,v008
MTEOU,1192,1503,311,v016
A5XR5,271,439,168,v028
A5XR5,0,788,788,v031
A5XR5,345,788,443,v008
A5XR5,362,788,426,v005
A5XR5,0,788,788,v018
A5XR5,0,360,360,v014
A5XR5,0,788,788,v018
A5XR5,331,465,134,v023
G82VI,415,528,113,v001
G82VI,369,508,139,v012
G82VI,134,321,187,v012
G82VI,292,429,137,v025
G82VI,36,168,132,v001
G82VI,2,146,144,v029
G82VI,312,828,516,v008
G82VI,156,408,252,v023
G82VI,156,408,252,v023
G82VI,0,100,100,v012
G82VI,0,412,412,v008
I7MEA,146,268,122,v012
I7MEA,0,139,139,v002
I7MEA,0,613,613,v002
I7MEA,117,230,113,v023
I7MEA,52,175,123,v012
I7MEA,120,240,120,v001
NKOJ8,182,607,425,v007
NKOJ8,144,429,285,v029
NKOJ8,158,333,175,v012
NKOJ8,201,535,334,v009
NKOJ8,379,615,236,v014
NKOJ8,324,523,199,v023
NKOJ8,448,615,167,v016
NKOJ8,189,540,351,v019
NKOJ8,384,592,208,v008
NEQHK,0,727,727,v008
EK66A,120,732,612,v008
7VSIV,0,271,271,v022
7VSIV,314,448,134,v029
7VSIV,0,256,256,v026
F1GWF,0,158,158,v023
F1GWF,0,88,88,v012
F1GWF,127,242,115,v012
F1GWF,69,189,120,v001
F1GWF,69,308,239,v023
F1GWF,0,308,308,v008
HCM5Y,350,469,119,v008
HCM5Y,86,216,130,v031
HCM5Y,0,184,184,v005
HCM5Y,252,400,148,v022
HCM5Y,302,441,139,v012
HCM5Y,0,201,201,v018
HCM5Y,0,295,295,v008
HCM5Y,244,360,116,v021
HCM5Y,340,469,129,v029
HV2NI,0,391,391,v031
HV2NI,0,429,429,v008
HV2NI,0,571,571,v008
K5OQO,0,192,192,v016
K5OQO,124,280,156,v001
K5OQO,0,129,129,v016
K5OQO,0,129,129,v008
K5OQO,350,667,317,v031
EB4V9,0,355,355,v019
EB4V9,0,507,507,v018
6KXR1,33,274,241,v028
6KXR1,0,249,249,v009
6KXR1,158,274,116,v008
6KXR1,0,274,274,v019
RKGG5,0,254,254,v008
RKGG5,144,256,112,v025
RKGG5,168,489,321,v008
RKGG5,184,489,305,v021
RKGG5,168,276,108,v023
RKGG5,302,489,187,v010
RKGG5,117,268,151,v025
RKGG5,0,393,393,v018
MO0SA,158,698,540,v008
MO0SA,146,309,163,v001
MO0SA,0,184,184,v008
MO0SA,0,218,218,v016
MO0SA,244,417,173,v023
MO0SA,506,693,187,v008
MO0SA,336,477,141,v021
MO0SA,196,698,502,v010
MO0SA,204,698,494,v016
MO0SA,0,204,204,v018
MO0SA,199,379,180,v016
SXAAN,256,374,118,v025
SXAAN,40,156,116,v029
A21M5,420,549,129,v023
A21M5,0,196,196,v008
A21M5,120,376,256,v001
A21M5,0,105,105,v012
A21M5,441,714,273,v008
A21M5,69,211,142,v001
A21M5,14,175,161,v012
A21M5,112,475,363,v008
A21M5,0,714,714,v008
A21M5,532,714,182,v029
9RVZL,0,751,751,v008
9RVZL,153,686,533,v016
9RVZL,141,302,161,v023
9RVZL,283,408,125,v025
9RVZL,609,751,142,v026
87EQI,0,594,594,v008
87EQI,216,321,105,v018
87EQI,256,594,338,v018
87EQI,357,578,221,v026
CVPQR,0,735,735,v008
CVPQR,0,216,216,v012
CVPQR,0,235,235,v023
CVPQR,117,735,618,v014
CVPQR,412,735,323,v018
CVPQR,396,735,339,v018
CVPQR,458,735,277,v018
QKP9V,338,532,194,v012
QKP9V,24,204,180,v009
QKP9V,367,544,177,v012
CIL5L,0,780,780,v008
CIL5L,127,780,653,v026
CIL5L,0,780,780,v014
CIL5L,156,290,134,v016
CIL5L,45,780,735,v026
CIL5L,0,780,780,v022
CIL5L,139,307,168,v016
CIL5L,139,307,168,v023
7LJ4G,86,664,578,v006
7LJ4G,597,811,214,v019
7LJ4G,115,295,180,v018
7LJ4G,679,812,133,v022
7LJ4G,0,674,674,v008
7LJ4G,98,756,658,v018
M7DIB,278,384,106,v023
M7DIB,0,105,105,v031
M7DIB,50,175,125,v023
M7DIB,86,240,154,v005
M7DIB,108,252,144,v016
M7DIB,28,256,228,v016
M7DIB,38,244,206,v008
M7DIB,36,244,208,v008
M7DIB,290,424,134,v023
M7DIB,304,456,152,v016
M7DIB,295,446,151,v008
6AHBW,348,715,367,v030
6AHBW,0,180,180,v005
6AHBW,0,158,158,v005
6AHBW,0,398,398,v018
6AHBW,91,348,257,v004
6AHBW,324,436,112,v022
6AHBW,0,412,412,v018
6AHBW,0,100,100,v023
6AHBW,0,170,170,v008
6AHBW,52,172,120,v016
6AHBW,0,187,187,v008
6AHBW,0,199,199,v023
6AHBW,31,177,146,v016
6AHD0,0,388,388,v008
6AHD0,532,696,164,v023
6AHD0,264,417,153,v020
6AHD0,484,674,190,v008
6AHD0,36,297,261,v005
6AHD0,372,566,194,v022
6AHD0,7,204,197,v018
6AHD0,0,316,316,v016
6AHD0,0,424,424,v008
6AHD0,0,723,723,v018
C69Y1,264,400,136,v001
C69Y1,919,1003,84,v004
C69Y1,544,686,142,v015
C69Y1,957,1003,46,v018
C69Y1,168,295,127,v023
C69Y1,72,268,196,v012
C69Y1,0,1003,1003,v018
E7DKD,7,204,197,v012
E7DKD,542,720,178,v009
E7DKD,511,631,120,v025
E7DKD,374,564,190,v023
E7DKD,0,568,568,v008
JCUT2,0,348,348,v026
JCUT2,398,595,197,v022
JCUT2,0,146,146,v016
JCUT2,4,196,192,v016
JCUT2,0,127,127,v023
JCUT2,52,343,291,v026
7ZK3Y,0,424,424,v031
7ZK3Y,333,727,394,v031
LDBGB,45,247,202,v028
ISTQI,0,177,177,v026
ISTQI,139,302,163,v008
ISTQI,374,735,361,v021
ISTQI,348,735,387,v018
ISTQI,271,458,187,v018
ISTQI,340,735,395,v008
ISTQI,410,735,325,v010
ISTQI,470,595,125,v019
ISTQI,415,735,320,v031
ISTQI,220,735,515,v016
ISTQI,72,276,204,v023
A30ZM,0,736,736,v008
A30ZM,674,736,62,v014
A30ZM,0,736,736,v009
A30ZM,0,736,736,v008
A30ZM,0,103,103,v012
NLU6W,4,348,344,v008
NLU6W,381,741,360,v031
NLU6W,223,415,192,v022
NLU6W,201,338,137,v016
NLU6W,0,393,393,v018
NLU6W,62,211,149,v023
NLU6W,148,326,178,v019
XPQ0D,194,532,338,v008
XPQ0D,266,496,230,v017
XPQ0D,192,532,340,v014
V24A5,518,730,212,v029
V24A5,0,580,580,v008
V24A5,436,571,135,v016
V24A5,0,578,578,v005
V24A5,456,614,158,v016
V24A5,0,607,607,v008
1WFWL,0,761,761,v008
1WFWL,16,761,745,v014
1WFWL,0,761,761,v018
1WFWL,0,761,761,v018
L8T4O,9,345,336,v008
L8T4O,0,151,151,v023
L8T4O,218,338,120,v007
L8T4O,0,223,223,v019
L8T4O,254,345,91,v012
X8KIS,110,717,607,v026
X8KIS,0,163,163,v029
X8KIS,112,717,605,v023
4FTT5,439,2030,1591,v008
4FTT5,393,2047,1654,v008
4FTT5,820,1389,569,v020
IA2O6,307,501,194,v008
IA2O6,0,328,328,v008
IA2O6,0,703,703,v008
IA2O6,0,703,703,v026
VGPYM,79,643,564,v008
VGPYM,314,597,283,v019
VGPYM,235,470,235,v015
8V9IX,0,213,213,v008
8V9IX,93,208,115,v016
8V9IX,612,849,237,v016
8V9IX,796,950,154,v001
8V9IX,393,688,295,v008
8V9IX,0,780,780,v008
8V9IX,616,897,281,v023
8V9IX,0,621,621,v030
8V9IX,748,921,173,v012
8V9IX,88,746,658,v030
8V9IX,763,888,125,v016
8V9IX,626,756,130,v025
539EH,0,194,194,v008
539EH,64,242,178,v012
539EH,129,396,267,v023
539EH,201,444,243,v008
539EH,158,436,278,v016
539EH,187,468,281,v023
539EH,0,807,807,v018
539EH,252,412,160,v023
539EH,242,807,565,v008
YVOVB,0,108,108,v012
YVOVB,218,427,209,v019
YVOVB,38,480,442,v005
YVOVB,16,656,640,v008
YVOVB,7,656,649,v023
YVOVB,0,129,129,v023
YVOVB,86,244,158,v023
YVOVB,292,448,156,v023
X6B0P,120,369,249,v018
X6B0P,420,655,235,v016
X6B0P,247,544,297,v028
X6B0P,307,731,424,v008
X6B0P,127,348,221,v008
X6B0P,124,355,231,v025
X6B0P,331,731,400,v021
X6B0P,295,523,228,v016
X6B0P,302,731,429,v008
X6B0P,343,731,388,v018
9MXDX,153,285,132,v008
9MXDX,204,456,252,v005
9MXDX,441,667,226,v019
9MXDX,0,722,722,v018
9MXDX,136,290,154,v016
9MXDX,57,261,204,v004
9MXDX,434,664,230,v009
9MXDX,0,722,722,v018
9MXDX,0,722,722,v031
9MXDX,153,355,202,v005
BZ189,2,307,305,v030
BZ189,607,733,126,v023
BZ189,326,612,286,v028
BZ189,252,415,163,v023
BZ189,619,733,114,v008
FLEU2,0,735,735,v026
91H2P,48,104,56,v027
91H2P,0,104,104,v019
91H2P,0,62,62,v008
91H2P,0,104,104,v009
91H2P,2,104,102,v029
N8R3F,93,220,127,v025
N8R3F,100,211,111,v025
N8R3F,100,211,111,v025
TC749,722,895,173,v022
TC749,64,765,701,v018
TC749,770,895,125,v026
TC749,708,844,136,v023
TC749,708,895,187,v008
0JJIY,91,326,235,v015
0JJIY,333,520,187,v008
0JJIY,288,432,144,v023
0JJIY,57,364,307,v008
G1NFB,343,624,281,v030
G1NFB,0,88,88,v020
G1NFB,535,679,144,v001
G1NFB,0,600,600,v026
G1NFB,0,600,600,v026
G1NFB,319,607,288,v030
G1NFB,544,676,132,v001
G1NFB,33,648,615,v026
G1NFB,0,798,798,v008
7HWS7,0,84,84,v010
7HWS7,0,112,112,v012
7HWS7,2,711,709,v014
7HWS7,0,711,711,v018
LDFM5,496,741,245,v001
LDFM5,67,184,117,v012
LDFM5,333,708,375,v008
LDFM5,86,374,288,v026
LDFM5,470,621,151,v023
LDFM5,7,124,117,v029
LDFM5,69,741,672,v023
LDFM5,86,741,655,v026
QDRWK,537,693,156,v008
QDRWK,511,636,125,v023
QDRWK,544,688,144,v019
QDRWK,199,590,391,v026
QDRWK,523,709,186,v016
QDRWK,568,709,141,v016
QDRWK,0,709,709,v022
QDRWK,0,206,206,v029
QDRWK,0,158,158,v012
QDRWK,4,168,164,v001
0OMFD,4,160,156,v012
0OMFD,67,213,146,v003
0OMFD,136,667,531,v003
0OMFD,64,218,154,v016
0OMFD,124,256,132,v023
0OMFD,0,213,213,v023
0OMFD,571,770,199,v016
0OMFD,571,770,199,v025
642HE,0,1024,1024,v008
642HE,28,1024,996,v005
642HE,0,1024,1024,v018
642HE,746,919,173,v019
642HE,0,1024,1024,v018
642HE,0,1024,1024,v008
642HE,0,1024,1024,v018
1375X,0,206,206,v008
1375X,504,672,168,v008
1375X,208,685,477,v026
1375X,537,674,137,v016
1375X,127,283,156,v016
1375X,127,283,156,v025
1375X,201,312,111,v023
1375X,0,192,192,v020
1375X,201,685,484,v026
1375X,201,685,484,v026
1375X,240,547,307,v019
LRPBA,0,475,475,v008
LRPBA,184,319,135,v004
LRPBA,0,230,230,v017
LRPBA,4,475,471,v008
LRPBA,136,283,147,v014
O138M,148,304,156,v020
O138M,331,604,273,v004
O138M,285,648,363,v008
O138M,285,424,139,v023
F0OW8,182,326,144,v008
F0OW8,340,518,178,v005
F0OW8,153,576,423,v023
MSQA1,1200,1281,81,v005
MSQA1,271,451,180,v012
MSQA1,1156,1281,125,v018
MSQA1,681,861,180,v020
MSQA1,1099,1276,177,v018
MSQA1,1180,1281,101,v005
MSQA1,919,1281,362,v008
MSQA1,861,1041,180,v023
MSQA1,432,715,283,v008
MSQA1,412,700,288,v023
MSQA1,412,700,288,v023
MSQA1,0,132,132,v029
MSQA1,412,700,288,v008
YNJ86,0,475,475,v008
YNJ86,343,458,115,v001
YNJ86,0,108,108,v012
YNJ86,0,446,446,v019
YNJ86,396,734,338,v004
YNJ86,633,739,106,v016
YNJ86,633,739,106,v023
YNJ86,0,492,492,v019
YNJ86,0,424,424,v031
YNJ86,0,739,739,v018
YNJ86,465,626,161,v008
0UZ0Y,0,139,139,v020
0UZ0Y,50,211,161,v009
0UZ0Y,76,242,166,v023
0UZ0Y,88,273,185,v004
0UZ0Y,74,273,199,v008
0UZ0Y,76,273,197,v008
9A5MP,0,786,786,v008
9A5MP,636,786,150,v001
9A5MP,223,614,391,v005
9A5MP,220,535,315,v023
9A5MP,0,367,367,v026
9A5MP,252,393,141,v012
9A5MP,0,362,362,v026
9A5MP,295,429,134,v016
5LPJL,0,748,748,v032
5LPJL,0,364,364,v030
5LPJL,348,501,153,v016
5LPJL,0,748,748,v012
5LPJL,0,748,748,v018
5LPJL,0,422,422,v008
5LPJL,0,364,364,v006
5LPJL,0,748,748,v031
5LPJL,0,748,748,v018
5LPJL,400,684,284,v026
EO3G8,400,590,190,v005
EO3G8,36,297,261,v012
EO3G8,115,333,218,v020
EO3G8,420,686,266,v008
EO3G8,295,484,189,v016
EO3G8,249,384,135,v023
EO3G8,451,655,204,v016
EO3G8,24,324,300,v031
EO3G8,0,81,81,v029
EO3G8,499,655,156,v004
EO3G8,420,554,134,v023
9INKU,285,723,438,v013
9INKU,285,723,438,v008
9INKU,96,376,280,v017
9INKU,259,384,125,v029
9INKU,0,175,175,v014
1T2W4,0,388,388,v021
1T2W4,511,658,147,v016
1T2W4,312,487,175,v022
1T2W4,540,658,118,v025
1T2W4,494,650,156,v023
1T2W4,511,658,147,v023
1T2W4,362,658,296,v026
1T2W4,501,658,157,v025
1T2W4,0,408,408,v008
JKR9A,381,717,336,v006
JKR9A,240,446,206,v027
JKR9A,45,717,672,v008
JKR9A,88,321,233,v023
OHBYF,432,595,163,v001
OHBYF,501,715,214,v008
OHBYF,362,614,252,v008
OHBYF,544,828,284,v023
OHBYF,129,652,523,v016
OHBYF,129,288,159,v023
OHBYF,180,556,376,v026
Z7UOT,343,508,165,v016
Z7UOT,331,516,185,v022
Z7UOT,578,732,154,v023
Z7UOT,578,732,154,v008
Z7UOT,0,518,518,v018
Z7UOT,0,508,508,v008
Z7UOT,468,732,264,v026
Z7UOT,96,304,208,v008
Z7UOT,0,494,494,v018
8FH96,189,423,234,v001
8FH96,237,423,186,v009
8FH96,235,423,188,v019
8FH96,206,348,142,v012
8FH96,0,264,264,v002
8FH96,206,348,142,v012
59KH0,45,280,235,v003
59KH0,177,369,192,v028
59KH0,0,136,136,v031
59KH0,307,595,288,v014
59KH0,643,808,165,v019
59KH0,184,367,183,v023
59KH0,290,817,527,v018
59KH0,290,817,527,v031
59KH0,290,817,527,v018
59KH0,295,817,522,v032
59KH0,556,817,261,v009
59KH0,0,93,93,v006
9HI9D,21,182,161,v016
9HI9D,115,367,252,v012
9HI9D,573,729,156,v005
9HI9D,0,192,192,v008
3GA59,62,492,430,v002
3GA59,424,552,128,v017
3GA59,410,547,137,v008
3GA59,405,520,115,v023
3GA59,453,552,99,v029
LKQQO,326,764,438,v031
LKQQO,0,184,184,v008
LKQQO,48,268,220,v016
LKQQO,158,379,221,v018
LKQQO,0,144,144,v022
LKQQO,0,196,196,v016
LKQQO,192,764,572,v012
LKQQO,0,165,165,v008
LKQQO,321,764,443,v005
LKQQO,0,165,165,v008
QGIP7,36,132,96,v004
QGIP7,57,160,103,v019
QGIP7,45,153,108,v018
QGIP7,244,343,99,v019
QGIP7,403,504,101,v018
QGIP7,144,336,192,v006
QGIP7,9,549,540,v008
QGIP7,50,482,432,v031
90L0S,33,736,703,v026
90L0S,96,283,187,v019
90L0S,33,736,703,v026
90L0S,0,736,736,v008
90L0S,309,736,427,v008
90L0S,338,578,240,v001
BOH8J,331,1120,789,v026
BOH8J,585,741,156,v031
BOH8J,991,1129,138,v016
BOH8J,912,1070,158,v023
BOH8J,657,794,137,v012
BOH8J,996,1129,133,v001
BOH8J,708,1075,367,v030
AXS82,328,460,132,v001
AXS82,434,691,257,v008
AXS82,81,396,315,v009
AXS82,602,719,117,v012
AXS82,0,480,480,v008
EAVWL,160,316,156,v016
EAVWL,232,563,331,v012
EAVWL,0,563,563,v018
EAVWL,216,563,347,v031
EAVWL,0,563,563,v008
VSLQT,100,926,826,v005
VSLQT,76,276,200,v023
VSLQT,0,926,926,v010
VSLQT,0,216,216,v000
VSLQT,199,856,657,v008
VSLQT,0,302,302,v021
VSLQT,0,201,201,v000
VSLQT,240,926,686,v005
VSLQT,115,842,727,v008
VSLQT,0,141,141,v021
VSLQT,91,280,189,v023
P3WQV,696,1039,343,v031
P3WQV,2,180,178,v018
P3WQV,93,684,591,v010
P3WQV,708,1060,352,v018
P3WQV,237,748,511,v021
P3WQV,588,760,172,v022
GAO6V,304,703,399,v002
GAO6V,132,283,151,v000
HH0VG,237,1624,1387,v031
HH0VG,321,1724,1403,v006
HH0VG,108,367,259,v031
HH0VG,98,297,199,v023
7XVS7,657,782,125,v004
7XVS7,88,208,120,v016
7XVS7,357,470,113,v016
7XVS7,393,940,547,v031
7XVS7,511,940,429,v008
7XVS7,0,940,940,v008
7XVS7,0,940,940,v018
7XVS7,487,808,321,v004
7XVS7,84,223,139,v023
7XVS7,0,940,940,v021
7XVS7,122,453,331,v015
7XVS7,0,940,940,v018
7XVS7,398,940,542,v014
7XVS7,393,885,492,v032
7XVS7,93,940,847,v008
EVHAZ,0,345,345,v022
EVHAZ,0,345,345,v006
EVHAZ,0,825,825,v008
EVHAZ,0,825,825,v031
EQ1G5,0,551,551,v018
EQ1G5,0,158,158,v008
EQ1G5,48,551,503,v021
EQ1G5,0,551,551,v018
Z1VB4,52,352,300,v012
Z1VB4,165,352,187,v023
Z1VB4,324,460,136,v008
Z1VB4,268,415,147,v001
Z1VB4,331,465,134,v008
Z1VB4,324,472,148,v023
Z1VB4,612,1065,453,v002
Z1VB4,60,189,129,v012
Z1VB4,105,374,269,v016
NE37I,417,634,217,v008
NE37I,386,532,146,v023
NE37I,0,420,420,v002
NE37I,0,420,420,v016
NE37I,0,396,396,v008
CRH69,501,583,82,v025
CRH69,0,561,561,v026
CRH69,436,583,147,v012
CRH69,470,583,113,v025
CRH69,33,573,540,v026
CRH69,0,441,441,v023
CRH69,424,583,159,v007
CRH69,0,583,583,v008
AVH53,302,613,311,v008
AVH53,19,408,389,v008
AVH53,336,613,277,v019
AVH53,321,613,292,v006
AVH53,48,362,314,v026
U6GKR,158,446,288,v004
U6GKR,0,589,589,v008
809QT,96,552,456,v008
809QT,72,192,120,v023
809QT,216,552,336,v017
809QT,120,283,163,v031
7JZGN,177,738,561,v010
7JZGN,0,268,268,v018
7JZGN,141,314,173,v001
7JZGN,0,738,738,v008
7JZGN,0,139,139,v012
7JZGN,0,333,333,v032
7JZGN,0,738,738,v008
0M1PW,0,467,467,v011
0M1PW,0,467,467,v002
0M1PW,45,408,363,v019
0M1PW,0,467,467,v032
DZV6Z,302,769,467,v005
DZV6Z,314,769,455,v005
DZV6Z,314,769,455,v014
DZV6Z,0,769,769,v008
DZV6Z,0,252,252,v029
CUB69,115,522,407,v014
CUB69,0,522,522,v018
CUB69,0,184,184,v005
CUB69,0,522,522,v018
CUB69,0,225,225,v008
CUB69,0,522,522,v018
CUB69,0,522,522,v032
BI86J,110,468,358,v002
BI86J,0,650,650,v008
BI86J,144,340,196,v005
BI86J,24,636,612,v005
BI86J,0,636,636,v016
BI86J,324,750,426,v020
BI86J,7,676,669,v008
BI86J,444,696,252,v016
BI86J,384,549,165,v012
BI86J,537,708,171,v016
6H4D1,0,247,247,v018
6H4D1,0,242,242,v018
6H4D1,218,681,463,v028
6H4D1,1063,1209,146,v022
MPUJ7,278,396,118,v008
MPUJ7,0,168,168,v008
MPUJ7,314,731,417,v014
MPUJ7,57,398,341,v008
MPUJ7,511,731,220,v023
MPUJ7,0,731,731,v018
YXN50,448,604,156,v016
YXN50,444,604,160,v016
YXN50,0,583,583,v008
YXN50,559,922,363,v008
YXN50,16,472,456,v004
YXN50,444,604,160,v016
YXN50,0,148,148,v023
YXN50,393,578,185,v016
YXN50,528,715,187,v023
99GC2,0,112,112,v018
99GC2,0,91,91,v008
99GC2,0,112,112,v014
99GC2,43,112,69,v020
AIOTI,96,225,129,v001
AIOTI,122,247,125,v016
AIOTI,0,240,240,v031
AIOTI,206,463,257,v008
AIOTI,434,612,178,v023
AIOTI,192,463,271,v026
AIOTI,540,691,151,v029
AIOTI,427,573,146,v026
ZCO4U,458,669,211,v018
ZCO4U,489,681,192,v018
ZCO4U,0,451,451,v018
ZCO4U,0,350,350,v019
ZCO4U,381,518,137,v016
ZCO4U,292,456,164,v022
MRKTD,213,429,216,v008
MRKTD,400,516,116,v016
MRKTD,228,453,225,v020
MRKTD,175,345,170,v023
MRKTD,283,518,235,v030
MRKTD,350,520,170,v025
MRKTD,384,506,122,v016
MRKTD,448,585,137,v029
5MYL4,0,732,732,v018
5MYL4,0,732,732,v005
5MYL4,0,732,732,v008
5MYL4,0,732,732,v031
5MYL4,0,732,732,v008
ENQ1G,0,170,170,v008
ENQ1G,415,640,225,v019
ENQ1G,0,141,141,v009
ENQ1G,648,933,285,v030
X95FK,429,616,187,v016
X95FK,412,616,204,v016
X95FK,0,671,671,v008
IWK2Y,132,259,127,v026
IWK2Y,9,213,204,v031
IWK2Y,132,264,132,v023
IWK2Y,146,323,177,v017
STB0G,472,897,425,v008
STB0G,796,921,125,v016
STB0G,792,949,157,v023
STB0G,487,907,420,v026
STB0G,472,583,111,v023
STB0G,74,393,319,v030
STB0G,292,504,212,v026
STB0G,472,907,435,v026
UJMNV,0,766,766,v008
UJMNV,0,146,146,v020
UIPXF,343,504,161,v026
UIPXF,0,753,753,v008
UIPXF,487,624,137,v012
UIPXF,0,410,410,v004
UIPXF,460,710,250,v029
UIPXF,540,753,213,v001
UIPXF,314,753,439,v023
UIPXF,487,698,211,v007
U1LFT,345,480,135,v016
U1LFT,384,556,172,v016
U1LFT,0,463,463,v028
U1LFT,362,525,163,v026
U1LFT,400,525,125,v023
JW313,0,656,656,v008
JW313,0,656,656,v023
JW313,0,656,656,v031
JW313,0,656,656,v008
JW313,0,656,656,v030
JW313,0,656,656,v008
IO5UK,55,523,468,v002
IO5UK,168,477,309,v008
IO5UK,182,489,307,v023
IO5UK,256,434,178,v015
CS8O0,0,182,182,v023
CS8O0,223,696,473,v026
CS8O0,664,708,44,v026
CS8O0,664,708,44,v016
CS8O0,664,708,44,v001
CS8O0,664,708,44,v016
CS8O0,0,211,211,v008
CS8O0,232,350,118,v023
CS8O0,652,708,56,v016
CS8O0,0,62,62,v029
A6JLX,40,182,142,v016
A6JLX,0,127,127,v017
A6JLX,110,244,134,v012
A6JLX,211,403,192,v008
A6JLX,182,304,122,v023
A6JLX,168,309,141,v023
A6JLX,48,180,132,v016
A6JLX,112,242,130,v012
A6JLX,0,182,182,v008
A6JLX,112,247,135,v012
L5ZAB,0,278,278,v008
L5ZAB,120,252,132,v022
L5ZAB,9,165,156,v020
L5ZAB,0,218,218,v018
HB9LP,535,715,180,v008
HB9LP,0,564,564,v002
HB9LP,537,655,118,v012
HB9LP,573,715,142,v023
HB9LP,600,715,115,v008
XDRZ7,290,448,158,v029
XDRZ7,192,355,163,v031
XDRZ7,0,170,170,v020
6KIA4,0,532,532,v026
6KIA4,420,567,147,v030
6KIA4,480,567,87,v016
6KIA4,0,98,98,v023
8IBNY,540,818,278,v008
8IBNY,698,1024,326,v005
8IBNY,230,412,182,v015
8IBNY,31,206,175,v016
8IBNY,292,444,152,v016
8IBNY,468,631,163,v016
8IBNY,24,158,134,v023
8IBNY,79,211,132,v023
8IBNY,182,352,170,v023
8IBNY,765,972,207,v004
U104F,0,552,552,v031
U104F,504,708,204,v009
U104F,0,708,708,v014
1UXVA,278,400,122,v008
1UXVA,360,542,182,v004
1UXVA,199,400,201,v005
1UXVA,511,652,141,v023
1UXVA,674,736,62,v029
1UXVA,326,597,271,v008
1UXVA,26,621,595,v018
J4RPL,396,540,144,v016
J4RPL,0,115,115,v023
J4RPL,0,110,110,v023
J4RPL,499,643,144,v023
J4RPL,583,737,154,v025
J4RPL,0,737,737,v018
5VDT6,48,223,175,v004
5VDT6,439,554,115,v025
5VDT6,504,734,230,v016
5VDT6,36,765,729,v008
5VDT6,199,348,149,v026
5VDT6,446,751,305,v025
7L5W3,0,460,460,v018
7L5W3,494,744,250,v008
7L5W3,372,741,369,v022
7L5W3,633,744,111,v018
7L5W3,480,600,120,v023
5YN7H,0,153,153,v021
5YN7H,72,266,194,v031
5YN7H,0,168,168,v018
5YN7H,86,204,118,v025
5YN7H,0,172,172,v018
5YN7H,144,266,122,v012
5YN7H,38,175,137,v022
F8M2Y,261,393,132,v012
F8M2Y,372,477,105,v012
F8M2Y,340,484,144,v031
F8M2Y,175,297,122,v025
F8M2Y,319,626,307,v008
F8M2Y,518,633,115,v025
F8M2Y,0,276,276,v028
F8M2Y,170,295,125,v016
F8M2Y,643,704,61,v001
4U20P,0,682,682,v020
4U20P,0,682,682,v008
4U20P,0,682,682,v019
4U20P,0,682,682,v009
4U20P,0,682,682,v008
ZSREG,16,187,171,v012
ZSREG,67,194,127,v016
ZSREG,0,144,144,v008
VA7IT,348,528,180,v025
VA7IT,0,417,417,v010
VA7IT,350,463,113,v025
VA7IT,480,669,189,v026
VA7IT,288,398,110,v000
VA7IT,621,739,118,v016
VA7IT,480,648,168,v023
VA7IT,0,364,364,v021
VA7IT,278,499,221,v022
8JMY5,33,393,360,v008
8JMY5,31,153,122,v023
8JMY5,72,393,321,v020
8JMY5,28,393,365,v008
MDUG6,28,914,886,v002
K1M15,345,693,348,v014
K1M15,244,360,116,v002
K1M15,631,734,103,v019
K1M15,93,367,274,v002
K1M15,120,403,283,v016
K1M15,292,734,442,v008
K1M15,633,749,116,v023
LQEB5,271,532,261,v008
LQEB5,266,472,206,v023
LQEB5,156,283,127,v016
LQEB5,156,283,127,v025
LQEB5,36,230,194,v028
I79Q6,9,194,185,v016
I79Q6,28,194,166,v012
I79Q6,340,590,250,v004
I79Q6,316,511,195,v015
I79Q6,218,451,233,v023
I79Q6,520,638,118,v016
I79Q6,254,638,384,v008
I79Q6,163,324,161,v023
I79Q6,170,640,470,v008
KJK56,0,721,721,v008
KJK56,348,721,373,v007
KJK56,0,350,350,v018
KJK56,208,721,513,v024
KJK56,360,721,361,v009
KJK56,115,333,218,v028
KJK56,345,721,376,v019
KJK56,16,304,288,v004
KJK56,247,364,117,v022
KJK56,578,721,143,v012
KJK56,0,333,333,v008
YA379,103,616,513,v031
YA379,16,616,600,v008
YA379,204,552,348,v020
YA379,64,208,144,v004
4RBVB,424,640,216,v012
4RBVB,381,860,479,v018
4RBVB,364,556,192,v018
4RBVB,55,199,144,v012
4RBVB,357,535,178,v023
4RBVB,364,860,496,v008
4RBVB,278,417,139,v001
4RBVB,420,860,440,v031
4RBVB,43,204,161,v012
4RBVB,271,422,151,v001
4RBVB,72,379,307,v016
73XDD,0,151,151,v018
73XDD,81,326,245,v029
73XDD,388,547,159,v028
73XDD,180,595,415,v018
73XDD,0,662,662,v008
73XDD,0,333,333,v008
73XDD,220,326,106,v016
PROQY,0,665,665,v030
PROQY,0,665,665,v008
PROQY,0,72,72,v017
PROQY,0,665,665,v030
RBNLA,609,768,159,v027
RBNLA,0,645,645,v008
RBNLA,43,684,641,v014
RBNLA,518,684,166,v001
RBNLA,321,472,151,v016
RBNLA,530,652,122,v007
RBNLA,321,472,151,v016
EW6K9,0,218,218,v004
EW6K9,110,290,180,v008
EW6K9,0,899,899,v018
EW6K9,213,372,159,v016
EW6K9,326,465,139,v025
EW6K9,820,899,79,v019
EW6K9,578,717,139,v025
EW6K9,590,715,125,v025
IQIBE,530,701,171,v019
IQIBE,530,701,171,v031
IQIBE,0,352,352,v031
IQIBE,285,701,416,v009
OHZG5,153,271,118,v016
OHZG5,0,144,144,v004
OHZG5,0,746,746,v021
OHZG5,175,336,161,v009
OHZG5,0,746,746,v018
OHZG5,0,746,746,v008
OHZG5,0,746,746,v018
I7HPL,0,732,732,v005
I7HPL,0,732,732,v018
I7HPL,0,732,732,v018
I7HPL,196,530,334,v008
YBVVZ,691,811,120,v023
YBVVZ,0,297,297,v026
YBVVZ,364,554,190,v016
YBVVZ,592,844,252,v016
YBVVZ,235,804,569,v030
YBVVZ,703,844,141,v026
YBVVZ,571,844,273,v016
YBVVZ,403,844,441,v016
50N4E,537,613,76,v027
50N4E,0,501,501,v030
50N4E,384,613,229,v023
50N4E,0,613,613,v008
ZKGKR,357,687,330,v008
ZKGKR,228,381,153,v001
ZKGKR,492,687,195,v023
ZKGKR,0,271,271,v016
ZKGKR,352,679,327,v016
ZKGKR,153,273,120,v016
ZKGKR,0,192,192,v028
ZKGKR,360,684,324,v026
ZKGKR,208,415,207,v031
GFFJM,609,753,144,v027
GFFJM,595,753,158,v007
GFFJM,0,636,636,v005
GFFJM,580,753,173,v001
GFFJM,0,477,477,v003
GFFJM,559,748,189,v029
GFFJM,376,530,154,v022
GFFJM,444,751,307,v022
GFFJM,0,753,753,v008
XKH7W,194,326,132,v004
XKH7W,290,415,125,v005
XKH7W,0,798,798,v018
XKH7W,0,798,798,v008
XKH7W,0,132,132,v018
FY9UT,309,395,86,v021
FY9UT,0,395,395,v010
FY9UT,16,376,360,v031
FY9UT,14,369,355,v008
KU4UP,268,736,468,v015
KU4UP,48,192,144,v023
KU4UP,88,240,152,v008
E40Y8,285,936,651,v008
E40Y8,331,1307,976,v005
E40Y8,278,427,149,v023
E40Y8,271,408,137,v012
E40Y8,801,1034,233,v016
E40Y8,1036,1307,271,v008
E40Y8,285,1000,715,v023
E40Y8,31,1307,1276,v023
E40Y8,364,1307,943,v008
PVCFQ,0,912,912,v008
PVCFQ,69,912,843,v024
PVCFQ,0,912,912,v008
PVCFQ,535,768,233,v020
PVCFQ,0,912,912,v008
EMYSA,40,204,164,v012
EMYSA,120,295,175,v023
EMYSA,28,199,171,v022
EMYSA,112,619,507,v012
EMYSA,55,208,153,v001
EMYSA,139,619,480,v008
EMYSA,273,564,291,v008
EMYSA,261,369,108,v023
PVAJ8,700,905,205,v001
PVAJ8,180,429,249,v008
PVAJ8,79,232,153,v016
PVAJ8,0,441,441,v026
PVAJ8,136,297,161,v023
PVAJ8,96,230,134,v016
PVAJ8,640,801,161,v025
PVAJ8,0,905,905,v022
PVAJ8,350,496,146,v020
PVAJ8,170,420,250,v026
PVAJ8,7,175,168,v026
PVAJ8,84,216,132,v016
PVAJ8,700,900,200,v001
PVAJ8,0,792,792,v026
PVAJ8,432,905,473,v023
IJ3QB,244,460,216,v008
IJ3QB,213,432,219,v023
IJ3QB,484,580,96,v022
IJ3QB,0,124,124,v018
IJ3QB,388,554,166,v016
IJ3QB,208,530,322,v016
IJ3QB,0,168,168,v018
IJ3QB,194,528,334,v008
IJ3QB,52,295,243,v008
IJ3QB,199,525,326,v016
Z5FNI,439,626,187,v001
Z5FNI,362,544,182,v012
Z5FNI,300,456,156,v027
Z5FNI,199,446,247,v029
0I1S5,100,326,226,v025
0I1S5,122,554,432,v008
0I1S5,314,540,226,v016
0I1S5,100,532,432,v008
0I1S5,408,595,187,v016
0I1S5,398,540,142,v019
0I1S5,28,362,334,v026
0I1S5,48,460,412,v023
OWENO,0,170,170,v031
OWENO,0,173,173,v008
OWENO,0,146,146,v019
OWENO,110,173,63,v029
OWENO,0,144,144,v031
OWENO,0,173,173,v008
OWENO,0,153,153,v019
JOYAJ,160,364,204,v012
JOYAJ,158,364,206,v012
JOYAJ,292,429,137,v022
JOYAJ,321,465,144,v001
JOYAJ,0,211,211,v002
JOYAJ,211,338,127,v018
JOYAJ,218,432,214,v008
6JACT,156,480,324,v004
6JACT,0,256,256,v008
6JACT,0,530,530,v008
6JACT,0,115,115,v023
WM336,168,340,172,v023
WM336,228,357,129,v016
WM336,379,660,281,v019
WM336,189,348,159,v016
WM336,117,273,156,v012
WM336,386,616,230,v026
WM336,127,326,199,v008
WM336,429,640,211,v016
WM336,331,475,144,v016
WM336,184,343,159,v008
WM336,69,213,144,v023
WM336,372,657,285,v009
WM336,396,602,206,v008
WM336,393,612,219,v023
WM336,343,465,122,v025
G3WBE,926,1048,122,v016
G3WBE,799,1022,223,v004
G3WBE,552,691,139,v023
G3WBE,931,1034,103,v016
G3WBE,760,873,113,v023
G3WBE,0,1071,1071,v008
G3WBE,0,112,112,v018
G3WBE,91,386,295,v031
G3WBE,43,1065,1022,v018
G3WBE,112,873,761,v014
G81JB,756,955,199,v026
G81JB,297,772,475,v008
G81JB,727,1012,285,v023
G81JB,88,271,183,v002
G81JB,446,736,290,v026
G81JB,290,542,252,v023
ATI0Z,0,235,235,v018
ATI0Z,216,410,194,v027
ATI0Z,352,778,426,v026
ATI0Z,134,273,139,v022
ATI0Z,336,778,442,v008
ATI0Z,336,456,120,v023
ZI3BR,177,535,358,v008
ZI3BR,343,472,129,v023
ZI3BR,396,520,124,v026
ZI3BR,295,424,129,v008
9BHU1,2,446,444,v016
9BHU1,38,391,353,v023
9BHU1,0,480,480,v016
1B9C8,0,653,653,v008
1B9C8,0,653,653,v008
1B9C8,0,139,139,v018
1B9C8,528,652,124,v022
1B9C8,0,609,609,v031
1B9C8,0,653,653,v029
9F691,345,489,144,v023
9F691,607,741,134,v009
9F691,0,348,348,v018
9F691,360,741,381,v014
9F691,0,348,348,v018
IK8PA,0,256,256,v026
IK8PA,153,384,231,v016
IK8PA,295,523,228,v023
IK8PA,343,609,266,v008
IK8PA,228,518,290,v020
IK8PA,508,747,239,v016
IK8PA,537,664,127,v026
IK8PA,0,747,747,v008
V9JJL,297,393,96,v020
V9JJL,40,386,346,v026
V9JJL,72,206,134,v008
V9JJL,0,88,88,v012
V9JJL,0,100,100,v029
V9JJL,19,211,192,v026
8I352,0,103,103,v029
8I352,403,693,290,v018
8I352,0,386,386,v008
8I352,357,693,336,v018
8I352,98,338,240,v026
8I352,391,693,302,v008
8I352,381,693,312,v026
8I352,0,328,328,v024
XU2BY,0,789,789,v008
XU2BY,0,789,789,v008
XU2BY,0,789,789,v008
R4BTI,0,132,132,v029
R4BTI,734,942,208,v008
R4BTI,40,360,320,v020
R4BTI,420,835,415,v028
R4BTI,777,942,165,v016
R4BTI,777,942,165,v016
V4BBC,0,177,177,v014
V4BBC,88,249,161,v023
V4BBC,156,280,124,v008
55AH5,362,523,161,v010
55AH5,0,127,127,v012
55AH5,122,288,166,v005
55AH5,132,446,314,v018
55AH5,132,355,223,v008
55AH5,96,218,122,v018
55AH5,362,600,238,v010
55AH5,0,122,122,v029
A4N6Z,326,720,394,v018
A4N6Z,0,391,391,v010
A4N6Z,297,451,154,v022
A4N6Z,340,492,152,v018
A4N6Z,0,720,720,v031
5UFCJ,578,706,128,v004
5UFCJ,0,706,706,v008
5UFCJ,100,384,284,v015
5UFCJ,537,706,169,v031
5UFCJ,484,706,222,v005
L58KN,324,731,407,v012
L58KN,204,326,122,v025
L58KN,324,731,407,v012
L58KN,0,321,321,v008
L58KN,196,326,130,v016
L58KN,0,326,326,v026
AH1N1,0,151,151,v018
AH1N1,492,628,136,v022
AH1N1,28,590,562,v018
AH1N1,264,556,292,v016
AH1N1,0,588,588,v016
AH1N1,4,264,260,v016
6KJGX,14,182,168,v008
6KJGX,148,307,159,v016
6KJGX,148,307,159,v025
6KJGX,280,727,447,v002
6KJGX,0,117,117,v023
6KJGX,170,302,132,v025
OSUXM,280,629,349,v008
OSUXM,295,629,334,v014
OSUXM,0,393,393,v019
OSUXM,0,388,388,v031
OSUXM,36,391,355,v019
95HQC,0,719,719,v008
95HQC,55,271,216,v028
95HQC,228,619,391,v012
95HQC,0,719,719,v014
95HQC,184,719,535,v013
FGBXJ,0,120,120,v010
FGBXJ,441,652,211,v012
FGBXJ,367,720,353,v031
FGBXJ,0,720,720,v018
FGBXJ,410,720,310,v008
FGBXJ,417,592,175,v023
FGBXJ,0,720,720,v009
FGBXJ,384,645,261,v019
FGBXJ,643,720,77,v001
FGBXJ,0,679,679,v019
OO139,4,614,610,v031
OO139,0,230,230,v008
OO139,0,232,232,v014
OO139,0,621,621,v006
OO139,537,681,144,v023
R4V8W,0,312,312,v016
R4V8W,264,552,288,v026
QN4MZ,0,692,692,v008
QN4MZ,0,244,244,v020
QN4MZ,0,692,692,v026
WYZ5D,12,499,487,v008
WYZ5D,19,520,501,v017
WYZ5D,4,506,502,v008
WYZ5D,268,367,99,v008
WYZ5D,14,122,108,v029
M5UQR,0,778,778,v031
M5UQR,297,472,175,v016
M5UQR,415,778,363,v019
M5UQR,0,386,386,v008
M5UQR,0,778,778,v006
M5UQR,0,778,778,v018
M5UQR,0,778,778,v008
M5UQR,314,429,115,v025
M5UQR,0,410,410,v014
2F7AQ,0,345,345,v014
2F7AQ,283,737,454,v002
654PD,182,331,149,v016
654PD,0,316,316,v008
654PD,280,420,140,v012
654PD,206,321,115,v016
654PD,0,316,316,v008
BART9,0,240,240,v008
BART9,381,532,151,v016
BART9,0,788,788,v022
BART9,98,244,146,v016
BART9,350,470,120,v016
BART9,309,429,120,v023
BART9,117,528,411,v019
BART9,62,184,122,v012
BART9,326,453,127,v012
VPB1Z,444,847,403,v008
VPB1Z,0,847,847,v018
VPB1Z,384,523,139,v016
VPB1Z,0,580,580,v008
VPB1Z,494,636,142,v012
937EW,0,762,762,v026
937EW,0,216,216,v016
937EW,600,762,162,v026
937EW,333,580,247,v031
937EW,0,237,237,v008
937EW,187,429,242,v008
937EW,542,753,211,v026
937EW,0,120,120,v023
937EW,160,338,178,v023
MNC10,0,316,316,v008
MNC10,182,336,154,v025
MNC10,280,420,140,v023
MNC10,285,475,190,v008
MNC10,249,507,258,v023
U5B14,0,72,72,v018
U5B14,0,72,72,v022
U5B14,48,168,120,v012
U5B14,672,721,49,v001
KF42S,0,465,465,v008
KF42S,0,465,465,v021
KF42S,254,398,144,v022
JOUM7,84,775,691,v008
JOUM7,103,746,643,v014
JOUM7,86,751,665,v018
JOUM7,290,549,259,v023
JOUM7,638,758,120,v022
JOUM7,460,722,262,v005
J53NS,422,687,265,v023
J53NS,264,391,127,v022
J53NS,0,288,288,v008
J53NS,0,81,81,v018
J53NS,148,343,195,v016
J53NS,0,153,153,v023
6VJI0,0,733,733,v008
6VJI0,0,733,733,v014
6VJI0,0,733,733,v008
6VJI0,684,733,49,v019
6VJI0,684,733,49,v018
6VJI0,684,733,49,v031
6VJI0,684,733,49,v008
0X49F,0,568,568,v016
0X49F,549,1030,481,v003
0X49F,33,991,958,v029
0X49F,424,556,132,v023
0X49F,0,552,552,v008
KUOT7,0,712,712,v008
KUOT7,326,712,386,v031
KUOT7,0,585,585,v008
KUOT7,0,295,295,v030
KUOT7,163,295,132,v019
KUOT7,0,712,712,v008
I5MCA,19,141,122,v008
I5MCA,45,175,130,v029
I5MCA,172,412,240,v030
I5MCA,127,259,132,v016
I5MCA,127,259,132,v016
JP7V4,199,374,175,v023
JP7V4,417,573,156,v030
JP7V4,0,292,292,v030
JP7V4,283,573,290,v008
JP7V4,309,573,264,v019
JP7V4,276,424,148,v023
IKJB4,348,566,218,v016
IKJB4,348,566,218,v016
IKJB4,556,704,148,v020
IKJB4,350,518,168,v008
KS5VD,336,566,230,v031
KS5VD,0,424,424,v002
KS5VD,544,647,103,v029
I562C,364,844,480,v008
I562C,520,811,291,v008
I562C,336,844,508,v018
I562C,312,458,146,v018
I562C,364,844,480,v008
I562C,0,364,364,v007
I562C,331,844,513,v018
I562C,501,643,142,v023
I562C,348,477,129,v023
I562C,364,616,252,v005
I562C,206,352,146,v001
I562C,547,794,247,v004
I562C,14,136,122,v012
REH2U,0,856,856,v010
REH2U,592,1012,420,v008
REH2U,328,576,248,v020
REH2U,871,1044,173,v022
REH2U,0,1017,1017,v008
REH2U,0,914,914,v021
REH2U,0,319,319,v021
REH2U,254,993,739,v023
REH2U,631,1044,413,v016
DYVUY,566,672,106,v027
DYVUY,36,602,566,v031
DYVUY,595,726,131,v001
DYVUY,16,643,627,v012
DYVUY,136,726,590,v008
DYVUY,21,170,149,v012
DYVUY,580,726,146,v007
DYVUY,513,621,108,v001
DYVUY,0,84,84,v029
52CKM,0,276,276,v010
52CKM,249,588,339,v031
52CKM,597,758,161,v012
52CKM,688,812,124,v008
OSIKP,525,669,144,v023
OSIKP,0,740,740,v031
OSIKP,532,662,130,v005
OSIKP,532,655,123,v005
OSIKP,0,740,740,v008
QEFJF,0,225,225,v005
QEFJF,0,273,273,v008
QEFJF,194,738,544,v026
QEFJF,0,225,225,v008
QEFJF,403,520,117,v016
QEFJF,403,738,335,v016
QEFJF,199,355,156,v023
Z1EEF,0,759,759,v008
Z1EEF,0,759,759,v008
Z1EEF,0,759,759,v008
Z1EEF,0,206,206,v005
Z1EEF,0,759,759,v018
UVP3F,98,312,214,v012
UVP3F,360,580,220,v016
UVP3F,189,319,130,v001
M5W51,0,412,412,v018
M5W51,319,645,326,v000
M5W51,571,686,115,v022
M5W51,590,729,139,v023
M5W51,552,729,177,v023
M5W51,0,648,648,v018
M5W51,672,729,57,v016
M5W51,583,729,146,v008
NEO0V,110,465,355,v026
NEO0V,326,643,317,v020
NEO0V,16,640,624,v008
I164P,398,585,187,v029
I164P,336,516,180,v012
I164P,338,494,156,v007
I164P,208,499,291,v008
I164P,182,309,127,v023
I164P,182,309,127,v023
GPR89,1276,1416,140,v022
GPR89,0,280,280,v026
GPR89,456,1075,619,v023
GPR89,652,998,346,v032
GPR89,0,472,472,v018
GPR89,1022,1274,252,v023
GPR89,43,1336,1293,v008
GPR89,1226,1365,139,v016
STDCJ,0,297,297,v031
STDCJ,213,362,149,v012
STDCJ,297,441,144,v023
STDCJ,0,309,309,v031
B8IYJ,211,362,151,v025
B8IYJ,0,297,297,v002
B8IYJ,324,445,121,v005
3RSJV,290,805,515,v018
3RSJV,266,805,539,v008
3RSJV,220,386,166,v018
3RSJV,184,326,142,v009
3RSJV,362,540,178,v004
3RSJV,285,805,520,v031
3RSJV,201,328,127,v025
0NN7I,12,208,196,v016
0NN7I,158,631,473,v016
0NN7I,4,196,192,v026
0NN7I,0,196,196,v026
0NN7I,45,194,149,v025
0NN7I,681,748,67,v019
YQ6Z6,0,129,129,v029
YQ6Z6,132,391,259,v023
YQ6Z6,403,547,144,v001
YQ6Z6,84,247,163,v012
YQ6Z6,168,547,379,v008
KRLT7,247,547,300,v008
KRLT7,247,547,300,v023
KRLT7,112,300,188,v025
KRLT7,156,288,132,v025
KRLT7,254,547,293,v013
KRLT7,86,290,204,v008
ING5Z,0,295,295,v032
ING5Z,0,648,648,v018
ING5Z,684,828,144,v016
ING5Z,679,828,149,v023
ING5Z,0,751,751,v032
ING5Z,0,760,760,v018
Z0IE9,33,417,384,v006
Z0IE9,355,499,144,v022
Z0IE9,292,444,152,v027
X7R9N,117,304,187,v004
X7R9N,0,736,736,v031
X7R9N,0,736,736,v018
X7R9N,0,736,736,v008
X7R9N,0,736,736,v008
X7R9N,0,736,736,v031
GQKIU,252,361,109,v008
GQKIU,235,361,126,v023
MPBRL,24,220,196,v008
MPBRL,583,788,205,v030
MPBRL,0,134,134,v005
MPBRL,0,540,540,v014
MPBRL,684,788,104,v026
MPBRL,405,576,171,v022
MPBRL,0,532,532,v018
MPBRL,0,540,540,v018
MPBRL,607,780,173,v023
MPBRL,0,153,153,v008
MPBRL,7,134,127,v023
MPBRL,688,788,100,v030
MPBRL,530,693,163,v029
6LNYW,458,624,166,v025
6LNYW,0,840,840,v008
6LNYW,0,844,844,v026
6LNYW,540,681,141,v020
6LNYW,487,614,127,v025
KK8N9,0,201,201,v004
KK8N9,0,230,230,v008
KK8N9,141,293,152,v008
KK8N9,136,264,128,v023
KK8N9,187,293,106,v009
KK8N9,60,184,124,v016
KK8N9,213,293,80,v019
KK8N9,139,293,154,v014
QEV60,64,204,140,v016
QEV60,0,110,110,v023
QEV60,177,433,256,v031
QEV60,0,199,199,v008
QEV60,0,433,433,v018
X7GVM,0,759,759,v008
X7GVM,316,643,327,v023
X7GVM,554,759,205,v005
X7GVM,0,759,759,v014
G537E,40,566,526,v002
G537E,31,405,374,v005
G537E,573,940,367,v016
G537E,64,376,312,v008
G537E,667,878,211,v026
G537E,667,878,211,v016
G537E,319,542,223,v020
G537E,667,878,211,v016
3H09L,312,585,273,v012
3H09L,0,244,244,v009
3H09L,0,693,693,v022
3H09L,69,360,291,v008
3H09L,0,432,432,v019
3H09L,0,345,345,v018
02XLP,441,743,302,v005
02XLP,326,482,156,v023
02XLP,0,422,422,v002
02XLP,386,743,357,v005
02XLP,345,743,398,v008
AWBEC,0,436,436,v008
AWBEC,0,436,436,v031
AWBEC,0,436,436,v008
XULW2,0,289,289,v008
XULW2,0,110,110,v008
XULW2,0,86,86,v026
XULW2,72,288,216,v015
XULW2,0,122,122,v016
XULW2,67,289,222,v008
DPBI3,415,708,293,v008
DPBI3,499,708,209,v023
DPBI3,288,448,160,v009
DPBI3,309,465,156,v019
AQ69X,0,127,127,v008
AQ69X,2,304,302,v003
AQ69X,0,91,91,v023
AQ69X,0,686,686,v003
AQ69X,590,726,136,v022
AQ69X,0,726,726,v018
AQ69X,0,98,98,v023
119W9,360,603,243,v002
119W9,100,232,132,v001
JSTSD,288,534,246,v008
JSTSD,297,432,135,v023
JSTSD,40,326,286,v009
AXKNP,0,410,410,v014
AXKNP,0,194,194,v019
AXKNP,0,696,696,v008
WZP3R,484,723,239,v008
WZP3R,43,211,168,v018
WZP3R,122,723,601,v018
WZP3R,146,513,367,v003
WZP3R,139,506,367,v026
WZP3R,439,588,149,v023
WZP3R,494,723,229,v016
A2DDA,0,352,352,v008
A2DDA,0,134,134,v008
A2DDA,304,429,125,v008
A2DDA,117,259,142,v005
A2DDA,492,703,211,v023
WQQ4Q,259,576,317,v001
WQQ4Q,225,369,144,v012
WQQ4Q,403,662,259,v008
WQQ4Q,196,537,341,v012
WQQ4Q,388,736,348,v023
WQQ4Q,583,962,379,v011
WQQ4Q,0,283,283,v030
WQQ4Q,81,273,192,v030
WQQ4Q,379,499,120,v023
WQQ4Q,698,880,182,v016
77AL0,0,752,752,v008
77AL0,0,752,752,v008
77AL0,26,664,638,v023
EF2YJ,240,614,374,v002
EF2YJ,573,862,289,v008
EF2YJ,568,717,149,v023
45D5U,0,764,764,v026
45D5U,602,736,134,v016
45D5U,609,739,130,v016
45D5U,0,764,764,v026
X0BEF,0,216,216,v008
X0BEF,96,336,240,v016
X0BEF,204,345,141,v023
X0BEF,439,650,211,v004
X0BEF,124,410,286,v025
X0BEF,12,266,254,v025
X0BEF,0,718,718,v008
X0BEF,0,718,718,v019
X0BEF,110,256,146,v009
L8V10,31,201,170,v008
L8V10,487,682,195,v019
L8V10,441,682,241,v019
L8V10,144,504,360,v003
ILQ2R,9,602,593,v031
ILQ2R,415,559,144,v027
ILQ2R,0,120,120,v029
6R6RS,345,566,221,v003
6R6RS,0,561,561,v010
6R6RS,542,720,178,v022
6R6RS,0,720,720,v008
FQ282,172,364,192,v008
FQ282,417,746,329,v008
FQ282,525,1020,495,v026
FQ282,360,604,244,v023
FQ282,381,1072,691,v026
FQ282,364,568,204,v023
FQ282,160,465,305,v016
FQ282,0,283,283,v026
FQ282,0,208,208,v016
FQ282,12,225,213,v012
9VZOY,172,484,312,v008
9VZOY,424,739,315,v004
9VZOY,96,740,644,v018
9VZOY,0,242,242,v000
9VZOY,172,664,492,v005
9VZOY,350,484,134,v005
9VZOY,0,151,151,v000
9VZOY,266,422,156,v012
9VZOY,352,480,128,v016
9VZOY,297,468,171,v023
STAZI,43,576,533,v001
STAZI,139,398,259,v007
STAZI,403,777,374,v026
STAZI,153,660,507,v008
STAZI,453,873,420,v026
STAZI,441,873,432,v008
STAZI,309,472,163,v016
STAZI,52,441,389,v031
STAZI,0,410,410,v029
STAZI,451,873,422,v002
TZ548,177,307,130,v029
TZ548,225,456,231,v023
TZ548,213,456,243,v008
KY28J,328,506,178,v031
KY28J,201,364,163,v005
KY28J,0,374,374,v005
KY28J,0,709,709,v018
KY28J,0,379,379,v008
KY28J,0,709,709,v018
KY28J,285,709,424,v014
8TSH9,254,504,250,v026
8TSH9,0,737,737,v030
8TSH9,81,672,591,v020
8TSH9,268,393,125,v026
9OMY1,0,458,458,v018
9OMY1,528,672,144,v018
9OMY1,28,151,123,v012
9OMY1,528,672,144,v018
9OMY1,0,468,468,v018
9OMY1,487,738,251,v031
9OMY1,364,499,135,v022
JLGLU,0,141,141,v012
JLGLU,0,153,153,v007
JLGLU,439,721,282,v008
JLGLU,369,549,180,v023
JLGLU,456,679,223,v001
42K3H,0,85,85,v001
42K3H,0,85,85,v012
42K3H,0,85,85,v001
UR6CU,199,357,158,v005
UR6CU,309,446,137,v023
UR6CU,0,304,304,v002
UH0BN,26,782,756,v028
UH0BN,386,568,182,v025
XRVQL,0,427,427,v008
XRVQL,0,432,432,v008
XRVQL,319,451,132,v025
XRVQL,67,204,137,v023
XRVQL,112,280,168,v005
XRVQL,297,460,163,v025
7DU77,271,511,240,v004
7DU77,244,480,236,v018
7DU77,199,350,151,v023
7DU77,0,232,232,v007
7DU77,667,757,90,v022
7DU77,0,139,139,v001
7DU77,240,757,517,v008
7DU77,376,757,381,v018
7DU77,0,120,120,v029
F24GU,26,340,314,v031
F24GU,364,749,385,v031
F24GU,259,448,189,v010
F24GU,273,749,476,v031
IZ2XX,201,393,192,v016
IZ2XX,14,398,384,v008
IZ2XX,302,665,363,v009
IZ2XX,69,254,185,v001
IZ2XX,304,665,361,v019
IZ2XX,218,340,122,v016
IZ2XX,0,127,127,v029
CUZND,300,417,117,v027
CUZND,268,408,140,v019
CUZND,712,880,168,v009
CUZND,0,890,890,v008
CUZND,405,578,173,v012
CUZND,487,631,144,v001
CUZND,0,484,484,v014
CUZND,398,511,113,v007
CUZND,432,588,156,v029
CUZND,0,84,84,v013
CUZND,288,417,129,v013
CUZND,732,832,100,v031
GO761,343,434,91,v027
GO761,84,232,148,v023
GO761,72,288,216,v016
Z2MY2,64,494,430,v008
Z2MY2,38,144,106,v018
Z2MY2,28,633,605,v014
Z2MY2,28,144,116,v018
Z2MY2,60,520,460,v013
Z2MY2,487,633,146,v025
Z2MY2,549,633,84,v022
Z2MY2,420,583,163,v008
97NNW,0,340,340,v002
97NNW,427,731,304,v016
97NNW,314,506,192,v023
0ZC7L,196,427,231,v008
0ZC7L,554,906,352,v014
0ZC7L,314,487,173,v022
0ZC7L,396,626,230,v018
0ZC7L,0,302,302,v026
0ZC7L,242,456,214,v019
0ZC7L,564,906,342,v008
KONWE,103,494,391,v016
KONWE,208,448,240,v008
KONWE,194,566,372,v021
KONWE,240,657,417,v018
KONWE,103,492,389,v018
KONWE,189,604,415,v022
KONWE,422,540,118,v025
NOP6W,616,759,143,v008
XNO6M,403,520,117,v027
XNO6M,0,615,615,v008
XNO6M,0,615,615,v008
XNO6M,355,573,218,v029
B5VY1,64,266,202,v016
B5VY1,0,288,288,v008
B5VY1,232,384,152,v012
B5VY1,4,136,132,v029
B5VY1,297,484,187,v008
B5VY1,369,484,115,v016
B5VY1,297,484,187,v016
B5VY1,0,228,228,v008
B5VY1,230,515,285,v023
B5VY1,146,295,149,v016
M2KU5,772,928,156,v031
M2KU5,96,770,674,v008
M2KU5,0,930,930,v018
BMF6X,0,148,148,v012
BMF6X,158,360,202,v004
BMF6X,64,240,176,v023
BMF6X,0,307,307,v001
BMF6X,91,235,144,v008
BMF6X,259,583,324,v025
BMF6X,120,254,134,v008
BMF6X,434,765,331,v022
BMF6X,254,638,384,v025
BMF6X,408,549,141,v016
LI5MN,0,999,999,v018
LI5MN,0,999,999,v018
UMT5R,516,714,198,v016
UMT5R,0,714,714,v002
UMT5R,48,508,460,v008
UMT5R,561,714,153,v016
UMT5R,448,590,142,v012
UMT5R,33,180,147,v008
UMT5R,0,144,144,v023
UMT5R,516,714,198,v016
Q1SV4,0,578,578,v008
Q1SV4,175,733,558,v006
Q1SV4,72,220,148,v023
Q1SV4,36,182,146,v016
Q1SV4,26,182,156,v025
56U6A,448,725,277,v031
56U6A,0,552,552,v026
56U6A,348,725,377,v008
56U6A,14,261,247,v016
56U6A,427,664,237,v018
56U6A,393,725,332,v031
TDNV3,532,806,274,v026
TDNV3,230,396,166,v005
TDNV3,460,806,346,v022
TDNV3,165,422,257,v005
TDNV3,0,576,576,v018
TDNV3,0,547,547,v018
TDNV3,225,415,190,v008
TDNV3,307,420,113,v016
UVP5I,57,441,384,v008
UVP5I,0,492,492,v031
UVP5I,0,146,146,v006
UVP5I,0,752,752,v008
UVP5I,0,752,752,v008
Y2YO6,0,716,716,v006
Y2YO6,0,716,716,v016
Y2YO6,26,716,690,v026
Y2YO6,12,716,704,v026
Y2YO6,0,716,716,v001
Y2YO6,0,716,716,v016
GLS7U,0,749,749,v018
GLS7U,0,609,609,v008
GLS7U,379,724,345,v012
GLS7U,487,749,262,v008
GLS7U,0,749,749,v018
GLS7U,0,614,614,v005
GLS7U,0,434,434,v031
E0AEN,278,528,250,v016
E0AEN,0,124,124,v012
E0AEN,148,1017,869,v016
E0AEN,0,112,112,v012
E0AEN,81,292,211,v016
E0AEN,948,1088,140,v001
E0AEN,88,288,200,v026
E0AEN,948,1088,140,v001
E0AEN,974,1088,114,v007
7EEF0,60,436,376,v031
7EEF0,0,569,569,v002
7EEF0,64,302,238,v019
1DNAX,9,165,156,v012
1DNAX,235,439,204,v023
1DNAX,165,288,123,v027
1DNAX,316,501,185,v020
1DNAX,12,194,182,v012
1DNAX,12,146,134,v007
MI4SN,0,648,648,v010
MI4SN,192,648,456,v000
MI4SN,792,1085,293,v028
MI4SN,624,792,168,v022
MI4SN,792,1085,293,v023
MI4SN,712,1085,373,v031
MI4SN,0,796,796,v018
S1LY3,631,881,250,v031
S1LY3,362,881,519,v018
S1LY3,0,727,727,v008
S1LY3,0,727,727,v008
S1LY3,415,681,266,v008
S1LY3,626,736,110,v016
S1LY3,57,679,622,v032
S1LY3,0,69,69,v023
S1LY3,0,686,686,v031
BM5B8,273,571,298,v012
BM5B8,276,528,252,v007
BM5B8,434,720,286,v028
BM5B8,319,528,209,v012
S1PWD,0,475,475,v008
S1PWD,0,76,76,v023
S1PWD,496,633,137,v004
S1PWD,12,199,187,v030
S1PWD,0,91,91,v016
S1PWD,350,484,134,v016
S1PWD,0,84,84,v031
S1PWD,0,463,463,v008
S1PWD,0,108,108,v013
S1PWD,0,93,93,v016
S1PWD,408,717,309,v008
S1PWD,396,520,124,v023
S1PWD,0,717,717,v018
S1PWD,0,456,456,v008
S1PWD,360,482,122,v016
AOQ7C,7,146,139,v007
AOQ7C,0,144,144,v001
AOQ7C,302,439,137,v012
AOQ7C,180,417,237,v017
AOQ7C,0,88,88,v029
7RBKP,115,736,621,v008
7RBKP,108,736,628,v016
7RBKP,110,736,626,v016
7RBKP,240,736,496,v019
7RBKP,0,180,180,v012
7RBKP,664,736,72,v016
7RBKP,0,196,196,v016
7RBKP,132,736,604,v026
7RBKP,518,662,144,v001
7RBKP,295,554,259,v016
7RBKP,141,340,199,v026
1XFP6,218,362,144,v008
1XFP6,72,388,316,v016
1XFP6,540,712,172,v018
1XFP6,657,731,74,v010
1XFP6,0,528,528,v029
GKSL2,588,923,335,v008
GKSL2,220,422,202,v004
GKSL2,381,513,132,v016
GKSL2,0,112,112,v018
GKSL2,381,513,132,v016
GKSL2,585,923,338,v024
GKSL2,0,518,518,v008
GKSL2,146,316,170,v005
GKSL2,345,537,192,v022
GKSL2,0,444,444,v018
GKSL2,580,801,221,v031
AQ5M6,235,436,201,v008
AQ5M6,160,405,245,v019
AQ5M6,0,184,184,v027
AQ5M6,379,707,328,v003
AQ5M6,273,446,173,v025
AQ5M6,163,398,235,v031
AQ5M6,115,228,113,v027
AQ5M6,175,391,216,v019
AQ5M6,355,535,180,v003
AQ5M6,304,434,130,v025
AQ5M6,295,427,132,v025
AQ5M6,4,139,135,v023
AQ5M6,16,158,142,v029
FPFFN,72,230,158,v008
FPFFN,328,438,110,v027
FPFFN,376,438,62,v029
FPFFN,120,364,244,v014
OE751,120,657,537,v012
OE751,288,561,273,v024
OE751,168,590,422,v012
OE751,271,655,384,v023
OE751,482,797,315,v008
OE751,0,797,797,v008
OE751,506,797,291,v001
OE751,470,797,327,v008
OE751,525,797,272,v001
OE751,0,67,67,v007
OE751,441,571,130,v023
1HGEX,403,585,182,v012
1HGEX,384,720,336,v031
1HGEX,0,720,720,v018
1HGEX,0,720,720,v018
1HGEX,0,720,720,v032
1HGEX,643,720,77,v001
1HGEX,362,720,358,v008
1HGEX,362,506,144,v023
NT2HT,420,559,139,v001
NT2HT,100,300,200,v012
NT2HT,0,156,156,v023
NT2HT,434,571,137,v022
NT2HT,43,616,573,v008
NT2HT,525,624,99,v016
NT2HT,160,530,370,v031
NT2HT,0,559,559,v018
NT2HT,518,636,118,v016
SUKBV,0,115,115,v008
SUKBV,0,127,127,v016
SUKBV,0,408,408,v018
SUKBV,0,408,408,v008
SUKBV,0,408,408,v016
SUKBV,0,408,408,v018
SUKBV,0,110,110,v023
SUKBV,81,273,192,v023
SUKBV,0,408,408,v021
SUKBV,0,165,165,v008
SUKBV,0,189,189,v026
SUKBV,199,348,149,v026
U03TA,0,321,321,v008
U03TA,170,364,194,v016
U03TA,170,364,194,v016
Z1A0Q,530,1027,497,v008
Z1A0Q,144,460,316,v020
Z1A0Q,446,604,158,v023
Z1A0Q,360,547,187,v022
Z1A0Q,0,146,146,v018
F8TWE,0,588,588,v008
F8TWE,604,763,159,v025
F8TWE,511,705,194,v008
F8TWE,609,768,159,v016
F8TWE,0,91,91,v012
OFNQV,561,741,180,v025
OFNQV,0,812,812,v031
OFNQV,597,746,149,v001
OFNQV,0,722,722,v008
OFNQV,544,775,231,v025
OFNQV,4,674,670,v031
OFNQV,561,734,173,v016
OFNQV,0,812,812,v018
HGZ0V,52,443,391,v008
HGZ0V,48,443,395,v008
HGZ0V,28,297,269,v023
HGZ0V,196,443,247,v020
HGZ0V,40,163,123,v023
HGZ0V,69,443,374,v008
HGZ0V,79,326,247,v023
5V8OI,74,247,173,v001
5V8OI,7,177,170,v012
5V8OI,0,98,98,v022
MC6J7,470,794,324,v008
MC6J7,0,148,148,v012
MC6J7,511,794,283,v019
MC6J7,204,412,208,v016
MC6J7,463,782,319,v023
MC6J7,93,348,255,v028
MC6J7,0,146,146,v012
MC6J7,276,424,148,v025
MC6J7,568,794,226,v001
MC6J7,206,408,202,v008
MC6J7,192,412,220,v023
MC6J7,552,794,242,v001
A0T30,19,273,254,v008
A0T30,182,364,182,v023
A0T30,288,518,230,v002
A0T30,232,580,348,v016
A0T30,331,580,249,v016
A0T30,139,324,185,v023
A0T30,160,324,164,v016
A0T30,475,583,108,v025
EDXBD,223,309,86,v007
EDXBD,0,232,232,v018
EDXBD,0,242,242,v032
EDXBD,146,268,122,v022
EDXBD,0,249,249,v018
EDXBD,220,309,89,v012
01KM1,417,688,271,v023
01KM1,0,762,762,v018
01KM1,0,247,247,v016
01KM1,364,631,267,v005
01KM1,585,762,177,v004
01KM1,0,762,762,v018
01KM1,0,762,762,v021
01KM1,172,691,519,v032
KZSA9,468,710,242,v001
KZSA9,228,424,196,v012
KZSA9,180,376,196,v018
KZSA9,559,714,155,v022
KZSA9,316,501,185,v008
KZSA9,362,506,144,v016
KZSA9,235,456,221,v023
KZSA9,566,714,148,v023
KZSA9,199,633,434,v018
V115C,422,570,148,v016
V115C,412,570,158,v016
V115C,350,570,220,v008
V115C,211,494,283,v008
V115C,33,364,331,v028
V115C,31,424,393,v023
V115C,436,552,116,v025
N5U8Z,0,62,62,v031
N5U8Z,576,897,321,v022
N5U8Z,0,580,580,v003
N5U8Z,504,897,393,v031
N5U8Z,0,571,571,v016
6J8NE,74,532,458,v023
6J8NE,0,180,180,v007
6J8NE,98,424,326,v008
6J8NE,0,127,127,v001
AI4NP,24,184,160,v012
AI4NP,168,377,209,v028
AI4NP,0,377,377,v018
AI4NP,86,273,187,v023
AI4NP,134,259,125,v001
AI4NP,285,377,92,v016
5LETG,398,564,166,v027
5LETG,0,702,702,v008
5LETG,374,607,233,v019
5LETG,345,607,262,v009
5LETG,0,702,702,v008
5LETG,0,702,702,v008
V1JIC,386,647,261,v010
V1JIC,268,393,125,v016
V1JIC,223,379,156,v023
V1JIC,0,453,453,v018
V1JIC,350,647,297,v021
V1JIC,146,314,168,v016
V1JIC,0,232,232,v028
V1JIC,0,273,273,v025
88ZZV,158,367,209,v008
88ZZV,0,278,278,v004
88ZZV,158,580,422,v028
F650A,264,518,254,v008
F650A,247,439,192,v023
F650A,0,622,622,v008
F650A,268,477,209,v016
F650A,268,480,212,v025
F650A,0,355,355,v026
F650A,0,362,362,v026
ZATTZ,0,208,208,v008
ZATTZ,40,220,180,v016
ZATTZ,460,804,344,v002
ZATTZ,326,532,206,v012
JKZUM,28,168,140,v001
JKZUM,0,122,122,v012
JKZUM,254,571,317,v008
JKZUM,254,487,233,v023
JKZUM,7,144,137,v029
JKZUM,48,180,132,v007
WT2C0,518,740,222,v005
WT2C0,0,740,740,v031
WT2C0,0,740,740,v018
WT2C0,518,740,222,v005
WT2C0,684,740,56,v008
WT2C0,672,740,68,v008
WT2C0,0,740,740,v008
WT2C0,672,740,68,v023
19MUM,100,312,212,v008
19MUM,127,276,149,v031
19MUM,667,743,76,v001
19MUM,120,264,144,v019
19MUM,216,552,336,v004
19MUM,576,743,167,v012
19MUM,0,168,168,v030
19MUM,578,743,165,v029
5FHH2,0,596,596,v026
5FHH2,0,81,81,v016
5FHH2,0,81,81,v016
5FHH2,0,596,596,v026
5FHH2,511,596,85,v025
5FHH2,0,596,596,v018
JG7BS,0,736,736,v008
JG7BS,283,405,122,v016
JG7BS,0,736,736,v008
JG7BS,74,276,202,v015
JG7BS,352,489,137,v004
JG7BS,453,619,166,v004
PIRMO,9,184,175,v016
PIRMO,256,410,154,v023
PIRMO,31,213,182,v016
PIRMO,84,206,122,v023
PIRMO,297,480,183,v012
PIRMO,108,268,160,v004
PIRMO,196,348,152,v016
PIRMO,55,379,324,v026
IBYHY,0,467,467,v008
IBYHY,0,467,467,v008
IBYHY,0,467,467,v021
IBYHY,0,467,467,v023
2GQDN,170,369,199,v012
2GQDN,379,728,349,v016
2GQDN,508,728,220,v005
2GQDN,86,496,410,v008
2GQDN,508,728,220,v005
2GQDN,98,216,118,v012
2GQDN,381,619,238,v018
2GQDN,0,499,499,v022
2GQDN,0,189,189,v029
2GQDN,79,520,441,v023
2GQDN,487,728,241,v010
2GQDN,0,160,160,v012
J4QIT,57,192,135,v009
J4QIT,0,196,196,v008
J4QIT,0,96,96,v012
J4QIT,62,196,134,v019
J4QIT,64,196,132,v019
R87CC,417,645,228,v007
R87CC,0,144,144,v021
R87CC,14,132,118,v022
R87CC,0,67,67,v018
R87CC,374,532,158,v001
R87CC,206,360,154,v012
R87CC,0,525,525,v008
R87CC,264,508,244,v029
0IFCL,0,122,122,v001
0IFCL,775,933,158,v012
0IFCL,45,854,809,v026
0IFCL,0,98,98,v007
ABXKN,280,463,183,v008
ABXKN,242,396,154,v023
ABXKN,72,194,122,v008
ABXKN,129,319,190,v003
6703W,254,412,158,v016
6703W,348,1028,680,v023
6703W,168,336,168,v004
6703W,0,1028,1028,v018
6703W,352,1028,676,v008
WGM7C,230,470,240,v015
WGM7C,535,647,112,v002
WGM7C,136,261,125,v016
WGM7C,136,261,125,v016
WGM7C,182,288,106,v023
WGM7C,136,249,113,v016
B3RHF,0,588,588,v010
B3RHF,292,588,296,v008
B3RHF,364,504,140,v005
B3RHF,0,374,374,v021
W25MK,492,609,117,v001
W25MK,0,588,588,v008
W25MK,0,592,592,v031
9D2T4,0,199,199,v008
9D2T4,100,230,130,v025
7XLMZ,0,691,691,v008
7XLMZ,0,691,691,v025
7XLMZ,0,691,691,v020
7XLMZ,0,139,139,v025
7XLMZ,74,206,132,v025
7XLMZ,184,312,128,v025
7XLMZ,0,691,691,v018
7XLMZ,0,691,691,v008
7XLMZ,0,691,691,v005
7XLMZ,0,691,691,v008
QIYU4,45,573,528,v027
QIYU4,0,602,602,v012
QIYU4,172,511,339,v001
QIYU4,480,623,143,v001
QIYU4,24,528,504,v022
QIYU4,24,528,504,v023
QIYU4,96,216,120,v012
QIYU4,506,623,117,v001
QIYU4,38,153,115,v027
QIYU4,0,79,79,v007
QIYU4,0,117,117,v012
PWTN2,0,735,735,v006
PWTN2,338,496,158,v017
PWTN2,350,482,132,v029
428VQ,0,778,778,v008
428VQ,0,778,778,v008
428VQ,0,129,129,v031
428VQ,91,204,113,v001
428VQ,0,192,192,v012
428VQ,7,168,161,v029
GSQX3,26,619,593,v023
GSQX3,216,350,134,v020
GSQX3,16,619,603,v008
7R8ZU,336,499,163,v001
7R8ZU,0,475,475,v008
7R8ZU,0,472,472,v014
7R8ZU,405,544,139,v022
7R8ZU,530,777,247,v002
7R8ZU,0,513,513,v018
7R8ZU,465,592,127,v029
7R8ZU,0,410,410,v031
PURYC,0,810,810,v008
PURYC,0,60,60,v012
PURYC,28,810,782,v008
PURYC,192,810,618,v023
PURYC,28,810,782,v023
PURYC,117,810,693,v008
PURYC,0,136,136,v012
NR9L2,393,568,175,v012
NR9L2,439,667,228,v016
NR9L2,0,482,482,v002
NR9L2,0,743,743,v008
NR9L2,0,743,743,v023
NR9L2,367,556,189,v001
KTKWL,273,499,226,v012
KTKWL,465,619,154,v012
KTKWL,254,745,491,v008
KTKWL,98,364,266,v023
6NBQ6,424,774,350,v026
6NBQ6,0,439,439,v031
6NBQ6,0,774,774,v008
6NBQ6,451,774,323,v016
8SAEO,28,228,200,v028
8SAEO,446,662,216,v003
8SAEO,0,112,112,v031
LGCTV,408,779,371,v026
LGCTV,247,444,197,v001
LGCTV,0,499,499,v008
LGCTV,0,405,405,v014
LGCTV,336,492,156,v022
LGCTV,0,460,460,v018
LGCTV,312,504,192,v016
LGCTV,0,384,384,v031
LGCTV,432,779,347,v008
L0CK7,667,752,85,v018
L0CK7,319,492,173,v004
L0CK7,278,400,122,v023
L0CK7,624,752,128,v018
L0CK7,285,626,341,v008
45Z2A,141,224,83,v016
45Z2A,0,86,86,v010
45Z2A,26,224,198,v018
45Z2A,40,175,135,v008
45Z2A,76,199,123,v012
45Z2A,0,98,98,v000
45Z2A,132,224,92,v025
NCDE3,0,636,636,v008
NCDE3,124,283,159,v019
NCDE3,355,492,137,v030
NCDE3,0,256,256,v005
NCDE3,312,516,204,v026
NCDE3,0,256,256,v005
NCDE3,0,636,636,v008
KDK62,50,750,700,v008
KDK62,45,223,178,v023
KDK62,424,686,262,v026
KDK62,0,103,103,v012
KDK62,158,314,156,v016
KDK62,84,259,175,v023
KDK62,240,501,261,v030
HA1XJ,24,182,158,v004
HA1XJ,0,127,127,v008
HA1XJ,0,81,81,v031
HA1XJ,115,307,192,v009
HA1XJ,187,312,125,v019
8C8FI,72,192,120,v008
8C8FI,499,684,185,v012
8C8FI,139,256,117,v022
8C8FI,427,684,257,v031
I1CUU,436,684,248,v008
I1CUU,436,712,276,v026
I1CUU,45,427,382,v016
I1CUU,631,723,92,v009
I1CUU,631,723,92,v019
I1CUU,0,427,427,v026
I1CUU,0,60,60,v023
I1CUU,110,218,108,v023
I1CUU,0,175,175,v008
I1CUU,115,285,170,v008
QPX3S,0,100,100,v031
QPX3S,153,273,120,v016
QPX3S,67,301,234,v002
QPX3S,156,301,145,v005
QPX3S,160,301,141,v008
5G9SV,146,330,184,v016
5G9SV,0,160,160,v004
5G9SV,211,330,119,v008
5G9SV,141,271,130,v022
5G9SV,0,283,283,v008
5G9SV,0,242,242,v018
5G9SV,199,330,131,v016
5G9SV,139,288,149,v023
5G9SV,0,288,288,v008
5G9SV,38,220,182,v023
5G9SV,204,304,100,v023
5G9SV,211,330,119,v031
5G9SV,52,225,173,v016
5G9SV,0,148,148,v008
5G9SV,144,300,156,v016
71QKB,0,708,708,v014
71QKB,0,86,86,v005
71QKB,0,708,708,v008
71QKB,0,86,86,v005
XZ0KV,0,966,966,v018
XZ0KV,0,966,966,v031
XZ0KV,0,966,966,v018
XZ0KV,0,966,966,v005
XZ0KV,175,357,182,v012
XZ0KV,0,966,966,v008
XZ0KV,0,261,261,v023
XZ0KV,247,381,134,v023
XZ0KV,285,583,298,v014
XZ0KV,0,830,830,v018
XZ0KV,285,583,298,v032
1LZ53,40,312,272,v018
1LZ53,460,753,293,v001
1LZ53,177,352,175,v022
1LZ53,441,710,269,v012
B4MNI,115,285,170,v015
B4MNI,571,844,273,v005
B4MNI,7,146,139,v018
B4MNI,60,206,146,v018
B4MNI,201,379,178,v004
B4MNI,434,607,173,v020
B4MNI,808,1046,238,v021
B4MNI,520,660,140,v008
B4MNI,808,1056,248,v021
B4MNI,972,1083,111,v022
B4MNI,115,439,324,v008
B4MNI,266,400,134,v016
B4MNI,120,396,276,v023
9NES7,393,564,171,v016
9NES7,352,530,178,v019
PS29P,0,302,302,v008
PS29P,199,328,129,v025
PS29P,204,328,124,v025
PS29P,0,213,213,v017
PS29P,115,290,175,v020
PS29P,225,333,108,v016
RW587,0,348,348,v026
RW587,290,631,341,v009
RW587,228,689,461,v019
8MIK9,0,103,103,v008
8MIK9,396,737,341,v005
RBC8N,1068,1329,261,v016
RBC8N,0,1448,1448,v014
RBC8N,0,1448,1448,v005
RBC8N,0,1448,1448,v018
RBC8N,9,206,197,v023
RBC8N,9,679,670,v008
RBC8N,393,604,211,v023
RBC8N,60,184,124,v016
BR8B3,477,739,262,v008
BR8B3,0,739,739,v010
BR8B3,480,739,259,v005
BR8B3,295,506,211,v019
BR8B3,477,739,262,v005
BR8B3,0,739,739,v008
BR8B3,458,590,132,v023
BR8B3,0,136,136,v008
BR8B3,45,158,113,v016
IBJMY,0,726,726,v008
IBJMY,0,726,726,v015
IBJMY,0,153,153,v029
IBJMY,0,726,726,v008
113YU,472,645,173,v001
113YU,36,165,129,v012
113YU,69,314,245,v016
113YU,492,633,141,v001
0XB7U,254,362,108,v008
0XB7U,343,460,117,v025
0XB7U,0,333,333,v008
0XB7U,518,730,212,v030
0XB7U,240,463,223,v023
0XB7U,211,321,110,v001
0XB7U,0,302,302,v031
0XB7U,259,420,161,v020
0XB7U,302,405,103,v023
J27HW,628,743,115,v008
J27HW,0,743,743,v018
J27HW,0,703,703,v008
J27HW,475,698,223,v009
J27HW,640,743,103,v005
J27HW,0,743,743,v018
J27HW,597,720,123,v016
J27HW,0,693,693,v014
WPR8G,43,146,103,v008
WPR8G,50,482,432,v014
WPR8G,456,645,189,v003
WPR8G,432,552,120,v016
WPR8G,417,645,228,v026
E89O3,36,297,261,v029
E89O3,196,396,200,v003
E89O3,316,530,214,v008
E89O3,345,530,185,v003
E89O3,631,731,100,v001
UCT5X,108,264,156,v016
UCT5X,208,369,161,v029
UCT5X,0,228,228,v010
UCT5X,67,232,165,v022
UCT5X,12,206,194,v000
UCT5X,134,264,130,v026
O52BL,400,744,344,v023
O52BL,403,766,363,v026
O52BL,0,484,484,v003
O52BL,324,535,211,v016
O52BL,0,484,484,v016
O52BL,439,705,266,v016
O52BL,523,688,165,v012
WZY7C,14,136,122,v016
WZY7C,0,108,108,v008
WZY7C,12,136,124,v025
WZY7C,0,105,105,v017
WZY7C,16,129,113,v016
LWINQ,235,427,192,v018
LWINQ,158,439,281,v018
LWINQ,0,655,655,v008
LWINQ,31,292,261,v016
LWINQ,295,494,199,v023
LWINQ,0,160,160,v028
LWINQ,314,709,395,v008
ELATN,0,727,727,v008
ELATN,0,705,705,v031
ELATN,0,727,727,v008
ELATN,38,211,173,v020
ELATN,0,727,727,v008
KFGXC,372,732,360,v006
KFGXC,259,424,165,v016
KFGXC,0,355,355,v008
KFGXC,0,453,453,v008
KFGXC,357,752,395,v031
KFGXC,0,420,420,v016
VD0H8,516,722,206,v008
VD0H8,518,722,204,v023
VD0H8,31,636,605,v023
VD0H8,31,650,619,v023
VD0H8,0,614,614,v026
VD0H8,43,211,168,v023
VD0H8,0,722,722,v026
VD0H8,487,619,132,v025
5KOTU,297,619,322,v003
5KOTU,26,199,173,v012
5KOTU,187,453,266,v023
5KOTU,352,475,123,v001
5KOTU,357,494,137,v001
5KOTU,43,168,125,v012
0QA8P,175,674,499,v028
0QA8P,1051,1209,158,v022
0QA8P,876,1041,165,v018
0QA8P,0,235,235,v028
0QA8P,820,1034,214,v026
0QA8P,914,1046,132,v016
0QA8P,26,228,202,v016
0QA8P,367,1147,780,v008
0QA8P,1020,1159,139,v016
L8120,0,684,684,v008
L8120,352,528,176,v007
L8120,434,626,192,v004
L8120,72,271,199,v008
L8120,544,684,140,v012
L8120,88,684,596,v008
L8120,0,684,684,v016
L8120,0,463,463,v001
L8120,636,684,48,v029
L8120,636,684,48,v012
L8120,636,684,48,v001
L8120,636,684,48,v019
B7LO8,69,232,163,v016
B7LO8,52,437,385,v003
B7LO8,0,141,141,v023
B7LO8,348,437,89,v023
B7LO8,352,437,85,v008
DRPO3,271,751,480,v008
DRPO3,628,751,123,v007
DRPO3,16,168,152,v004
DRPO3,216,328,112,v016
DRPO3,703,751,48,v012
DRPO3,328,621,293,v012
DRPO3,259,381,122,v023
DRPO3,189,333,144,v016
2TBSE,96,458,362,v008
2TBSE,100,225,125,v023
2TBSE,201,439,238,v019
2TBSE,129,256,127,v031
2TBSE,139,240,101,v001
2TBSE,43,151,108,v022
2BFZG,218,731,513,v008
2BFZG,244,731,487,v008
2BFZG,0,731,731,v008
2BFZG,0,731,731,v008
2BFZG,417,731,314,v003
2BFZG,100,731,631,v008
IKZN3,84,806,722,v018
IKZN3,62,180,118,v018
IKZN3,715,819,104,v022
IKZN3,199,324,125,v016
IKZN3,240,801,561,v018
IKZN3,79,290,211,v008
IKZN3,194,324,130,v016
IKZN3,86,285,199,v015
JI3ZF,0,321,321,v008
JI3ZF,249,600,351,v026
JI3ZF,127,343,216,v008
JI3ZF,136,355,219,v023
JI3ZF,369,624,255,v016
JI3ZF,0,446,446,v026
JI3ZF,350,542,192,v023
JI3ZF,0,446,446,v026
JI3ZF,328,625,297,v023
JI3ZF,470,625,155,v007
JI3ZF,518,625,107,v029
JI3ZF,501,625,124,v012
MMGTX,24,264,240,v008
MMGTX,24,132,108,v023
MMGTX,0,168,168,v008
MMGTX,0,120,120,v023
MMGTX,172,847,675,v003
MMGTX,52,168,116,v016
3HF45,81,237,156,v023
3HF45,72,288,216,v016
3HF45,72,288,216,v008
3HF45,240,664,424,v017
GHARQ,456,614,158,v008
GHARQ,650,732,82,v008
GHARQ,237,544,307,v005
GHARQ,237,571,334,v005
GHARQ,0,732,732,v008
7Y4K6,463,597,134,v012
7Y4K6,292,436,144,v001
LC1NU,568,920,352,v008
LC1NU,0,456,456,v005
LC1NU,448,585,137,v027
LC1NU,0,475,475,v005
LC1NU,338,504,166,v022
LC1NU,0,429,429,v010
LC1NU,549,920,371,v026
LC1NU,530,920,390,v023
LC1NU,0,67,67,v008
LC1NU,26,319,293,v008
LC1NU,237,424,187,v016
LC1NU,0,108,108,v023
HE8TC,40,276,236,v008
HE8TC,0,735,735,v006
HE8TC,0,312,312,v026
HE8TC,499,735,236,v008
HE8TC,0,312,312,v026
FHPRK,0,717,717,v018
FHPRK,547,717,170,v004
FHPRK,0,280,280,v031
FHPRK,0,79,79,v031
FHPRK,0,573,573,v008
FHPRK,0,571,571,v031
FHPRK,2,556,554,v008
FHPRK,252,520,268,v032
FHPRK,2,223,221,v012
DOL47,468,609,141,v001
DOL47,348,494,146,v012
DOL47,0,652,652,v008
DOL47,460,602,142,v001
IU5TH,158,340,182,v001
IU5TH,240,422,182,v023
IU5TH,0,441,441,v018
IU5TH,264,441,177,v023
IU5TH,295,441,146,v012
IU5TH,324,441,117,v008
IU5TH,0,348,348,v014
IU5TH,292,441,149,v023
IU5TH,0,441,441,v008
ASNER,0,579,579,v008
ASNER,0,579,579,v016
ASNER,0,579,579,v017
ASNER,249,579,330,v020
ASNER,0,579,579,v023
ASNER,0,357,357,v026
ASNER,24,579,555,v008
ASNER,19,350,331,v026
13YII,271,451,180,v001
13YII,0,120,120,v012
13YII,14,376,362,v008
13YII,24,405,381,v016
13YII,273,616,343,v020
13YII,170,276,106,v023
13YII,0,122,122,v008
13YII,180,307,127,v016
13YII,192,333,141,v016
13YII,12,112,100,v012
13YII,48,189,141,v016
13YII,0,100,100,v016
13YII,117,242,125,v023
13YII,175,316,141,v008
13YII,7,343,336,v026
13YII,0,96,96,v023
13YII,0,182,182,v016
13YII,117,252,135,v016
JJGEU,480,747,267,v008
JJGEU,0,429,429,v008
JJGEU,100,422,322,v005
JJGEU,360,624,264,v004
JJGEU,14,391,377,v008
JJGEU,336,717,381,v008
JJGEU,504,720,216,v016
JJGEU,31,384,353,v008
JJGEU,4,396,392,v023
JJGEU,336,477,141,v015
JJGEU,93,357,264,v005
JJGEU,259,384,125,v016
JJGEU,470,747,277,v019
YJV7W,43,288,245,v027
YJV7W,230,398,168,v003
YJV7W,230,588,358,v013
YJV7W,0,652,652,v008
YJV7W,0,74,74,v014
YJV7W,60,204,144,v014
SSH5I,0,316,316,v008
SSH5I,456,715,259,v021
SSH5I,0,715,715,v018
SSH5I,0,319,319,v005
SSH5I,170,384,214,v031
SSH5I,0,715,715,v018
SSH5I,0,122,122,v023
OIZT9,235,379,144,v016
OIZT9,148,331,183,v008
OIZT9,456,624,168,v013
OIZT9,456,667,211,v014
OIZT9,153,273,120,v029
OIZT9,309,724,415,v008
OIZT9,218,388,170,v016
PW16K,626,794,168,v001
PW16K,552,722,170,v012
PW16K,0,530,530,v002
PW16K,693,975,282,v004
5JIGM,146,525,379,v016
5JIGM,422,571,149,v012
5JIGM,470,662,192,v023
5JIGM,110,561,451,v030
5JIGM,516,671,155,v001
5JIGM,52,441,389,v008
5JIGM,67,393,326,v030
5JIGM,352,616,264,v016
5JIGM,170,381,211,v030
5JIGM,432,600,168,v012
7KEON,0,588,588,v008
7KEON,451,608,157,v016
7KEON,453,595,142,v025
7KEON,0,608,608,v008
1WLKW,0,341,341,v008
1WLKW,0,341,341,v031
1WLKW,0,341,341,v005
1WLKW,0,341,341,v005
1WLKW,243,341,98,v020
1WLKW,0,341,341,v008
03EW0,0,62,62,v025
03EW0,0,741,741,v008
E6A0Y,0,168,168,v029
E6A0Y,120,264,144,v016
E6A0Y,19,237,218,v008
E6A0Y,141,321,180,v030
WWVFH,16,636,620,v008
WWVFH,542,662,120,v022
WWVFH,0,638,638,v018
WWVFH,0,576,576,v019
WWVFH,0,576,576,v030
Y3B48,0,350,350,v031
Y3B48,338,626,288,v001
Y3B48,0,307,307,v020
NQPM5,312,480,168,v029
NQPM5,144,398,254,v030
NQPM5,0,398,398,v018
NQPM5,0,242,242,v003
NQPM5,0,244,244,v016
NQPM5,278,400,122,v022
8BNUT,739,853,114,v004
8BNUT,580,741,161,v015
8BNUT,552,674,122,v023
8BNUT,477,853,376,v008
8BNUT,585,784,199,v016
8BNUT,247,415,168,v027
4HZ3B,0,372,372,v018
4HZ3B,372,735,363,v016
4HZ3B,0,735,735,v008
4HZ3B,0,381,381,v018
4HZ3B,372,735,363,v023
4HZ3B,388,735,347,v016
4HZ3B,352,468,116,v012
4HZ3B,316,441,125,v022
Q071E,12,655,643,v008
Q071E,552,665,113,v016
Q071E,81,312,231,v023
Q071E,0,604,604,v018
Q071E,0,665,665,v018
Q071E,141,664,523,v008
Q071E,57,256,199,v012
VQD0Z,38,197,159,v008
VQD0Z,60,192,132,v012
VQD0Z,60,197,137,v031
VQD0Z,2,148,146,v018
VQD0Z,57,197,140,v010
VQD0Z,67,197,130,v018
LC2T0,0,362,362,v008
LC2T0,0,362,362,v031
LC2T0,0,362,362,v014
LC2T0,0,362,362,v018
XSRBI,16,153,137,v023
XSRBI,43,208,165,v023
XSRBI,60,175,115,v022
XSRBI,0,76,76,v018
XSRBI,0,76,76,v018
EOD1J,345,636,291,v008
EOD1J,40,199,159,v016
EOD1J,489,609,120,v016
EOD1J,285,743,458,v003
EOD1J,496,705,209,v018
EOD1J,0,199,199,v008
EOD1J,0,148,148,v004
EOD1J,331,511,180,v023
0YOXV,0,728,728,v008
0YOXV,0,728,728,v004
0YOXV,0,120,120,v004
0YOXV,50,240,190,v019
0YOXV,0,728,728,v014
0YOXV,57,728,671,v009
MNS8T,247,694,447,v030
MNS8T,0,340,340,v002
MNS8T,252,694,442,v030
L5I5D,384,570,186,v007
L5I5D,0,570,570,v021
L5I5D,0,376,376,v009
L5I5D,0,345,345,v019
L5I5D,0,570,570,v008
DANN2,338,655,317,v030
DANN2,28,403,375,v008
DANN2,0,120,120,v029
C1BON,52,646,594,v014
C1BON,9,206,197,v016
C1BON,158,458,300,v028
C1BON,67,646,579,v008
UY08H,0,62,62,v008
UY08H,0,64,64,v016
UY08H,0,96,96,v008
UY08H,0,86,86,v028
UY08H,206,523,317,v016
KUBUA,0,146,146,v016
KUBUA,124,890,766,v014
KUBUA,120,890,770,v032
9RZ97,0,851,851,v018
9RZ97,0,851,851,v008
9RZ97,492,851,359,v004
9RZ97,674,851,177,v016
9RZ97,0,851,851,v008
9RZ97,0,851,851,v031
9RZ97,0,851,851,v032
9RZ97,12,851,839,v032
9RZ97,492,763,271,v008
9RZ97,504,657,153,v023
9RZ97,2,158,156,v012
9RZ97,0,851,851,v018
2Z59F,0,610,610,v018
2Z59F,0,610,610,v032
2Z59F,0,610,610,v018
2Z59F,0,564,564,v031
2Z59F,0,610,610,v032
2Z59F,528,610,82,v022
2Z59F,0,610,610,v018
6MCD9,230,360,130,v001
6MCD9,151,302,151,v012
6MCD9,0,192,192,v028
6MCD9,206,528,322,v002
6MCD9,0,199,199,v023
6MCD9,187,300,113,v023
6MCD9,213,324,111,v016
6MCD9,271,376,105,v008
6G96Q,0,552,552,v002
6G96Q,494,842,348,v023
6G96Q,475,842,367,v028
6G96Q,576,712,136,v025
5YGND,19,165,146,v018
5YGND,0,144,144,v012
5YGND,420,735,315,v018
5YGND,160,316,156,v022
WA7WD,0,756,756,v031
WA7WD,607,756,149,v005
WA7WD,508,756,248,v008
WA7WD,0,482,482,v010
WA7WD,386,756,370,v018
WA7WD,352,501,149,v012
WA7WD,580,756,176,v005
WA7WD,331,756,425,v023
WA7WD,0,756,756,v014
WA7WD,331,756,425,v008
WA7WD,331,501,170,v023
WA7WD,331,756,425,v023
WA7WD,367,588,221,v008
WA7WD,276,456,180,v008
WA7WD,340,470,130,v023
WA7WD,456,604,148,v016
DQ46N,537,688,151,v001
DQ46N,146,640,494,v026
DQ46N,0,160,160,v018
DQ46N,105,230,125,v012
DQ46N,55,182,127,v022
DQ46N,148,276,128,v023
DQ46N,592,746,154,v008
DQ46N,112,688,576,v023
DQ46N,364,645,281,v016
56PK0,566,835,269,v018
56PK0,88,405,317,v008
56PK0,208,1008,800,v008
56PK0,67,640,573,v026
56PK0,744,909,165,v022
56PK0,62,278,216,v012
56PK0,328,856,528,v021
56PK0,523,645,122,v018
56PK0,194,352,158,v023
56PK0,844,1024,180,v016
M1TZR,33,787,754,v008
M1TZR,741,873,132,v008
M1TZR,283,631,348,v005
M1TZR,535,724,189,v016
M1TZR,660,868,208,v023
M1TZR,64,204,140,v008
M1TZR,597,770,173,v022
M1TZR,50,204,154,v018
M1TZR,0,796,796,v008
M1TZR,724,897,173,v008
M1TZR,247,688,441,v005
M1TZR,100,729,629,v018
M1TZR,576,748,172,v016
XWBF1,86,343,257,v024
XWBF1,103,1180,1077,v026
XWBF1,1228,1687,459,v026
XWBF1,1641,1691,50,v023
XWBF1,1641,1691,50,v008
XWBF1,1641,1691,50,v016
OBS75,0,727,727,v008
OBS75,0,727,727,v030
OBS75,0,727,727,v018
YFH0D,0,302,302,v016
YFH0D,48,228,180,v023
YFH0D,0,739,739,v018
YFH0D,0,739,739,v023
YFH0D,0,739,739,v008
YFH0D,316,520,204,v031
YFH0D,314,508,194,v008
YFH0D,0,170,170,v012
T2FSV,568,880,312,v008
T2FSV,57,624,567,v026
9SP9P,0,766,766,v018
9SP9P,136,312,176,v004
9SP9P,21,766,745,v008
9SP9P,2,766,764,v023
9SP9P,9,766,757,v023
9SP9P,14,136,122,v023
9SP9P,0,766,766,v008
9SP9P,21,679,658,v008
PIMO4,295,722,427,v018
PIMO4,0,722,722,v008
PIMO4,43,247,204,v017
PIMO4,268,412,144,v018
PIMO4,674,722,48,v014
PIMO4,674,722,48,v008
1SKLG,463,700,237,v026
1SKLG,576,731,155,v019
1SKLG,0,731,731,v002
1SKLG,463,700,237,v026
1SKLG,0,731,731,v008
SZJ09,0,434,434,v018
SZJ09,91,429,338,v031
SZJ09,448,735,287,v018
SZJ09,367,482,115,v029
SZJ09,151,268,117,v012
SZJ09,62,518,456,v008
EGPAO,0,204,204,v004
EGPAO,64,278,214,v008
EGPAO,0,720,720,v010
EGPAO,348,513,165,v019
EGPAO,0,720,720,v008
M79TJ,33,511,478,v008
M79TJ,117,259,142,v018
M79TJ,19,268,249,v023
M79TJ,156,506,350,v016
M79TJ,547,662,115,v022
M79TJ,151,662,511,v018
PNVRJ,230,688,458,v008
PNVRJ,232,679,447,v021
PNVRJ,211,381,170,v023
PNVRJ,0,165,165,v029
PNVRJ,0,285,285,v020
UB00R,0,403,403,v008
UB00R,528,636,108,v022
UB00R,0,636,636,v008
UB00R,0,372,372,v005
3OAGK,52,196,144,v023
3OAGK,225,631,406,v008
3OAGK,93,213,120,v023
3OAGK,518,702,184,v001
3OAGK,331,508,177,v001
OM5R4,0,249,249,v010
OM5R4,439,601,162,v021
OM5R4,340,504,164,v012
OM5R4,432,601,169,v008
OM5R4,120,264,144,v000
OM5R4,216,360,144,v022
OM5R4,336,456,120,v012
OM5R4,381,601,220,v023
OM5R4,187,345,158,v003
OM5R4,43,228,185,v000
ZRXQ1,333,494,161,v017
ZRXQ1,364,472,108,v029
CEPB8,117,235,118,v016
CEPB8,21,194,173,v026
CEPB8,206,432,226,v026
CEPB8,0,129,129,v023
CEPB8,0,100,100,v023
CEPB8,4,738,734,v026
CEPB8,0,738,738,v030
CEPB8,489,624,135,v019
CEPB8,0,738,738,v016
5MSZP,26,189,163,v005
5MSZP,132,374,242,v018
5MSZP,532,655,123,v016
5MSZP,139,420,281,v019
5MSZP,324,482,158,v005
5MSZP,0,750,750,v026
U8X15,393,516,123,v019
U8X15,244,376,132,v008
U8X15,331,496,165,v020
U8X15,247,484,237,v013
U8X15,60,201,141,v016
U8X15,256,487,231,v014
59X8N,237,597,360,v026
59X8N,408,592,184,v016
59X8N,0,290,290,v008
59X8N,703,895,192,v005
59X8N,220,602,382,v008
59X8N,0,295,295,v016
59X8N,681,808,127,v023
59X8N,0,321,321,v008
59X8N,268,559,291,v026
59X8N,153,307,154,v016
59X8N,216,364,148,v023
59X8N,0,271,271,v008
59X8N,542,684,142,v008
O8PO3,43,240,197,v023
O8PO3,307,434,127,v017
O8PO3,74,412,338,v009
O8PO3,48,156,108,v029
O8PO3,115,223,108,v029
83XF0,43,177,134,v023
83XF0,0,93,93,v012
83XF0,98,228,130,v023
83XF0,0,108,108,v007
83XF0,115,289,174,v016
83XF0,194,289,95,v029
83XF0,60,289,229,v023
83XF0,48,289,241,v008
OUTGB,254,862,608,v003
OUTGB,206,405,199,v018
OUTGB,259,862,603,v018
4J494,619,730,111,v027
4J494,120,730,610,v008
4J494,2,336,334,v023
4J494,225,727,502,v026
4J494,112,722,610,v023
Q1K00,206,369,163,v031
Q1K00,62,199,137,v028
Q1K00,0,136,136,v012
Q1K00,211,355,144,v012
Q1K00,343,740,397,v030
Q1K00,0,124,124,v029
Q1K00,518,740,222,v008
0M9ZO,0,115,115,v028
0M9ZO,252,415,163,v011
0M9ZO,211,528,317,v023
0M9ZO,184,391,207,v008
0M9ZO,0,84,84,v008
0M9ZO,40,740,700,v022
0M9ZO,148,319,171,v012
0M9ZO,0,144,144,v018
0M9ZO,206,336,130,v001
0M9ZO,12,124,112,v016
0M9ZO,100,218,118,v016
0M9ZO,374,506,132,v019
0M9ZO,362,504,142,v016
ANXB8,0,124,124,v005
ANXB8,86,338,252,v004
ANXB8,0,124,124,v005
ANXB8,0,204,204,v008
ANXB8,319,530,211,v029
ANXB8,0,765,765,v008
ANXB8,324,765,441,v007
ANXB8,453,571,118,v012
ANXB8,362,765,403,v001
ANXB8,0,765,765,v008
UDAQU,0,494,494,v008
UDAQU,0,288,288,v020
UDAQU,0,748,748,v018
UDAQU,0,484,484,v008
UDAQU,367,489,122,v016
SLIH4,259,372,113,v029
SLIH4,312,429,117,v001
SLIH4,43,199,156,v004
SLIH4,40,372,332,v008
FNPEY,0,321,321,v008
FNPEY,208,432,224,v016
FNPEY,0,168,168,v017
FNPEY,0,206,206,v021
NLM0B,0,794,794,v021
NLM0B,0,794,794,v018
NLM0B,254,374,120,v001
NLM0B,0,794,794,v008
2NZ5C,381,768,387,v003
2NZ5C,273,552,279,v008
2NZ5C,259,398,139,v016
2NZ5C,266,400,134,v003
2NZ5C,0,348,348,v028
2NZ5C,285,436,151,v023
NWFOF,0,516,516,v018
NWFOF,170,501,331,v031
NWFOF,475,638,163,v029
NWFOF,0,216,216,v019
NWFOF,0,91,91,v018
NWFOF,172,508,336,v007
NWFOF,417,530,113,v012
GQYR9,600,815,215,v004
GQYR9,0,662,662,v008
GQYR9,0,815,815,v018
GQYR9,0,815,815,v018
GQYR9,0,662,662,v014
A1NKP,278,422,144,v005
A1NKP,0,739,739,v008
A1NKP,0,739,739,v023
A1NKP,319,528,209,v023
A1NKP,0,739,739,v004
A1NKP,0,739,739,v021
RHVM2,0,720,720,v008
RHVM2,168,400,232,v031
RHVM2,0,720,720,v018
RHVM2,218,355,137,v018
RHVM2,0,168,168,v014
RHVM2,93,225,132,v022
HWHLG,189,432,243,v031
HWHLG,429,583,154,v017
HWHLG,43,278,235,v026
HWHLG,184,307,123,v012
6KDQO,168,650,482,v018
6KDQO,446,686,240,v016
6KDQO,511,660,149,v022
6KDQO,237,446,209,v004
6KDQO,55,177,122,v023
6KDQO,117,252,135,v018
6KDQO,160,585,425,v018
6KDQO,55,170,115,v023
6KDQO,52,672,620,v008
6KDQO,564,688,124,v016
GVHM9,100,302,202,v023
GVHM9,0,419,419,v008
GVHM9,0,419,419,v031
XBTN7,156,607,451,v018
XBTN7,316,516,200,v004
XBTN7,151,316,165,v018
XBTN7,448,623,175,v022
XBTN7,31,223,192,v025
XBTN7,0,175,175,v016
XBTN7,0,172,172,v025
XBTN7,489,623,134,v031
XBTN7,4,165,161,v008
LPJWM,16,489,473,v023
LPJWM,230,804,574,v009
LPJWM,196,388,192,v019
LPJWM,16,458,442,v008
LPJWM,0,76,76,v016
GWXD9,0,168,168,v015
GWXD9,24,268,244,v023
GWXD9,0,541,541,v018
GWXD9,0,541,541,v031
GWXD9,0,541,541,v018
GWXD9,0,541,541,v018
GWXD9,182,541,359,v032
29JK6,0,309,309,v016
29JK6,312,528,216,v028
29JK6,312,528,216,v023
29JK6,705,829,124,v001
29JK6,424,624,200,v026
29JK6,14,144,130,v029
29JK6,424,624,200,v016
29JK6,578,732,154,v007
29JK6,523,760,237,v023
29JK6,105,314,209,v016
29JK6,549,648,99,v027
29JK6,590,720,130,v001
186EF,0,189,189,v008
186EF,0,401,401,v019
186EF,79,401,322,v028
186EF,67,194,127,v016
186EF,271,384,113,v016
3C8OG,578,720,142,v008
3C8OG,0,112,112,v014
3C8OG,0,96,96,v018
3C8OG,446,700,254,v012
3C8OG,592,720,128,v012
3C8OG,348,552,204,v016
3C8OG,0,720,720,v018
3C8OG,16,134,118,v023
3C8OG,564,720,156,v008
3C8OG,0,105,105,v031
3C8OG,453,564,111,v023
3C8OG,14,343,329,v032
3C8OG,67,398,331,v008
3C8OG,180,312,132,v004
3LFV6,432,628,196,v022
3LFV6,0,525,525,v018
3LFV6,583,712,129,v026
3LFV6,583,712,129,v023
3LFV6,583,712,129,v008
HZ3AM,0,984,984,v002
HZ3AM,0,984,984,v031
HZ3AM,242,604,362,v030
HZ3AM,242,604,362,v030
GCTH8,16,175,159,v004
GCTH8,381,523,142,v018
GCTH8,487,660,173,v022
0JHMW,0,201,201,v004
0JHMW,158,391,233,v008
0JHMW,103,220,117,v016
0JHMW,0,228,228,v016
0JHMW,160,391,231,v023
9M5UE,0,747,747,v008
9M5UE,0,747,747,v014
9M5UE,266,747,481,v004
9M5UE,0,747,747,v018
9M5UE,220,747,527,v008
9M5UE,343,465,122,v016
9M5UE,0,747,747,v018
9M5UE,194,309,115,v016
9M5UE,276,405,129,v023
9M5UE,504,614,110,v016
9M5UE,266,403,137,v008
H5V2Y,79,328,249,v005
H5V2Y,84,333,249,v004
H5V2Y,0,732,732,v005
H5V2Y,0,732,732,v005
H5V2Y,0,732,732,v018
H5V2Y,0,732,732,v018
H5V2Y,192,336,144,v016
WA3CG,129,321,192,v012
WA3CG,273,374,101,v027
WA3CG,232,343,111,v001
5Q6N6,84,357,273,v013
5Q6N6,86,494,408,v008
5Q6N6,57,424,367,v019
5Q6N6,76,518,442,v031
5Q6N6,62,470,408,v019
5Q6N6,62,484,422,v014
R74DE,496,972,476,v021
R74DE,434,583,149,v023
R74DE,0,544,544,v008
R74DE,434,559,125,v025
R74DE,408,549,141,v025
R74DE,0,549,549,v021
R74DE,0,544,544,v008
R74DE,412,544,132,v016
X3ASU,290,429,139,v001
X3ASU,50,357,307,v012
X3ASU,50,225,175,v023
X3ASU,12,141,129,v018
X3ASU,7,141,134,v018
X3ASU,667,785,118,v022
X3ASU,340,748,408,v008
X3ASU,338,477,139,v023
X3ASU,55,782,727,v008
X3ASU,636,756,120,v016
X3ASU,686,785,99,v016
X3ASU,619,736,117,v016
X3ASU,98,768,670,v018
X3ASU,568,676,108,v014
X3ASU,624,748,124,v031
OOE32,16,674,658,v008
OOE32,559,686,127,v016
OOE32,0,72,72,v023
OOE32,559,679,120,v016
OOE32,0,650,650,v018
OOE32,307,451,144,v020
OOE32,547,693,146,v022
OOE32,84,648,564,v012
JL5O0,151,283,132,v016
JL5O0,153,285,132,v016
JL5O0,110,285,175,v019
JL5O0,0,445,445,v008
JL5O0,0,445,445,v008
JL5O0,26,184,158,v029
JL5O0,196,352,156,v005
EAYK6,0,735,735,v008
EAYK6,0,735,735,v014
EAYK6,374,735,361,v009
EAYK6,0,735,735,v018
KELYK,36,316,280,v000
KELYK,237,415,178,v022
KELYK,0,247,247,v010
KELYK,184,517,333,v008
JC9SA,237,496,259,v026
JC9SA,463,1138,675,v012
JC9SA,412,770,358,v012
JC9SA,624,811,187,v023
JC9SA,0,168,168,v001
JC9SA,213,396,183,v001
JC9SA,417,595,178,v008
JC9SA,748,1032,284,v030
JC9SA,504,804,300,v018
JC9SA,230,878,648,v023
JC9SA,230,878,648,v016
Q6WH2,787,847,60,v031
Q6WH2,799,847,48,v016
Q6WH2,0,667,667,v005
Q6WH2,657,847,190,v008
Q6WH2,708,847,139,v012
Q6WH2,0,672,672,v008
SBHID,16,256,240,v012
SBHID,712,885,173,v001
SBHID,160,650,490,v010
SBHID,424,650,226,v008
SBHID,434,650,216,v021
SBHID,0,211,211,v007
SBHID,609,789,180,v012
SBHID,429,631,202,v016
SBHID,739,900,161,v001
SBHID,712,854,142,v023
SBHID,748,926,178,v008
SBHID,72,211,139,v029
SBHID,842,926,84,v004
SBHID,434,556,122,v023
EKPAQ,0,312,312,v020
B7HDN,360,648,288,v005
B7HDN,120,735,615,v008
B7HDN,360,528,168,v009
B7HDN,360,648,288,v005
B7HDN,367,645,278,v019
B7HDN,144,295,151,v008
K801K,0,348,348,v021
K801K,300,544,244,v008
K801K,0,789,789,v010
K801K,146,789,643,v000
K801K,228,789,561,v005
9FGB6,4,216,212,v012
9FGB6,0,540,540,v008
9FGB6,0,578,578,v001
9FGB6,55,540,485,v016
9FGB6,444,578,134,v023
PT0D1,333,568,235,v004
PT0D1,331,568,237,v008
PT0D1,249,408,159,v027
PT0D1,0,345,345,v000
PT0D1,0,112,112,v010
PT0D1,0,103,103,v021
PT0D1,340,458,118,v023
PT0D1,340,568,228,v023
5S587,367,721,354,v008
5S587,0,103,103,v012
5S587,14,321,307,v031
5S587,484,636,152,v019
5S587,338,549,211,v023
C0LZD,0,722,722,v018
C0LZD,412,544,132,v016
C0LZD,0,722,722,v018
C0LZD,0,268,268,v005
IOL8Q,508,288,-220,v023
IOL8Q,501,288,-213,v025
IOL8Q,0,288,288,v026
8HII5,0,733,733,v014
8HII5,244,733,489,v009
8HII5,0,733,733,v018
8HII5,0,733,733,v008
MQZKO,0,842,842,v010
MQZKO,48,840,792,v019
MQZKO,0,878,878,v021
FR063,489,657,168,v023
FR063,225,508,283,v003
FR063,43,321,278,v008
FR063,547,676,129,v016
FR063,69,230,161,v016
FR063,494,633,139,v026
97Y6T,0,151,151,v008
97Y6T,0,177,177,v024
97Y6T,67,537,470,v022
97Y6T,372,759,387,v001
97Y6T,595,736,141,v001
97Y6T,540,759,219,v023
97Y6T,595,712,117,v007
3R95N,292,561,269,v016
3R95N,144,648,504,v030
3R95N,144,648,504,v016
QI3JB,40,1111,1071,v008
QI3JB,33,1435,1402,v018
QI3JB,69,472,403,v009
QI3JB,33,1442,1409,v018
QI3JB,33,1420,1387,v008
QI3JB,0,76,76,v022
QI3JB,40,1449,1409,v031
6AJX0,187,316,129,v001
6AJX0,26,156,130,v012
6AJX0,158,264,106,v027
6AJX0,50,168,118,v016
6AJX0,144,367,223,v008
6AJX0,21,170,149,v012
6AJX0,172,321,149,v001
6AJX0,36,168,132,v029
SBG5F,566,767,201,v018
SBG5F,566,767,201,v018
SBG5F,2,554,552,v008
SBG5F,434,568,134,v016
SBG5F,144,393,249,v015
SBG5F,338,554,216,v008
SBG5F,156,381,225,v016
SBG5F,14,117,103,v023
6LGTT,189,547,358,v008
6LGTT,376,532,156,v001
6LGTT,144,261,117,v012
6LGTT,160,288,128,v023
6LGTT,364,554,190,v007
6LGTT,216,405,189,v019
6LGTT,249,432,183,v001
6LGTT,336,458,122,v027
YEH3H,295,508,213,v004
YEH3H,295,722,427,v008
YEH3H,232,355,123,v015
YEH3H,0,175,175,v019
YEH3H,122,722,600,v031
60XA3,0,718,718,v018
60XA3,0,710,710,v009
60XA3,0,718,718,v003
60XA3,0,718,718,v019
DFG9M,0,276,276,v021
DFG9M,216,312,96,v022
DFG9M,0,288,288,v010
DFG9M,336,718,382,v031
DFG9M,124,314,190,v000
DFG9M,252,369,117,v029
DFG9M,69,314,245,v000
DFG9M,204,331,127,v025
4JQKA,192,360,168,v012
4JQKA,67,288,221,v028
4JQKA,312,720,408,v005
4JQKA,686,782,96,v001
4JQKA,295,775,480,v008
FKAGD,240,759,519,v008
FKAGD,252,759,507,v019
FKAGD,427,604,177,v031
FKAGD,326,544,218,v008
FKAGD,324,552,228,v008
FKAGD,103,223,120,v016
FKAGD,103,242,139,v025
FKAGD,0,151,151,v005
FKAGD,331,504,173,v005
FKAGD,0,759,759,v008
SCHOY,501,638,137,v027
SCHOY,105,336,231,v004
SCHOY,0,175,175,v028
SCHOY,69,194,125,v016
SCHOY,72,189,117,v008
SCHOY,528,652,124,v007
SCHOY,576,708,132,v029
SCHOY,345,477,132,v030
SCHOY,528,664,136,v012
SCHOY,98,391,293,v023
SCHOY,93,400,307,v008
SCHOY,266,528,262,v016
XDP02,67,383,316,v020
XDP02,175,328,153,v000
XDP02,64,345,281,v008
XDP02,0,271,271,v010
1HHP1,0,650,650,v025
1HHP1,0,656,656,v008
1HHP1,2,652,650,v025
1HHP1,0,633,633,v008
1HHP1,0,127,127,v016
1HHP1,48,640,592,v016
1HHP1,0,656,656,v022
5KZLW,228,396,168,v019
5KZLW,0,367,367,v018
5KZLW,230,369,139,v009
5KZLW,0,733,733,v008
Z7O9G,530,722,192,v004
Z7O9G,0,434,434,v008
Z7O9G,0,922,922,v016
Z7O9G,412,890,478,v008
Z7O9G,748,895,147,v016
Z7O9G,501,619,118,v016
Z7O9G,67,532,465,v014
Z7O9G,398,504,106,v023
Z7O9G,103,232,129,v006
Z7O9G,403,573,170,v008
Z7O9G,501,624,123,v016
A18EX,0,523,523,v008
A18EX,0,523,523,v011
A18EX,415,731,316,v009
A18EX,448,731,283,v019
A18EX,0,552,552,v018
A18EX,0,556,556,v008
A18EX,0,518,518,v008
MLKK5,244,386,142,v016
MLKK5,504,596,92,v004
MLKK5,496,596,100,v008
MLKK5,0,429,429,v008
MLKK5,302,441,139,v016
MLKK5,451,596,145,v023
MLKK5,72,501,429,v013
3YY88,288,544,256,v030
3YY88,0,544,544,v008
3YY88,84,592,508,v030
3YY88,0,328,328,v012
3YY88,160,331,171,v026
3YY88,0,331,331,v026
3YY88,235,374,139,v001
HWYTN,0,96,96,v017
HWYTN,0,729,729,v010
YJQO3,544,768,224,v016
YJQO3,590,768,178,v016
YJQO3,0,621,621,v003
YJQO3,559,672,113,v023
YJQO3,674,768,94,v016
YJQO3,576,768,192,v008
883AD,26,302,276,v005
883AD,480,795,315,v016
883AD,460,795,335,v021
883AD,151,285,134,v005
883AD,302,795,493,v008
XQWLY,0,416,416,v008
XQWLY,175,290,115,v016
XQWLY,175,290,115,v016
XQWLY,136,338,202,v016
WF8WM,0,170,170,v019
WF8WM,0,146,146,v008
WF8WM,9,170,161,v003
WF8WM,0,170,170,v019
WF8WM,0,172,172,v009
WF8WM,0,760,760,v031
HVXXQ,0,138,138,v016
HVXXQ,16,136,120,v023
HVXXQ,16,136,120,v023
HVXXQ,0,138,138,v016
HVXXQ,0,138,138,v008
HVXXQ,0,138,138,v019
HVXXQ,0,81,81,v029
PQ0DQ,0,735,735,v008
PQ0DQ,0,735,735,v018
PQ0DQ,0,735,735,v016
PQ0DQ,0,735,735,v018
7FNZZ,350,693,343,v026
7FNZZ,259,715,456,v018
7FNZZ,278,564,286,v026
7FNZZ,489,708,219,v016
7FNZZ,220,381,161,v022
7FNZZ,484,715,231,v016
APTS7,0,743,743,v031
APTS7,0,175,175,v016
APTS7,28,249,221,v030
APTS7,0,290,290,v008
APTS7,204,331,127,v016
APTS7,218,381,163,v019
APTS7,19,230,211,v026
APTS7,103,520,417,v009
APTS7,0,170,170,v023
QXCUP,0,367,367,v008
QXCUP,686,921,235,v016
QXCUP,825,928,103,v001
QXCUP,0,297,297,v013
QXCUP,360,535,175,v016
QXCUP,132,364,232,v014
QXCUP,811,928,117,v001
QXCUP,264,475,211,v016
QXCUP,528,892,364,v026
E8468,276,496,220,v001
E8468,530,735,205,v015
E8468,324,463,139,v007
E8468,2,304,302,v016
E8468,0,309,309,v008
E8468,532,735,203,v008
24SKP,235,532,297,v024
24SKP,0,532,532,v008
24SKP,247,482,235,v008
24SKP,0,532,532,v026
7ZCXJ,508,696,188,v025
7ZCXJ,0,220,220,v010
7ZCXJ,103,357,254,v022
7ZCXJ,376,564,188,v028
7ZCXJ,530,681,151,v025
7ZCXJ,321,453,132,v030
7ZCXJ,0,460,460,v008
7ZCXJ,132,302,170,v018
LKN3Z,612,809,197,v008
LKN3Z,583,809,226,v029
LKN3Z,259,566,307,v008
LKN3Z,271,609,338,v031
LKN3Z,564,751,187,v023
LKN3Z,175,372,197,v004
LKN3Z,499,703,204,v016
LKN3Z,660,809,149,v005
LKN3Z,511,645,134,v016
QBIOX,554,740,186,v008
QBIOX,554,740,186,v023
QBIOX,616,740,124,v017
QBIOX,0,740,740,v008
QBIOX,0,717,717,v031
DJR5H,345,532,187,v025
DJR5H,64,405,341,v026
DJR5H,484,728,244,v018
DJR5H,451,655,204,v018
DJR5H,0,728,728,v031
GQT29,151,338,187,v026
GQT29,0,148,148,v006
GQT29,86,273,187,v032
GQT29,410,621,211,v031
GQT29,364,571,207,v023
GQT29,429,751,322,v008
GQT29,0,458,458,v023
GQT29,424,751,327,v023
P4WRI,139,451,312,v031
P4WRI,12,761,749,v030
P4WRI,612,761,149,v008
320ZB,16,713,697,v019
320ZB,0,72,72,v008
320ZB,0,72,72,v008
320ZB,0,112,112,v025
320ZB,0,100,100,v025
320ZB,0,713,713,v008
7J5AA,124,458,334,v004
7J5AA,213,429,216,v027
7J5AA,220,576,356,v018
7J5AA,343,727,384,v018
7J5AA,67,739,672,v008
K0X80,100,412,312,v031
K0X80,60,580,520,v007
K0X80,74,206,132,v012
K0X80,444,588,144,v029
CK0FH,0,734,734,v008
CK0FH,0,734,734,v018
CK0FH,180,734,554,v019
CK0FH,0,734,734,v031
CK0FH,0,734,734,v018
I7DGO,484,740,256,v005
I7DGO,0,633,633,v030
I7DGO,552,684,132,v023
I7DGO,520,691,171,v015
I7DGO,592,740,148,v004
I7DGO,0,496,496,v030
NYXJ6,249,696,447,v008
NYXJ6,592,865,273,v018
NYXJ6,0,165,165,v029
NYXJ6,33,230,197,v012
NYXJ6,621,865,244,v032
NYXJ6,614,865,251,v018
NYXJ6,297,619,322,v016
NYXJ6,393,516,123,v016
NYXJ6,544,667,123,v025
NYXJ6,609,865,256,v032
NYXJ6,544,667,123,v025
NYXJ6,544,667,123,v016
NYXJ6,487,645,158,v023
NYXJ6,756,865,109,v008
NYXJ6,744,865,121,v016
NYXJ6,302,472,170,v012
4ATDB,136,523,387,v007
4ATDB,319,523,204,v027
4ATDB,187,595,408,v027
4ATDB,0,720,720,v022
4ATDB,158,300,142,v012
4ATDB,172,307,135,v029
A3M94,105,932,827,v006
A3M94,0,225,225,v008
RVWK8,448,576,128,v005
RVWK8,105,333,228,v020
RVWK8,244,417,173,v007
RVWK8,244,417,173,v012
RVWK8,561,753,192,v001
RVWK8,357,753,396,v005
RVWK8,561,710,149,v001
RVWK8,357,753,396,v008
RVWK8,343,463,120,v023
RVWK8,237,417,180,v012
RVWK8,355,544,189,v008
1DL0E,0,751,751,v008
1DL0E,0,751,751,v018
1DL0E,326,751,425,v008
1DL0E,300,751,451,v014
1DL0E,472,751,279,v013
1DL0E,76,400,324,v023
TMATS,0,434,434,v008
TMATS,290,429,139,v016
TMATS,264,743,479,v019
5D351,24,708,684,v018
5D351,86,528,442,v028
5D351,0,120,120,v018
5D351,26,708,682,v018
5D351,115,463,348,v008
5D351,559,705,146,v025
5D351,72,240,168,v023
9ILM6,0,689,689,v008
9ILM6,0,674,674,v008
9ILM6,0,640,640,v005
9ILM6,0,674,674,v008
9ILM6,499,624,125,v016
9ILM6,0,220,220,v012
9ILM6,640,689,49,v023
9ILM6,640,689,49,v016
9ILM6,640,689,49,v004
35W7G,0,283,283,v028
35W7G,338,566,228,v020
35W7G,153,608,455,v028
35W7G,156,292,136,v016
35W7G,74,259,185,v008
XPE7J,0,858,858,v008
XPE7J,0,858,858,v016
XPE7J,0,858,858,v023
XPE7J,0,858,858,v018
XPE7J,0,858,858,v019
XPE7J,0,858,858,v026
XPE7J,0,858,858,v009
ENDIE,91,775,684,v008
ENDIE,9,261,252,v016
ENDIE,0,136,136,v029
ENDIE,0,168,168,v008
ENDIE,7,199,192,v025
ENDIE,7,199,192,v016
ENDIE,141,400,259,v004
ENDIE,91,242,151,v008
ENDIE,288,544,256,v008
9N76L,0,588,588,v008
9N76L,0,556,556,v009
9N76L,412,894,482,v008
9N76L,816,894,78,v016
9N76L,0,556,556,v009
9N76L,568,883,315,v005
9N76L,0,588,588,v031
9N76L,408,894,486,v008
9N76L,0,580,580,v019
JX8SN,146,254,108,v008
JX8SN,182,295,113,v026
JX8SN,0,81,81,v022
JX8SN,0,76,76,v018
JX8SN,163,280,117,v026
JX8SN,180,292,112,v026
JX8SN,141,295,154,v023
N99GA,110,429,319,v008
QRR1S,0,326,326,v031
QRR1S,0,559,559,v018
QRR1S,0,199,199,v006
QRR1S,244,535,291,v028
QRR1S,460,560,100,v022
QRR1S,316,532,216,v016
QRR1S,0,326,326,v008
2GRGY,657,861,204,v001
2GRGY,0,189,189,v012
2GRGY,475,679,204,v015
3UZ88,564,672,108,v027
3UZ88,590,729,139,v001
3UZ88,585,729,144,v029
3UZ88,585,729,144,v007
XF41L,513,739,226,v008
XF41L,379,927,548,v018
XF41L,52,223,171,v012
XF41L,360,482,122,v016
XF41L,410,590,180,v016
XF41L,50,240,190,v012
XF41L,0,427,427,v008
XF41L,0,480,480,v024
XF41L,391,566,175,v028
XF41L,340,465,125,v018
XF41L,0,487,487,v023
XF41L,415,576,161,v025
JQHIC,168,321,153,v012
JQHIC,213,530,317,v008
JQHIC,158,355,197,v012
JQHIC,292,564,272,v023
JQHIC,336,530,194,v016
JQHIC,489,747,258,v019
JQHIC,112,747,635,v022
VNQJ0,348,516,168,v008
VNQJ0,343,511,168,v023
VNQJ0,352,516,164,v016
VNQJ0,352,516,164,v025
VNQJ0,0,755,755,v008
VNQJ0,268,643,375,v026
VNQJ0,348,648,300,v026
VNQJ0,0,755,755,v018
VNQJ0,0,755,755,v026
VNQJ0,0,755,755,v026
EED7D,0,592,592,v024
EED7D,904,1177,273,v025
EED7D,489,981,492,v013
EED7D,885,1177,292,v028
EED7D,0,88,88,v014
EED7D,0,1177,1177,v008
EED7D,254,460,206,v009
D52S5,458,769,311,v018
D52S5,393,566,173,v018
D52S5,148,309,161,v005
D52S5,393,566,173,v018
D52S5,513,769,256,v004
D52S5,604,769,165,v012
D52S5,112,348,236,v016
D52S5,252,609,357,v008
BMVXJ,192,367,175,v001
BMVXJ,91,235,144,v012
BMVXJ,326,441,115,v016
NA5F9,0,357,357,v016
NA5F9,432,564,132,v004
6BUU6,0,220,220,v007
6BUU6,127,283,156,v023
6BUU6,0,76,76,v001
6BUU6,696,742,46,v016
6BUU6,700,742,42,v008
6BUU6,0,297,297,v008
T7N6A,741,861,120,v008
T7N6A,357,861,504,v008
T7N6A,232,465,233,v023
T7N6A,261,861,600,v008
T7N6A,0,259,259,v030
T7N6A,261,861,600,v026
T7N6A,261,861,600,v026
T7N6A,261,861,600,v023
Y7WEK,590,700,110,v001
Y7WEK,0,700,700,v008
Y7WEK,0,700,700,v031
Y7WEK,0,705,705,v018
FTQRE,62,379,317,v016
FTQRE,0,367,367,v008
FTQRE,326,711,385,v008
FTQRE,326,711,385,v026
FTQRE,336,711,375,v026
NSF4N,50,216,166,v012
NSF4N,580,859,279,v002
NSF4N,261,417,156,v001
NSF4N,266,412,146,v008
NSF4N,458,585,127,v016
NSF4N,489,607,118,v023
WXTXF,0,381,381,v018
WXTXF,0,381,381,v032
WXTXF,129,285,156,v020
WXTXF,259,393,134,v022
WXTXF,0,374,374,v018
3NE5P,0,240,240,v002
3NE5P,355,626,271,v013
3NE5P,290,734,444,v008
3NE5P,0,96,96,v008
3NE5P,326,621,295,v014
7XBPE,93,314,221,v008
7XBPE,0,153,153,v012
7XBPE,0,153,153,v012
7XBPE,110,244,134,v001
7XBPE,55,208,153,v023
ZRBO7,288,408,120,v018
ZRBO7,456,552,96,v019
ZRBO7,480,727,247,v009
ZRBO7,206,429,223,v018
ZRBO7,307,727,420,v031
ZRBO7,456,727,271,v009
ZRBO7,50,182,132,v029
VOU8V,0,261,261,v004
VOU8V,530,675,145,v014
VOU8V,0,675,675,v008
Y3QYR,0,410,410,v008
Y3QYR,244,400,156,v025
Y3QYR,244,403,159,v025
Y3QYR,0,340,340,v031
Y3QYR,201,319,118,v001
Y3QYR,0,362,362,v008
Y3QYR,266,374,108,v016
0IJ8T,98,280,182,v006
0IJ8T,374,583,209,v026
0IJ8T,357,749,392,v008
18CTK,158,384,226,v008
18CTK,146,386,240,v023
18CTK,14,187,173,v008
18CTK,19,196,177,v017
18CTK,43,180,137,v008
UPYPG,384,523,139,v017
UPYPG,26,516,490,v016
UPYPG,36,732,696,v031
UPYPG,388,732,344,v017
UPYPG,62,612,550,v008
UPYPG,26,235,209,v008
UPYPG,9,151,142,v023
UPYPG,0,153,153,v023
BGKCD,0,805,805,v018
BGKCD,588,805,217,v008
BGKCD,0,805,805,v018
BGKCD,0,805,805,v032
BGKCD,0,805,805,v032
BGKCD,40,805,765,v008
3L7Y9,513,686,173,v008
3L7Y9,0,333,333,v004
3L7Y9,254,549,295,v020
3L7Y9,0,703,703,v018
DK1F7,0,577,577,v008
DK1F7,264,576,312,v004
DK1F7,477,577,100,v016
0NVG2,0,345,345,v016
0NVG2,372,511,139,v016
0NVG2,412,638,226,v008
0NVG2,542,725,183,v005
0NVG2,0,326,326,v028
0NVG2,0,725,725,v018
0NVG2,400,573,173,v023
0NVG2,244,496,252,v004
0NVG2,422,552,130,v023
0NVG2,482,722,240,v012
0NVG2,477,725,248,v008
GYAR9,463,732,269,v025
GYAR9,681,912,231,v004
GYAR9,0,912,912,v018
GYAR9,448,717,269,v025
GYAR9,0,571,571,v008
GYAR9,0,912,912,v031
GYAR9,612,912,300,v008
GYAR9,480,672,192,v016
WH1S5,201,604,403,v005
WH1S5,194,664,470,v008
WH1S5,554,691,137,v016
WH1S5,201,612,411,v005
WH1S5,180,655,475,v008
WH1S5,163,276,113,v023
25O6O,81,501,420,v016
25O6O,278,552,274,v016
25O6O,45,288,243,v026
25O6O,50,600,550,v026
25O6O,0,379,379,v023
25O6O,0,285,285,v026
25O6O,398,788,390,v008
25O6O,271,441,170,v008
YLRVT,0,754,754,v031
YLRVT,64,516,452,v028
YLRVT,261,386,125,v025
WRW7O,24,168,144,v008
WRW7O,393,525,132,v008
WRW7O,100,501,401,v023
WRW7O,24,168,144,v016
WRW7O,403,525,122,v016
WRW7O,31,160,129,v016
WRW7O,403,513,110,v016
WRW7O,108,496,388,v016
WRW7O,88,506,418,v008
WRW7O,21,151,130,v008
WRW7O,424,610,186,v017
S1LQF,348,542,194,v004
S1LQF,0,463,463,v032
S1LQF,758,891,133,v016
S1LQF,76,350,274,v015
S1LQF,72,422,350,v008
S1LQF,259,891,632,v008
S1LQF,55,168,113,v016
S1LQF,316,891,575,v008
S1LQF,72,182,110,v023
KSAU8,187,333,146,v027
KSAU8,14,393,379,v008
KSAU8,24,208,184,v023
KSAU8,19,208,189,v008
D740L,86,762,676,v008
D740L,31,242,211,v023
D740L,278,513,235,v012
D740L,343,638,295,v016
D740L,50,753,703,v008
D740L,28,153,125,v023
D740L,343,638,295,v023
D740L,0,120,120,v017
D740L,633,756,123,v025
D740L,381,643,262,v025
D85MK,156,771,615,v016
D85MK,33,771,738,v031
D85MK,117,240,123,v022
D85MK,36,771,735,v008
D85MK,84,180,96,v023
D85MK,163,302,139,v023
D85MK,290,424,134,v023
D85MK,91,278,187,v008
D85MK,240,429,189,v008
D85MK,492,619,127,v008
D85MK,117,290,173,v016
D85MK,271,372,101,v016
D85MK,386,494,108,v016
XHGV7,220,945,725,v016
XHGV7,153,945,792,v026
XHGV7,24,240,216,v012
XHGV7,0,945,945,v026
XHGV7,201,945,744,v008
XHGV7,535,945,410,v022
ORAT0,98,288,190,v018
ORAT0,192,386,194,v005
ORAT0,98,218,120,v022
ORAT0,108,302,194,v018
ORAT0,108,302,194,v018
ORAT0,446,652,206,v008
ORAT0,139,283,144,v018
ORAT0,211,494,283,v005
ORAT0,98,249,151,v016
ORAT0,180,520,340,v008
LDL8D,0,518,518,v008
LDL8D,180,518,338,v005
LDL8D,0,228,228,v009
LDL8D,180,518,338,v005
LDL8D,0,518,518,v018
LDL8D,0,518,518,v014
J0SZG,192,345,153,v012
J0SZG,0,232,232,v016
J0SZG,0,201,201,v008
J0SZG,0,187,187,v023
J0SZG,465,727,262,v016
J0SZG,465,727,262,v030
J0SZG,494,688,194,v023
J0SZG,0,223,223,v008
D6161,93,296,203,v008
D6161,103,296,193,v017
D6161,213,296,83,v029
PXU2P,0,729,729,v018
PXU2P,0,729,729,v018
V7PGV,501,624,123,v027
V7PGV,468,602,134,v016
V7PGV,0,571,571,v008
V7PGV,547,624,77,v017
V7PGV,0,559,559,v026
YVFBN,0,707,707,v018
YVFBN,0,707,707,v005
YVFBN,0,707,707,v005
YVFBN,444,707,263,v019
YVFBN,0,707,707,v008
YVFBN,0,707,707,v008
YVFBN,326,707,381,v009
SMVKB,0,751,751,v008
SMVKB,216,446,230,v009
SMVKB,396,566,170,v012
SMVKB,0,86,86,v023
SMVKB,309,547,238,v019
SMVKB,45,388,343,v021
SMVKB,403,547,144,v012
SMVKB,681,751,70,v001
8Z4UY,36,237,201,v030
8Z4UY,45,237,192,v030
AHL6X,0,795,795,v018
AHL6X,328,795,467,v014
AHL6X,0,795,795,v009
AHL6X,0,795,795,v031
AHL6X,249,795,546,v008
AHL6X,266,795,529,v005
AHL6X,0,795,795,v019
AHL6X,0,795,795,v009
AHL6X,249,357,108,v023
AHL6X,376,508,132,v023
OHS4T,98,410,312,v031
OHS4T,388,734,346,v018
OHS4T,9,172,163,v001
OHS4T,0,112,112,v017
OHS4T,16,180,164,v007
OHS4T,0,132,132,v029
OHS4T,348,501,153,v018
SJ6X6,189,307,118,v025
SJ6X6,525,594,69,v008
SJ6X6,40,247,207,v017
SJ6X6,196,568,372,v025
THORO,648,739,91,v026
THORO,0,727,727,v018
THORO,544,696,152,v022
THORO,595,739,144,v008
THORO,621,739,118,v023
RDHNQ,4,120,116,v027
RDHNQ,391,898,507,v008
RDHNQ,117,340,223,v028
RDHNQ,384,898,514,v014
RDHNQ,0,156,156,v029
RDHNQ,559,898,339,v023
KKA4X,0,586,586,v018
IX12S,391,752,361,v008
IX12S,264,400,136,v031
IX12S,321,752,431,v013
IX12S,312,752,440,v014
2SQ8M,0,778,778,v008
2SQ8M,0,110,110,v023
2SQ8M,0,778,778,v018
4NIBA,261,489,228,v008
4NIBA,223,374,151,v023
4NIBA,31,307,276,v028
4NIBA,0,504,504,v016
4NIBA,0,504,504,v008
WJ13E,782,1077,295,v028
WJ13E,0,792,792,v002
WJ13E,770,1015,245,v023
WJ13E,804,974,170,v025
WJ13E,828,1077,249,v025
8175C,4,732,728,v025
8175C,667,796,129,v012
8175C,4,549,545,v008
8175C,163,290,127,v007
8175C,780,866,86,v029
P14L7,141,321,180,v031
P14L7,165,681,516,v028
P14L7,0,170,170,v022
P14L7,0,148,148,v018
P14L7,429,657,228,v023
P14L7,348,739,391,v016
P14L7,348,739,391,v008
P14L7,691,739,48,v016
P14L7,609,705,96,v008
DKR7B,64,747,683,v031
DKR7B,74,747,673,v006
DKR7B,0,93,93,v006
QCAUL,62,187,125,v016
QCAUL,206,460,254,v016
QCAUL,393,552,159,v028
QCAUL,50,170,120,v008
QCAUL,384,499,115,v023
QCAUL,201,453,252,v028
QCAUL,86,240,154,v016
QCAUL,62,247,185,v016
QCAUL,91,247,156,v016
QCAUL,84,218,134,v016
RFMRB,0,252,252,v008
RFMRB,242,410,168,v016
RFMRB,285,417,132,v026
RFMRB,499,633,134,v004
RFMRB,405,520,115,v023
NGXV2,432,755,323,v008
NGXV2,432,552,120,v023
NGXV2,336,456,120,v018
NGXV2,0,408,408,v018
NGXV2,0,448,448,v031
NGXV2,681,755,74,v012
NGXV2,532,755,223,v031
NGXV2,333,475,142,v022
NGXV2,408,583,175,v012
NGXV2,480,636,156,v001
NGXV2,578,715,137,v019
RRFE7,204,482,278,v008
RRFE7,0,170,170,v009
RRFE7,0,309,309,v002
KAKC6,0,884,884,v018
KAKC6,444,884,440,v004
KAKC6,470,884,414,v008
KAKC6,0,884,884,v018
KAKC6,0,441,441,v031
KAKC6,412,530,118,v001
KAKC6,477,604,127,v023
KAKC6,0,884,884,v008
5B8M5,0,738,738,v018
5B8M5,240,480,240,v030
5B8M5,0,738,738,v005
5B8M5,396,556,160,v018
5B8M5,211,369,158,v022
5B8M5,0,738,738,v008
5B8M5,0,738,738,v008
WJNJJ,163,292,129,v031
WJNJJ,21,254,233,v007
OUBUX,96,762,666,v008
OUBUX,48,168,120,v016
OUBUX,0,762,762,v018
OUBUX,0,120,120,v023
OUBUX,74,230,156,v012
OUBUX,31,211,180,v023
OUBUX,0,177,177,v016
OUBUX,276,762,486,v005
OUBUX,211,333,122,v023
OUBUX,204,326,122,v008
OUBUX,664,762,98,v016
NWGVT,28,331,303,v015
NWGVT,254,737,483,v008
NWGVT,0,110,110,v023
NWGVT,571,737,166,v030
NWGVT,0,115,115,v008
NWGVT,194,369,175,v016
NWGVT,256,537,281,v023
NWGVT,0,362,362,v008
3W6CP,124,739,615,v031
3W6CP,0,739,739,v006
3W6CP,343,739,396,v006
3W6CP,117,739,622,v018
3W6CP,535,739,204,v023
JIR5V,247,453,206,v008
JIR5V,91,732,641,v018
JIR5V,60,204,144,v018
JIR5V,436,738,302,v031
JIR5V,0,192,192,v016
JIR5V,631,738,107,v022
JIR5V,343,604,261,v026
L071S,24,593,569,v008
L071S,0,146,146,v016
L071S,62,593,531,v021
L071S,386,566,180,v012
L071S,40,593,553,v010
L071S,16,189,173,v018
E6O95,110,242,132,v016
E6O95,72,244,172,v008
E6O95,127,247,120,v016
JZ46A,0,711,711,v031
JZ46A,0,711,711,v010
JZ46A,175,417,242,v016
JZ46A,182,417,235,v023
IBNKL,283,458,175,v016
IBNKL,84,244,160,v016
IBNKL,81,244,163,v016
IBNKL,163,324,161,v016
IBNKL,0,180,180,v002
IBNKL,151,506,355,v026
IBNKL,360,480,120,v016
IBNKL,98,256,158,v012
IBNKL,340,489,149,v026
IBNKL,98,264,166,v023
IBNKL,319,506,187,v008
IBNKL,319,465,146,v023
IBNKL,158,271,113,v001
IBNKL,475,602,127,v004
5HJ2H,0,122,122,v005
5HJ2H,144,283,139,v008
5HJ2H,0,122,122,v005
5HJ2H,79,753,674,v026
5HJ2H,506,684,178,v016
5HJ2H,0,767,767,v008
H3MG3,300,487,187,v016
H3MG3,12,422,410,v028
H3MG3,607,749,142,v001
H3MG3,340,501,161,v022
H3MG3,312,475,163,v026
5N7EW,0,74,74,v029
5N7EW,0,76,76,v001
5N7EW,60,213,153,v012
5N7EW,372,723,351,v002
L80CV,288,838,550,v008
L80CV,333,838,505,v016
L80CV,374,838,464,v008
L80CV,0,838,838,v008
L80CV,333,748,415,v012
L80CV,626,838,212,v002
L80CV,0,838,838,v021
5ZDNU,0,199,199,v028
5ZDNU,381,560,179,v023
5ZDNU,98,336,238,v016
5ZDNU,393,513,120,v023
U46OX,0,736,736,v026
U46OX,0,736,736,v016
U46OX,0,736,736,v016
RS9D9,600,892,292,v012
RS9D9,26,153,127,v018
RS9D9,127,576,449,v016
RS9D9,576,918,342,v008
RS9D9,655,883,228,v031
RS9D9,21,144,123,v018
RS9D9,31,631,600,v003
RS9D9,0,391,391,v008
RS9D9,772,916,144,v001
8IUTG,9,271,262,v012
JWPS5,314,737,423,v026
JWPS5,0,350,350,v005
JWPS5,0,372,372,v005
JWPS5,343,508,165,v022
JWPS5,0,441,441,v018
JWPS5,0,475,475,v031
JWPS5,0,412,412,v008
JWPS5,316,737,421,v016
JWPS5,0,410,410,v008
JWPS5,256,412,156,v016
JWPS5,316,737,421,v008
O630X,312,859,547,v032
O630X,0,859,859,v008
O630X,698,837,139,v000
O630X,33,424,391,v008
O630X,0,211,211,v018
O630X,300,460,160,v008
O630X,369,854,485,v031
O630X,93,280,187,v018
O630X,184,364,180,v012
11HOM,0,191,191,v008
11HOM,7,191,184,v020
PNM2H,314,981,667,v008
PNM2H,81,360,279,v023
PNM2H,362,981,619,v026
E5518,0,762,762,v008
E5518,55,410,355,v019
E5518,0,762,762,v008
E5518,0,762,762,v022
MSCYV,261,499,238,v000
MSCYV,384,606,222,v019
MSCYV,0,606,606,v018
JFU3J,36,525,489,v008
JFU3J,16,237,221,v023
JFU3J,628,802,174,v010
JFU3J,681,802,121,v016
JFU3J,444,556,112,v016
JFU3J,542,802,260,v030
JFU3J,537,640,103,v027
JFU3J,444,556,112,v016
QLYV5,62,278,216,v008
QLYV5,96,292,196,v013
QLYV5,0,324,324,v014
2MDHE,0,290,290,v008
2MDHE,264,468,204,v008
2MDHE,600,744,144,v004
2MDHE,256,621,365,v005
2MDHE,264,744,480,v018
2MDHE,45,242,197,v029
2MDHE,0,699,699,v008
CU3JE,79,634,555,v008
CU3JE,240,628,388,v016
CU3JE,160,571,411,v023
CU3JE,228,336,108,v016
CU3JE,357,468,111,v016
WMD0E,0,508,508,v008
WMD0E,0,561,561,v014
WMD0E,309,571,262,v016
WMD0E,0,703,703,v018
1X7OW,0,355,355,v018
1X7OW,0,355,355,v010
1X7OW,0,355,355,v008
1X7OW,0,355,355,v031
1X7OW,0,189,189,v020
1X7OW,124,355,231,v005
1X7OW,139,273,134,v008
G8V6N,0,105,105,v031
G8V6N,0,120,120,v005
G8V6N,0,120,120,v028
G8V6N,0,120,120,v016
DVHIB,24,719,695,v008
DVHIB,19,264,245,v012
DVHIB,285,446,161,v008
DVHIB,278,460,182,v023
DVHIB,283,465,182,v025
DVHIB,456,612,156,v008
DVHIB,480,662,182,v016
DVHIB,0,98,98,v029
GR5N6,7,336,329,v008
GR5N6,244,406,162,v025
GR5N6,43,326,283,v031
GR5N6,0,343,343,v018
GR5N6,0,328,328,v018
GR5N6,223,338,115,v001
GR5N6,43,343,300,v012
GR5N6,0,406,406,v023
GR5N6,242,406,164,v022
YG2EP,0,872,872,v008
YG2EP,108,872,764,v010
YG2EP,38,223,185,v018
YG2EP,0,79,79,v029
YG2EP,21,872,851,v018
GC1Q1,0,271,271,v008
GC1Q1,0,122,122,v012
GC1Q1,158,278,120,v016
GC1Q1,199,387,188,v018
GC1Q1,180,376,196,v018
GC1Q1,132,276,144,v016
GC1Q1,0,189,189,v029
BKNO9,12,201,189,v016
BKNO9,12,201,189,v016
BKNO9,12,170,158,v017
BKNO9,290,424,134,v022
BKNO9,14,175,161,v008
BKNO9,14,175,161,v008
BKNO9,81,199,118,v025
BKNO9,120,276,156,v018
BKNO9,153,264,111,v018
BKNO9,74,194,120,v025
M4FW0,292,583,291,v016
M4FW0,0,132,132,v008
M4FW0,48,247,199,v012
M4FW0,511,799,288,v016
M4FW0,0,139,139,v029
0XV4T,482,721,239,v008
0XV4T,144,321,177,v016
0XV4T,261,415,154,v016
0XV4T,115,240,125,v004
0XV4T,57,196,139,v023
0XV4T,225,432,207,v016
0XV4T,235,417,182,v030
0XV4T,388,585,197,v023
0XV4T,0,67,67,v008
0XV4T,0,156,156,v015
0XV4T,240,381,141,v023
0XV4T,235,422,187,v008
0XV4T,271,424,153,v016
ICXAE,247,602,355,v008
ICXAE,424,609,185,v016
ICXAE,0,795,795,v008
ICXAE,194,321,127,v022
ICXAE,0,321,321,v018
ICXAE,0,795,795,v008
O9WFN,192,391,199,v015
O9WFN,0,158,158,v012
O9WFN,0,115,115,v012
O9WFN,278,451,173,v023
O9WFN,283,453,170,v016
CGPBZ,494,860,366,v018
CGPBZ,429,621,192,v018
CGPBZ,739,860,121,v022
CGPBZ,494,736,242,v023
CGPBZ,0,504,504,v026
CGPBZ,631,860,229,v028
CGPBZ,528,703,175,v028
CGPBZ,0,492,492,v026
IA9Z5,88,580,492,v008
IA9Z5,129,405,276,v019
IA9Z5,160,348,188,v012
3D94R,136,369,233,v008
3D94R,19,184,165,v023
3D94R,88,364,276,v005
4DZB6,0,170,170,v008
4DZB6,26,170,144,v016
4DZB6,26,170,144,v016
TCCQL,0,736,736,v014
TCCQL,192,312,120,v005
TCCQL,408,600,192,v004
TCCQL,408,672,264,v008
TCCQL,0,736,736,v018
TCCQL,0,736,736,v008
TCCQL,0,736,736,v031
CZ65V,0,174,174,v008
CZ65V,0,174,174,v008
0OE6M,136,284,148,v003
0OE6M,144,284,140,v016
0OE6M,0,182,182,v028
0OE6M,81,192,111,v025
0OE6M,108,284,176,v023
7TJ14,304,463,159,v001
7TJ14,129,436,307,v023
7TJ14,0,160,160,v012
7TJ14,52,564,512,v008
7TJ14,458,638,180,v005
7TJ14,14,432,418,v016
7TJ14,403,777,374,v008
7TJ14,422,777,355,v023
EKLVV,314,623,309,v003
EKLVV,0,379,379,v008
EKLVV,0,623,623,v023
EKLVV,0,623,623,v016
978PS,0,669,669,v008
978PS,0,669,669,v008
978PS,2,669,667,v031
1THHL,48,376,328,v026
1THHL,336,667,331,v019
1THHL,0,732,732,v018
1THHL,0,122,122,v012
1THHL,72,352,280,v008
G4E4S,345,674,329,v018
G4E4S,112,230,118,v008
G4E4S,417,667,250,v028
G4E4S,578,681,103,v022
G4E4S,396,645,249,v018
G4E4S,811,1380,569,v030
G4E4S,105,266,161,v016
G4E4S,1276,1440,164,v001
G4E4S,396,660,264,v018
LRLNC,0,721,721,v021
LRLNC,0,721,721,v018
LRLNC,0,721,721,v008
LRLNC,0,721,721,v014
LRLNC,664,721,57,v016
LRLNC,0,721,721,v031
UTLK1,307,761,454,v031
UTLK1,295,761,466,v030
UTLK1,0,235,235,v031
UTLK1,295,761,466,v012
WCIBT,0,1455,1455,v027
WCIBT,52,163,111,v025
WCIBT,67,163,96,v025
WCIBT,0,98,98,v029
WCIBT,177,280,103,v001
WCIBT,0,62,62,v012
WCIBT,31,180,149,v016
WCIBT,0,134,134,v008
S1BYH,0,674,674,v008
S1BYH,0,674,674,v017
LB006,0,240,240,v008
LB006,110,249,139,v016
LB006,321,370,49,v023
LB006,321,370,49,v018
LB006,321,370,49,v012
DUAOJ,0,228,228,v027
DUAOJ,165,398,233,v018
DUAOJ,38,328,290,v020
DUAOJ,187,444,257,v005
DUAOJ,295,648,353,v018
BQAUC,153,343,190,v008
BQAUC,50,192,142,v016
BQAUC,55,237,182,v008
BQAUC,242,374,132,v017
BQAUC,165,336,171,v031
G1BSD,0,312,312,v015
G1BSD,0,468,468,v008
G1BSD,244,362,118,v004
G1BSD,0,848,848,v018
G1BSD,333,468,135,v005
G1BSD,273,386,113,v023
N3SBJ,285,748,463,v008
N3SBJ,0,751,751,v008
N3SBJ,0,751,751,v018
N3SBJ,386,528,142,v005
N3SBJ,0,751,751,v018
N3SBJ,386,528,142,v005
N3SBJ,324,751,427,v026
N3SBJ,0,751,751,v008
ICALV,0,750,750,v008
ICALV,98,475,377,v008
ICALV,0,148,148,v005
ICALV,0,750,750,v030
ICALV,0,750,750,v005
ICALV,0,750,750,v024
ICALV,0,750,750,v026
ICALV,0,750,750,v008
ICALV,0,750,750,v023
ICALV,0,750,750,v023
ICALV,0,750,750,v016
ICALV,0,750,750,v016
ICALV,237,472,235,v008
ICALV,0,750,750,v005
ICALV,232,482,250,v016
1HAYV,38,196,158,v004
1HAYV,0,103,103,v005
1HAYV,472,633,161,v004
1HAYV,578,727,149,v005
1HAYV,0,900,900,v008
1HAYV,0,907,907,v018
1HAYV,0,904,904,v018
1HAYV,0,907,907,v008
291LH,0,763,763,v008
291LH,0,763,763,v018
291LH,0,763,763,v019
291LH,0,763,763,v031
291LH,16,160,144,v004
291LH,218,391,173,v004
291LH,456,628,172,v004
V7LTE,314,523,209,v007
V7LTE,19,271,252,v003
V7LTE,309,523,214,v012
V7LTE,0,280,280,v023
V7LTE,0,266,266,v008
COT5L,384,669,285,v005
COT5L,348,705,357,v008
COT5L,508,777,269,v005
COT5L,688,892,204,v004
COT5L,537,993,456,v008
COT5L,508,969,461,v023
COT5L,511,969,458,v016
COT5L,508,969,461,v016
F6PKX,458,774,316,v031
F6PKX,0,408,408,v031
F6PKX,288,451,163,v022
F6PKX,0,280,280,v006
F6PKX,0,388,388,v018
PNIHG,220,341,121,v029
PNIHG,55,261,206,v009
PNIHG,45,254,209,v019
82ZNR,151,302,151,v008
82ZNR,141,309,168,v016
82ZNR,0,254,254,v002
82ZNR,170,314,144,v015
82ZNR,163,268,105,v023
82ZNR,679,728,49,v030
82ZNR,189,728,539,v030
82ZNR,189,728,539,v030
82ZNR,189,728,539,v008
82ZNR,144,266,122,v023
82ZNR,657,728,71,v016
0RQZC,0,777,777,v008
0RQZC,0,777,777,v018
XF28F,0,630,630,v008
XF28F,0,630,630,v026
XF28F,0,630,630,v026
XF28F,0,630,630,v019
F5XQM,52,244,192,v012
SV7U3,0,751,751,v030
SV7U3,0,772,772,v030
ACMHK,360,769,409,v018
ACMHK,0,769,769,v005
ACMHK,528,720,192,v020
ACMHK,0,769,769,v008
ACMHK,0,769,769,v008
ACMHK,321,475,154,v018
ACMHK,384,552,168,v006
ACMHK,722,769,47,v023
ACMHK,722,769,47,v016
83KZR,244,549,305,v001
83KZR,537,655,118,v008
83KZR,470,638,168,v023
83KZR,288,484,196,v007
XY2M3,537,729,192,v018
XY2M3,556,773,217,v008
XY2M3,518,679,161,v023
XY2M3,559,773,214,v031
XY2M3,676,773,97,v029
XY2M3,499,674,175,v018
XY2M3,621,773,152,v017
XY2M3,638,756,118,v022
XY2M3,2,578,576,v031
MR8CK,134,747,613,v016
MR8CK,139,747,608,v026
MR8CK,141,537,396,v026
MR8CK,489,686,197,v008
FQAAB,679,859,180,v001
FQAAB,616,859,243,v008
FQAAB,0,139,139,v029
FQAAB,0,151,151,v017
FQAAB,597,777,180,v023
R3Z2O,0,731,731,v021
R3Z2O,0,731,731,v010
R3Z2O,48,249,201,v014
R3Z2O,31,259,228,v008
MT6C2,0,115,115,v008
MT6C2,16,134,118,v016
MT6C2,67,252,185,v012
MT6C2,0,88,88,v017
MT6C2,240,535,295,v002
MT6C2,0,100,100,v029
DNWCR,0,88,88,v008
DNWCR,0,81,81,v023
DNWCR,0,120,120,v018
DNWCR,0,168,168,v003
DNWCR,33,743,710,v003
DNWCR,0,108,108,v017
DNWCR,16,743,727,v018
DNWCR,0,650,650,v008
29WOY,0,160,160,v008
29WOY,72,733,661,v026
29WOY,33,733,700,v023
29WOY,0,733,733,v018
29WOY,33,733,700,v016
29WOY,26,733,707,v026
29WOY,0,129,129,v012
29WOY,0,168,168,v008
29WOY,21,165,144,v016
HOGVD,0,199,199,v012
HOGVD,324,604,280,v005
HOGVD,0,604,604,v018
NDYOR,448,688,240,v008
NDYOR,561,708,147,v016
NDYOR,422,573,151,v023
NDYOR,57,448,391,v026
NDYOR,566,758,192,v016
NDYOR,45,172,127,v023
NDYOR,463,645,182,v014
NDYOR,0,60,60,v029
NDYOR,103,309,206,v023
NDYOR,16,199,183,v025
NDYOR,110,448,338,v016
NDYOR,16,199,183,v016
RO8N5,468,741,273,v004
RO8N5,463,741,278,v008
RO8N5,103,600,497,v015
RO8N5,0,741,741,v018
RO8N5,0,741,741,v031
RO8N5,482,741,259,v008
RO8N5,420,564,144,v016
RO8N5,475,741,266,v008
KHHIV,0,343,343,v008
KHHIV,0,348,348,v024
KHHIV,115,266,151,v029
KAQNT,136,256,120,v001
KAQNT,0,158,158,v026
KAQNT,163,273,110,v026
KAQNT,0,158,158,v026
KAQNT,0,321,321,v008
S2EXT,324,744,420,v008
S2EXT,64,290,226,v012
S2EXT,636,744,108,v012
S2EXT,96,235,139,v007
S2EXT,321,744,423,v008
S2EXT,175,379,204,v029
GCK0H,0,728,728,v008
PM107,158,400,242,v008
PM107,321,436,115,v008
PM107,571,778,207,v031
PM107,403,544,141,v029
PM107,141,259,118,v023
PM107,328,444,116,v016
41ZY4,343,667,324,v005
41ZY4,304,444,140,v000
41ZY4,345,667,322,v005
41ZY4,0,554,554,v010
USZCJ,24,192,168,v001
USZCJ,0,98,98,v008
USZCJ,0,79,79,v012
USZCJ,0,134,134,v029
T82IE,439,708,269,v008
T82IE,180,528,348,v023
T82IE,0,120,120,v004
T82IE,0,216,216,v016
T82IE,16,273,257,v018
T82IE,470,720,250,v022
T82IE,211,338,127,v012
T82IE,235,417,182,v031
T82IE,0,192,192,v008
T82IE,81,204,123,v016
T82IE,112,276,164,v018
T82IE,684,762,78,v029
T82IE,309,422,113,v001
T82IE,112,280,168,v018
HGSB7,552,753,201,v018
HGSB7,0,165,165,v010
HGSB7,16,244,228,v022
HGSB7,321,484,163,v023
HGSB7,494,669,175,v018
GW2Y8,0,213,213,v014
GW2Y8,192,621,429,v005
GW2Y8,561,775,214,v004
GW2Y8,199,590,391,v005
GW2Y8,148,484,336,v016
GW2Y8,153,465,312,v008
GW2Y8,160,775,615,v023
GW2Y8,549,775,226,v023
GW2Y8,0,775,775,v032
GW2Y8,189,475,286,v023
GW2Y8,0,775,775,v018
GW2Y8,552,775,223,v008
GW2Y8,684,775,91,v016
GW2Y8,338,475,137,v016
K7HQG,14,730,716,v005
K7HQG,0,730,730,v018
K7HQG,0,730,730,v018
K7HQG,0,288,288,v008
K7HQG,0,288,288,v031
K7HQG,192,554,362,v016
K7HQG,0,730,730,v008
WVNBE,508,1023,515,v026
WVNBE,540,988,448,v008
WVNBE,110,564,454,v003
WVNBE,232,559,327,v019
WVNBE,74,201,127,v023
WVNBE,540,662,122,v023
V8H9M,0,747,747,v008
V8H9M,213,403,190,v016
V8H9M,199,403,204,v023
V8H9M,0,276,276,v026
V8H9M,273,396,123,v025
V8H9M,225,396,171,v016
83V0A,290,439,149,v012
83V0A,206,345,139,v023
83V0A,81,280,199,v031
83V0A,0,160,160,v002
83V0A,225,398,173,v018
83V0A,225,398,173,v018
83V0A,0,172,172,v008
83V0A,0,479,479,v019
83V0A,288,479,191,v031
83V0A,242,479,237,v008
MR66M,528,772,244,v023
MR66M,187,350,163,v029
MR66M,540,772,232,v005
MR66M,110,772,662,v008
MR66M,477,626,149,v023
MR66M,492,624,132,v008
MR66M,492,626,134,v016
MR66M,492,626,134,v016
MR66M,535,686,151,v008
AKALB,0,256,256,v010
AKALB,223,762,539,v018
AKALB,345,489,144,v025
AKALB,276,460,184,v016
4SGC9,408,728,320,v012
4SGC9,0,456,456,v014
4SGC9,0,513,513,v008
4SGC9,362,520,158,v016
A10NL,360,486,126,v029
A10NL,283,486,203,v008
A10NL,264,470,206,v023
K9GJF,220,429,209,v001
K9GJF,50,422,372,v008
K9GJF,372,480,108,v031
K9GJF,0,120,120,v029
K9GJF,148,475,327,v016
K9GJF,422,722,300,v001
Y1FKP,496,751,255,v031
Y1FKP,0,499,499,v018
Y1FKP,525,751,226,v009
Y1FKP,398,559,161,v022
Y1FKP,0,499,499,v031
Y1FKP,511,751,240,v019
Y1FKP,0,751,751,v008
Y1FKP,225,372,147,v001
Y1FKP,0,751,751,v008
TS75H,0,326,326,v008
TS75H,194,376,182,v018
TS75H,280,723,443,v018
TS75H,21,146,125,v020
TS75H,326,723,397,v005
TS75H,369,480,111,v005
TS75H,0,326,326,v008
TS75H,340,723,383,v008
TS75H,326,436,110,v023
TS75H,631,723,92,v016
5VUQE,240,360,120,v012
5VUQE,240,456,216,v023
5VUQE,0,743,743,v010
5VUQE,0,743,743,v031
ZCH7N,302,667,365,v008
ZCH7N,564,688,124,v016
ZCH7N,50,372,322,v005
ZCH7N,276,400,124,v016
ZCH7N,52,372,320,v005
ZCH7N,592,727,135,v022
ZCH7N,0,696,696,v018
ZCH7N,352,669,317,v014
ZCH7N,290,429,139,v023
ZCH7N,76,369,293,v008
ZCH7N,43,180,137,v023
ZCH7N,28,158,130,v018
ZCH7N,0,384,384,v016
ZCH7N,45,405,360,v023
ZCH7N,122,391,269,v008
ZCH7N,50,710,660,v018
QRULM,712,850,138,v008
QRULM,559,850,291,v008
QRULM,0,727,727,v030
QRULM,739,850,111,v019
QRULM,684,850,166,v031
QRULM,568,818,250,v023
QRULM,686,820,134,v023
ZYDGF,319,514,195,v008
ZYDGF,316,489,173,v023
ZYDGF,72,319,247,v004
ZYDGF,304,432,128,v001
ZYDGF,280,494,214,v012
ZYDGF,0,369,369,v008
ZYDGF,278,432,154,v012
ZYDGF,304,434,130,v001
CDNV7,441,571,130,v027
CDNV7,52,244,192,v008
CDNV7,0,494,494,v030
CDNV7,0,499,499,v030
CDNV7,0,516,516,v026
L4DUU,0,628,628,v008
L4DUU,482,660,178,v016
L4DUU,441,597,156,v005
L4DUU,0,667,667,v008
L4DUU,518,633,115,v016
L4DUU,0,595,595,v014
L4DUU,0,759,759,v005
L4DUU,597,720,123,v029
B32MT,288,405,117,v012
B32MT,518,721,203,v027
B32MT,319,592,273,v008
B32MT,396,552,156,v001
B32MT,141,398,257,v031
S5NC8,211,400,189,v008
S5NC8,273,400,127,v016
S5NC8,0,295,295,v031
S5NC8,400,592,192,v029
S5NC8,189,386,197,v008
S5NC8,0,741,741,v032
S5NC8,249,415,166,v016
S5NC8,199,367,168,v008
S5NC8,199,367,168,v016
VG0GK,0,280,280,v031
VG0GK,69,505,436,v008
VG0GK,0,105,105,v005
VG0GK,0,505,505,v018
VG0GK,0,505,505,v018
VG0GK,86,505,419,v014
VG0GK,45,168,123,v023
VG0GK,0,129,129,v016
VG0GK,0,129,129,v016
VG0GK,0,86,86,v008
VG0GK,0,96,96,v008
VG0GK,86,505,419,v032
VG0GK,0,117,117,v016
BZWSJ,43,206,163,v004
BZWSJ,252,391,139,v016
BZWSJ,547,753,206,v023
BZWSJ,62,554,492,v008
BZWSJ,561,753,192,v008
BZWSJ,573,753,180,v026
OXC4X,595,847,252,v003
OXC4X,146,309,163,v003
OXC4X,146,516,370,v003
OXC4X,0,187,187,v023
02V54,115,441,326,v008
02V54,201,441,240,v021
02V54,141,441,300,v021
E7FGK,108,739,631,v018
E7FGK,396,554,158,v004
E7FGK,333,552,219,v005
E7FGK,55,398,343,v008
E7FGK,355,583,228,v008
E7FGK,96,225,129,v018
E7FGK,74,679,605,v008
E7FGK,636,739,103,v022
E7FGK,343,540,197,v031
NUW2S,24,878,854,v018
NUW2S,369,597,228,v000
NUW2S,12,189,177,v018
NUW2S,746,907,161,v022
NUW2S,14,908,894,v008
NUW2S,705,908,203,v016
NUW2S,98,871,773,v018
F9RY4,357,496,139,v016
F9RY4,0,381,381,v004
F9RY4,0,735,735,v018
F9RY4,0,484,484,v008
F9RY4,124,271,147,v019
F9RY4,0,735,735,v018
U37WC,549,700,151,v005
U37WC,434,580,146,v020
U37WC,549,700,151,v005
U37WC,28,660,632,v003
U37WC,496,607,111,v016
U37WC,619,727,108,v016
U37WC,554,727,173,v008
U37WC,314,465,151,v028
U37WC,40,276,236,v008
U37WC,84,259,175,v023
U37WC,441,588,147,v008
U37WC,396,619,223,v016
U37WC,376,664,288,v025
BIV8M,0,122,122,v016
BIV8M,184,403,219,v016
BIV8M,172,460,288,v016
BIV8M,0,156,156,v016
BIV8M,0,148,148,v008
BIV8M,120,256,136,v012
BIV8M,146,470,324,v026
B7T3B,189,348,159,v031
B7T3B,120,472,352,v023
B7T3B,292,528,236,v023
B7T3B,223,705,482,v010
B7T3B,489,681,192,v029
B7T3B,237,751,514,v008
B7T3B,237,751,514,v031
M5S4U,120,408,288,v026
M5S4U,456,672,216,v026
M5S4U,120,408,288,v026
M5S4U,633,741,108,v025
M5S4U,633,741,108,v016
M5S4U,460,722,262,v008
M5S4U,468,696,228,v030
TCM46,0,553,553,v008
TCM46,79,518,439,v012
TCM46,91,302,211,v031
TCM46,355,480,125,v016
TCM46,333,453,120,v028
TCM46,456,553,97,v027
O2294,336,456,120,v016
O2294,112,453,341,v028
O2294,398,712,314,v031
O2294,542,743,201,v012
O2294,79,300,221,v029
O2294,74,439,365,v023
O2294,345,463,118,v025
8BBX0,295,463,168,v012
8BBX0,0,614,614,v008
8BBX0,444,602,158,v023
8BBX0,484,614,130,v029
8BBX0,194,350,156,v016
8BBX0,472,612,140,v001
HKY1M,285,494,209,v031
HKY1M,12,357,345,v026
HKY1M,12,357,345,v026
HKY1M,326,463,137,v020
HKY1M,242,364,122,v023
HKY1M,316,489,173,v013
HKY1M,276,494,218,v014
HKY1M,256,544,288,v008
ZKOCS,45,254,209,v023
ZKOCS,36,218,182,v023
ZKOCS,81,264,183,v016
ZKOCS,283,494,211,v005
ZKOCS,129,328,199,v016
ZKOCS,266,664,398,v008
ZKOCS,146,434,288,v018
ZKOCS,182,721,539,v018
ZKOCS,110,292,182,v008
ZKOCS,216,420,204,v018
ZKOCS,194,721,527,v018
75AX5,880,1149,269,v012
75AX5,321,602,281,v016
75AX5,52,295,243,v002
75AX5,772,912,140,v020
75AX5,276,588,312,v002
75AX5,314,537,223,v023
75AX5,1039,1200,161,v001
75AX5,448,837,389,v008
75AX5,448,691,243,v023
75AX5,9,182,173,v017
75AX5,1015,1142,127,v012
75AX5,180,309,129,v008
75AX5,703,861,158,v016
75AX5,168,276,108,v023
75AX5,194,314,120,v016
UPJWV,468,597,129,v027
UPJWV,232,460,228,v002
UPJWV,576,705,129,v017
OX5TB,309,964,655,v014
OX5TB,883,1034,151,v008
OX5TB,0,297,297,v003
OX5TB,0,218,218,v018
OX5TB,895,1034,139,v016
G71VM,645,806,161,v004
G71VM,343,614,271,v026
G71VM,463,626,163,v016
G71VM,535,643,108,v001
G71VM,727,850,123,v019
G71VM,40,316,276,v012
NXUA9,62,232,170,v006
NXUA9,379,624,245,v030
NXUA9,0,302,302,v022
NXUA9,314,456,142,v029
5NF0R,576,756,180,v008
5NF0R,21,165,144,v018
5NF0R,141,312,171,v016
5NF0R,660,770,110,v022
5NF0R,9,168,159,v018
5NF0R,561,765,204,v014
5NF0R,69,292,223,v016
SVQFY,194,535,341,v005
SVQFY,206,597,391,v008
SVQFY,0,225,225,v004
SVQFY,0,696,696,v008
SVQFY,343,597,254,v005
SVQFY,648,791,143,v016
SVQFY,182,662,480,v016
SVQFY,182,662,480,v023
SVQFY,0,657,657,v023
IXL74,0,429,429,v018
IXL74,0,429,429,v005
IXL74,302,463,161,v022
IXL74,81,439,358,v019
IXL74,350,806,456,v002
IXL74,0,405,405,v018
3ZOI4,0,244,244,v008
3ZOI4,127,276,149,v025
3ZOI4,0,592,592,v008
3ZOI4,444,612,168,v016
3ZOI4,444,612,168,v016
3ZOI4,336,456,120,v025
XTHL8,283,763,480,v002
XTHL8,268,434,166,v016
XTHL8,249,429,180,v008
CDIW7,151,326,175,v016
CDIW7,62,206,144,v008
CDIW7,158,324,166,v016
TJKGJ,0,436,436,v008
TJKGJ,564,770,206,v031
TJKGJ,0,355,355,v026
TJKGJ,391,770,379,v008
TJKGJ,451,578,127,v018
TJKGJ,482,770,288,v018
TJKGJ,0,429,429,v030
TJKGJ,266,441,175,v001
TJKGJ,525,770,245,v004
TJKGJ,352,564,212,v023
TJKGJ,225,424,199,v001
TJKGJ,16,518,502,v022
TJKGJ,391,770,379,v008
B17UQ,520,708,188,v016
B17UQ,0,757,757,v018
B17UQ,103,295,192,v016
B17UQ,24,283,259,v031
B17UQ,520,636,116,v023
B17UQ,31,757,726,v018
TPHRR,391,868,477,v002
TPHRR,24,192,168,v019
TPHRR,240,360,120,v022
TPHRR,0,312,312,v018
TPHRR,288,456,168,v026
TPHRR,343,487,144,v016
RJDH2,326,496,170,v016
RJDH2,0,482,482,v032
RJDH2,0,492,492,v008
RJDH2,439,588,149,v023
RJDH2,372,513,141,v022
RJDH2,0,499,499,v018
RJDH2,0,403,403,v018
RJDH2,307,475,168,v016
RJDH2,408,638,230,v025
RJDH2,0,463,463,v008
RJDH2,91,240,149,v012
RJDH2,297,446,149,v001
RJDH2,0,115,115,v018
RJDH2,333,468,135,v016
RJDH2,45,386,341,v031
GQCUX,0,189,189,v008
GQCUX,0,456,456,v009
GQCUX,0,475,475,v010
GQCUX,0,448,448,v021
GQCUX,0,108,108,v023
WEVQH,211,608,397,v025
WEVQH,139,608,469,v008
WEVQH,124,278,154,v012
WEVQH,110,261,151,v023
WEVQH,170,494,324,v023
WEVQH,511,608,97,v016
WEVQH,520,608,88,v025
0WLCJ,43,172,129,v025
0WLCJ,163,374,211,v007
0WLCJ,0,62,62,v016
G2J63,398,547,149,v025
G2J63,328,756,428,v018
G2J63,0,405,405,v031
G2J63,345,544,199,v025
G2J63,410,540,130,v016
G2J63,0,139,139,v006
VVMYX,482,818,336,v005
VVMYX,0,237,237,v008
VVMYX,206,348,142,v023
VVMYX,206,561,355,v016
VVMYX,0,252,252,v015
VVMYX,655,832,177,v005
JCWVV,0,232,232,v016
JCWVV,132,307,175,v008
JCWVV,72,321,249,v018
JCWVV,0,228,228,v008
JCWVV,192,585,393,v030
JCWVV,124,254,130,v016
JCWVV,55,216,161,v018
JCWVV,216,367,151,v022
JCWVV,112,319,207,v018
JCWVV,237,585,348,v026
JCWVV,0,232,232,v008
JCWVV,120,240,120,v016
JCWVV,225,585,360,v030
M3H7V,158,597,439,v028
M3H7V,0,687,687,v031
M3H7V,300,439,139,v023
M3H7V,67,196,129,v025
YIK5I,482,684,202,v012
YIK5I,705,785,80,v018
YIK5I,228,357,129,v022
YIK5I,316,484,168,v016
YIK5I,0,300,300,v031
YIK5I,304,530,226,v026
YIK5I,0,201,201,v031
YIK5I,0,271,271,v032
YIK5I,364,537,173,v016
YIK5I,348,463,115,v016
YIK5I,321,499,178,v026
YIK5I,0,333,333,v018
YIK5I,0,314,314,v018
YIK5I,0,264,264,v032
YIK5I,316,460,144,v008
YIK5I,0,108,108,v012
MQGVS,105,638,533,v008
MQGVS,496,650,154,v016
MQGVS,72,232,160,v023
MQGVS,532,676,144,v025
MQGVS,141,312,171,v026
MQGVS,103,650,547,v026
MQGVS,98,650,552,v026
MQGVS,559,681,122,v020
OFCU3,595,727,132,v016
OFCU3,0,674,674,v008
OFCU3,604,746,142,v023
OFCU3,576,732,156,v022
OFCU3,0,672,672,v031
OFCU3,604,746,142,v008
OFCU3,657,746,89,v016
OFCU3,556,698,142,v016
OFCU3,0,76,76,v012
OFCU3,542,679,137,v001
88Z3M,247,653,406,v031
88Z3M,21,129,108,v029
B5YYS,343,542,199,v001
B5YYS,132,372,240,v028
PYIA3,33,168,135,v012
PYIA3,134,711,577,v031
PYIA3,79,247,168,v023
NBAGZ,0,88,88,v008
NBAGZ,372,499,127,v016
NBAGZ,0,98,98,v023
NBAGZ,84,556,472,v008
NBAGZ,153,446,293,v030
NBAGZ,0,108,108,v025
NBAGZ,72,595,523,v008
NBAGZ,72,595,523,v023
6FYKZ,103,326,223,v016
6FYKZ,79,537,458,v008
6FYKZ,124,295,171,v016
6FYKZ,0,124,124,v016
6FYKZ,345,628,283,v026
6FYKZ,602,727,125,v023
6FYKZ,626,753,127,v001
TU2GE,357,489,132,v023
TU2GE,242,391,149,v023
TU2GE,0,228,228,v024
TU2GE,240,398,158,v023
TU2GE,0,247,247,v008
TU2GE,108,247,139,v016
TU2GE,268,708,440,v026
3WRE7,655,736,81,v029
3WRE7,0,717,717,v032
3WRE7,633,736,103,v022
3WRE7,0,676,676,v018
3WRE7,0,708,708,v031
3WRE7,0,736,736,v008
5XLBY,664,741,77,v016
5XLBY,667,741,74,v016
5XLBY,0,741,741,v008
5XLBY,0,93,93,v029
ZA7ST,9,182,173,v008
ZA7ST,216,400,184,v020
ZA7ST,729,811,82,v012
ZA7ST,664,811,147,v023
ZA7ST,0,758,758,v008
ZA7ST,616,811,195,v012
ZA7ST,676,777,101,v023
ZA7ST,763,811,48,v008
4C31V,0,775,775,v021
4C31V,0,775,775,v010
4C31V,0,775,775,v031
N39RU,0,664,664,v018
N39RU,0,314,314,v005
N39RU,220,604,384,v004
N39RU,477,619,142,v009
N39RU,537,679,142,v022
N39RU,0,175,175,v005
N39RU,192,405,213,v023
N39RU,448,580,132,v016
7H7PN,0,730,730,v018
7H7PN,201,696,495,v008
7H7PN,345,547,202,v016
7H7PN,535,730,195,v026
7H7PN,0,730,730,v018
7H7PN,0,124,124,v012
7H7PN,57,201,144,v023
1Q4P9,427,504,77,v008
1Q4P9,0,504,504,v008
1Q4P9,0,273,273,v020
1Q4P9,247,388,141,v022
1Q4P9,0,369,369,v018
TYYZK,424,633,209,v012
TYYZK,564,994,430,v008
TYYZK,220,364,144,v018
TYYZK,55,247,192,v029
TYYZK,408,972,564,v023
TYYZK,403,962,559,v023
IIJ5I,372,679,307,v002
IIJ5I,314,489,175,v016
IIJ5I,187,475,288,v008
59CDL,520,769,249,v031
59CDL,0,769,769,v005
59CDL,506,769,263,v018
59CDL,0,769,769,v005
59CDL,482,621,139,v018
59CDL,0,769,769,v008
Y91JG,91,273,182,v016
Y91JG,172,398,226,v020
Y91JG,110,271,161,v016
Y91JG,9,261,252,v008
TIJOY,424,643,219,v004
TIJOY,151,350,199,v005
TIJOY,74,285,211,v012
TIJOY,189,324,135,v023
TIJOY,436,763,327,v023
TIJOY,67,520,453,v008
TIJOY,0,520,520,v018
TIJOY,48,525,477,v008
M6XX6,216,767,551,v021
M6XX6,0,767,767,v009
M6XX6,0,767,767,v019
M6XX6,0,767,767,v018
XNR76,0,748,748,v018
XNR76,652,809,157,v022
XNR76,0,809,809,v008
XNR76,0,780,780,v014
2Q2LA,338,475,137,v001
2Q2LA,204,355,151,v012
2Q2LA,7,122,115,v008
2Q2LA,180,468,288,v016
2Q2LA,0,242,242,v016
2Q2LA,0,192,192,v023
R8OTI,0,151,151,v029
R8OTI,48,511,463,v026
R8OTI,422,576,154,v016
DGMDT,340,703,363,v008
DGMDT,528,703,175,v008
DGMDT,499,643,144,v016
DGMDT,93,280,187,v023
DGMDT,566,703,137,v023
DGMDT,547,703,156,v014
DGMDT,81,393,312,v012
DGMDT,182,571,389,v008
DGMDT,139,636,497,v008
DGMDT,636,703,67,v024
8CJML,4,561,557,v026
8CJML,422,704,282,v021
8CJML,2,585,583,v026
8CJML,16,172,156,v023
8CJML,391,547,156,v023
5O31N,50,218,168,v001
5O31N,547,861,314,v028
5O31N,765,975,210,v028
5O31N,794,931,137,v025
5O31N,835,969,134,v023
5O31N,31,302,271,v029
5O31N,770,975,205,v008
5O31N,770,975,205,v016
KRZW8,48,758,710,v008
KRZW8,48,432,384,v014
KRZW8,408,758,350,v008
KRZW8,408,758,350,v014
KRZW8,504,758,254,v009
KRZW8,672,758,86,v019
KRZW8,0,758,758,v018
RK4U5,0,151,151,v012
RK4U5,600,706,106,v025
RK4U5,12,273,261,v008
RK4U5,602,706,104,v025
RK4U5,199,691,492,v031
RK4U5,151,706,555,v008
RK4U5,0,280,280,v026
QFDKV,348,681,333,v008
QFDKV,482,674,192,v019
51ZY5,184,379,195,v009
51ZY5,184,379,195,v009
51ZY5,117,372,255,v008
51ZY5,273,415,142,v017
51ZY5,134,290,156,v013
51ZY5,124,400,276,v014
7GYR4,496,688,192,v004
7GYR4,0,732,732,v018
7GYR4,664,732,68,v016
7GYR4,480,604,124,v023
7GYR4,614,732,118,v008
C3HIN,0,96,96,v019
C3HIN,0,491,491,v018
C3HIN,235,477,242,v023
C3HIN,247,487,240,v008
C3HIN,0,280,280,v028
C3HIN,0,491,491,v018
C3HIN,0,232,232,v019
C3HIN,280,429,149,v004
C3HIN,338,491,153,v016
C3HIN,108,324,216,v016
C3HIN,223,491,268,v008
2TWI2,0,847,847,v008
2TWI2,0,60,60,v029
2TWI2,0,847,847,v008
A2EY4,379,585,206,v021
A2EY4,76,206,130,v001
A2EY4,36,165,129,v012
A2EY4,0,758,758,v008
A2EY4,29,758,729,v008
GV9M4,297,408,111,v004
GV9M4,580,700,120,v023
GV9M4,588,700,112,v019
GV9M4,434,628,194,v019
GV9M4,31,261,230,v012
GV9M4,576,726,150,v008
GV9M4,144,302,158,v029
GV9M4,328,458,130,v016
GV9M4,489,626,137,v031
GV9M4,319,465,146,v023
GV9M4,240,650,410,v008
GV9M4,240,669,429,v008
GV9M4,136,679,543,v016
GV9M4,144,726,582,v031
GV9M4,199,672,473,v023
W7EHF,242,489,247,v016
W7EHF,554,668,114,v001
W7EHF,0,237,237,v012
W7EHF,400,576,176,v016
W7EHF,120,668,548,v018
EDPTO,403,547,144,v031
EDPTO,789,895,106,v005
EDPTO,756,885,129,v008
EDPTO,160,657,497,v008
EDPTO,170,304,134,v026
EDPTO,676,823,147,v005
EDPTO,0,652,652,v008
EDPTO,547,943,396,v008
OZIJ7,844,894,50,v010
OZIJ7,367,571,204,v009
23YS1,698,1032,334,v022
23YS1,249,446,197,v016
23YS1,806,1032,226,v026
23YS1,813,1039,226,v026
9GLQZ,62,738,676,v005
9GLQZ,0,206,206,v008
9GLQZ,0,187,187,v017
9GLQZ,76,738,662,v005
9GLQZ,187,379,192,v022
9GLQZ,12,738,726,v008
9GLQZ,19,738,719,v008
G183W,271,847,576,v018
G183W,374,492,118,v019
G183W,276,410,134,v018
G183W,741,854,113,v022
G183W,326,871,545,v008
G183W,314,871,557,v008
G183W,410,708,298,v004
G183W,16,326,310,v008
G183W,0,336,336,v016
JAOPD,4,283,279,v008
JAOPD,84,218,134,v016
JAOPD,187,600,413,v008
JAOPD,182,290,108,v023
JAOPD,96,220,124,v025
JAOPD,192,576,384,v008
5Q8C7,441,724,283,v014
5Q8C7,549,724,175,v013
5Q8C7,364,496,132,v016
5Q8C7,156,312,156,v023
5Q8C7,676,724,48,v008
5Q8C7,676,724,48,v016
5Q8C7,676,724,48,v008
YMFWC,50,244,194,v016
YMFWC,192,384,192,v026
YMFWC,328,489,161,v016
YMFWC,204,470,266,v016
YMFWC,0,244,244,v026
DZ2J6,0,720,720,v008
DZ2J6,14,720,706,v031
DZ2J6,0,168,168,v008
DZ2J6,0,720,720,v005
DZ2J6,38,235,197,v018
DZ2J6,643,720,77,v022
DZ2J6,0,134,134,v021
DZ2J6,43,708,665,v018
DZ2J6,0,720,720,v008
10INO,67,319,252,v012
10INO,1353,2094,741,v008
10INO,288,540,252,v018
10INO,204,2094,1890,v018
10INO,1060,1502,442,v004
10INO,1490,1994,504,v014
10INO,67,247,180,v029
10INO,1951,2090,139,v016
10INO,590,729,139,v023
10INO,192,309,117,v016
10INO,1468,1598,130,v023
10INO,360,2094,1734,v018
G64VQ,0,91,91,v008
G64VQ,638,723,85,v023
G64VQ,2,609,607,v028
G64VQ,650,723,73,v008
G64VQ,453,723,270,v008
654CH,0,739,739,v008
654CH,0,739,739,v008
654CH,129,343,214,v009
654CH,0,739,739,v022
654CH,0,739,739,v014
654CH,0,739,739,v023
654CH,0,739,739,v008
654CH,0,739,739,v019
Y0CA0,208,352,144,v012
Y0CA0,374,535,161,v002
Y0CA0,412,686,274,v002
Y0CA0,156,297,141,v001
87ZOX,0,711,711,v008
87ZOX,0,711,711,v008
87ZOX,0,168,168,v004
PMVT7,0,703,703,v008
PMVT7,0,703,703,v005
PMVT7,0,703,703,v008
PMVT7,0,703,703,v005
PMVT7,0,703,703,v008
PMVT7,0,703,703,v008
PMVT7,0,703,703,v008
KD3SK,470,636,166,v021
KD3SK,403,561,158,v023
KD3SK,292,436,144,v016
KD3SK,0,405,405,v024
KD3SK,408,695,287,v008
KD3SK,0,460,460,v008
X4DOF,84,326,242,v031
X4DOF,16,388,372,v008
X4DOF,283,408,125,v025
X4DOF,283,408,125,v016
X4DOF,0,132,132,v023
IJPY2,0,729,729,v008
IJPY2,0,729,729,v004
IJPY2,0,405,405,v008
IJPY2,0,729,729,v028
IJPY2,578,717,139,v016
IJPY2,0,729,729,v008
0DDYA,626,890,264,v003
0DDYA,182,655,473,v031
0DDYA,835,957,122,v027
0DDYA,84,237,153,v027
GS711,45,336,291,v031
GS711,0,124,124,v008
GS711,0,139,139,v004
6E7Q4,352,568,216,v016
6E7Q4,0,295,295,v031
6E7Q4,645,750,105,v012
6E7Q4,52,261,209,v014
6E7Q4,165,307,142,v022
6E7Q4,218,535,317,v016
6E7Q4,0,434,434,v008
X9T4M,0,674,674,v008
X9T4M,0,674,674,v008
X9T4M,0,674,674,v017
JTZZW,52,199,147,v008
JTZZW,355,523,168,v016
JTZZW,427,753,326,v031
JTZZW,196,331,135,v012
JTZZW,0,175,175,v023
JTZZW,163,288,125,v018
JTZZW,184,753,569,v018
N3OKQ,228,763,535,v008
N3OKQ,0,573,573,v018
N3OKQ,0,487,487,v014
N3OKQ,326,511,185,v022
N3OKQ,0,427,427,v018
N3OKQ,0,472,472,v031
N3OKQ,189,355,166,v023
N3OKQ,192,326,134,v023
N3OKQ,177,667,490,v008
N3OKQ,0,648,648,v032
NBV2S,0,735,735,v008
NBV2S,0,735,735,v031
NBV2S,40,735,695,v014
72R6A,110,537,427,v030
72R6A,7,158,151,v023
72R6A,26,628,602,v008
72R6A,477,636,159,v016
ZIWZH,38,324,286,v012
ZIWZH,0,129,129,v018
ZIWZH,38,813,775,v018
ZIWZH,0,124,124,v001
F5OZ5,62,566,504,v008
F5OZ5,468,600,132,v025
F5OZ5,264,475,211,v006
F5OZ5,477,624,147,v025
0EJAG,55,297,242,v016
0EJAG,204,631,427,v004
0EJAG,244,631,387,v008
0EJAG,2,276,274,v009
0EJAG,0,254,254,v008
0EJAG,2,230,228,v008
0EJAG,0,141,141,v023
YMT5U,16,434,418,v026
YMT5U,0,487,487,v008
YMT5U,38,511,473,v030
YMT5U,26,501,475,v030
YMT5U,448,672,224,v001
QO7SM,0,355,355,v031
QO7SM,0,460,460,v018
QO7SM,391,756,365,v008
QO7SM,0,460,460,v008
QO7SM,223,369,146,v001
QO7SM,393,568,175,v029
QO7SM,379,573,194,v009
QO7SM,391,621,230,v024
QO7SM,115,278,163,v019
QO7SM,108,278,170,v019
BYDSE,57,336,279,v000
BYDSE,482,735,253,v028
BYDSE,0,523,523,v010
BYDSE,0,391,391,v021
3AE3T,115,468,353,v018
3AE3T,0,326,326,v008
3AE3T,0,76,76,v029
3AE3T,50,170,120,v016
3AE3T,33,705,672,v031
3AE3T,50,170,120,v016
RRDAM,43,336,293,v008
RRDAM,36,304,268,v008
RRDAM,45,204,159,v029
RRDAM,448,576,128,v017
RRDAM,105,350,245,v016
RRDAM,259,444,185,v016
RRDAM,376,552,176,v001
RRDAM,144,333,189,v016
RRDAM,165,436,271,v030
R3O7U,33,472,439,v030
R3O7U,74,609,535,v008
R3O7U,415,578,163,v016
R3O7U,415,578,163,v025
R3O7U,506,624,118,v023
R3O7U,780,915,135,v016
R3O7U,556,825,269,v004
NDBXV,60,475,415,v008
NDBXV,439,1085,646,v008
NDBXV,1024,1085,61,v016
NDBXV,424,568,144,v023
NDBXV,201,475,274,v026
FERH5,624,722,98,v001
FERH5,79,225,146,v012
FERH5,415,532,117,v020
FERH5,146,408,262,v014
FERH5,2,240,238,v008
100U3,0,134,134,v008
100U3,328,504,176,v020
BSF19,48,264,216,v008
BSF19,0,312,312,v031
BSF19,0,434,434,v001
BSF19,0,336,336,v008
O7OD2,511,626,115,v029
O7OD2,192,386,194,v005
O7OD2,192,386,194,v005
O7OD2,105,261,156,v008
O7OD2,12,669,657,v008
O7OD2,69,676,607,v008
YH70K,516,643,127,v016
YH70K,278,403,125,v029
YH70K,36,290,254,v023
YH70K,518,645,127,v016
YH70K,0,292,292,v026
YH70K,261,508,247,v008
YH70K,206,552,346,v008
XET54,367,564,197,v001
XET54,235,376,141,v008
XET54,273,448,175,v016
XET54,223,388,165,v029
XET54,463,636,173,v007
XET54,237,429,192,v025
XET54,307,436,129,v023
OJIRT,158,801,643,v008
OJIRT,79,285,206,v012
OJIRT,79,780,701,v008
OJIRT,662,804,142,v025
OJIRT,187,640,453,v016
OJIRT,331,525,194,v008
1X0M3,372,525,153,v016
1X0M3,136,340,204,v012
1X0M3,180,360,180,v023
1X0M3,0,144,144,v023
VS7DA,304,434,130,v027
VS7DA,57,254,197,v007
VS7DA,516,746,230,v026
VS7DA,734,916,182,v001
VS7DA,48,259,211,v012
VS7DA,242,468,226,v029
VS7DA,758,907,149,v001
VS7DA,96,273,177,v012
NS216,21,333,312,v000
NS216,0,333,333,v010
NS216,21,333,312,v000
WIUQN,163,602,439,v008
WIUQN,170,602,432,v014
WIUQN,117,261,144,v023
WIUQN,0,602,602,v018
WIUQN,69,199,130,v016
WIUQN,0,165,165,v004
WIUQN,0,602,602,v018
WIUQN,69,199,130,v016
S2L5Z,120,271,151,v016
S2L5Z,235,441,206,v023
S2L5Z,225,424,199,v026
S2L5Z,261,434,173,v008
DKEB0,427,568,141,v004
DKEB0,640,784,144,v016
DKEB0,516,693,177,v008
DKEB0,480,650,170,v031
DKEB0,0,326,326,v018
DKEB0,280,420,140,v008
DKEB0,273,420,147,v023
DKEB0,355,475,120,v019
DKEB0,578,715,137,v009
DKEB0,0,573,573,v010
300LS,0,477,477,v017
300LS,396,477,81,v029
W882Y,729,828,99,v024
W882Y,420,672,252,v012
W882Y,626,828,202,v008
W882Y,576,780,204,v023
W882Y,60,828,768,v016
W882Y,0,321,321,v008
W882Y,0,828,828,v022
W882Y,0,828,828,v023
7P5R2,321,492,171,v012
7P5R2,43,386,343,v012
7P5R2,532,775,243,v012
7P5R2,348,585,237,v023
7P5R2,489,786,297,v031
7P5R2,38,398,360,v029
7P5R2,144,362,218,v007
7P5R2,328,460,132,v023
7P5R2,364,786,422,v008
7P5R2,400,786,386,v008
NLXQE,0,741,741,v008
NLXQE,0,741,741,v005
NLXQE,0,741,741,v008
NLXQE,230,741,511,v008
NLXQE,0,741,741,v019
NLXQE,434,669,235,v009
7FAB3,132,746,614,v023
7FAB3,31,196,165,v012
7FAB3,172,746,574,v016
7FAB3,172,746,574,v016
JG7UX,0,266,266,v028
JG7UX,0,456,456,v022
JG7UX,528,663,135,v012
JG7UX,0,88,88,v012
JG7UX,396,561,165,v016
JG7UX,254,516,262,v026
JG7UX,0,84,84,v012
JG7UX,249,388,139,v023
JG7UX,393,523,130,v025
JG7UX,223,439,216,v001
GFVSV,0,948,948,v021
GFVSV,112,948,836,v008
GFVSV,535,816,281,v012
GFVSV,0,120,120,v018
GFVSV,787,948,161,v001
GFVSV,496,674,178,v012
GFVSV,388,616,228,v016
GFVSV,93,441,348,v015
GFVSV,549,897,348,v031
GFVSV,345,508,163,v004
GFVSV,0,129,129,v018
GFVSV,132,285,153,v023
GFVSV,0,242,242,v008
BW03C,218,712,494,v008
BW03C,273,712,439,v031
BW03C,0,712,712,v018
BW03C,208,364,156,v023
BW03C,261,712,451,v031
BW03C,223,712,489,v008
BW03C,230,712,482,v008
IU2XH,0,516,516,v008
IU2XH,408,731,323,v008
IET7H,0,546,546,v008
IET7H,180,412,232,v012
IET7H,180,412,232,v012
IET7H,396,520,124,v001
IET7H,475,546,71,v016
IET7H,475,546,71,v025
IET7H,453,546,93,v025
IET7H,0,93,93,v029
IET7H,50,546,496,v007
7L18C,391,616,225,v008
7L18C,254,484,230,v023
7L18C,285,520,235,v018
7L18C,60,410,350,v008
7L18C,328,561,233,v016
7L18C,26,254,228,v014
7L18C,410,664,254,v014
7L18C,0,453,453,v010
7L18C,0,432,432,v031
7L18C,446,607,161,v022
7L18C,573,736,163,v029
OM66H,0,722,722,v031
OM66H,0,722,722,v018
OM66H,511,684,173,v020
OM66H,0,722,722,v018
VDK6L,0,735,735,v014
VDK6L,28,256,228,v008
VDK6L,21,136,115,v019
VDK6L,136,273,137,v016
WKDPZ,0,633,633,v008
WKDPZ,0,660,660,v018
WKDPZ,0,612,612,v031
WKDPZ,516,636,120,v016
WKDPZ,559,736,177,v022
WKDPZ,496,662,166,v016
I1CS8,554,719,165,v031
I1CS8,511,660,149,v022
I1CS8,0,719,719,v008
I1CS8,0,650,650,v014
I1CS8,0,643,643,v018
2FC4V,0,602,602,v008
2FC4V,0,252,252,v026
2FC4V,213,465,252,v009
2FC4V,441,681,240,v019
2FC4V,0,259,259,v026
2FC4V,660,828,168,v012
2FC4V,180,532,352,v020
YV521,0,247,247,v016
YV521,28,189,161,v032
YV521,288,645,357,v008
YV521,129,544,415,v031
YV521,216,415,199,v018
YV521,494,688,194,v016
YV521,0,573,573,v008
YV521,372,530,158,v001
YV521,0,67,67,v012
YV521,590,720,130,v020
YV521,494,672,178,v016
VN8SW,0,458,458,v014
VN8SW,405,780,375,v003
VN8SW,415,698,283,v026
VN8SW,0,386,386,v031
VN8SW,343,679,336,v026
B69CF,0,170,170,v021
B69CF,336,494,158,v001
B69CF,151,285,134,v022
B69CF,0,244,244,v010
B69CF,14,230,216,v000
KFGEF,513,686,173,v004
KFGEF,64,228,164,v004
KFGEF,0,151,151,v018
KFGEF,0,170,170,v014
KFGEF,110,516,406,v013
KFGEF,64,537,473,v008
KFGEF,50,187,137,v018
KFGEF,676,794,118,v019
KFGEF,403,547,144,v016
KFGEF,0,88,88,v023
KFGEF,55,156,101,v023
KFGEF,763,895,132,v022
KFGEF,0,866,866,v008
KFGEF,439,840,401,v014
KFGEF,439,789,350,v013
KFGEF,744,871,127,v016
G6LYD,225,338,113,v025
G6LYD,225,338,113,v025
G6LYD,309,439,130,v025
G6LYD,0,122,122,v001
G6LYD,187,482,295,v023
47532,417,566,149,v031
47532,0,124,124,v023
47532,7,508,501,v003
47532,420,568,148,v031
47532,568,705,137,v026
GEJPM,698,823,125,v001
GEJPM,292,403,111,v016
GEJPM,132,379,247,v008
GEJPM,396,513,117,v016
GEJPM,26,172,146,v012
GEJPM,552,672,120,v008
GEJPM,458,698,240,v016
GEJPM,76,232,156,v023
GEJPM,321,492,171,v023
GEJPM,108,412,304,v030
GEJPM,21,847,826,v026
GEJPM,108,408,300,v030
O5JIS,345,733,388,v008
O5JIS,201,348,147,v020
O5JIS,304,733,429,v008
O5JIS,561,715,154,v005
O5JIS,242,733,491,v008
O5JIS,242,733,491,v005
H1GWM,194,769,575,v008
H1GWM,163,297,134,v023
H1GWM,621,769,148,v026
H1GWM,328,470,142,v029
H1GWM,456,602,146,v019
H1GWM,0,189,189,v030
H1GWM,667,769,102,v026
3PTQK,439,595,156,v016
3PTQK,187,595,408,v008
3PTQK,314,463,149,v016
F9K8L,0,177,177,v008
F9K8L,69,710,641,v031
F9K8L,50,172,122,v016
F9K8L,160,338,178,v012
F9K8L,7,139,132,v017
F9K8L,40,172,132,v025
K9BLQ,180,338,158,v001
K9BLQ,12,156,144,v012
K9BLQ,0,271,271,v016
K9BLQ,0,653,653,v018
CPG4Y,0,124,124,v008
CPG4Y,28,172,144,v020
82B2V,168,336,168,v016
82B2V,290,734,444,v014
82B2V,290,734,444,v013
82B2V,216,408,192,v023
82B2V,0,734,734,v018
82B2V,0,643,643,v008
82B2V,240,734,494,v008
3CIVD,60,543,483,v008
3CIVD,355,506,151,v005
3CIVD,0,543,543,v021
3CIVD,0,543,543,v008
N5Z8Z,242,391,149,v008
N5Z8Z,220,405,185,v008
N5Z8Z,264,405,141,v023
N5Z8Z,223,558,335,v016
N5Z8Z,160,321,161,v023
N5Z8Z,192,444,252,v008
5GPOJ,225,345,120,v016
5GPOJ,0,312,312,v032
5GPOJ,0,606,606,v018
5GPOJ,0,338,338,v008
5GPOJ,0,328,328,v008
5GPOJ,312,606,294,v031
5GPOJ,204,324,120,v001
5GPOJ,230,352,122,v016
YTBQM,0,662,662,v004
YTBQM,0,652,652,v008
YTBQM,98,648,550,v002
O441U,0,508,508,v008
O441U,45,516,471,v016
O441U,288,645,357,v003
O441U,64,292,228,v016
O441U,271,434,163,v001
O441U,0,110,110,v007
O441U,374,513,139,v016
O441U,324,477,153,v023
O441U,0,158,158,v012
GGER2,242,763,521,v031
GGER2,254,763,509,v014
GGER2,0,794,794,v006
GGER2,199,794,595,v018
T6OAB,537,672,135,v027
T6OAB,504,624,120,v027
T6OAB,218,369,151,v001
T6OAB,0,139,139,v012
T6OAB,2,163,161,v031
INKPE,633,756,123,v016
INKPE,36,206,170,v002
INKPE,132,252,120,v008
INKPE,400,528,128,v016
INKPE,160,302,142,v023
80FWF,120,328,208,v008
80FWF,216,369,153,v016
80FWF,55,297,242,v023
80FWF,160,376,216,v026
80FWF,4,134,130,v027
80FWF,312,434,122,v027
ZJ54N,2,496,494,v008
ZJ54N,400,530,130,v016
ZJ54N,122,237,115,v008
ZJ54N,69,494,425,v005
ZJ54N,448,662,214,v028
ZJ54N,547,684,137,v025
ZJ54N,98,489,391,v023
ZJ54N,405,547,142,v016
ZJ54N,561,672,111,v016
ZJ54N,448,657,209,v008
ZJ54N,52,172,120,v012
D9DSH,0,734,734,v006
D9DSH,0,734,734,v008
D9DSH,0,624,624,v031
D9DSH,0,734,734,v008
24KQ5,0,273,273,v031
24KQ5,259,367,108,v029
PEIV4,319,1428,1109,v001
PEIV4,21,156,135,v023
PEIV4,1408,1543,135,v016
PEIV4,1408,1543,135,v016
PEIV4,28,1536,1508,v008
QSBXK,0,708,708,v008
QSBXK,0,708,708,v024
QSBXK,0,708,708,v008
QSBXK,324,470,146,v007
QSBXK,480,708,228,v007
UO607,33,182,149,v012
UO607,72,283,211,v012
UO607,477,616,139,v001
UO607,0,653,653,v008
UO607,129,427,298,v016
XB4HN,237,613,376,v008
XB4HN,350,613,263,v026
XB4HN,259,465,206,v028
XB4HN,300,613,313,v026
XB4HN,148,319,171,v001
XB4HN,0,278,278,v030
3P38N,552,664,112,v001
3P38N,112,268,156,v019
3P38N,333,441,108,v009
3P38N,0,821,821,v008
3P38N,0,648,648,v031
3P38N,552,696,144,v022
3P38N,0,648,648,v018
3P38N,108,568,460,v019
3P38N,9,187,178,v012
7326A,645,742,97,v018
7326A,518,742,224,v008
7326A,518,742,224,v014
7326A,26,742,716,v018
7326A,456,742,286,v013
7326A,0,722,722,v026
YNRI0,0,381,381,v018
YNRI0,0,376,376,v018
YNRI0,19,386,367,v004
YNRI0,288,472,184,v022
YNRI0,0,480,480,v018
YNRI0,422,518,96,v001
YNRI0,0,348,348,v008
BZ5AU,252,731,479,v019
BZ5AU,98,731,633,v026
BZ5AU,28,384,356,v003
BZ5AU,638,731,93,v019
BZ5AU,0,537,537,v031
BZ5AU,273,444,171,v006
BZ5AU,559,731,172,v009
6JB9M,528,724,196,v005
6JB9M,0,816,816,v008
6JB9M,465,684,219,v008
6JB9M,79,256,177,v014
857LD,369,499,130,v008
857LD,211,415,204,v001
DGPUE,324,525,201,v004
DGPUE,0,74,74,v008
DGPUE,0,752,752,v008
DGPUE,0,752,752,v019
DGPUE,0,752,752,v031
JXA4F,0,730,730,v008
JXA4F,0,730,730,v014
JXA4F,98,730,632,v013
JXA4F,451,730,279,v009
JXA4F,100,266,166,v019
JXA4F,506,657,151,v006
SW64W,153,333,180,v012
SW64W,367,636,269,v014
SW64W,0,345,345,v018
SW64W,0,684,684,v018
SW64W,0,160,160,v026
MY5CQ,0,192,192,v014
MY5CQ,91,259,168,v019
MY5CQ,0,324,324,v018
MY5CQ,0,715,715,v018
MY5CQ,360,755,395,v031
MY5CQ,336,470,134,v012
MY5CQ,372,755,383,v008
MY5CQ,276,417,141,v001
MY5CQ,12,755,743,v032
9Q1N7,463,736,273,v023
9Q1N7,180,420,240,v017
9Q1N7,117,283,166,v022
9Q1N7,302,453,151,v029
9Q1N7,0,280,280,v018
SHTQ9,45,261,216,v008
SHTQ9,264,420,156,v031
SHTQ9,36,276,240,v008
SHTQ9,112,321,209,v016
SHTQ9,0,134,134,v017
SHTQ9,278,490,212,v023
SHTQ9,0,372,372,v025
K1D2G,122,362,240,v026
K1D2G,345,475,130,v008
K1D2G,396,741,345,v030
K1D2G,0,100,100,v029
K1D2G,324,741,417,v026
K1D2G,204,403,199,v025
DQDJW,0,120,120,v008
DQDJW,518,756,238,v008
DQDJW,640,756,116,v032
DQDJW,0,127,127,v016
DQDJW,439,756,317,v023
DQDJW,175,381,206,v018
DQDJW,0,213,213,v016
DQDJW,0,86,86,v008
DQDJW,549,756,207,v031
DQDJW,511,756,245,v008
DQDJW,88,225,137,v018
DQDJW,556,717,161,v012
DQDJW,470,650,180,v023
8YKGP,856,967,111,v016
8YKGP,38,602,564,v002
8YKGP,652,844,192,v016
8YKGP,748,962,214,v026
MWZJY,96,216,120,v023
MWZJY,264,384,120,v001
MWZJY,216,336,120,v012
MWZJY,24,192,168,v017
MWZJY,218,386,168,v007
MWZJY,237,703,466,v029
D09K3,528,705,177,v012
D09K3,0,705,705,v008
D09K3,508,705,197,v029
D09K3,508,705,197,v007
UWRQV,7,733,726,v008
UWRQV,211,360,149,v014
UWRQV,343,535,192,v016
UWRQV,300,528,228,v023
UWRQV,633,733,100,v001
UWRQV,165,300,135,v012
UWRQV,168,300,132,v007
7UGF7,1017,1163,146,v022
7UGF7,324,734,410,v004
7UGF7,91,403,312,v000
7UGF7,336,741,405,v008
7UGF7,667,1154,487,v005
7UGF7,667,1048,381,v023
7UGF7,0,1118,1118,v018
7UGF7,808,950,142,v008
I8LEO,62,237,175,v012
I8LEO,230,492,262,v020
I8LEO,568,689,121,v026
E18UD,357,910,553,v005
E18UD,62,408,346,v015
E18UD,316,513,197,v023
E18UD,338,468,130,v008
E18UD,328,910,582,v031
E18UD,0,910,910,v018
HG00H,628,782,154,v008
HG00H,0,626,626,v003
HG00H,676,839,163,v013
HG00H,573,732,159,v023
OB7UK,420,624,204,v016
OB7UK,0,482,482,v014
OB7UK,336,451,115,v023
OB7UK,0,684,684,v008
X9ULK,403,633,230,v015
X9ULK,585,729,144,v007
X9ULK,388,631,243,v008
X9ULK,535,729,194,v023
X9ULK,115,448,333,v003
X9ULK,0,211,211,v026
X9ULK,681,729,48,v016
X9ULK,681,729,48,v031
X9ULK,681,729,48,v008
7EHQU,376,784,408,v004
7EHQU,211,379,168,v001
7EHQU,12,194,182,v008
7EHQU,288,513,225,v015
7EHQU,146,302,156,v012
7EHQU,0,208,208,v016
7EHQU,0,208,208,v016
7EHQU,204,810,606,v008
7EHQU,0,165,165,v008
7EHQU,204,372,168,v023
7EHQU,204,810,606,v016
VEKTO,0,180,180,v008
VEKTO,21,175,154,v016
VEKTO,0,701,701,v008
VEKTO,0,168,168,v016
VEKTO,96,240,144,v023
VEKTO,136,701,565,v030
VEKTO,112,701,589,v008
L1S6P,372,691,319,v008
L1S6P,343,482,139,v008
L1S6P,103,324,221,v008
L1S6P,242,439,197,v016
L1S6P,0,156,156,v017
L1S6P,372,535,163,v023
L1S6P,67,280,213,v023
L1S6P,153,345,192,v012
L1S6P,48,278,230,v023
L1S6P,163,456,293,v005
L1S6P,242,439,197,v016
GKBX9,216,451,235,v004
GKBX9,0,288,288,v002
GKBX9,0,74,74,v014
GU43L,0,153,153,v008
GU43L,357,504,147,v018
GU43L,228,513,285,v026
GU43L,400,706,306,v018
GU43L,0,158,158,v028
GU43L,0,170,170,v008
1LKPL,0,148,148,v013
1LKPL,0,807,807,v008
1LKPL,0,807,807,v022
1LKPL,160,463,303,v016
1LKPL,12,295,283,v013
1LKPL,0,807,807,v014
1LKPL,33,196,163,v016
1LKPL,278,434,156,v016
1LKPL,278,434,156,v023
ZCZ3X,72,326,254,v008
ZCZ3X,458,732,274,v031
ZCZ3X,24,312,288,v030
SKUOZ,0,220,220,v030
SKUOZ,0,220,220,v019
KNGUT,0,731,731,v008
KNGUT,0,120,120,v012
KNGUT,576,731,155,v005
KNGUT,55,172,117,v008
KNGUT,0,731,731,v018
5GWS2,530,759,229,v031
5GWS2,604,759,155,v006
5GWS2,456,626,170,v001
5GWS2,0,381,381,v008
5GWS2,460,590,130,v016
5GWS2,0,388,388,v031
5GWS2,0,759,759,v018
1WWJZ,616,938,322,v030
1WWJZ,237,405,168,v001
1WWJZ,12,194,182,v012
1WWJZ,196,405,209,v016
1WWJZ,232,376,144,v004
1WWJZ,168,417,249,v023
IBRFM,0,240,240,v018
IBRFM,0,409,409,v008
IBRFM,151,288,137,v022
IBRFM,0,240,240,v018
IBRFM,0,409,409,v031
IBRFM,324,409,85,v007
0G2SC,379,556,177,v016
0G2SC,0,412,412,v009
0G2SC,590,739,149,v019
0G2SC,420,664,244,v016
0G2SC,292,542,250,v008
0G2SC,228,451,223,v029
0G2SC,446,571,125,v012
0G2SC,427,549,122,v016
O283L,0,513,513,v005
O283L,396,652,256,v004
O283L,465,652,187,v016
O283L,0,489,489,v005
O283L,537,720,183,v016
O283L,0,724,724,v018
O283L,129,319,190,v020
O283L,408,602,194,v008
O283L,381,544,163,v023
O283L,0,698,698,v008
O283L,0,724,724,v018
O283L,494,652,158,v016
O283L,328,532,204,v023
O283L,472,612,140,v008
O283L,309,506,197,v023
MYZLT,14,919,905,v008
MYZLT,823,943,120,v008
MYZLT,804,928,124,v023
MYZLT,4,955,951,v008
MYZLT,4,909,905,v014
IC4D5,434,607,173,v028
69GFN,38,297,259,v031
69GFN,98,468,370,v028
69GFN,201,374,173,v028
69GFN,348,727,379,v018
69GFN,151,376,225,v031
69GFN,117,235,118,v016
5Y3VW,0,336,336,v008
5Y3VW,72,223,151,v022
5Y3VW,81,338,257,v026
5Y3VW,192,343,151,v016
5Y3VW,345,472,127,v008
5Y3VW,290,444,154,v012
98KNP,0,345,345,v018
98KNP,0,168,168,v018
98KNP,525,665,140,v022
GADDK,43,452,409,v008
GADDK,67,452,385,v008
GADDK,50,452,402,v008
GADDK,50,452,402,v008
GADDK,50,452,402,v014
8Y4YD,432,742,310,v008
8Y4YD,0,434,434,v029
8Y4YD,477,742,265,v018
8Y4YD,424,742,318,v013
8Y4YD,532,742,210,v019
1YSGI,124,566,442,v016
1YSGI,0,595,595,v008
1YSGI,420,612,192,v016
1YSGI,98,482,384,v023
1YSGI,0,228,228,v029
1YSGI,108,453,345,v016
DA7E9,225,376,151,v023
DA7E9,261,619,358,v031
DA7E9,28,316,288,v002
DA7E9,0,328,328,v008
DA7E9,225,669,444,v023
DA7E9,225,669,444,v008
DA7E9,225,669,444,v012
DA7E9,225,669,444,v001
DA7E9,523,681,158,v016
GOK03,240,420,180,v016
GOK03,703,944,241,v008
GOK03,655,806,151,v023
8BA61,463,732,269,v005
8BA61,50,506,456,v010
8BA61,463,732,269,v005
8BA61,636,768,132,v022
8BA61,40,151,111,v008
8BA61,458,727,269,v023
8BA61,103,511,408,v021
8BA61,0,170,170,v018
8BA61,484,727,243,v008
8BA61,602,727,125,v016
Y6419,206,326,120,v008
Y6419,0,595,595,v016
Y6419,0,595,595,v023
Y6419,544,669,125,v030
MZGMN,0,187,187,v012
MZGMN,0,367,367,v018
MZGMN,307,472,165,v026
MZGMN,132,328,196,v025
MZGMN,453,618,165,v001
MZGMN,302,547,245,v008
MZGMN,206,336,130,v001
MZGMN,432,578,146,v029
MZGMN,141,276,135,v016
3YVPG,528,696,168,v021
3YVPG,288,987,699,v008
3YVPG,432,768,336,v020
3YVPG,0,62,62,v016
3YVPG,768,936,168,v010
3YVPG,465,612,147,v016
3YVPG,732,856,124,v018
3YVPG,614,768,154,v016
3YVPG,732,861,129,v018
3YVPG,204,439,235,v015
3YVPG,158,348,190,v023
3YVPG,564,715,151,v023
3YVPG,0,986,986,v022
3YVPG,578,784,206,v008
3YVPG,681,828,147,v026
3YVPG,376,547,171,v004
3YVPG,638,753,115,v025
JO8M2,0,115,115,v031
JO8M2,0,424,424,v003
JO8M2,0,424,424,v026
JL6MG,614,957,343,v005
JL6MG,585,868,283,v005
JL6MG,386,957,571,v018
JL6MG,223,568,345,v023
JL6MG,362,564,202,v016
JL6MG,357,530,173,v018
JL6MG,396,957,561,v018
JL6MG,919,957,38,v023
JL6MG,919,957,38,v008
JL6MG,919,957,38,v023
JL6MG,919,957,38,v016
JL6MG,919,957,38,v016
JL6MG,0,225,225,v015
JL6MG,213,496,283,v008
JL6MG,242,516,274,v004
JL6MG,580,782,202,v008
JL6MG,9,892,883,v023
JL6MG,0,849,849,v008
JL6MG,0,957,957,v013
JL6MG,0,957,957,v016
NNZON,189,426,237,v020
NNZON,218,426,208,v019
NNZON,0,81,81,v018
NNZON,0,199,199,v018
NNZON,225,426,201,v009
M8NZA,72,757,685,v022
M8NZA,153,756,603,v026
M8NZA,31,194,163,v022
M8NZA,208,757,549,v016
M8NZA,208,757,549,v023
M8NZA,117,249,132,v012
M8NZA,213,588,375,v008
M8NZA,648,757,109,v001
SFK5D,0,403,403,v030
SFK5D,74,352,278,v020
SFK5D,247,360,113,v023
SFK5D,247,403,156,v008
SFK5D,0,403,403,v022
43OGO,0,345,345,v032
43OGO,434,752,318,v016
43OGO,384,752,368,v018
43OGO,0,458,458,v018
CC87Z,180,434,254,v001
CC87Z,100,302,202,v012
CC87Z,326,724,398,v008
CC87Z,158,336,178,v029
CC87Z,194,391,197,v007
CC87Z,422,748,326,v017
CC87Z,326,748,422,v023
LFC6D,324,484,160,v016
LFC6D,0,494,494,v018
LFC6D,645,746,101,v031
LFC6D,456,636,180,v020
LFC6D,376,513,137,v022
LFC6D,484,633,149,v019
LFC6D,532,655,123,v029
LFC6D,686,746,60,v030
LFC6D,0,494,494,v018
LFC6D,391,518,127,v018
TU4IL,0,743,743,v008
TU4IL,0,743,743,v024
RDUOV,223,381,158,v016
RDUOV,722,794,72,v016
RDUOV,352,794,442,v008
RDUOV,554,684,130,v029
RDUOV,662,787,125,v016
RDUOV,364,489,125,v008
RDUOV,326,619,293,v026
RDUOV,326,612,286,v023
RDUOV,0,374,374,v008
3JJ7C,146,268,122,v012
3JJ7C,0,237,237,v026
3JJ7C,160,424,264,v031
3JJ7C,580,761,181,v016
3JJ7C,352,465,113,v001
6SY30,0,134,134,v026
6SY30,220,715,495,v030
6SY30,0,715,715,v008
BKXN4,153,633,480,v003
BKXN4,16,220,204,v014
BKXN4,595,753,158,v023
BKXN4,153,636,483,v003
BKXN4,9,292,283,v018
BKXN4,144,568,424,v023
BKXN4,571,753,182,v008
BKXN4,616,753,137,v025
BKXN4,537,693,156,v022
BKXN4,4,645,641,v018
BKXN4,307,633,326,v016
BKXN4,700,753,53,v012
BKXN4,621,753,132,v008
D3KN2,48,216,168,v023
D3KN2,0,72,72,v017
D3KN2,0,96,96,v020
D3KN2,312,528,216,v003
D3KN2,124,240,116,v012
D3KN2,127,547,420,v031
D3KN2,168,307,139,v029
D3KN2,52,547,495,v008
D3KN2,45,168,123,v023
WJQPA,417,744,327,v016
WJQPA,230,412,182,v012
WJQPA,614,790,176,v001
WJQPA,408,698,290,v016
WJQPA,412,790,378,v026
N9TRF,314,444,130,v016
N9TRF,86,355,269,v028
N9TRF,307,439,132,v016
N9TRF,494,621,127,v022
N9TRF,300,444,144,v008
N9TRF,182,345,163,v016
N9TRF,62,592,530,v018
N9TRF,336,571,235,v006
N9TRF,72,604,532,v018
N9TRF,36,172,136,v018
Z9WWJ,105,579,474,v031
Z9WWJ,0,165,165,v008
Z9WWJ,0,180,180,v017
Z9WWJ,79,177,98,v025
Z9WWJ,79,177,98,v016
JY0I5,108,240,132,v016
JY0I5,67,216,149,v023
JY0I5,244,339,95,v026
JY0I5,139,309,170,v030
JY0I5,252,339,87,v026
JY0I5,127,326,199,v008
JY0I5,0,100,100,v031
S6N22,343,592,249,v008
S6N22,206,340,134,v030
S6N22,148,300,152,v023
S6N22,16,352,336,v026
S6N22,105,259,154,v016
S6N22,391,592,201,v016
ITJIY,0,309,309,v018
ITJIY,319,446,127,v012
ITJIY,0,316,316,v018
ITJIY,0,290,290,v005
ITJIY,213,343,130,v022
ITJIY,0,79,79,v016
ITJIY,0,64,64,v023
OX3BI,182,300,118,v016
OX3BI,196,304,108,v016
OX3BI,72,292,220,v008
OX3BI,112,235,123,v027
7D99X,0,702,702,v005
7D99X,0,702,702,v008
7D99X,0,702,702,v005
7D99X,0,702,702,v008
7D99X,432,702,270,v016
7D99X,0,360,360,v008
7D99X,187,405,218,v016
7D99X,552,702,150,v023
SM1QV,0,746,746,v031
SM1QV,0,746,746,v030
SM1QV,216,336,120,v020
SM1QV,288,393,105,v020
0SBT3,36,151,115,v008
0SBT3,43,151,108,v012
0SBT3,0,151,151,v018
0SBT3,0,151,151,v008
0SBT3,0,151,151,v005
0SBT3,0,122,122,v005
0SBT3,19,127,108,v016
0SBT3,55,151,96,v031
0SBT3,0,86,86,v023
0SBT3,38,144,106,v023
DML20,0,153,153,v028
DML20,134,350,216,v018
DML20,168,664,496,v018
D260T,52,172,120,v025
D260T,14,300,286,v026
D260T,218,376,158,v020
D260T,98,218,120,v016
D260T,0,738,738,v008
D260T,19,300,281,v026
B6487,343,559,216,v015
B6487,60,177,117,v001
B6487,0,103,103,v012
B6487,208,333,125,v016
B6487,0,839,839,v023
B6487,0,839,839,v016
PNA9N,0,638,638,v008
PNA9N,0,664,664,v031
DVPL2,319,499,180,v004
DVPL2,0,79,79,v008
DVPL2,429,564,135,v020
DVPL2,96,252,156,v012
DVPL2,213,333,120,v001
DVPL2,9,144,135,v029
ZY2B1,372,535,163,v016
ZY2B1,398,597,199,v001
ZY2B1,398,592,194,v025
ZY2B1,26,506,480,v026
ZY2B1,129,249,120,v023
ZY2B1,0,223,223,v008
ZY2B1,417,561,144,v007
ZY2B1,360,482,122,v016
ZY2B1,376,494,118,v025
CICFF,177,1105,928,v008
CICFF,168,1105,937,v014
CICFF,134,379,245,v023
CICFF,0,153,153,v029
CICFF,583,1105,522,v013
6C4DV,4,175,171,v016
6C4DV,4,175,171,v016
6C4DV,0,110,110,v017
6C4DV,117,451,334,v008
6C4DV,28,170,142,v023
6C4DV,199,374,175,v013
6C4DV,0,93,93,v029
6C4DV,12,168,156,v026
6C4DV,120,492,372,v014
6C4DV,12,196,184,v023
M8CDW,0,788,788,v024
M8CDW,0,788,788,v018
PNCWY,180,487,307,v008
PNCWY,0,271,271,v003
PNCWY,204,326,122,v022
PNCWY,247,487,240,v023
PNCWY,0,103,103,v023
NP0OB,31,336,305,v031
NP0OB,62,432,370,v008
NP0OB,62,309,247,v019
NP0OB,283,446,163,v020
9OIS0,139,307,168,v007
9OIS0,0,633,633,v008
9OIS0,132,633,501,v016
9OIS0,110,633,523,v016
9OIS0,199,348,149,v029
F4TXY,117,266,149,v008
F4TXY,168,703,535,v005
F4TXY,93,783,690,v008
F4TXY,681,783,102,v016
F4TXY,640,783,143,v016
F4TXY,76,321,245,v023
IGT82,60,309,249,v016
IGT82,0,165,165,v029
IGT82,520,715,195,v017
IGT82,2,187,185,v012
IGT82,31,216,185,v023
IGT82,33,158,125,v012
IGT82,120,715,595,v008
7DZY6,580,717,137,v008
7DZY6,504,747,243,v023
7DZY6,146,398,252,v008
7DZY6,100,256,156,v023
7DZY6,0,194,194,v010
7DZY6,307,448,141,v029
7DZY6,100,405,305,v018
55MRE,0,98,98,v005
55MRE,0,76,76,v025
55MRE,0,88,88,v025
55MRE,0,506,506,v008
55MRE,88,223,135,v008
55MRE,163,336,173,v008
55MRE,88,237,149,v023
55MRE,153,364,211,v023
UKLGU,0,875,875,v008
UKLGU,806,875,69,v019
UKLGU,0,590,590,v021
3C9R2,0,732,732,v018
3C9R2,0,732,732,v031
3C9R2,420,561,141,v019
3C9R2,0,732,732,v018
3C9R2,388,561,173,v009
KGU21,0,765,765,v031
KGU21,0,765,765,v005
KGU21,0,765,765,v008
KGU21,0,765,765,v008
KGU21,292,556,264,v009
KGU21,86,657,571,v005
KGU21,105,259,154,v016
KGU21,652,765,113,v016
KGU21,2,240,238,v008
KGU21,645,765,120,v016
KGU21,0,765,765,v008
9YI82,544,660,116,v016
9YI82,7,523,516,v019
9YI82,295,518,223,v031
9YI82,0,729,729,v019
9YI82,453,626,173,v009
9YI82,453,592,139,v001
9YI82,535,674,139,v016
9YI82,0,648,648,v008
DJG7A,333,739,406,v008
DJG7A,372,708,336,v026
DJG7A,45,285,240,v016
DJG7A,244,727,483,v026
LITXP,0,150,150,v020
LITXP,0,150,150,v008
LITXP,9,144,135,v029
EI1W1,0,147,147,v007
EI1W1,0,147,147,v003
GIC6A,0,184,184,v008
GIC6A,158,406,248,v008
GIC6A,172,314,142,v023
GIC6A,0,64,64,v029
GIC6A,0,268,268,v005
EDBSA,151,714,563,v018
EDBSA,156,714,558,v008
EDBSA,170,714,544,v021
EDBSA,136,324,188,v023
EDBSA,144,333,189,v018
LUZNA,640,752,112,v016
LUZNA,496,752,256,v008
LUZNA,487,703,216,v013
TNG97,302,552,250,v029
TNG97,528,721,193,v004
TNG97,0,721,721,v008
3GY40,177,376,199,v025
3GY40,276,513,237,v018
3GY40,403,592,189,v023
3GY40,228,738,510,v018
3GY40,494,738,244,v009
3GY40,144,264,120,v020
3GY40,360,504,144,v018
3GY40,144,280,136,v029
3GY40,110,307,197,v008
3GY40,26,194,168,v008
JXNEN,290,619,329,v008
JXNEN,266,580,314,v005
JXNEN,244,480,236,v018
JXNEN,0,619,619,v032
JXNEN,249,424,175,v005
JXNEN,372,619,247,v009
JXNEN,372,619,247,v018
JXNEN,288,619,331,v008
JXNEN,0,619,619,v018
JXNEN,513,619,106,v019
JXNEN,240,362,122,v029
3OQ8M,60,266,206,v025
3OQ8M,429,605,176,v019
3OQ8M,417,595,178,v022
3OQ8M,213,568,355,v010
3OQ8M,168,300,132,v018
3OQ8M,314,427,113,v012
3OQ8M,175,314,139,v022
3OQ8M,228,374,146,v010
3OQ8M,0,254,254,v008
3OQ8M,410,530,120,v001
3OQ8M,67,264,197,v025
3OQ8M,312,436,124,v007
WEIS2,60,496,436,v014
WEIS2,528,737,209,v019
WEIS2,338,489,151,v022
WEIS2,542,737,195,v031
WEIS2,376,501,125,v019
WEIS2,0,446,446,v018
WEIS2,0,482,482,v008
WEIS2,360,624,264,v006
EY6P4,0,76,76,v008
EY6P4,0,69,69,v007
EY6P4,0,69,69,v012
EY6P4,12,168,156,v012
EY6P4,115,264,149,v031
EY6P4,187,338,151,v031
3EDV7,62,249,187,v030
3EDV7,127,321,194,v021
3EDV7,7,391,384,v016
3EDV7,184,727,543,v008
TVBN3,129,537,408,v004
TVBN3,693,757,64,v024
TVBN3,45,192,147,v029
TVBN3,50,757,707,v008
TVBN3,489,757,268,v014
TVBN3,470,609,139,v023
TVBN3,496,757,261,v008
TVBN3,72,757,685,v008
W98IU,564,727,163,v018
W98IU,0,321,321,v031
W98IU,0,364,364,v019
W98IU,540,688,148,v018
W98IU,388,513,125,v026
S4EEQ,105,280,175,v028
S4EEQ,168,434,266,v012
S4EEQ,302,559,257,v023
S4EEQ,105,343,238,v012
S4EEQ,14,196,182,v001
S4EEQ,288,434,146,v001
S4EEQ,573,780,207,v012
S4EEQ,633,788,155,v029
S4EEQ,487,788,301,v016
FQDS1,184,453,269,v008
FQDS1,0,220,220,v008
FQDS1,117,240,123,v016
FQDS1,0,206,206,v031
FQDS1,187,470,283,v026
FQDS1,532,669,137,v029
P81OP,144,528,384,v010
P81OP,216,696,480,v008
P81OP,456,624,168,v000
P81OP,552,672,120,v022
P81OP,400,674,274,v000
P81OP,225,549,324,v031
P81OP,708,865,157,v019
EBJN1,0,832,832,v008
EBJN1,52,832,780,v004
EBJN1,0,832,832,v008
EBJN1,496,832,336,v031
EBJN1,0,832,832,v008
LE5F4,103,556,453,v008
LE5F4,297,448,151,v006
LE5F4,0,175,175,v022
LE5F4,64,542,478,v014
LE5F4,0,148,148,v023
IJ01G,122,778,656,v018
IJ01G,21,134,113,v001
IJ01G,38,778,740,v031
IJ01G,0,129,129,v029
IJ01G,0,129,129,v007
IJ01G,72,778,706,v031
IJ01G,151,778,627,v010
IJ01G,0,129,129,v012
7U9EW,472,588,116,v023
7U9EW,367,681,314,v005
7U9EW,127,256,129,v008
7U9EW,468,758,290,v008
7U9EW,290,439,149,v029
NJCDX,0,336,336,v007
NJCDX,0,735,735,v004
NJCDX,537,735,198,v001
NJCDX,98,316,218,v012
NJCDX,312,600,288,v023
NJCDX,309,609,300,v023
NJCDX,0,735,735,v008
NJCDX,0,735,735,v008
0VMUZ,252,400,148,v008
0VMUZ,254,643,389,v031
0VMUZ,0,304,304,v030
0VMUZ,0,302,302,v026
0VMUZ,232,643,411,v023
0VMUZ,0,328,328,v016
FVJ9V,288,729,441,v001
5DRVF,225,448,223,v020
5DRVF,0,340,340,v015
5DRVF,398,660,262,v018
5DRVF,292,516,224,v009
5DRVF,0,393,393,v031
5DRVF,405,660,255,v018
5DRVF,542,674,132,v022
5DRVF,631,751,120,v029
5DRVF,0,345,345,v008
5DRVF,319,506,187,v019
5DRVF,0,513,513,v022
RXED2,0,751,751,v032
RXED2,264,398,134,v020
RXED2,0,751,751,v008
RXED2,0,751,751,v018
RXED2,0,751,751,v031
RXED2,0,751,751,v008
8FP8X,417,698,281,v008
8FP8X,91,314,223,v008
8FP8X,259,460,201,v016
8FP8X,271,463,192,v025
8FP8X,271,470,199,v016
8FP8X,422,588,166,v023
8FP8X,0,408,408,v008
8FP8X,0,374,374,v030
8FP8X,276,408,132,v016
8FP8X,0,372,372,v030
RGE8C,228,564,336,v016
RGE8C,393,693,300,v003
RGE8C,273,410,137,v008
RGE8C,288,412,124,v008
RGE8C,105,235,130,v008
RGE8C,0,213,213,v028
RGE8C,266,410,144,v023
RGE8C,220,520,300,v030
RGE8C,0,718,718,v023
RGE8C,0,718,718,v019
G2UYF,0,399,399,v008
G2UYF,0,98,98,v012
G2UYF,0,399,399,v008
G2UYF,0,399,399,v018
61XR6,530,808,278,v022
61XR6,556,777,221,v006
61XR6,556,775,219,v027
61XR6,117,475,358,v016
61XR6,110,463,353,v023
61XR6,288,427,139,v001
61XR6,81,213,132,v016
61XR6,0,112,112,v012
61XR6,28,172,144,v023
61XR6,532,808,276,v022
61XR6,72,372,300,v008
Q07NE,129,268,139,v008
Q07NE,33,163,130,v018
Q07NE,0,132,132,v014
Q07NE,372,544,172,v012
Q07NE,372,544,172,v012
Q07NE,170,338,168,v008
Q07NE,108,249,141,v023
Q07NE,528,710,182,v029
Q07NE,91,235,144,v023
Q07NE,0,139,139,v018
Q07NE,0,136,136,v018
Q07NE,28,165,137,v022
Q07NE,372,508,136,v007
1ELWC,38,225,187,v001
1ELWC,26,228,202,v001
1ELWC,60,628,568,v008
1ELWC,0,112,112,v012
1ELWC,535,656,121,v017
0D5JP,494,728,234,v031
0D5JP,72,427,355,v004
0D5JP,333,728,395,v008
0D5JP,0,189,189,v017
CA5OI,24,175,151,v012
CA5OI,196,728,532,v026
CA5OI,72,728,656,v008
CA5OI,398,728,330,v030
CA5OI,242,728,486,v031
CA5OI,213,336,123,v008
CA5OI,21,194,173,v029
K7X5G,585,772,187,v001
K7X5G,688,783,95,v022
K7X5G,7,139,132,v018
K7X5G,43,783,740,v018
K7X5G,98,696,598,v014
CHBAS,396,602,206,v001
CHBAS,153,316,163,v025
CHBAS,0,177,177,v028
CHBAS,0,117,117,v022
DXVRB,0,607,607,v008
DXVRB,0,607,607,v008
DXVRB,0,607,607,v008
DXVRB,0,607,607,v021
T6BS9,91,237,146,v012
T6BS9,112,268,156,v025
T6BS9,91,249,158,v001
T6BS9,0,235,235,v008
T6BS9,175,300,125,v001
T6BS9,108,261,153,v012
T6BS9,0,96,96,v029
91YZH,0,765,765,v008
91YZH,98,780,682,v016
91YZH,151,789,638,v016
91YZH,676,797,121,v022
91YZH,134,254,120,v023
91YZH,199,314,115,v023
91YZH,252,381,129,v023
91YZH,62,266,204,v019
91YZH,0,741,741,v008
91YZH,67,204,137,v012
MMFXQ,0,369,369,v008
MMFXQ,26,153,127,v020
MMFXQ,103,225,122,v016
MMFXQ,0,362,362,v016
MMFXQ,0,362,362,v026
XRLG6,0,743,743,v010
WF7TY,86,288,202,v028
WF7TY,261,468,207,v008
WF7TY,86,189,103,v022
WF7TY,259,473,214,v008
WF7TY,208,473,265,v023
PW6CO,0,518,518,v010
PW6CO,429,681,252,v000
PW6CO,489,681,192,v019
GWUM6,26,237,211,v012
GWUM6,96,254,158,v016
GWUM6,218,769,551,v018
GWUM6,199,336,137,v018
GWUM6,676,769,93,v022
GWUM6,48,254,206,v007
GWUM6,0,242,242,v008
GWUM6,52,235,183,v012
YYGJV,69,309,240,v026
YYGJV,67,280,213,v023
YYGJV,0,309,309,v008
YYGJV,0,309,309,v029
YYGJV,122,292,170,v008
YYGJV,0,160,160,v008
IJT65,132,422,290,v008
IJT65,120,266,146,v008
IJT65,122,451,329,v016
IJT65,216,398,182,v020
DECCY,405,781,376,v018
DECCY,158,781,623,v008
DECCY,88,264,176,v012
DECCY,76,259,183,v023
DECCY,451,781,330,v031
DECCY,374,556,182,v018
DECCY,463,781,318,v032
DECCY,93,588,495,v023
I16D7,100,228,128,v016
I16D7,100,230,130,v016
I16D7,134,233,99,v017
I16D7,0,233,233,v031
I16D7,100,223,123,v016
V70F7,0,525,525,v008
V70F7,372,544,172,v007
V70F7,91,290,199,v006
V70F7,429,614,185,v001
V70F7,314,453,139,v012
V70F7,338,764,426,v001
ZSL58,0,744,744,v001
ZSL58,0,434,434,v019
ZSL58,0,316,316,v009
ZSL58,0,434,434,v031
ZSL58,405,729,324,v001
AMLI4,444,633,189,v015
AMLI4,614,735,121,v004
AMLI4,540,698,158,v016
AMLI4,602,735,133,v008
AMLI4,621,735,114,v023
AMLI4,0,434,434,v031
AMLI4,525,691,166,v020
CRNL5,446,721,275,v016
CRNL5,489,721,232,v016
CRNL5,484,721,237,v028
P981O,0,525,525,v031
P981O,511,746,235,v001
P981O,40,614,574,v006
KKX90,328,725,397,v008
KKX90,0,424,424,v008
KKX90,0,424,424,v026
KKX90,398,607,209,v031
KKX90,120,422,302,v026
0OSJY,0,326,326,v008
0OSJY,206,352,146,v016
0OSJY,244,662,418,v007
0OSJY,0,324,324,v018
0OSJY,211,376,165,v017
0OSJY,216,350,134,v022
LVTRJ,727,907,180,v005
LVTRJ,811,1017,206,v004
LVTRJ,0,225,225,v016
LVTRJ,693,871,178,v005
LVTRJ,422,554,132,v016
LVTRJ,100,554,454,v030
LVTRJ,722,1021,299,v008
LVTRJ,571,763,192,v023
LVTRJ,600,1021,421,v008
LVTRJ,580,712,132,v023
IM2WK,38,240,202,v008
IM2WK,112,268,156,v016
IM2WK,247,728,481,v010
IM2WK,108,266,158,v016
IM2WK,105,273,168,v025
013SD,0,136,136,v008
013SD,0,103,103,v016
013SD,139,226,87,v027
013SD,93,208,115,v029
YRX5H,0,686,686,v008
YRX5H,650,890,240,v023
YRX5H,36,158,122,v012
YRX5H,655,840,185,v008
YRX5H,285,477,192,v005
YRX5H,355,520,165,v001
YRX5H,0,103,103,v008
YRX5H,876,925,49,v016
YRX5H,876,925,49,v029
YRX5H,876,925,49,v012
YRX5H,876,925,49,v016
GPSIM,26,326,300,v018
GPSIM,139,525,386,v008
GPSIM,225,640,415,v008
GPSIM,386,763,377,v018
GPSIM,0,345,345,v023
GPSIM,33,345,312,v023
GPSIM,439,708,269,v031
GPSIM,441,715,274,v005
GPSIM,55,184,129,v016
GPSIM,132,252,120,v001
GPSIM,429,715,286,v018
GPSIM,96,225,129,v012
MWC7V,0,576,576,v018
MWC7V,0,112,112,v014
MWC7V,28,187,159,v008
QFDVO,0,683,683,v008
QFDVO,0,683,683,v008
QFDVO,0,683,683,v009
QFDVO,0,683,683,v019
QFDVO,0,683,683,v008
WNW0S,0,283,283,v008
WNW0S,0,280,280,v017
WNW0S,259,405,146,v018
WNW0S,316,760,444,v010
WNW0S,0,760,760,v019
WNW0S,278,393,115,v018
WNW0S,24,760,736,v009
WNW0S,712,760,48,v010
WNW0S,712,760,48,v019
WNW0S,712,760,48,v009
DINJ4,0,719,719,v008
DINJ4,432,719,287,v008
DINJ4,410,552,142,v023
BJXRT,770,842,72,v018
BJXRT,36,842,806,v008
BJXRT,717,842,125,v018
BJXRT,98,225,127,v029
BJXRT,141,271,130,v029
BJXRT,398,583,185,v023
BJXRT,184,309,125,v027
BJXRT,0,170,170,v023
BJXRT,28,388,360,v021
BJXRT,0,216,216,v023
Q2Z3E,0,645,645,v008
Q2Z3E,0,218,218,v026
Q2Z3E,88,652,564,v031
XR54W,0,773,773,v008
XR54W,0,194,194,v023
XR54W,192,439,247,v009
XR54W,211,657,446,v019
DQ0EE,288,408,120,v000
DQ0EE,48,360,312,v021
DQ0EE,0,360,360,v010
DQ0EE,0,144,144,v013
DQ0EE,0,600,600,v008
DQ0EE,297,600,303,v000
DQ0EE,357,600,243,v022
DQ0EE,0,600,600,v014
DQ0EE,0,405,405,v010
E16EO,55,688,633,v026
E16EO,50,662,612,v008
CJHFD,0,141,141,v008
CJHFD,446,698,252,v020
CJHFD,0,779,779,v008
CJHFD,256,779,523,v008
CJHFD,684,779,95,v016
GYB9U,50,749,699,v031
GYB9U,0,749,749,v010
GYB9U,0,749,749,v008
GYB9U,0,134,134,v014
GYB9U,187,604,417,v014
GYB9U,0,156,156,v008
R5L98,381,643,262,v001
R5L98,554,696,142,v012
R5L98,583,720,137,v029
R5L98,38,192,154,v007
R5L98,88,304,216,v026
PE4BQ,165,739,574,v031
PE4BQ,0,151,151,v016
PE4BQ,0,151,151,v016
PE4BQ,0,151,151,v016
0JQ26,0,456,456,v008
0JQ26,60,456,396,v015
0JQ26,0,456,456,v018
U4W3C,57,456,399,v026
U4W3C,0,110,110,v001
U4W3C,415,683,268,v031
U4W3C,273,408,135,v012
U4W3C,408,683,275,v008
U4W3C,0,120,120,v018
U4W3C,16,345,329,v016
U4W3C,398,683,285,v018
U4W3C,0,683,683,v023
U4W3C,24,422,398,v026
U4W3C,429,683,254,v012
U4W3C,0,110,110,v016
U4W3C,33,432,399,v026
Q4TKG,31,244,213,v008
Q4TKG,151,264,113,v016
Q4TKG,0,117,117,v023
Q4TKG,148,256,108,v025
Q4TKG,0,784,784,v018
Q4TKG,182,784,602,v008
ABFGZ,0,457,457,v008
ABFGZ,60,410,350,v009
ABFGZ,0,457,457,v008
ABFGZ,52,398,346,v019
3X6SI,9,292,283,v026
3X6SI,232,384,152,v018
3X6SI,256,369,113,v018
3X6SI,9,304,295,v026
3X6SI,55,302,247,v031
WWHLD,0,658,658,v008
WWHLD,0,658,658,v008
WWHLD,0,658,658,v026
WWHLD,0,658,658,v026
1ECM2,0,187,187,v008
1ECM2,189,331,142,v016
1ECM2,26,165,139,v029
1ECM2,81,211,130,v016
1ECM2,2,285,283,v005
1ECM2,0,326,326,v008
SSUZA,211,477,266,v012
SSUZA,208,496,288,v031
RBCU4,708,890,182,v008
RBCU4,640,890,250,v023
RBCU4,494,652,158,v008
RBCU4,427,585,158,v023
RBCU4,544,667,123,v022
RBCU4,597,866,269,v019
RBCU4,0,552,552,v009
3LM6H,278,547,269,v008
3LM6H,463,672,209,v008
3LM6H,86,324,238,v028
3LM6H,264,487,223,v028
3LM6H,228,429,201,v019
3LM6H,0,487,487,v025
3LM6H,501,708,207,v023
B6ZIW,355,805,450,v008
B6ZIW,343,492,149,v023
B6ZIW,396,556,160,v031
B6ZIW,0,326,326,v023
B6ZIW,0,350,350,v025
B6ZIW,0,362,362,v025
B6ZIW,40,213,173,v008
B6ZIW,81,213,132,v025
7L2RT,76,195,119,v025
7L2RT,0,195,195,v018
7L2RT,74,192,118,v025
YXI7M,72,991,919,v008
YXI7M,28,160,132,v029
U3ANG,9,273,264,v012
U3ANG,616,854,238,v016
U3ANG,607,864,257,v016
U3ANG,187,693,506,v026
U3ANG,0,787,787,v008
U3ANG,607,844,237,v016
493WS,0,268,268,v002
493WS,180,321,141,v012
493WS,372,462,90,v001
493WS,213,462,249,v023
TQXMV,55,163,108,v012
TQXMV,93,268,175,v016
TQXMV,67,189,122,v023
TQXMV,40,369,329,v008
TQXMV,40,369,329,v023
TQXMV,76,199,123,v008
TQXMV,76,194,118,v019
TQXMV,230,352,122,v019
6F5W0,0,456,456,v028
6F5W0,518,645,127,v016
6F5W0,0,72,72,v008
6F5W0,151,434,283,v008
6F5W0,0,247,247,v004
6F5W0,0,699,699,v018
5P6HZ,0,753,753,v008
5P6HZ,0,753,753,v018
5P6HZ,84,753,669,v027
5P6HZ,0,753,753,v014
AOBWQ,16,747,731,v008
AOBWQ,544,727,183,v025
AOBWQ,12,475,463,v023
AOBWQ,24,747,723,v026
GMTL9,458,717,259,v004
GMTL9,117,741,624,v008
GMTL9,103,741,638,v018
GMTL9,240,547,307,v008
GMTL9,340,496,156,v005
GMTL9,393,518,125,v016
GMTL9,259,506,247,v008
GMTL9,273,741,468,v031
GMTL9,103,741,638,v018
GMTL9,240,410,170,v023
GMTL9,393,525,132,v016
GMTL9,340,547,207,v005
GMTL9,271,537,266,v008
J6P6H,228,417,189,v005
J6P6H,412,519,107,v027
J6P6H,228,417,189,v005
J6P6H,343,508,165,v022
J6P6H,290,441,151,v023
J6P6H,283,494,211,v008
J6P6H,0,519,519,v018
LC8T4,372,508,136,v001
LC8T4,237,364,127,v012
LC8T4,0,302,302,v002
VKDLS,0,427,427,v018
VKDLS,0,448,448,v008
VKDLS,302,451,149,v022
VKDLS,0,400,400,v019
VKDLS,0,391,391,v031
CCY5I,0,665,665,v026
CCY5I,0,665,665,v007
CCY5I,0,665,665,v008
TXMF9,0,376,376,v003
37GL4,350,617,267,v031
37GL4,276,617,341,v018
37GL4,309,617,308,v005
37GL4,352,617,265,v006
BB8Q0,0,96,96,v012
BB8Q0,45,180,135,v012
BB8Q0,309,619,310,v005
BB8Q0,0,689,689,v018
BB8Q0,0,689,689,v018
BB8Q0,0,120,120,v016
BB8Q0,319,689,370,v031
BB8Q0,24,139,115,v012
BB8Q0,0,127,127,v008
BB8Q0,0,86,86,v023
BB8Q0,0,93,93,v023
BB8Q0,0,100,100,v023
BB8Q0,0,319,319,v008
5U92L,96,288,192,v028
5U92L,240,480,240,v008
5U92L,172,304,132,v025
5U92L,369,518,149,v016
ZX1R7,302,482,180,v008
ZX1R7,225,482,257,v008
ZX1R7,0,621,621,v008
ZX1R7,225,482,257,v023
ZX1R7,0,621,621,v018
ZX1R7,302,480,178,v023
M6LFI,168,288,120,v016
M6LFI,132,264,132,v023
M6LFI,96,228,132,v012
M6LFI,24,192,168,v028
M6LFI,168,321,153,v016
M6LFI,199,302,103,v023
M6LFI,88,204,116,v016
SP89Y,50,451,401,v031
SP89Y,19,146,127,v029
LKHKF,0,742,742,v031
LKHKF,400,693,293,v019
LKHKF,393,700,307,v009
LKHKF,0,742,742,v008
LKHKF,0,742,742,v018
ZG1EM,561,749,188,v004
ZG1EM,0,360,360,v003
ZG1EM,484,657,173,v018
ZG1EM,0,86,86,v023
ZG1EM,434,580,146,v025
ZG1EM,499,640,141,v018
ZG1EM,592,749,157,v008
ZG1EM,321,530,209,v028
ZG1EM,441,595,154,v003
ZG1EM,432,561,129,v016
ELBLK,0,722,722,v008
ELBLK,0,463,463,v014
ELBLK,496,722,226,v005
ELBLK,422,722,300,v008
ELBLK,189,648,459,v019
ELBLK,482,722,240,v005
ELBLK,388,506,118,v023
ELBLK,379,722,343,v008
ELBLK,175,417,242,v009
ELBLK,381,722,341,v023
NDK49,295,762,467,v031
NDK49,124,535,411,v017
2FH2V,0,328,328,v016
2FH2V,93,220,127,v020
2FH2V,153,329,176,v016
2FH2V,0,74,74,v007
2FH2V,0,88,88,v029
C8BKE,321,432,111,v012
C8BKE,292,408,116,v018
C8BKE,74,237,163,v029
C8BKE,264,396,132,v016
C8BKE,86,307,221,v008
C8BKE,235,379,144,v016
C8BKE,158,295,137,v028
C8BKE,292,424,132,v018
C8BKE,256,789,533,v008
C8BKE,494,696,202,v004
1TGKL,235,446,211,v021
1TGKL,0,326,326,v031
1TGKL,350,636,286,v004
1TGKL,0,283,283,v018
0RPJX,0,803,803,v031
0RPJX,0,803,803,v018
0RPJX,256,803,547,v003
0RPJX,256,441,185,v016
U1BQ0,326,686,360,v016
U1BQ0,0,283,283,v008
U1BQ0,115,357,242,v023
U1BQ0,506,714,208,v018
U1BQ0,259,441,182,v008
U1BQ0,259,391,132,v023
U1BQ0,0,343,343,v016
U1BQ0,480,714,234,v026
U1BQ0,266,482,216,v023
U1BQ0,261,451,190,v008
U1BQ0,340,472,132,v016
U1BQ0,0,93,93,v025
U1BQ0,405,523,118,v018
U1BQ0,295,650,355,v025
U1BQ0,295,465,170,v026
U1BQ0,283,463,180,v025
U1BQ0,280,463,183,v025
JIWY2,168,451,283,v004
JIWY2,396,672,276,v031
JIWY2,0,292,292,v005
JIWY2,0,672,672,v018
JIWY2,0,290,290,v008
IVP8Q,434,736,302,v016
IVP8Q,391,717,326,v016
IVP8Q,0,736,736,v010
IVP8Q,0,736,736,v031
IVP8Q,0,736,736,v018
IVP8Q,242,736,494,v008
3L3LC,55,199,144,v001
3L3LC,0,163,163,v012
3L3LC,88,372,284,v019
3L3LC,103,453,350,v028
3L3LC,12,124,112,v029
3L3LC,0,117,117,v007
3L3LC,403,544,141,v016
3L3LC,283,544,261,v016
IYU90,36,276,240,v008
IYU90,153,292,139,v016
IYU90,2,177,175,v017
IYU90,105,254,149,v001
IYU90,96,220,124,v012
IYU90,84,228,144,v029
IYU90,127,276,149,v025
IYU90,72,194,122,v007
IYU90,62,271,209,v023
IYU90,0,734,734,v018
S1J2Q,105,268,163,v023
S1J2Q,120,717,597,v008
S1J2Q,4,180,176,v017
S1J2Q,259,499,240,v012
S1J2Q,0,232,232,v026
S1J2Q,535,681,146,v001
S1J2Q,0,712,712,v026
S1J2Q,0,115,115,v008
S1J2Q,684,751,67,v023
S1J2Q,43,172,129,v029
S1J2Q,0,112,112,v023
S1J2Q,669,751,82,v016
K56PA,124,256,132,v016
K56PA,381,520,139,v018
K56PA,374,537,163,v018
K56PA,242,470,228,v003
K56PA,182,369,187,v008
K56PA,28,276,248,v008
NBE4C,36,266,230,v008
NBE4C,436,640,204,v031
NBE4C,662,756,94,v001
NBE4C,156,429,273,v014
NBE4C,444,756,312,v008
NBE4C,444,756,312,v005
NBE4C,108,256,148,v029
NBE4C,223,381,158,v007
NBE4C,348,532,184,v016
DB52Q,434,747,313,v008
DB52Q,384,518,134,v023
DB52Q,564,686,122,v022
DB52Q,583,747,164,v004
DB52Q,408,590,182,v015
DB52Q,280,388,108,v001
DB52Q,369,747,378,v008
DB52Q,0,120,120,v012
DB52Q,369,672,303,v023
DB52Q,571,734,163,v016
OWS57,506,738,232,v031
OWS57,268,506,238,v012
OWS57,506,664,158,v020
OWS57,52,206,154,v022
DERF4,24,540,516,v003
DERF4,14,412,398,v008
DERF4,14,412,398,v023
DERF4,645,792,147,v014
DERF4,348,626,278,v016
NHUCA,0,636,636,v008
NHUCA,14,177,163,v015
NHUCA,0,636,636,v008
1S6FD,0,657,657,v008
1S6FD,0,657,657,v008
1S6FD,304,511,207,v018
1S6FD,415,657,242,v018
7HLTQ,206,408,202,v004
7HLTQ,69,268,199,v015
7HLTQ,420,835,415,v030
7HLTQ,297,460,163,v016
7HLTQ,52,470,418,v008
7HLTQ,36,168,132,v023
Y7MSY,0,492,492,v008
Y7MSY,0,415,415,v021
Y7MSY,379,496,117,v025
Y7MSY,386,545,159,v025
Y7MSY,211,336,125,v019
Y7MSY,360,484,124,v016
0DY8C,0,216,216,v031
0DY8C,144,504,360,v014
0DY8C,432,690,258,v031
0DY8C,0,690,690,v018
DWBS3,0,698,698,v031
DWBS3,554,674,120,v023
DWBS3,0,738,738,v018
DWBS3,0,91,91,v005
DWBS3,232,738,506,v016
DWBS3,0,674,674,v008
DWBS3,0,738,738,v012
DWBS3,0,738,738,v032
DWBS3,0,738,738,v018
UIERL,343,470,127,v008
UIERL,374,597,223,v005
UIERL,170,405,235,v031
UIERL,324,460,136,v023
UIERL,21,244,223,v017
UIERL,369,607,238,v008
UIERL,153,412,259,v014
8ZO48,396,561,165,v018
8ZO48,112,271,159,v025
8ZO48,232,417,185,v022
8ZO48,0,400,400,v010
8ZO48,276,630,354,v008
8ZO48,124,319,195,v000
8ZO48,374,494,120,v018
8ZO48,247,391,144,v023
8ZO48,103,218,115,v000
OJIEC,136,292,156,v023
OJIEC,9,225,216,v002
ENQUT,825,965,140,v016
ENQUT,643,921,278,v028
ENQUT,883,965,82,v025
ENQUT,120,268,148,v030
ENQUT,816,940,124,v029
WEIJ6,172,360,188,v025
WEIJ6,381,528,147,v001
WEIJ6,211,348,137,v025
WEIJ6,144,316,172,v008
WEIJ6,103,242,139,v023
WEIJ6,338,468,130,v007
WEIJ6,489,631,142,v012
WEIJ6,340,470,130,v029
KQT19,295,747,452,v008
KQT19,184,362,178,v008
KQT19,132,747,615,v008
KQT19,0,747,747,v026
KQT19,124,747,623,v024
KQT19,0,747,747,v018
H8F1C,0,112,112,v019
H8F1C,117,264,147,v016
H8F1C,36,187,151,v019
H8F1C,175,432,257,v028
H8F1C,0,223,223,v008
H8F1C,16,146,130,v031
H8F1C,307,660,353,v016
KZODG,367,549,182,v001
KZODG,403,753,350,v014
KZODG,0,753,753,v018
KZODG,0,532,532,v031
KZODG,384,753,369,v008
Q1JBR,384,764,380,v020
Q1JBR,0,463,463,v008
3DO95,0,381,381,v010
3DO95,326,770,444,v018
3DO95,326,552,226,v016
3DO95,648,770,122,v008
3DO95,475,674,199,v023
3DO95,672,770,98,v031
3DO95,506,770,264,v023
3DO95,256,770,514,v000
3ND23,33,223,190,v016
3ND23,216,733,517,v018
3ND23,148,307,159,v018
3ND23,194,333,139,v018
3ND23,33,228,195,v008
3ND23,7,261,254,v016
3ND23,340,733,393,v031
3ND23,0,194,194,v023
3ND23,278,484,206,v023
3ND23,384,733,349,v021
3ND23,237,477,240,v016
3ND23,0,252,252,v026
WCCY7,0,722,722,v008
WCCY7,204,393,189,v026
WCCY7,0,722,722,v018
WCCY7,43,271,228,v003
WCCY7,103,722,619,v021
T3FJH,0,100,100,v004
T3FJH,292,446,154,v004
T3FJH,0,225,225,v029
T3FJH,0,743,743,v008
T3FJH,400,568,168,v019
T3FJH,0,743,743,v008
T3FJH,0,743,743,v008
T3FJH,0,393,393,v031
D1O6N,31,177,146,v031
D1O6N,460,703,243,v019
D1O6N,460,708,248,v009
D1O6N,432,614,182,v010
D1O6N,403,744,341,v008
D1O6N,403,744,341,v018
2C6ER,333,768,435,v001
2C6ER,333,768,435,v001
NPEA3,580,731,151,v006
NPEA3,0,194,194,v018
NPEA3,554,717,163,v001
NPEA3,0,160,160,v008
NPEA3,477,602,125,v016
NPEA3,295,525,230,v025
4986V,0,537,537,v031
4986V,0,747,747,v018
4986V,0,747,747,v032
4986V,0,747,747,v032
4986V,0,747,747,v031
4986V,400,724,324,v020
YAXGX,117,631,514,v012
YAXGX,160,352,192,v019
YAXGX,153,338,185,v019
YAXGX,153,379,226,v009
YAXGX,112,638,526,v031
YAXGX,528,700,172,v023
YAXGX,69,698,629,v008
YAXGX,508,638,130,v001
TAGC0,31,578,547,v008
TAGC0,31,578,547,v026
TAGC0,576,924,348,v008
TAGC0,487,672,185,v023
TAGC0,636,924,288,v024
TAGC0,36,588,552,v026
MLK57,472,614,142,v012
MLK57,0,415,415,v010
MLK57,453,631,178,v025
MLK57,480,631,151,v022
MLK57,110,271,161,v021
MLK57,309,453,144,v000
MLK57,504,631,127,v023
MLK57,324,559,235,v000
UNOW9,201,769,568,v008
UNOW9,213,405,192,v023
UNOW9,163,336,173,v016
UNOW9,0,552,552,v028
UNOW9,278,547,269,v028
UNOW9,194,314,120,v025
UNOW9,314,444,130,v025
UNOW9,194,314,120,v025
P9R08,292,782,490,v019
P9R08,345,768,423,v008
P9R08,331,530,199,v016
P9R08,228,465,237,v031
P9R08,374,549,175,v016
P9R08,312,432,120,v006
P9R08,345,492,147,v008
P9R08,561,698,137,v023
1LARL,55,168,113,v001
1LARL,40,160,120,v012
1LARL,105,732,627,v008
1LARL,86,244,158,v023
1LARL,117,453,336,v019
1LARL,362,484,122,v018
1LARL,84,206,122,v023
1LARL,91,732,641,v008
1LARL,388,732,344,v018
1LARL,163,348,185,v012
YFPHS,398,556,158,v012
YFPHS,0,731,731,v031
YFPHS,0,468,468,v026
YFPHS,194,321,127,v016
YFPHS,364,501,137,v016
X2Q00,628,867,239,v008
X2Q00,0,650,650,v031
X2Q00,33,230,197,v005
X2Q00,0,117,117,v008
X2Q00,0,122,122,v014
X2Q00,0,867,867,v018
X2Q00,580,741,161,v023
X2Q00,0,867,867,v008
X2Q00,568,811,243,v031
X2Q00,0,624,624,v014
MNJWH,0,331,331,v008
MNJWH,43,290,247,v008
MNJWH,105,235,130,v009
MNJWH,0,69,69,v022
MNJWH,595,731,136,v019
MNJWH,19,386,367,v019
71J7E,357,759,402,v026
71J7E,88,297,209,v008
71J7E,187,448,261,v016
71J7E,88,439,351,v023
SPJIE,14,648,634,v009
SPJIE,0,648,648,v008
SPJIE,0,648,648,v031
SPJIE,0,86,86,v004
SPJIE,0,648,648,v008
SPJIE,0,648,648,v009
SPJIE,0,648,648,v018
SPJIE,600,648,48,v031
EIK9W,7,292,285,v008
EIK9W,12,146,134,v008
EIK9W,12,163,151,v008
DDWK5,74,218,144,v001
DDWK5,0,96,96,v012
DDWK5,324,470,146,v023
DDWK5,391,542,151,v013
DDWK5,74,218,144,v001
DDWK5,2,146,144,v008
25YVM,264,638,374,v030
25YVM,40,172,132,v030
25YVM,0,655,655,v008
25YVM,0,235,235,v016
JIS2Q,7,139,132,v029
JIS2Q,153,288,135,v012
JIS2Q,48,177,129,v016
JIS2Q,0,199,199,v008
JIS2Q,148,266,118,v007
VUNSQ,33,810,777,v031
VUNSQ,0,810,810,v008
VUNSQ,206,810,604,v019
O6T0T,278,571,293,v008
O6T0T,0,129,129,v029
DDX0N,0,765,765,v008
DDX0N,484,765,281,v008
DDX0N,364,506,142,v029
H76DJ,0,612,612,v026
H76DJ,612,767,155,v023
H76DJ,655,767,112,v025
H76DJ,48,465,417,v026
KG20W,388,753,365,v008
KG20W,513,696,183,v029
KG20W,31,192,161,v012
XYTFC,72,249,177,v012
XYTFC,134,773,639,v008
XYTFC,115,302,187,v023
XYTFC,628,773,145,v025
XYTFC,364,686,322,v020
XYTFC,571,773,202,v016
XYTFC,643,773,130,v016
MMRRV,0,76,76,v027
MMRRV,456,600,144,v012
MMRRV,144,432,288,v021
MMRRV,0,134,134,v008
MMRRV,513,638,125,v001
MMRRV,156,429,273,v016
MMRRV,127,292,165,v023
MMRRV,0,196,196,v023
MMRRV,487,638,151,v029
TSBB8,62,254,192,v007
TSBB8,144,295,151,v027
TSBB8,384,544,160,v029
TSBB8,69,345,276,v014
TSBB8,0,550,550,v008
TSBB8,129,290,161,v020
YEHFQ,194,542,348,v008
YEHFQ,446,583,137,v016
YEHFQ,496,737,241,v005
YEHFQ,158,324,166,v029
0CQL8,0,695,695,v008
0CQL8,136,600,464,v016
0CQL8,7,232,225,v012
0CQL8,139,328,189,v023
0CQL8,648,695,47,v001
0CQL8,648,695,47,v023
0CQL8,648,695,47,v007
0CQL8,12,148,136,v012
0CQL8,216,556,340,v025
0CQL8,492,695,203,v001
R28EY,0,737,737,v008
R28EY,0,737,737,v008
R28EY,21,737,716,v005
R28EY,62,737,675,v031
R28EY,0,737,737,v025
R28EY,0,737,737,v008
R28EY,0,737,737,v008
TE5P7,16,141,125,v001
TE5P7,0,112,112,v012
TE5P7,12,412,400,v008
TE5P7,139,412,273,v023
TE5P7,160,331,171,v015
TE5P7,249,379,130,v004
TE5P7,297,403,106,v016
TE5P7,14,124,110,v023
HFWE9,0,703,703,v005
HFWE9,0,720,720,v008
HFWE9,0,74,74,v023
HFWE9,0,754,754,v031
HFWE9,0,748,748,v005
O3HAK,0,733,733,v018
O3HAK,552,733,181,v008
O3HAK,585,733,148,v014
8F17S,0,108,108,v004
8F17S,0,247,247,v005
8F17S,69,211,142,v019
8F17S,0,247,247,v005
8F17S,0,739,739,v018
8F17S,0,739,739,v008
8F17S,240,379,139,v012
8F17S,316,436,120,v001
8F17S,0,88,88,v008
8F17S,7,199,192,v026
8F17S,55,180,125,v031
D23WM,4,681,677,v019
D23WM,0,738,738,v008
D23WM,12,738,726,v009
D23WM,0,738,738,v002
D23WM,0,738,738,v014
9JZCC,0,355,355,v008
9JZCC,451,708,257,v010
9JZCC,307,444,137,v019
9JZCC,0,484,484,v014
9JZCC,412,559,147,v018
A1VTR,648,948,300,v008
A1VTR,715,948,233,v014
A1VTR,364,712,348,v028
A1VTR,0,446,446,v032
A1VTR,568,717,149,v016
PFTHZ,98,343,245,v001
PFTHZ,213,571,358,v008
PFTHZ,194,333,139,v023
PFTHZ,508,571,63,v005
PFTHZ,316,463,147,v029
866F1,0,243,243,v031
866F1,0,243,243,v008
866F1,0,165,165,v026
866F1,182,243,61,v019
866F1,0,122,122,v021
866F1,0,243,243,v008
41O3J,0,1000,1000,v008
41O3J,163,967,804,v031
41O3J,840,967,127,v022
41O3J,506,643,137,v018
41O3J,153,309,156,v028
41O3J,396,511,115,v025
41O3J,391,506,115,v008
41O3J,240,456,216,v016
41O3J,477,619,142,v018
41O3J,0,364,364,v008
41O3J,72,225,153,v012
41O3J,376,518,142,v025
41O3J,230,472,242,v025
FL7X4,50,232,182,v004
FL7X4,0,411,411,v008
FL7X4,160,336,176,v018
FL7X4,232,411,179,v008
FL7X4,204,411,207,v023
FL7X4,132,271,139,v006
FL7X4,204,411,207,v008
FL7X4,204,411,207,v023
SVA4D,0,578,578,v008
SVA4D,0,742,742,v026
SVA4D,0,742,742,v026
SVA4D,0,742,742,v008
SVA4D,463,590,127,v016
PCF14,0,153,153,v008
PCF14,180,302,122,v025
PCF14,180,302,122,v023
PCF14,180,302,122,v028
PCF14,98,302,204,v028
DFEG2,218,489,271,v018
DFEG2,343,489,146,v005
DFEG2,355,489,134,v008
DFEG2,302,489,187,v032
DFEG2,0,158,158,v028
DFEG2,249,367,118,v018
DFEG2,271,489,218,v018
DFEG2,91,290,199,v028
DFEG2,0,309,309,v016
DFEG2,259,441,182,v023
BI4PK,14,216,202,v008
BI4PK,98,271,173,v016
BI4PK,79,254,175,v023
BI4PK,81,350,269,v002
BI4PK,362,489,127,v002
BI4PK,127,261,134,v016
BI4PK,67,261,194,v008
BI4PK,67,261,194,v023
81G9S,0,74,74,v023
81G9S,271,446,175,v001
81G9S,0,750,750,v018
81G9S,0,206,206,v023
NB6F5,105,326,221,v005
NB6F5,48,254,206,v008
NB6F5,0,254,254,v018
NB6F5,67,280,213,v005
NB6F5,170,300,130,v022
NB6F5,273,352,79,v027
NB6F5,40,247,207,v008
NB6F5,0,160,160,v012
NB6F5,0,213,213,v008
0BLSL,132,489,357,v008
0BLSL,340,494,154,v016
0BLSL,103,254,151,v023
0BLSL,0,199,199,v002
B5R5B,91,754,663,v008
B5R5B,36,180,144,v023
B5R5B,105,754,649,v024
B5R5B,0,754,754,v008
B5R5B,0,146,146,v017
B5R5B,0,754,754,v008
B5R5B,626,754,128,v009
B5R5B,624,754,130,v019
B5R5B,38,754,716,v019
WTBB2,345,755,410,v006
WTBB2,0,755,755,v008
WTBB2,542,727,185,v031
WTBB2,72,755,683,v008
WTBB2,0,755,755,v008
WTBB2,45,755,710,v018
RJPOO,79,727,648,v004
RJPOO,50,691,641,v019
RJPOO,0,727,727,v031
RJPOO,0,727,727,v008
JP1KG,196,744,548,v031
JP1KG,0,326,326,v023
JP1KG,264,386,122,v006
JP1KG,0,744,744,v008
XHG13,0,606,606,v008
XHG13,0,554,554,v008
XHG13,345,489,144,v016
XHG13,0,268,268,v015
TF8NL,0,129,129,v029
TF8NL,180,492,312,v021
TF8NL,360,499,139,v000
TF8NL,408,499,91,v022
TF8NL,182,355,173,v010
TF8NL,350,499,149,v025
TF8NL,180,372,192,v021
T87QE,0,857,857,v018
T87QE,50,439,389,v004
T87QE,523,837,314,v028
T87QE,758,857,99,v019
T87QE,770,857,87,v008
T87QE,0,79,79,v008
T87QE,148,266,118,v008
T87QE,345,532,187,v016
I5Q2Z,0,132,132,v008
I5Q2Z,0,129,129,v015
I5Q2Z,302,403,101,v005
I5Q2Z,297,650,353,v015
I5Q2Z,0,738,738,v018
I5Q2Z,612,738,126,v008
I5Q2Z,0,738,738,v016
I5Q2Z,0,738,738,v018
I5Q2Z,0,738,738,v023
ZOMM2,530,734,204,v023
ZOMM2,302,755,453,v008
ZOMM2,578,755,177,v008
ZOMM2,578,755,177,v005
ZOMM2,626,755,129,v005
ZOMM2,578,755,177,v008
ZOMM2,441,564,123,v029
ZOMM2,499,696,197,v023
EM0B6,86,496,410,v004
EM0B6,422,707,285,v005
EM0B6,453,707,254,v005
EM0B6,0,707,707,v018
EM0B6,424,554,130,v008
EM0B6,424,554,130,v008
EM0B6,103,307,204,v023
EM0B6,386,556,170,v023
EM0B6,115,475,360,v008
EM0B6,405,540,135,v023
EM0B6,655,707,52,v016
EM0B6,357,475,118,v016
27JQL,108,225,117,v030
27JQL,160,285,125,v025
27JQL,424,578,154,v005
27JQL,556,700,144,v005
27JQL,153,285,132,v016
27JQL,0,743,743,v018
27JQL,163,278,115,v025
27JQL,0,743,743,v018
27JQL,350,743,393,v008
27JQL,405,743,338,v008
27JQL,72,290,218,v023
FNNTW,252,470,218,v008
FNNTW,624,768,144,v004
FNNTW,0,686,686,v014
FNNTW,612,777,165,v008
FNNTW,612,772,160,v023
FNNTW,316,484,168,v016
FNNTW,0,817,817,v008
AMIHY,252,518,266,v008
AMIHY,0,331,331,v005
AMIHY,216,379,163,v008
AMIHY,410,669,259,v005
AMIHY,453,703,250,v004
AMIHY,0,706,706,v018
AMIHY,69,324,255,v016
AMIHY,441,706,265,v023
AMIHY,0,331,331,v008
AMIHY,0,91,91,v023
AMIHY,0,706,706,v018
AMIHY,439,564,125,v008
5EFZ1,0,84,84,v008
5EFZ1,0,117,117,v016
5EFZ1,0,223,223,v020
5EFZ1,156,276,120,v023
5EFZ1,156,389,233,v023
AEJ4T,165,735,570,v008
AEJ4T,153,336,183,v012
AEJ4T,153,735,582,v031
AEJ4T,0,280,280,v008
AEJ4T,338,735,397,v032
AEJ4T,0,199,199,v031
AEJ4T,0,735,735,v018
8S9AF,477,607,130,v008
8S9AF,0,465,465,v030
8S9AF,386,499,113,v022
8S9AF,0,434,434,v030
8S9AF,0,504,504,v018
8S9AF,619,735,116,v029
8S9AF,0,520,520,v026
8S9AF,477,614,137,v016
8S9AF,0,496,496,v008
8S9AF,463,631,168,v016
WHVP2,0,220,220,v008
WHVP2,686,734,48,v008
WHVP2,7,172,165,v022
WHVP2,105,240,135,v023
WHVP2,0,734,734,v019
WHVP2,0,96,96,v016
WHVP2,228,338,110,v029
WHVP2,103,540,437,v008
WHVP2,0,144,144,v031
WHVP2,103,540,437,v023
WHVP2,168,312,144,v029
WHVP2,408,552,144,v016
8D464,0,694,694,v008
8D464,355,482,127,v027
8D464,276,415,139,v013
8D464,136,422,286,v013
8D464,0,177,177,v008
8D464,0,420,420,v014
8D464,549,686,137,v029
56ASU,324,809,485,v030
56ASU,110,220,110,v027
56ASU,4,165,161,v029
SHP4R,0,180,180,v012
SHP4R,151,549,398,v008
SHP4R,134,444,310,v005
SHP4R,139,256,117,v023
SHP4R,439,544,105,v023
SHP4R,144,290,146,v001
O2DXE,72,254,182,v016
O2DXE,4,163,159,v031
O2DXE,0,457,457,v010
VLYM4,626,892,266,v008
VLYM4,621,892,271,v005
VLYM4,554,736,182,v018
VLYM4,636,864,228,v005
VLYM4,540,859,319,v018
VLYM4,218,592,374,v008
VLYM4,160,280,120,v020
VLYM4,592,727,135,v018
VLYM4,0,134,134,v017
VLYM4,715,940,225,v023
VLYM4,660,811,151,v016
VLYM4,194,427,233,v026
MBGPJ,348,566,218,v004
MBGPJ,328,501,173,v023
MBGPJ,252,434,182,v012
MBGPJ,328,639,311,v008
MBGPJ,194,333,139,v022
MBGPJ,0,307,307,v018
MBGPJ,549,639,90,v001
MBGPJ,261,405,144,v001
K9KDK,0,750,750,v014
K9KDK,127,688,561,v002
K9KDK,0,220,220,v031
73X8Q,187,364,177,v008
73X8Q,196,352,156,v023
73X8Q,21,146,125,v008
73X8Q,108,254,146,v016
73X8Q,14,148,134,v023
73X8Q,316,535,219,v029
73X8Q,218,338,120,v001
73X8Q,0,728,728,v008
73X8Q,134,268,134,v004
XDFPV,103,733,630,v008
XDFPV,187,733,546,v014
XDFPV,112,444,332,v023
XDFPV,124,733,609,v029
XDFPV,0,208,208,v018
XDFPV,0,340,340,v018
XDFPV,0,244,244,v018
XDFPV,120,271,151,v022
PQBGG,482,607,125,v018
PQBGG,564,971,407,v028
PQBGG,0,242,242,v008
PQBGG,0,760,760,v008
PQBGG,640,971,331,v018
PQBGG,98,242,144,v031
56XKK,103,295,192,v016
56XKK,645,917,272,v021
56XKK,580,847,267,v018
56XKK,86,434,348,v012
56XKK,292,499,207,v012
56XKK,554,917,363,v008
56XKK,0,278,278,v008
56XKK,0,199,199,v001
56XKK,168,333,165,v016
56XKK,117,300,183,v016
56XKK,631,917,286,v010
56XKK,103,343,240,v016
56XKK,626,917,291,v031
56XKK,268,429,161,v029
56XKK,0,917,917,v008
2FL0X,67,230,163,v012
2FL0X,67,225,158,v007
2FL0X,24,163,139,v017
2FL0X,74,213,139,v029
TLJRV,105,278,173,v012
TLJRV,55,223,168,v022
TLJRV,187,566,379,v023
TLJRV,91,734,643,v023
TLJRV,199,662,463,v018
TLJRV,352,960,608,v012
TLJRV,264,823,559,v016
TLJRV,132,350,218,v016
TLJRV,204,484,280,v016
TLJRV,561,823,262,v018
TLJRV,316,556,240,v016
TLJRV,357,796,439,v009
TLJRV,331,1026,695,v031
TLJRV,208,484,276,v008
TLJRV,340,1026,686,v008
TLJRV,326,472,146,v023
TLJRV,192,422,230,v023
TLJRV,638,1026,388,v018
G2WHU,0,279,279,v018
G2WHU,0,279,279,v008
293PC,420,607,187,v008
293PC,352,518,166,v012
2G59W,158,302,144,v008
2G59W,141,302,161,v026
2G59W,0,189,189,v008
2G59W,0,194,194,v014
2G59W,91,206,115,v016
2G59W,0,302,302,v018
2G59W,151,290,139,v023
92QGQ,0,273,273,v008
92QGQ,175,719,544,v008
92QGQ,542,719,177,v018
92QGQ,0,302,302,v023
92QGQ,513,696,183,v018
92QGQ,81,309,228,v016
92QGQ,292,496,204,v029
92QGQ,199,328,129,v025
92QGQ,38,144,106,v029
92QGQ,650,719,69,v021
PAXNL,14,530,516,v018
PAXNL,616,664,48,v008
PAXNL,614,664,50,v018
PAXNL,616,664,48,v005
PAXNL,616,664,48,v022
X4CZH,256,838,582,v006
X4CZH,0,144,144,v031
X4CZH,86,247,161,v027
X4CZH,0,141,141,v012
X4CZH,141,288,147,v027
41SB2,48,264,216,v022
41SB2,264,384,120,v001
41SB2,360,552,192,v026
41SB2,72,240,168,v006
41SB2,256,403,147,v012
41SB2,316,563,247,v026
41SB2,28,266,238,v022
2QXXW,201,829,628,v012
2QXXW,254,829,575,v007
2QXXW,0,829,829,v008
2QXXW,321,799,478,v029
2QXXW,0,829,829,v008
WNYV6,309,448,139,v001
WNYV6,254,374,120,v012
WNYV6,146,309,163,v001
WNYV6,103,235,132,v012
WNYV6,276,391,115,v016
WNYV6,309,448,139,v001
WNYV6,0,396,396,v008
WNYV6,115,316,201,v031
WNYV6,271,441,170,v016
G3K2N,0,729,729,v018
G3K2N,0,729,729,v008
G3K2N,0,729,729,v008
FABO7,0,752,752,v008
FABO7,0,752,752,v024
FABO7,201,752,551,v031
FABO7,621,752,131,v019
8EU89,45,182,137,v012
8EU89,324,676,352,v028
8EU89,139,276,137,v018
8EU89,139,276,137,v018
8EU89,578,710,132,v025
8EU89,0,192,192,v008
8EU89,57,196,139,v029
5IVO1,0,350,350,v031
5IVO1,0,410,410,v018
5IVO1,290,754,464,v003
5IVO1,0,175,175,v023
5IVO1,0,352,352,v008
5IVO1,223,345,122,v001
5IVO1,662,754,92,v017
5IVO1,110,237,127,v012
5IVO1,237,364,127,v016
5IVO1,300,754,454,v022
MYB7P,0,278,278,v008
MYB7P,96,240,144,v013
MYB7P,206,360,154,v005
MYB7P,295,412,117,v008
MYB7P,146,367,221,v013
MYB7P,254,376,122,v008
MYB7P,297,417,120,v005
MYB7P,0,471,471,v008
MYB7P,136,471,335,v005
MYB7P,0,218,218,v014
TD3HC,0,146,146,v016
TD3HC,0,141,141,v025
TD3HC,211,422,211,v012
TD3HC,0,120,120,v016
DK59J,295,609,314,v012
DK59J,295,616,321,v031
DK59J,506,703,197,v020
DK59J,477,604,127,v001
DK59J,0,729,729,v008
DK59J,614,729,115,v006
DK59J,108,429,321,v019
DK59J,0,729,729,v008
WFD5Z,156,280,124,v001
WFD5Z,0,240,240,v031
WFD5Z,602,753,151,v020
WFD5Z,0,753,753,v018
WFD5Z,0,753,753,v018
WFD5Z,261,446,185,v008
WFD5Z,218,379,161,v023
WFD5Z,295,652,357,v005
WFD5Z,295,652,357,v005
WFD5Z,0,252,252,v014
WFD5Z,0,252,252,v032
WFD5Z,338,460,122,v016
WFD5Z,271,444,173,v008
WFD5Z,218,451,233,v023
WFD5Z,237,434,197,v016
WFD5Z,230,379,149,v023
69EK6,648,825,177,v016
69EK6,0,765,765,v024
69EK6,660,813,153,v016
69EK6,739,875,136,v012
69EK6,777,875,98,v029
69EK6,0,816,816,v023
42E9I,0,800,800,v021
42E9I,744,800,56,v001
42E9I,744,800,56,v001
42E9I,408,556,148,v004
SVO89,384,508,124,v008
SVO89,352,508,156,v023
SVO89,456,614,158,v001
SVO89,422,556,134,v012
SVO89,458,585,127,v007
SVO89,434,602,168,v029
SVO89,362,544,182,v008
SVO89,0,434,434,v014
9207X,228,384,156,v012
9207X,26,187,161,v008
9207X,434,502,68,v001
9207X,117,247,130,v016
9207X,208,345,137,v018
MDG2T,331,489,158,v025
MDG2T,136,297,161,v016
MDG2T,220,470,250,v008
MDG2T,199,338,139,v023
MDG2T,0,249,249,v004
MDG2T,597,734,137,v026
MDG2T,0,386,386,v008
MDG2T,0,146,146,v023
MDG2T,355,595,240,v016
MDG2T,360,573,213,v025
MDG2T,0,386,386,v018
MDG2T,0,357,357,v018
MDG2T,144,256,112,v016
MDG2T,0,264,264,v008
MDG2T,144,256,112,v016
MDG2T,153,283,130,v022
3DLKC,324,638,314,v006
3DLKC,0,134,134,v012
3DLKC,0,791,791,v032
3DLKC,103,225,122,v025
3DLKC,0,791,791,v032
3DLKC,0,791,791,v018
3DLKC,0,132,132,v029
3DLKC,264,424,160,v023
3DLKC,0,791,791,v018
3DLKC,67,201,134,v008
WZ351,0,784,784,v008
WZ351,9,388,379,v019
CY2J2,319,1017,698,v006
CY2J2,158,1024,866,v008
CY2J2,26,249,223,v018
CY2J2,1080,1221,141,v022
CY2J2,0,1221,1221,v018
CY2J2,38,1140,1102,v018
WBBTU,314,748,434,v002
WBBTU,24,288,264,v012
WBBTU,74,187,113,v001
WBBTU,139,518,379,v008
WBBTU,134,604,470,v005
WBBTU,206,309,103,v023
YXJBA,0,211,211,v031
YXJBA,153,962,809,v008
YXJBA,48,259,211,v016
YXJBA,0,230,230,v008
YXJBA,0,962,962,v021
YXJBA,220,962,742,v005
YXJBA,100,259,159,v016
YXJBA,494,628,134,v004
YXJBA,177,962,785,v008
YXJBA,172,312,140,v023
YXJBA,163,350,187,v023
YXJBA,0,962,962,v008
AVA41,585,768,183,v012
AVA41,367,523,156,v012
AVA41,216,408,192,v022
AVA41,216,432,216,v031
AVA41,727,774,47,v007
AVA41,727,774,47,v005
AVA41,727,774,47,v029
AVA41,36,223,187,v001
AVA41,446,705,259,v008
AVA41,482,612,130,v001
P4UXI,480,765,285,v015
P4UXI,0,1448,1448,v024
P4UXI,0,1448,1448,v018
P4UXI,386,532,146,v018
P4UXI,184,367,183,v029
ESAIY,0,856,856,v018
ESAIY,0,117,117,v008
ESAIY,136,355,219,v004
ESAIY,0,266,266,v008
ESAIY,415,708,293,v006
ESAIY,16,278,262,v005
M8I61,21,736,715,v008
M8I61,374,684,310,v020
M8I61,21,475,454,v008
M8I61,21,475,454,v008
QYF31,184,269,85,v014
QYF31,0,112,112,v028
QYF31,163,269,106,v008
QYF31,117,249,132,v025
U32ZC,153,304,151,v016
U32ZC,0,285,285,v008
U32ZC,0,256,256,v023
JELL2,0,396,396,v031
JELL2,290,605,315,v005
JELL2,276,605,329,v008
JELL2,271,605,334,v023
JELL2,0,220,220,v009
JELL2,0,268,268,v019
JELL2,300,605,305,v005
JELL2,283,396,113,v008
JELL2,252,386,134,v023
06R14,184,497,313,v020
06R14,0,497,497,v010
IHSRC,0,96,96,v012
IHSRC,626,750,124,v009
IHSRC,408,750,342,v031
IHSRC,626,750,124,v019
IHSRC,26,300,274,v003
IHSRC,432,667,235,v023
IHSRC,626,750,124,v009
IHSRC,0,103,103,v023
VUSFK,0,417,417,v021
VUSFK,376,549,173,v008
VUSFK,0,578,578,v008
ES10S,400,535,135,v027
ES10S,0,506,506,v018
ES10S,0,453,453,v008
ES10S,352,504,152,v016
ES10S,384,518,134,v022
ES10S,192,384,192,v009
7WIRG,98,369,271,v008
7WIRG,187,369,182,v008
7WIRG,177,372,195,v023
7WIRG,98,288,190,v023
SJJ35,0,134,134,v004
SJJ35,0,177,177,v008
SJJ35,0,601,601,v018
SJJ35,0,601,601,v031
SJJ35,247,369,122,v005
SJJ35,0,601,601,v018
SJJ35,0,211,211,v008
SJJ35,0,141,141,v015
SJJ35,43,211,168,v016
SJJ35,127,601,474,v008
SJJ35,151,601,450,v008
SJJ35,50,192,142,v016
X28IF,184,420,236,v016
X28IF,331,622,291,v014
X28IF,0,622,622,v018
X28IF,201,350,149,v015
X28IF,0,622,622,v018
X28IF,0,240,240,v031
X28IF,160,412,252,v026
X28IF,340,622,282,v031
X28IF,165,417,252,v023
X28IF,372,622,250,v032
X28IF,0,187,187,v000
X28IF,163,420,257,v016
X28IF,180,429,249,v023
X28IF,180,405,225,v008
EWH3D,0,91,91,v018
EWH3D,619,756,137,v022
EWH3D,2,693,691,v008
EWH3D,0,732,732,v018
EWH3D,2,696,694,v016
EWH3D,0,64,64,v031
EWH3D,2,696,694,v026
K21RO,218,705,487,v023
K21RO,648,717,69,v001
K21RO,333,537,204,v008
K21RO,508,698,190,v016
K21RO,602,717,115,v031
K21RO,602,717,115,v001
K21RO,141,309,168,v012
K21RO,297,686,389,v008
K21RO,0,120,120,v029
953I1,151,324,173,v015
953I1,103,264,161,v023
953I1,153,398,245,v004
953I1,156,436,280,v008
953I1,336,506,170,v016
953I1,336,484,148,v016
0AYPZ,247,566,319,v008
0AYPZ,247,566,319,v026
0AYPZ,213,566,353,v031
PPKP0,285,535,250,v004
PPKP0,0,242,242,v008
PPKP0,273,693,420,v018
PPKP0,201,367,166,v018
PPKP0,0,242,242,v008
PPKP0,139,292,153,v016
95M38,494,626,132,v016
95M38,160,343,183,v004
95M38,554,695,141,v020
95M38,492,626,134,v016
95M38,0,695,695,v018
95M38,0,604,604,v008
QXEWB,0,88,88,v025
QXEWB,0,271,271,v017
6HWQJ,0,592,592,v008
6HWQJ,0,506,506,v020
6HWQJ,0,580,580,v008
VEHER,67,237,170,v008
VEHER,336,448,112,v029
VEHER,81,237,156,v008
VEHER,43,235,192,v023
VEHER,79,247,168,v017
VEHER,48,249,201,v023
VEHER,436,483,47,v008
VEHER,436,483,47,v023
LW1W2,235,434,199,v004
LW1W2,194,384,190,v008
LW1W2,386,535,149,v008
LW1W2,386,602,216,v025
LW1W2,391,568,177,v008
LW1W2,0,738,738,v008
LW1W2,136,357,221,v023
AFAXI,220,463,243,v000
AFAXI,424,583,159,v020
AFAXI,0,400,400,v010
AFAXI,376,648,272,v018
AFAXI,309,499,190,v000
D95PM,0,643,643,v008
D95PM,0,643,643,v008
5O281,0,297,297,v014
5O281,189,326,137,v023
5O281,0,742,742,v018
5O281,0,742,742,v032
5O281,184,742,558,v008
84893,348,501,153,v025
84893,326,472,146,v008
84893,16,381,365,v016
84893,0,84,84,v031
84893,364,492,128,v025
84893,326,460,134,v008
84893,28,367,339,v026
84893,208,374,166,v025
84893,319,472,153,v029
84893,187,367,180,v026
NL0QB,400,612,212,v012
NL0QB,285,408,123,v001
NL0QB,0,328,328,v014
NL0QB,0,372,372,v032
J5CAN,7,163,156,v000
J5CAN,84,206,122,v001
J5CAN,9,158,149,v000
J5CAN,158,288,130,v022
J5CAN,252,345,93,v001
J5CAN,127,256,129,v018
J5CAN,108,242,134,v016
J5CAN,55,230,175,v008
J5CAN,0,201,201,v010
J5CAN,57,223,166,v031
XGL67,0,348,348,v026
XGL67,0,400,400,v016
XGL67,0,393,393,v023
XGL67,0,148,148,v016
XGL67,540,753,213,v026
XGL67,388,753,365,v008
XGL67,0,156,156,v023
ACJR6,0,336,336,v008
ACJR6,223,360,137,v025
ACJR6,0,648,648,v018
ACJR6,0,648,648,v006
S47DI,259,554,295,v023
S47DI,583,729,146,v001
S47DI,0,180,180,v012
S47DI,0,172,172,v012
S47DI,578,729,151,v001
S47DI,429,554,125,v016
S47DI,408,520,112,v023
S47DI,232,492,260,v016
TCN06,252,520,268,v023
TCN06,240,520,280,v026
TCN06,0,165,165,v029
TCN06,295,451,156,v026
TCN06,326,655,329,v008
TCN06,0,648,648,v008
XX7ZJ,0,545,545,v008
XX7ZJ,288,408,120,v019
XX7ZJ,2,545,543,v008
FS3SY,0,736,736,v008
FS3SY,0,736,736,v005
FS3SY,0,736,736,v005
FS3SY,0,736,736,v018
FS3SY,0,736,736,v008
3Z7KH,422,532,110,v001
3Z7KH,0,528,528,v008
3Z7KH,0,756,756,v018
3Z7KH,300,489,189,v020
3Z7KH,410,600,190,v016
3Z7KH,0,420,420,v031
3Z7KH,708,756,48,v019
3Z7KH,708,756,48,v032
3Z7KH,708,756,48,v018
3Z7KH,708,756,48,v020
3Z7KH,708,756,48,v016
3Z7KH,708,756,48,v031
55V6Z,52,264,212,v016
55V6Z,422,590,168,v001
55V6Z,482,723,241,v008
55V6Z,446,710,264,v009
55V6Z,396,723,327,v031
55V6Z,28,484,456,v016
55V6Z,674,723,49,v008
55V6Z,674,723,49,v023
55V6Z,672,723,51,v012
55V6Z,674,723,49,v023
1K4ZT,0,307,307,v026
1K4ZT,362,739,377,v023
1K4ZT,0,259,259,v026
1K4ZT,369,739,370,v008
1K4ZT,0,158,158,v026
1K4ZT,295,436,141,v029
TZ27E,216,336,120,v023
TZ27E,122,259,137,v016
TZ27E,259,422,163,v008
TZ27E,326,436,110,v016
TZ27E,216,340,124,v023
22ROE,232,376,144,v016
22ROE,280,444,164,v023
22ROE,2,141,139,v023
22ROE,232,372,140,v016
22ROE,348,487,139,v008
22ROE,523,669,146,v001
22ROE,336,508,172,v012
22ROE,544,739,195,v016
8N7NZ,487,676,189,v016
8N7NZ,0,367,367,v021
8N7NZ,129,280,151,v022
8N7NZ,0,240,240,v018
8N7NZ,0,626,626,v008
8N7NZ,475,636,161,v016
8N7NZ,542,752,210,v001
8N7NZ,396,573,177,v012
PPUOO,148,400,252,v016
PPUOO,153,405,252,v025
PPUOO,295,477,182,v007
PPUOO,290,475,185,v001
PPUOO,235,417,182,v008
PPUOO,204,415,211,v023
PPUOO,292,468,176,v026
PPUOO,0,108,108,v012
PPUOO,187,331,144,v012
PPUOO,52,218,166,v005
L8N31,0,307,307,v031
L8N31,508,645,137,v027
L8N31,0,540,540,v018
L8N31,628,752,124,v001
L8N31,0,566,566,v014
L8N31,453,583,130,v022
L8N31,0,552,552,v018
L8N31,588,752,164,v029
L8N31,0,559,559,v032
L8N31,0,499,499,v031
HD57S,326,782,456,v008
HD57S,31,348,317,v016
HD57S,0,782,782,v008
HD57S,7,391,384,v008
HD57S,312,758,446,v026
HD57S,300,739,439,v026
HD57S,648,782,134,v023
TAGEG,196,408,212,v026
TAGEG,0,268,268,v026
TAGEG,340,457,117,v016
TAGEG,216,457,241,v008
TAGEG,362,457,95,v026
TAGEG,208,316,108,v023
TAGEG,319,457,138,v016
TAGEG,367,457,90,v001
TAGEG,316,427,111,v012
MTZ0T,177,376,199,v015
SWIQN,110,381,271,v023
SWIQN,0,168,168,v008
SWIQN,307,470,163,v008
SWIQN,384,554,170,v008
SWIQN,72,184,112,v016
SWIQN,72,184,112,v025
KXCSL,0,156,156,v023
KXCSL,290,722,432,v018
KXCSL,0,88,88,v012
KXCSL,172,386,214,v018
KXCSL,0,177,177,v023
KXCSL,0,177,177,v008
KXCSL,74,228,154,v001
KXCSL,38,175,137,v016
U0ACD,504,679,175,v005
U0ACD,583,685,102,v022
U0ACD,9,237,228,v008
U0ACD,0,261,261,v026
U0ACD,0,669,669,v018
Q7YXN,302,523,221,v016
Q7YXN,0,523,523,v026
Q7YXN,295,730,435,v016
Q7YXN,302,730,428,v025
Q7YXN,0,386,386,v008
Q7YXN,309,511,202,v008
Q7YXN,309,518,209,v023
Q7YXN,297,652,355,v030
Q7YXN,0,391,391,v026
2YXJO,213,621,408,v008
2YXJO,204,621,417,v008
2YXJO,448,616,168,v028
2YXJO,100,417,317,v028
2YXJO,182,333,151,v017
2YXJO,312,468,156,v016
DJVZQ,578,818,240,v015
DJVZQ,19,626,607,v023
DJVZQ,556,840,284,v008
DJVZQ,585,847,262,v016
DJVZQ,33,648,615,v008
DJVZQ,57,657,600,v005
DJVZQ,67,698,631,v008
DJVZQ,0,74,74,v029
DJVZQ,583,703,120,v016
DJVZQ,57,189,132,v023
RT07R,0,739,739,v008
WTGVG,0,218,218,v008
WTGVG,667,756,89,v001
WTGVG,153,278,125,v016
WTGVG,4,115,111,v012
WTGVG,129,304,175,v016
WTGVG,472,736,264,v026
9UDMH,235,583,348,v008
9UDMH,72,1243,1171,v018
9UDMH,600,1185,585,v031
9UDMH,1104,1236,132,v022
9UDMH,60,230,170,v018
9UDMH,45,180,135,v022
9UDMH,254,564,310,v004
9UDMH,242,463,221,v023
9UDMH,204,552,348,v031
9UDMH,273,564,291,v016
9UDMH,933,1041,108,v016
9UDMH,1104,1231,127,v016
9UDMH,518,676,158,v023
9UDMH,580,1231,651,v008
5XA4R,33,211,178,v018
5XA4R,0,211,211,v018
5XA4R,115,616,501,v008
5XA4R,156,576,420,v031
5XA4R,456,602,146,v022
WV9FZ,0,687,687,v018
WV9FZ,0,687,687,v008
WV9FZ,81,213,132,v008
WV9FZ,72,196,124,v023
WV9FZ,105,268,163,v005
WV9FZ,0,343,343,v018
WV9FZ,552,687,135,v018
WV9FZ,0,687,687,v014
WV9FZ,0,687,687,v018
T38JM,0,369,369,v008
T38JM,220,367,147,v016
T38JM,36,343,307,v026
T38JM,343,556,213,v009
T38JM,33,360,327,v026
UQJ58,74,249,175,v012
UQJ58,0,144,144,v031
UQJ58,614,777,163,v001
UQJ58,187,703,516,v009
3LUUF,242,451,209,v023
WPRJD,446,742,296,v004
WPRJD,0,583,583,v025
WPRJD,0,585,585,v026
WPRJD,429,631,202,v023
WPRJD,427,742,315,v008
WPRJD,0,518,518,v023
WPRJD,0,518,518,v026
WPRJD,0,518,518,v016
WPRJD,201,312,111,v016
WPRJD,0,307,307,v008
WPRJD,201,312,111,v025
WPRJD,244,511,267,v008
WPRJD,0,290,290,v026
S027B,81,336,255,v008
S027B,81,415,334,v023
S027B,235,405,170,v016
S027B,237,396,159,v016
YXSI7,38,182,144,v029
YXSI7,314,496,182,v020
YXSI7,21,146,125,v012
YXSI7,244,559,315,v018
YXSI7,216,345,129,v018
YXSI7,55,196,141,v001
YXSI7,244,559,315,v018
YXSI7,31,199,168,v007
E51QT,0,760,760,v010
E51QT,324,636,312,v019
E51QT,206,393,187,v018
E51QT,312,621,309,v019
E51QT,0,760,760,v031
E51QT,129,264,135,v016
35C4E,180,650,470,v018
35C4E,141,340,199,v018
35C4E,518,739,221,v012
35C4E,338,568,230,v022
35C4E,504,921,417,v029
35C4E,811,925,114,v023
UGWOG,256,482,226,v027
UGWOG,950,1188,238,v008
UGWOG,1060,1221,161,v025
UGWOG,1195,1293,98,v001
UGWOG,249,489,240,v027
UGWOG,1248,1293,45,v016
UGWOG,1248,1293,45,v016
UGWOG,1248,1293,45,v023
SIUU5,177,728,551,v008
SIUU5,158,292,134,v027
SIUU5,14,172,158,v012
SIUU5,60,201,141,v029
SIUU5,199,728,529,v008
78XRT,0,732,732,v018
78XRT,189,408,219,v025
78XRT,153,290,137,v020
78XRT,0,732,732,v018
78XRT,0,732,732,v018
78XRT,223,732,509,v009
78XRT,0,732,732,v018
GP5CT,357,730,373,v008
GP5CT,0,403,403,v008
GP5CT,0,403,403,v026
GP5CT,2,730,728,v019
GP5CT,0,403,403,v026
GP5CT,379,730,351,v004
GP5CT,307,427,120,v016
GP5CT,295,417,122,v009
UWV5O,0,762,762,v008
UWV5O,0,762,762,v005
UWV5O,0,762,762,v008
UWV5O,0,762,762,v005
UWV5O,0,762,762,v008
XZGIR,0,739,739,v008
XZGIR,180,739,559,v008
XZGIR,0,103,103,v018
XZGIR,0,715,715,v018
XZGIR,604,739,135,v022
JRSPH,0,340,340,v018
JRSPH,206,360,154,v022
JRSPH,276,547,271,v029
JRSPH,0,290,290,v028
JRSPH,276,424,148,v012
OEUGC,811,869,58,v005
OEUGC,0,396,396,v008
OEUGC,338,724,386,v003
OEUGC,165,300,135,v020
OEUGC,811,869,58,v004
OEUGC,278,439,161,v016
OEUGC,0,151,151,v023
OEUGC,672,820,148,v023
OEUGC,0,417,417,v014
OEUGC,343,482,139,v023
OEUGC,672,869,197,v008
OEUGC,295,408,113,v001
4PCSC,96,360,264,v004
4PCSC,0,168,168,v015
4PCSC,360,552,192,v000
4PCSC,0,432,432,v010
4PCSC,408,523,115,v025
4PCSC,0,647,647,v008
4PCSC,0,513,513,v008
4PCSC,369,501,132,v008
4PCSC,408,547,139,v025
4PCSC,482,647,165,v018
HTGZV,0,619,619,v018
HTGZV,0,619,619,v008
HTGZV,0,619,619,v020
HTGZV,0,619,619,v018
FI2DL,285,493,208,v008
FI2DL,285,493,208,v023
FI2DL,132,266,134,v001
FI2DL,177,374,197,v017
FI2DL,38,225,187,v012
FI2DL,432,493,61,v026
A8T8V,422,784,362,v014
A8T8V,180,331,151,v018
A8T8V,0,110,110,v029
A8T8V,156,388,232,v030
A8T8V,508,705,197,v030
A8T8V,124,784,660,v008
A8T8V,117,235,118,v023
A8T8V,396,784,388,v008
AAS9S,0,439,439,v026
AAS9S,0,439,439,v008
AAS9S,465,715,250,v016
AAS9S,453,614,161,v023
AAS9S,465,686,221,v008
J8JOQ,115,295,180,v018
J8JOQ,636,746,110,v016
J8JOQ,307,645,338,v024
J8JOQ,240,746,506,v018
J8JOQ,24,127,103,v023
J8JOQ,24,746,722,v008
J8JOQ,698,746,48,v016
J8JOQ,0,110,110,v029
PPXPA,12,398,386,v008
PPXPA,81,220,139,v012
PPXPA,144,376,232,v016
PPXPA,12,756,744,v018
PPXPA,43,252,209,v023
PPXPA,31,204,173,v020
PPXPA,24,756,732,v031
PPXPA,0,756,756,v018
TS880,0,177,177,v029
TS880,316,564,248,v016
TS880,487,924,437,v003
TS880,0,506,506,v008
TS880,472,628,156,v023
Q8HQM,0,280,280,v031
Q8HQM,189,319,130,v019
Q8HQM,79,254,175,v020
TJBNP,0,916,916,v021
TJBNP,0,982,982,v018
TJBNP,0,982,982,v008
K0Z9V,120,264,144,v016
K0Z9V,336,456,120,v012
K0Z9V,328,487,159,v029
K0Z9V,194,379,185,v020
K0Z9V,0,132,132,v002
K0Z9V,379,496,117,v001
K0Z9V,0,110,110,v023
K0Z9V,314,472,158,v007
FQA3W,141,506,365,v007
FQA3W,441,514,73,v022
FQA3W,0,514,514,v018
FQA3W,0,247,247,v008
FQA3W,0,156,156,v023
FQA3W,2,506,504,v003
FQA3W,0,514,514,v003
MY7NU,213,324,111,v008
MY7NU,182,316,134,v023
MY7NU,309,506,197,v026
MY7NU,117,235,118,v025
MY7NU,249,705,456,v026
MY7NU,0,220,220,v008
MY7NU,117,237,120,v025
0GYRH,451,578,127,v012
0GYRH,542,705,163,v008
0GYRH,4,513,509,v031
0GYRH,0,124,124,v012
0GYRH,0,768,768,v008
0GYRH,388,513,125,v001
WIOCA,146,743,597,v008
WIOCA,285,468,183,v024
WIOCA,40,743,703,v019
WIOCA,4,196,192,v009
2ZG3U,631,755,124,v015
2ZG3U,0,307,307,v010
2ZG3U,220,355,135,v022
2ZG3U,384,516,132,v012
2ZG3U,0,302,302,v031
P2JL6,0,158,158,v031
P2JL6,43,264,221,v008
P2JL6,7,165,158,v013
P2JL6,7,165,158,v014
1SCAZ,0,300,300,v026
1SCAZ,232,733,501,v031
1SCAZ,0,733,733,v008
1SCAZ,0,175,175,v030
KFHLP,0,105,105,v016
KFHLP,0,108,108,v016
KFHLP,0,127,127,v016
KFHLP,60,184,124,v001
KFHLP,0,93,93,v017
KFHLP,0,427,427,v008
KFHLP,129,259,130,v018
KFHLP,0,96,96,v008
KFHLP,189,424,235,v014
06NUT,364,508,144,v016
06NUT,0,487,487,v008
06NUT,28,588,560,v020
06NUT,388,511,123,v016
2JYRQ,369,571,202,v030
2JYRQ,232,357,125,v022
2JYRQ,0,321,321,v026
2JYRQ,0,348,348,v018
VD6P1,0,610,610,v019
VD6P1,0,180,180,v012
VD6P1,0,610,610,v019
VD6P1,168,314,146,v006
VD6P1,0,610,610,v031
SAT9P,0,225,225,v031
SAT9P,468,684,216,v008
SAT9P,489,619,130,v023
SAT9P,295,684,389,v021
SAT9P,146,367,221,v018
SAT9P,489,684,195,v012
SAT9P,417,684,267,v031
SAT9P,271,528,257,v023
SAT9P,170,684,514,v018
SAT9P,216,523,307,v003
8AKRP,0,165,165,v004
8AKRP,278,451,173,v016
8AKRP,256,381,125,v022
8AKRP,379,479,100,v020
8AKRP,0,446,446,v008
55BOW,276,420,144,v023
55BOW,295,448,153,v022
55BOW,0,391,391,v018
55BOW,578,705,127,v029
55BOW,0,400,400,v018
55BOW,393,554,161,v016
55BOW,0,249,249,v004
55BOW,412,566,154,v008
55BOW,314,480,166,v008
55BOW,384,698,314,v023
SOI68,218,420,202,v016
SOI68,609,762,153,v008
SOI68,276,398,122,v016
SOI68,12,146,134,v023
SOI68,261,386,125,v029
JT6DX,0,778,778,v008
JT6DX,302,778,476,v008
JT6DX,367,778,411,v019
JT6DX,314,778,464,v031
HPEE5,206,552,346,v029
HPEE5,19,582,563,v008
HPEE5,302,513,211,v012
HPEE5,0,582,582,v016
HPEE5,0,582,582,v023
HPEE5,0,582,582,v008
HPEE5,487,582,95,v001
TXQWJ,0,204,204,v004
TXQWJ,127,264,137,v016
TXQWJ,182,300,118,v012
TXQWJ,189,422,233,v023
TXQWJ,189,422,233,v016
1DGC9,163,578,415,v008
1DGC9,91,225,134,v023
1DGC9,492,578,86,v012
1DGC9,218,338,120,v022
1DGC9,0,355,355,v021
1DGC9,340,578,238,v008
1DGC9,446,578,132,v001
1DGC9,0,187,187,v000
1DGC9,463,578,115,v029
1DGC9,343,504,161,v023
1DGC9,0,139,139,v010
ZZ89F,0,230,230,v029
ZZ89F,326,494,168,v001
ZZ89F,177,336,159,v012
ZZ89F,177,324,147,v012
ZZ89F,532,832,300,v015
ZZ89F,511,636,125,v008
OO2SF,0,122,122,v012
OO2SF,633,740,107,v008
OO2SF,21,688,667,v028
OO2SF,669,740,71,v029
OO2SF,628,740,112,v023
OO2SF,552,674,122,v016
LX54K,0,767,767,v008
LX54K,400,767,367,v019
LX54K,446,631,185,v023
LX54K,357,528,171,v023
LX54K,477,767,290,v008
4JKLQ,607,835,228,v008
4JKLQ,9,364,355,v008
4JKLQ,244,470,226,v023
4JKLQ,520,650,130,v022
4JKLQ,36,199,163,v012
4JKLQ,573,835,262,v023
4JKLQ,120,441,321,v016
4JKLQ,393,595,202,v001
4JKLQ,573,835,262,v026
4JKLQ,144,602,458,v026
4JKLQ,578,835,257,v026
4JKLQ,153,441,288,v016
4JKLQ,148,616,468,v016
PB7PQ,223,712,489,v008
PB7PQ,19,256,237,v031
PB7PQ,345,676,331,v007
PB7PQ,201,600,399,v031
PB7PQ,352,511,159,v012
PB7PQ,19,247,228,v006
PB7PQ,208,705,497,v008
PB7PQ,499,664,165,v001
PB7PQ,590,715,125,v016
PB7PQ,175,324,149,v023
WF3NY,384,552,168,v012
WF3NY,0,434,434,v008
WF3NY,331,477,146,v016
WF3NY,0,156,156,v008
WF3NY,0,458,458,v026
WF3NY,436,604,168,v023
WF3NY,182,458,276,v026
TBPLW,0,744,744,v008
TBPLW,429,744,315,v030
TBPLW,0,744,744,v029
JY6TC,254,393,139,v023
JY6TC,0,163,163,v000
JY6TC,199,388,189,v022
JY6TC,0,96,96,v010
JY6TC,240,484,244,v016
JY6TC,259,484,225,v008
JY6TC,19,232,213,v018
JY6TC,177,338,161,v031
JY6TC,355,484,129,v029
TMTAC,55,213,158,v008
TMTAC,216,520,304,v008
TMTAC,108,232,124,v016
TMTAC,163,273,110,v012
TMTAC,187,321,134,v023
KJNME,76,403,327,v008
KJNME,74,304,230,v031
0CESB,0,547,547,v031
0CESB,511,740,229,v008
0CESB,559,740,181,v026
0CESB,480,648,168,v023
V2JOF,62,211,149,v027
V2JOF,0,532,532,v008
V2JOF,369,636,267,v016
V2JOF,276,636,360,v016
V2JOF,276,636,360,v016
O7NI6,36,264,228,v016
O7NI6,216,543,327,v008
O7NI6,0,103,103,v012
O7NI6,48,324,276,v018
O7NI6,213,543,330,v018
O7NI6,264,543,279,v021
O7NI6,0,117,117,v029
O7NI6,36,321,285,v025
O7NI6,36,321,285,v025
O7NI6,0,295,295,v008
O7NI6,0,110,110,v007
O7NI6,0,261,261,v016
O7NI6,235,543,308,v008
O7NI6,0,256,256,v025
O7NI6,0,256,256,v016
O7NI6,62,297,235,v026
LVGX3,326,747,421,v008
LVGX3,0,187,187,v002
LVGX3,213,364,151,v028
LVGX3,376,633,257,v023
LVGX3,518,645,127,v025
LVGX3,576,720,144,v025
LVGX3,381,559,178,v026
7HEWH,0,408,408,v008
7HEWH,0,384,384,v004
7HEWH,288,448,160,v016
7HEWH,0,470,470,v018
7HEWH,446,585,139,v023
7HEWH,0,391,391,v008
7HEWH,350,518,168,v022
7HEWH,420,736,316,v030
7HEWH,295,448,153,v016
7HEWH,295,448,153,v016
4X2JC,468,748,280,v008
4X2JC,0,748,748,v021
4X2JC,482,748,266,v005
4X2JC,0,604,604,v010
4X2JC,540,748,208,v023
4X2JC,475,748,273,v018
CEM0H,0,458,458,v008
CEM0H,374,626,252,v004
CEM0H,0,733,733,v031
CEM0H,436,708,272,v016
CEM0H,684,733,49,v016
CEM0H,684,733,49,v008
AWCQN,499,676,177,v012
AWCQN,432,571,139,v022
AWCQN,218,388,170,v023
AWCQN,218,388,170,v016
AWCQN,261,388,127,v016
AWCQN,292,549,257,v026
AWCQN,307,492,185,v008
AWCQN,156,292,136,v007
AWCQN,513,664,151,v016
AWCQN,549,738,189,v001
QLKSV,0,732,732,v018
QLKSV,556,688,132,v005
QLKSV,0,230,230,v005
QLKSV,0,228,228,v008
QLKSV,0,120,120,v012
QLKSV,0,732,732,v021
QLKSV,0,732,732,v018
QLKSV,266,384,118,v004
7KA3L,0,769,769,v021
7KA3L,0,769,769,v008
7KA3L,336,769,433,v019
7KA3L,0,769,769,v008
VE52Z,105,256,151,v005
VE52Z,736,852,116,v025
VE52Z,561,696,135,v005
VE52Z,0,852,852,v008
VE52Z,96,708,612,v031
VE52Z,624,852,228,v025
VE52Z,0,134,134,v029
VE52Z,0,852,852,v018
VE52Z,0,852,852,v008
9YRHF,0,216,216,v008
9YRHF,112,240,128,v025
9YRHF,204,565,361,v004
9YRHF,0,565,565,v008
9YRHF,112,237,125,v025
9YRHF,0,127,127,v020
9YRHF,81,252,171,v025
Q3QC8,141,566,425,v019
Q3QC8,24,201,177,v016
Q3QC8,144,566,422,v019
Q3QC8,0,189,189,v008
RS4ZC,249,482,233,v013
RS4ZC,0,184,184,v008
RS4ZC,0,96,96,v005
RS4ZC,453,628,175,v017
RS4ZC,434,612,178,v029
RS4ZC,170,530,360,v008
RS4ZC,170,535,365,v014
3WD4E,2,132,130,v022
3WD4E,14,314,300,v016
3WD4E,28,170,142,v016
3WD4E,151,268,117,v016
3WD4E,532,847,315,v008
3WD4E,0,429,429,v026
3WD4E,252,379,127,v023
3WD4E,732,847,115,v016
3WD4E,283,429,146,v016
Z6HEA,0,158,158,v016
Z6HEA,0,393,393,v018
Z6HEA,62,273,211,v030
Z6HEA,405,743,338,v008
Z6HEA,0,163,163,v008
Z6HEA,384,523,139,v023
Z6HEA,218,388,170,v018
Z6HEA,439,583,144,v004
Z6HEA,489,645,156,v005
Z6HEA,184,319,135,v029
Z6HEA,0,333,333,v018
Z6HEA,384,743,359,v008
Z6HEA,398,743,345,v005
WWCQE,0,604,604,v003
WWCQE,494,633,139,v022
WWCQE,657,732,75,v029
WWCQE,0,151,151,v008
WWCQE,528,667,139,v031
WWCQE,530,662,132,v006
WWCQE,600,717,117,v023
WWCQE,588,732,144,v008
CEZ0A,264,432,168,v031
CEZ0A,0,564,564,v024
CEZ0A,0,564,564,v023
287ST,103,244,141,v012
287ST,463,633,170,v012
287ST,652,838,186,v031
287ST,74,470,396,v016
287ST,648,784,136,v022
287ST,484,756,272,v008
287ST,501,715,214,v019
287ST,0,417,417,v026
287ST,194,391,197,v026
287ST,391,777,386,v018
DC4XY,0,736,736,v008
DC4XY,237,748,511,v018
DC4XY,117,273,156,v020
DC4XY,199,343,144,v018
DC4XY,508,732,224,v006
DC4XY,252,732,480,v031
HETLN,28,213,185,v008
HETLN,134,408,274,v004
HETLN,158,410,252,v008
HETLN,132,312,180,v019
HETLN,0,199,199,v008
HETLN,96,225,129,v016
HETLN,9,175,166,v023
U9LKA,350,513,163,v012
U9LKA,0,307,307,v032
U9LKA,232,585,353,v022
U9LKA,0,256,256,v014
U9LKA,0,256,256,v031
U9LKA,0,72,72,v018
U9LKA,0,319,319,v018
U9LKA,0,321,321,v018
U9LKA,348,482,134,v007
U9LKA,444,576,132,v029
10AEA,153,386,233,v016
10AEA,0,84,84,v023
10AEA,117,729,612,v026
10AEA,192,729,537,v016
10AEA,14,144,130,v025
10AEA,0,115,115,v008
77SCM,0,74,74,v001
77SCM,4,134,130,v008
77SCM,33,156,123,v029
BYSQ7,14,357,343,v004
BYSQ7,592,886,294,v008
BYSQ7,0,136,136,v018
BYSQ7,0,110,110,v018
BYSQ7,340,652,312,v022
BYSQ7,655,823,168,v028
BYSQ7,28,129,101,v023
BYSQ7,338,441,103,v016
81DW6,160,432,272,v008
81DW6,0,507,507,v012
81DW6,314,456,142,v022
PZ2W1,444,888,444,v014
PZ2W1,50,220,170,v004
PZ2W1,223,888,665,v018
PZ2W1,441,559,118,v023
PZ2W1,448,888,440,v008
ZFQNZ,213,331,118,v001
ZFQNZ,316,439,123,v016
ZFQNZ,276,415,139,v016
ZFQNZ,336,554,218,v002
ZFQNZ,36,187,151,v012
ZFQNZ,235,439,204,v008
ZFQNZ,237,367,130,v023
WQSYC,324,504,180,v004
WQSYC,120,307,187,v032
WQSYC,4,700,696,v018
WQSYC,74,300,226,v031
WQSYC,0,331,331,v008
WQSYC,64,170,106,v012
WQSYC,21,700,679,v010
WQSYC,640,700,60,v001
0DJ6R,64,398,334,v014
0DJ6R,48,405,357,v008
7QQJ1,0,735,735,v018
7QQJ1,0,735,735,v021
7QQJ1,0,735,735,v008
7QQJ1,0,735,735,v008
7QQJ1,0,735,735,v019
RE1M6,31,242,211,v008
RE1M6,244,540,296,v032
RE1M6,244,552,308,v032
RE1M6,518,626,108,v027
RE1M6,552,650,98,v029
RE1M6,0,544,544,v023
RE1M6,0,544,544,v016
NVKDC,168,316,148,v008
NVKDC,211,336,125,v016
NVKDC,244,367,123,v020
NVKDC,204,338,134,v016
TKRIZ,549,755,206,v008
TKRIZ,662,755,93,v016
TKRIZ,0,614,614,v003
TKRIZ,532,667,135,v029
TKRIZ,81,504,423,v016
TKRIZ,544,755,211,v016
TKRIZ,525,645,120,v023
HYRBL,0,427,427,v004
HYRBL,444,722,278,v025
HYRBL,0,724,724,v018
HYRBL,0,391,391,v008
HYRBL,249,384,135,v016
HYRBL,458,643,185,v016
PZQIN,369,542,173,v001
PZQIN,0,564,564,v008
PZQIN,0,81,81,v012
PZQIN,0,542,542,v008
06CKN,206,611,405,v012
06CKN,422,611,189,v001
06CKN,300,465,165,v016
06CKN,172,350,178,v012
06CKN,321,441,120,v025
06CKN,0,256,256,v008
06CKN,297,441,144,v016
06CKN,364,611,247,v001
YPTHX,0,376,376,v008
YPTHX,103,424,321,v008
YPTHX,468,887,419,v004
YPTHX,0,247,247,v012
YPTHX,160,434,274,v016
YPTHX,379,887,508,v008
YPTHX,0,256,256,v016
YPTHX,165,424,259,v023
YPTHX,139,288,149,v016
YPTHX,45,297,252,v023
7XJLH,405,578,173,v004
7XJLH,31,477,446,v002
7XJLH,470,595,125,v016
7XJLH,396,535,139,v023
VYMZC,105,285,180,v027
VYMZC,372,544,172,v023
VYMZC,403,657,254,v008
K8AUX,0,254,254,v004
K8AUX,492,710,218,v023
K8AUX,0,710,710,v008
K8AUX,151,379,228,v009
K8AUX,537,710,173,v029
K8AUX,0,710,710,v023
K8AUX,530,648,118,v023
K8AUX,432,556,124,v023
K8AUX,364,480,116,v016
FYP5L,444,751,307,v008
FYP5L,0,220,220,v017
FYP5L,417,751,334,v023
FYP5L,86,285,199,v029
C6B3T,0,750,750,v031
C6B3T,91,259,168,v004
C6B3T,350,501,151,v019
C6B3T,578,696,118,v009
C6B3T,0,750,750,v018
C6B3T,0,122,122,v014
C6B3T,0,750,750,v018
NB42S,26,730,704,v012
NB42S,0,242,242,v016
NB42S,0,256,256,v016
NB42S,0,480,480,v016
0HD0T,448,607,159,v023
0HD0T,285,456,171,v029
0HD0T,554,676,122,v025
0HD0T,410,559,149,v012
0HD0T,0,681,681,v030
0HD0T,0,703,703,v008
0HD0T,0,703,703,v030
9CDB6,0,268,268,v008
9CDB6,55,369,314,v025
9CDB6,321,542,221,v026
9CDB6,379,691,312,v017
9CDB6,48,333,285,v026
LT13Z,14,739,725,v006
LT13Z,115,672,557,v031
LT13Z,242,508,266,v028
LT13Z,199,336,137,v006
LT13Z,590,739,149,v023
LT13Z,364,739,375,v008
LT13Z,0,739,739,v007
2WX2Z,100,266,166,v026
2WX2Z,182,304,122,v019
2WX2Z,67,312,245,v023
2WX2Z,52,266,214,v012
2WX2Z,52,266,214,v008
2WX2Z,55,206,151,v012
2WX2Z,141,280,139,v001
2WX2Z,146,271,125,v001
1ROX7,0,321,321,v005
1ROX7,0,867,867,v018
1ROX7,0,867,867,v018
1ROX7,278,583,305,v030
SYUNE,0,449,449,v008
SYUNE,0,110,110,v023
SYUNE,74,340,266,v028
SYUNE,345,449,104,v016
SYUNE,345,449,104,v016
SYUNE,278,422,144,v016
SYUNE,199,396,197,v008
Z1DBB,544,1065,521,v025
Z1DBB,307,576,269,v005
Z1DBB,297,564,267,v005
Z1DBB,631,943,312,v023
Z1DBB,432,607,175,v016
Z1DBB,276,585,309,v008
6FYXS,177,412,235,v021
6FYXS,122,300,178,v023
6FYXS,264,444,180,v008
6FYXS,192,331,139,v001
6FYXS,156,444,288,v008
6FYXS,38,189,151,v012
6FYXS,26,208,182,v012
6FYXS,249,367,118,v023
6FYXS,187,333,146,v001
UNKXB,0,569,569,v005
UNKXB,0,569,569,v005
UNKXB,0,569,569,v002
UNKXB,0,569,569,v008
GMSTS,21,559,538,v003
GMSTS,705,823,118,v023
GMSTS,0,237,237,v008
T84EQ,405,585,180,v021
T84EQ,103,405,302,v004
T84EQ,0,115,115,v010
T84EQ,19,168,149,v000
T84EQ,319,434,115,v016
T84EQ,96,206,110,v023
T84EQ,372,595,223,v021
T84EQ,348,496,148,v008
WGJ8T,0,144,144,v003
WGJ8T,0,781,781,v031
WGJ8T,537,781,244,v019
WGJ8T,139,252,113,v022
ZP6LO,0,709,709,v021
ZP6LO,16,696,680,v031
ZP6LO,0,172,172,v004
ZP6LO,211,384,173,v004
ZP6LO,0,709,709,v008
ZP6LO,0,709,709,v008
LPHVE,0,759,759,v005
LPHVE,0,759,759,v005
LPHVE,0,759,759,v008
16S3C,0,350,350,v005
16S3C,448,672,224,v031
16S3C,345,530,185,v008
16S3C,0,448,448,v005
16S3C,160,427,267,v031
16S3C,0,732,732,v008
16S3C,0,732,732,v008
16S3C,192,732,540,v014
16S3C,475,676,201,v013
3XM7Q,403,616,213,v016
3XM7Q,487,628,141,v016
3XM7Q,254,410,156,v016
3XM7Q,405,612,207,v008
3XM7Q,501,612,111,v025
YLEK5,453,648,195,v016
YLEK5,271,612,341,v008
YLEK5,0,348,348,v003
YLEK5,448,655,207,v016
YLEK5,249,658,409,v016
YLEK5,254,658,404,v026
YLEK5,259,518,259,v026
DFPOJ,288,650,362,v016
DFPOJ,0,731,731,v008
DFPOJ,189,460,271,v028
DFPOJ,93,288,195,v023
DFPOJ,681,731,50,v008
DFPOJ,681,731,50,v011
DFPOJ,681,731,50,v032
DFPOJ,681,731,50,v031
0RJ18,232,374,142,v016
0RJ18,0,376,376,v008
0RJ18,232,379,147,v016
HL5OP,345,520,175,v025
HL5OP,684,842,158,v023
HL5OP,693,876,183,v026
HL5OP,398,535,137,v012
HL5OP,482,648,166,v008
HL5OP,350,489,139,v009
HL5OP,0,508,508,v008
HL5OP,456,669,213,v023
HL5OP,201,516,315,v025
HL5OP,465,849,384,v016
W3I8W,0,271,271,v016
W3I8W,172,367,195,v010
W3I8W,0,122,122,v023
W3I8W,496,652,156,v027
W3I8W,127,292,165,v018
W3I8W,216,732,516,v031
W3I8W,0,249,249,v016
VGTX8,240,508,268,v001
VGTX8,540,720,180,v008
VGTX8,288,441,153,v012
VGTX8,703,821,118,v001
VGTX8,530,700,170,v023
Q4UO4,352,554,202,v012
Q4UO4,0,199,199,v002
Q4UO4,595,729,134,v023
Q4UO4,172,326,154,v030
Q4UO4,537,734,197,v008
Q4UO4,657,734,77,v001
Q4UO4,537,734,197,v023
Q4UO4,388,544,156,v012
Q4UO4,676,734,58,v016
Q4UO4,672,734,62,v016
T7TV9,153,436,283,v009
T7TV9,0,679,679,v008
T7TV9,0,679,679,v018
T7TV9,160,408,248,v019
T7TV9,0,679,679,v008
PMG3A,81,230,149,v016
PMG3A,7,158,151,v016
PMG3A,412,648,236,v023
PMG3A,0,648,648,v008
PMG3A,0,184,184,v023
PMG3A,0,648,648,v023
PMG3A,0,648,648,v018
PMG3A,0,648,648,v031
PMG3A,28,388,360,v016
PMG3A,0,158,158,v008
PMG3A,33,588,555,v026
PMG3A,0,648,648,v008
PMG3A,33,566,533,v008
CPF9H,0,833,833,v008
CPF9H,76,833,757,v019
CPF9H,0,833,833,v031
CPF9H,81,833,752,v019
CPF9H,0,833,833,v018
CPF9H,93,235,142,v009
K1X2C,0,273,273,v008
K1X2C,120,273,153,v031
K1X2C,0,76,76,v018
K1X2C,189,273,84,v013
K1X2C,184,273,89,v014
K1X2C,0,273,273,v018
K1X2C,0,273,273,v014
8YZ8X,523,739,216,v016
8YZ8X,57,568,511,v010
8YZ8X,0,1001,1001,v018
8YZ8X,633,837,204,v018
8YZ8X,441,588,147,v022
8YZ8X,547,657,110,v023
8YZ8X,566,679,113,v025
8YZ8X,612,717,105,v027
BZD0Q,357,743,386,v008
BZD0Q,271,415,144,v016
BZD0Q,0,379,379,v004
BZD0Q,88,244,156,v029
BZD0Q,309,547,238,v023
BZD0Q,0,427,427,v008
FUT86,151,290,139,v016
FUT86,0,266,266,v008
FUT86,420,566,146,v012
FUT86,631,866,235,v005
FUT86,612,818,206,v023
FUT86,525,648,123,v016
FUT86,0,297,297,v018
FUT86,110,266,156,v016
FUT86,525,652,127,v016
FUT86,590,835,245,v005
FUT86,0,139,139,v012
FUT86,0,321,321,v018
FUT86,374,645,271,v008
FUT86,511,640,129,v016
FUT86,585,732,147,v023
FUT86,0,290,290,v014
FUT86,393,910,517,v008
FUT86,393,910,517,v016
42UH8,98,268,170,v004
42UH8,216,528,312,v005
42UH8,211,424,213,v008
42UH8,0,622,622,v008
HC62A,0,117,117,v018
HC62A,199,350,151,v012
HC62A,0,117,117,v018
HC62A,153,759,606,v008
HC62A,153,759,606,v008
HC62A,266,759,493,v005
HC62A,0,759,759,v031
HC62A,132,292,160,v023
APQSV,396,590,194,v016
APQSV,55,453,398,v008
APQSV,336,516,180,v016
APQSV,355,518,163,v026
APQSV,86,331,245,v001
APQSV,62,232,170,v012
APQSV,252,566,314,v012
APQSV,319,542,223,v016
8RFDF,21,134,113,v001
8RFDF,74,148,74,v016
8RFDF,84,148,64,v018
8RFDF,48,148,100,v022
8RFDF,0,105,105,v018
8RFDF,0,105,105,v018
8RFDF,36,148,112,v023
YM213,141,280,139,v029
YM213,0,713,713,v008
YM213,0,86,86,v001
YM213,4,127,123,v012
YM213,127,280,153,v007
51J43,165,336,171,v029
51J43,122,254,132,v017
51J43,266,737,471,v028
51J43,120,312,192,v008
51J43,334,737,403,v026
79YH2,0,744,744,v008
79YH2,247,535,288,v019
79YH2,0,708,708,v031
79YH2,499,744,245,v012
79YH2,0,513,513,v031
Z70KK,0,192,192,v026
Z70KK,192,360,168,v030
Z70KK,504,744,240,v008
Z70KK,504,624,120,v023
Z70KK,552,744,192,v026
Z70KK,518,744,226,v026
Z70KK,276,556,280,v008
Z70KK,0,184,184,v016
Z70KK,189,312,123,v016
Z70KK,242,364,122,v030
813XE,24,144,120,v016
813XE,0,96,96,v012
813XE,72,192,120,v022
813XE,144,264,120,v012
813XE,0,151,151,v008
813XE,60,182,122,v001
813XE,184,323,139,v029
813XE,141,323,182,v007
813XE,194,323,129,v001
H1XBH,0,163,163,v008
H1XBH,93,446,353,v018
H1XBH,199,352,153,v005
H1XBH,345,482,137,v022
H1XBH,148,304,156,v023
H1XBH,28,172,144,v016
H1XBH,422,658,236,v026
H1XBH,38,201,163,v018
H1XBH,132,415,283,v008
H1XBH,146,278,132,v012
H1XBH,434,571,137,v023
H1XBH,513,658,145,v026
H1XBH,93,412,319,v023
H1XBH,148,415,267,v008
OAHDH,0,422,422,v002
OAHDH,333,494,161,v016
OAHDH,314,499,185,v008
OAHDH,410,527,117,v030
MNGT1,256,403,147,v001
MNGT1,40,343,303,v014
MNGT1,312,477,165,v016
MNGT1,386,532,146,v023
MNGT1,398,809,411,v008
MNGT1,672,809,137,v016
MNGT1,0,715,715,v008
MNGT1,559,674,115,v012
MNGT1,0,112,112,v012
5H1P1,0,225,225,v031
5H1P1,456,619,163,v026
5H1P1,0,273,273,v009
5H1P1,252,741,489,v030
5H1P1,256,741,485,v023
5H1P1,259,741,482,v008
BD0S7,0,76,76,v008
BD0S7,0,115,115,v010
BD0S7,0,81,81,v013
BD0S7,0,355,355,v026
HIJBX,316,580,264,v008
HIJBX,309,580,271,v016
HIJBX,0,747,747,v007
HIJBX,0,405,405,v026
HIJBX,336,747,411,v016
HIJBX,0,405,405,v008
HIJBX,0,405,405,v016
MHUSZ,0,660,660,v008
MHUSZ,0,756,756,v008
MHUSZ,0,756,756,v013
UG6NT,0,211,211,v019
UG6NT,0,738,738,v008
UG6NT,26,199,173,v025
UG6NT,0,100,100,v008
UG6NT,0,738,738,v013
UG6NT,0,738,738,v014
S2KYK,132,419,287,v031
S2KYK,0,419,419,v018
S2KYK,0,419,419,v021
S2KYK,144,419,275,v009
S2KYK,153,376,223,v019
YY5D1,0,725,725,v010
KHWG2,16,520,504,v004
KHWG2,50,223,173,v004
KHWG2,0,667,667,v008
KHWG2,571,712,141,v016
KHWG2,0,727,727,v008
SVQL5,463,572,109,v025
SVQL5,463,572,109,v025
SVQL5,0,572,572,v010
SVQL5,0,572,572,v021
SVQL5,0,572,572,v000
CX5ZM,208,384,176,v016
CX5ZM,4,340,336,v026
CX5ZM,384,590,206,v002
CX5ZM,367,501,134,v016
CX5ZM,12,333,321,v026
GQCUO,0,386,386,v008
GQCUO,388,758,370,v026
GQCUO,676,758,82,v022
VSR11,0,758,758,v008
VSR11,0,758,758,v026
VSR11,0,758,758,v026
BB5DY,0,528,528,v032
BB5DY,518,866,348,v021
BB5DY,362,501,139,v016
BB5DY,0,866,866,v018
BB5DY,4,463,459,v008
BB5DY,360,477,117,v016
BB5DY,441,619,178,v023
BB5DY,393,564,171,v022
BB5DY,4,165,161,v018
0FJSU,72,312,240,v030
0FJSU,72,312,240,v026
0FJSU,72,312,240,v030
0FJSU,19,403,384,v008
3KWFT,134,720,586,v026
3KWFT,55,165,110,v008
3KWFT,0,151,151,v016
3KWFT,595,731,136,v020
3KWFT,429,624,195,v001
3KWFT,360,508,148,v012
1TW98,48,211,163,v008
1TW98,297,516,219,v001
1TW98,0,384,384,v008
1TW98,0,100,100,v023
1TW98,0,98,98,v023
1TW98,292,528,236,v001
9JI9W,0,1080,1080,v008
9JI9W,660,873,213,v020
9JI9W,1065,1114,49,v016
9JI9W,0,717,717,v008
9JI9W,921,1114,193,v016
9JI9W,0,751,751,v019
NFXPI,237,516,279,v026
NFXPI,518,720,202,v030
NFXPI,417,585,168,v008
NFXPI,0,98,98,v029
NFXPI,532,720,188,v030
CPZZ1,98,235,137,v031
CPZZ1,381,1096,715,v008
CPZZ1,746,926,180,v006
CPZZ1,295,432,137,v001
CPZZ1,148,278,130,v012
CPZZ1,48,172,124,v017
CPZZ1,36,160,124,v029
7WIKW,64,266,202,v015
7WIKW,540,710,170,v016
7WIKW,348,544,196,v021
7WIKW,314,444,130,v023
7WIKW,928,1058,130,v022
7WIKW,196,384,188,v016
7WIKW,880,1003,123,v016
7WIKW,465,662,197,v018
7WIKW,458,962,504,v018
7WIKW,492,650,158,v012
7WIKW,976,1068,92,v029
PT0L3,0,844,844,v008
PT0L3,0,844,844,v014
IFTEQ,0,766,766,v031
IFTEQ,0,766,766,v018
IFTEQ,0,280,280,v014
Y4P3C,532,943,411,v008
Y4P3C,432,576,144,v022
Y4P3C,117,528,411,v018
Y4P3C,9,110,101,v004
Y4P3C,4,105,101,v023
Y4P3C,0,67,67,v018
Y4P3C,0,100,100,v018
Y4P3C,0,968,968,v024
Y4P3C,0,968,968,v008
Y4P3C,861,968,107,v016
Y4P3C,861,968,107,v016
NSEZ8,72,172,100,v012
NSEZ8,48,168,120,v018
NSEZ8,48,168,120,v018
NSEZ8,0,115,115,v016
WER6W,772,909,137,v020
WER6W,772,1029,257,v014
WER6W,496,1087,591,v001
06OKE,0,120,120,v016
06OKE,336,480,144,v004
06OKE,168,288,120,v018
06OKE,168,288,120,v018
06OKE,220,556,336,v008
06OKE,67,242,175,v019
06OKE,235,747,512,v018
06OKE,194,328,134,v016
I4OFW,163,290,127,v001
I4OFW,0,254,254,v026
I4OFW,0,290,290,v008
0ISSH,0,735,735,v021
0ISSH,0,735,735,v021
0ISSH,0,735,735,v010
V9DQI,0,314,314,v005
V9DQI,247,537,290,v020
V9DQI,0,758,758,v018
V9DQI,453,741,288,v031
V9DQI,0,758,758,v008
V9DQI,456,602,146,v031
CWV2Y,650,746,96,v016
CWV2Y,0,693,693,v014
IAC2W,0,445,445,v008
IAC2W,0,445,445,v008
IAC2W,0,445,445,v008
ME4D5,0,554,554,v018
ME4D5,484,554,70,v008
ME4D5,0,554,554,v018
ME4D5,180,352,172,v020
ME4D5,0,268,268,v009
2Z2CS,0,734,734,v014
2Z2CS,0,734,734,v008
YX3W8,2,182,180,v016
YX3W8,0,237,237,v018
YX3W8,0,103,103,v023
YX3W8,74,182,108,v025
YX3W8,206,571,365,v006
YX3W8,508,667,159,v022
YX3W8,151,307,156,v010
YX3W8,67,182,115,v025
YX3W8,0,115,115,v023
YX3W8,12,172,160,v008
YX3W8,84,187,103,v016
YX3W8,170,614,444,v018
5L09N,9,156,147,v028
5L09N,360,947,587,v008
5L09N,326,475,149,v023
5L09N,0,947,947,v018
5L09N,117,290,173,v028
5L09N,794,947,153,v013
5L09N,170,340,170,v016
5L09N,340,947,607,v014
HC5JH,396,528,132,v012
HC5JH,74,535,461,v008
HC5JH,0,611,611,v008
HC5JH,504,611,107,v001
HC5JH,96,432,336,v013
HC5JH,290,604,314,v023
HC5JH,0,611,611,v024
HC5JH,376,597,221,v029
HC5JH,376,597,221,v007
4WMDU,21,767,746,v008
4WMDU,213,547,334,v016
4WMDU,475,732,257,v008
4WMDU,470,628,158,v023
4WMDU,79,194,115,v016
4WMDU,170,343,173,v023
4WMDU,105,304,199,v012
4WMDU,194,340,146,v008
4WMDU,4,187,183,v004
4WMDU,62,189,127,v016
4WMDU,220,374,154,v016
JFXG8,117,273,156,v001
JFXG8,228,674,446,v002
JFXG8,0,98,98,v012
JFXG8,146,338,192,v016
JFXG8,112,333,221,v008
JFXG8,91,232,141,v023
PFOD8,0,336,336,v008
PFOD8,24,235,211,v005
PFOD8,288,336,48,v004
PFOD8,288,336,48,v015
PFOD8,288,336,48,v005
5311V,105,302,197,v019
5311V,50,307,257,v031
5311V,230,336,106,v023
5311V,105,302,197,v019
5311V,0,148,148,v029
Y2LH1,2,199,197,v004
Y2LH1,158,720,562,v008
Y2LH1,165,674,509,v014
Y2LH1,156,254,98,v023
NHTSB,14,662,648,v024
NHTSB,566,778,212,v027
NHTSB,0,700,700,v008
NHTSB,0,679,679,v019
S2TC7,0,456,456,v008
S2TC7,405,722,317,v020
S2TC7,57,465,408,v016
S2TC7,0,472,472,v016
S2TC7,259,408,149,v016
S2TC7,0,508,508,v016
BAXWA,0,742,742,v026
BAXWA,0,742,742,v026
BAXWA,0,742,742,v008
BAXWA,552,715,163,v016
BAXWA,400,542,142,v023
BAXWA,396,667,271,v008
BAXWA,393,667,274,v016
MGDO2,0,456,456,v010
MGDO2,273,564,291,v022
MGDO2,595,670,75,v001
MGDO2,504,633,129,v029
MGDO2,458,670,212,v007
1SLTT,0,360,360,v008
1SLTT,216,364,148,v016
1SLTT,216,364,148,v016
1SLTT,108,208,100,v004
T7449,0,652,652,v008
T7449,0,652,652,v008
T7449,0,652,652,v021
T7449,7,652,645,v009
T7449,0,652,652,v008
VVJE0,0,216,216,v001
VVJE0,144,312,168,v012
VVJE0,528,672,144,v025
VVJE0,52,470,418,v023
VVJE0,134,264,130,v025
VVJE0,211,352,141,v025
VVJE0,362,484,122,v025
VVJE0,0,240,240,v008
VVJE0,175,374,199,v008
VVJE0,144,254,110,v016
VVJE0,240,369,129,v016
VVJE0,163,278,115,v023
VVJE0,415,566,151,v026
VVJE0,0,240,240,v023
VVJE0,504,633,129,v025
FW1L0,48,204,156,v005
FW1L0,0,595,595,v022
ZS66D,235,410,175,v016
ZS66D,0,620,620,v018
ZS66D,0,144,144,v023
ZS66D,369,578,209,v004
ZS66D,0,216,216,v009
ZS66D,300,620,320,v008
ZS66D,0,422,422,v019
ZS66D,256,384,128,v016
ZS66D,280,439,159,v023
ZS66D,0,379,379,v008
38BDO,537,679,142,v001
38BDO,619,803,184,v016
38BDO,499,703,204,v022
38BDO,0,204,204,v018
38BDO,487,803,316,v016
38BDO,0,571,571,v014
38BDO,643,780,137,v012
38BDO,108,350,242,v023
38BDO,672,803,131,v016
38BDO,499,655,156,v008
38BDO,525,657,132,v012
38BDO,129,338,209,v004
1US0H,302,717,415,v031
1US0H,139,369,230,v020
1US0H,177,362,185,v008
1US0H,372,674,302,v006
1US0H,235,360,125,v025
1US0H,141,362,221,v008
V00AL,0,177,177,v024
V00AL,146,288,142,v009
V00AL,328,465,137,v019
V00AL,0,497,497,v018
NDWYP,76,388,312,v008
NDWYP,388,556,168,v007
NDWYP,55,206,151,v023
Q5ZIL,0,160,160,v020
Q5ZIL,208,590,382,v008
Q5ZIL,640,782,142,v005
Q5ZIL,0,782,782,v018
Z0KN7,108,742,634,v008
Z0KN7,0,626,626,v018
Z0KN7,0,170,170,v031
Z0KN7,540,657,117,v022
Z0KN7,669,742,73,v001
Z0KN7,650,742,92,v012
57QQ7,57,316,259,v019
57QQ7,79,223,144,v009
57QQ7,319,540,221,v015
57QQ7,468,580,112,v016
57QQ7,33,316,283,v019
57QQ7,309,580,271,v008
57QQ7,213,331,118,v012
57QQ7,0,340,340,v031
57QQ7,0,352,352,v008
57QQ7,0,580,580,v018
57QQ7,228,336,108,v001
57QQ7,240,352,112,v016
ZWVO3,0,273,273,v019
KFI7N,0,127,127,v029
KFI7N,12,273,261,v008
KFI7N,132,240,108,v025
KFI7N,108,237,129,v025
87EXS,631,755,124,v001
87EXS,0,93,93,v012
87EXS,0,755,755,v008
87EXS,50,331,281,v011
CO4AU,24,204,180,v004
CO4AU,0,93,93,v008
CO4AU,146,292,146,v020
CO4AU,52,292,240,v008
CO4AU,0,292,292,v018
CO4AU,0,292,292,v018
CO4AU,28,292,264,v008
CO4AU,0,292,292,v008
FMOKR,4,890,886,v003
FMOKR,0,88,88,v023
1M8EE,542,657,115,v009
1M8EE,79,213,134,v018
1M8EE,626,746,120,v022
1M8EE,7,705,698,v031
1M8EE,105,722,617,v018
W70PA,24,753,729,v010
W70PA,0,753,753,v008
W70PA,91,360,269,v019
W70PA,0,753,753,v008
NJZR7,72,192,120,v016
NJZR7,72,192,120,v016
NJZR7,0,216,216,v008
NJZR7,122,247,125,v012
UBDB5,26,148,122,v025
UBDB5,86,511,425,v003
UBDB5,74,465,391,v018
UBDB5,0,144,144,v016
ZPNW7,780,1264,484,v008
ZPNW7,636,792,156,v023
ZPNW7,568,691,123,v029
ZPNW7,1269,1653,384,v030
ZPNW7,1228,1341,113,v023
ZPNW7,736,859,123,v016
ZPNW7,669,852,183,v008
ZPNW7,736,859,123,v016
ZPNW7,772,1281,509,v021
4ZDSO,0,397,397,v008
4ZDSO,0,397,397,v026
OR3G4,0,556,556,v008
OR3G4,0,223,223,v016
OR3G4,0,220,220,v023
OR3G4,139,556,417,v002
OR3G4,0,196,196,v008
FXBGY,0,738,738,v008
FXBGY,12,163,151,v009
FXBGY,0,738,738,v020
FXBGY,0,738,738,v018
HA02S,31,859,828,v008
HA02S,753,880,127,v016
HA02S,784,880,96,v001
HA02S,0,127,127,v012
HA02S,21,168,147,v029
1NVWD,232,376,144,v016
1NVWD,0,105,105,v012
1NVWD,0,72,72,v023
1NVWD,0,158,158,v030
1NVWD,0,151,151,v030
1NVWD,319,540,221,v017
1NVWD,415,540,125,v029
1NVWD,0,319,319,v026
1NVWD,225,355,130,v016
1NVWD,192,333,141,v016
1NVWD,0,326,326,v008
GD1LA,434,830,396,v008
GD1LA,0,787,787,v008
GD1LA,724,830,106,v010
GD1LA,0,789,789,v021
GD1LA,326,830,504,v014
V31YX,168,571,403,v005
V31YX,168,405,237,v005
V31YX,124,259,135,v023
V31YX,0,655,655,v008
V31YX,0,237,237,v008
WZA37,0,139,139,v008
WZA37,0,498,498,v008
WZA37,201,355,154,v005
WZA37,0,498,498,v008
WZA37,0,498,498,v024
16UNJ,146,336,190,v023
16UNJ,0,151,151,v029
16UNJ,156,611,455,v008
QRM8K,16,766,750,v008
QRM8K,388,576,188,v023
QRM8K,345,614,269,v023
QRM8K,50,350,300,v016
QRM8K,360,739,379,v008
QRM8K,360,748,388,v004
QRM8K,0,766,766,v005
QRM8K,0,766,766,v010
QRM8K,81,292,211,v005
QRM8K,24,177,153,v023
QRM8K,559,729,170,v016
QRM8K,24,475,451,v008
QRM8K,549,732,183,v016
QRM8K,74,268,194,v008
MX4FM,38,218,180,v023
MX4FM,492,818,326,v018
MX4FM,307,499,192,v020
MX4FM,470,607,137,v018
MX4FM,700,823,123,v022
MX4FM,465,808,343,v018
SUI1X,40,247,207,v012
SUI1X,0,662,662,v018
SUI1X,194,463,269,v016
SUI1X,561,662,101,v022
SUI1X,0,633,633,v008
POLVK,81,494,413,v008
POLVK,180,420,240,v020
POLVK,74,268,194,v023
POLVK,0,115,115,v012
POLVK,302,597,295,v016
POLVK,139,288,149,v019
POLVK,67,499,432,v008
POLVK,60,199,139,v023
0RP6B,307,864,557,v008
0RP6B,340,540,200,v012
0RP6B,324,864,540,v018
0RP6B,420,667,247,v026
0RP6B,302,468,166,v018
0RP6B,552,674,122,v016
0RP6B,496,640,144,v031
0RP6B,571,684,113,v001
0RP6B,626,864,238,v031
0RP6B,228,864,636,v016
0RP6B,228,864,636,v023
W2NHA,480,740,260,v008
W2NHA,0,230,230,v009
W2NHA,496,740,244,v026
W2NHA,504,740,236,v026
W2NHA,0,480,480,v031
W2NHA,0,252,252,v009
W2NHA,33,463,430,v019
TEQU4,24,216,192,v008
TEQU4,0,100,100,v018
TEQU4,79,631,552,v005
TEQU4,79,631,552,v005
TEQU4,0,100,100,v018
TEQU4,0,631,631,v008
TEQU4,33,631,598,v014
5E8IN,21,550,529,v008
5E8IN,21,218,197,v017
5E8IN,28,550,522,v008
5E8IN,28,550,522,v023
8J5S4,105,670,565,v008
8J5S4,465,595,130,v027
8J5S4,36,369,333,v005
8J5S4,0,670,670,v008
8J5S4,0,670,670,v008
0M2DO,117,285,168,v012
0M2DO,434,650,216,v029
0M2DO,355,616,261,v025
0M2DO,319,489,170,v008
0M2DO,100,355,255,v023
W8WRK,0,237,237,v002
W8WRK,218,793,575,v008
W8WRK,705,793,88,v016
W8WRK,220,357,137,v023
W8WRK,0,703,703,v025
W8WRK,225,480,255,v008
W8WRK,400,540,140,v008
W8WRK,225,352,127,v025
W8WRK,292,456,164,v025
W8WRK,518,636,118,v025
W8WRK,230,793,563,v008
W8WRK,712,793,81,v016
W8WRK,218,369,151,v023
W8WRK,312,793,481,v025
8M1TG,0,412,412,v026
8M1TG,429,537,108,v019
8M1TG,434,564,130,v001
8M1TG,571,736,165,v026
8M1TG,0,489,489,v008
8M1TG,580,736,156,v007
8M1TG,345,494,149,v016
VP3WN,360,528,168,v004
VP3WN,0,120,120,v000
VP3WN,0,120,120,v012
VP3WN,110,273,163,v008
VP3WN,0,96,96,v018
VP3WN,45,754,709,v018
VP3WN,177,576,399,v005
VP3WN,566,754,188,v016
VP3WN,216,376,160,v023
VP3WN,230,754,524,v008
BCO3C,0,727,727,v008
BCO3C,278,727,449,v004
BCO3C,0,643,643,v005
BCO3C,240,727,487,v008
BCO3C,240,360,120,v023
BCO3C,657,727,70,v016
BCO3C,268,727,459,v008
BCO3C,2,727,725,v005
BCO3C,0,727,727,v008
BCO3C,0,88,88,v023
BCO3C,0,88,88,v023
BCO3C,235,374,139,v023
IME5D,376,609,233,v016
IME5D,2,636,634,v023
IME5D,38,566,528,v008
5OLVC,554,715,161,v012
5OLVC,434,561,127,v004
5OLVC,115,592,477,v008
5OLVC,465,592,127,v016
5OLVC,115,268,153,v023
5OLVC,172,475,303,v015
5OLVC,650,758,108,v001
5OLVC,110,235,125,v023
5OLVC,170,470,300,v030
5OLVC,472,592,120,v016
9AFSH,84,256,172,v025
9AFSH,0,285,285,v018
9AFSH,280,528,248,v017
9AFSH,0,153,153,v008
9AFSH,0,252,252,v018
9AFSH,57,172,115,v016
RO429,4,177,173,v016
RO429,0,153,153,v012
RO429,124,271,147,v001
RO429,223,746,523,v002
RO429,0,134,134,v016
RO429,19,201,182,v016
3X52E,0,771,771,v016
3X52E,408,568,160,v016
3X52E,376,573,197,v026
3X52E,0,91,91,v008
3X52E,0,88,88,v023
3X52E,0,74,74,v008
3X52E,0,74,74,v026
3X52E,0,69,69,v028
3X52E,0,91,91,v025
3X52E,0,79,79,v016
3X52E,9,271,262,v023
3X52E,350,475,125,v025
DBT6E,523,760,237,v012
DBT6E,259,760,501,v018
DBT6E,158,362,204,v008
DBT6E,324,561,237,v012
DBT6E,264,386,122,v018
DBT6E,206,362,156,v016
JDG40,0,664,664,v026
JDG40,388,655,267,v020
JDG40,0,648,648,v032
JDG40,537,684,147,v022
JDG40,0,688,688,v018
N7243,218,417,199,v016
N7243,372,737,365,v004
N7243,331,590,259,v008
N7243,184,357,173,v012
N7243,132,283,151,v016
N7243,163,336,173,v022
N7243,0,249,249,v018
N7243,0,232,232,v031
N7243,0,434,434,v008
NI4JV,0,760,760,v031
NI4JV,0,760,760,v008
NI4JV,614,760,146,v019
HPFF1,523,737,214,v019
HPFF1,146,276,130,v023
HPFF1,165,523,358,v008
HPFF1,432,549,117,v016
HPFF1,187,516,329,v030
TON6G,316,446,130,v001
TON6G,4,412,408,v008
TON6G,424,614,190,v017
TON6G,446,590,144,v012
TON6G,444,561,117,v007
TON6G,0,446,446,v014
TON6G,463,604,141,v029
TON6G,0,417,417,v031
C4E9X,225,398,173,v004
C4E9X,0,266,266,v015
C4E9X,405,571,166,v012
C4E9X,0,518,518,v008
C4E9X,324,516,192,v016
NH3LX,19,688,669,v024
NH3LX,69,232,163,v018
NH3LX,866,993,127,v022
NH3LX,799,926,127,v016
NH3LX,24,744,720,v008
NH3LX,643,760,117,v023
NH3LX,117,967,850,v018
NH3LX,691,873,182,v004
NH3LX,777,940,163,v016
4JOAD,0,81,81,v008
4JOAD,0,139,139,v016
4JOAD,355,513,158,v016
4JOAD,230,422,192,v030
4JOAD,98,218,120,v008
4JOAD,67,187,120,v026
4JOAD,60,499,439,v008
4JOAD,60,499,439,v026
4JOAD,0,117,117,v016
4JOAD,50,168,118,v023
5U70R,182,614,432,v008
5U70R,619,791,172,v001
5U70R,0,791,791,v008
5U70R,660,791,131,v014
5U70R,0,261,261,v031
WT59C,343,535,192,v008
WT59C,129,268,139,v012
WT59C,422,554,132,v025
WT59C,0,738,738,v008
WJT09,187,336,149,v001
WJT09,141,271,130,v012
WJT09,160,413,253,v008
WJT09,170,302,132,v029
WJT09,220,328,108,v007
BIW43,0,155,155,v024
BIW43,0,155,155,v014
BIW43,0,155,155,v008
BIW43,0,155,155,v010
BIW43,48,155,107,v009
BIW43,0,155,155,v018
BIW43,48,155,107,v019
BJO5X,38,717,679,v022
BJO5X,127,578,451,v005
BJO5X,50,727,677,v008
FXC28,21,218,197,v032
FXC28,110,304,194,v010
FXC28,343,621,278,v016
FXC28,261,528,267,v016
FXC28,0,228,228,v008
FXC28,273,480,207,v016
FXC28,439,722,283,v025
FXC28,612,722,110,v025
1H6PS,0,163,163,v005
1H6PS,0,610,610,v008
1H6PS,0,610,610,v008
1H6PS,67,602,535,v020
1H6PS,0,163,163,v005
1H6PS,484,610,126,v029
16CWY,211,340,129,v008
16CWY,194,309,115,v023
16CWY,0,153,153,v019
16CWY,0,139,139,v009
16CWY,206,758,552,v003
16CWY,0,321,321,v009
16CWY,0,758,758,v018
16CWY,0,758,758,v031
16CWY,0,758,758,v018
HDP39,321,819,498,v026
HDP39,0,396,396,v032
HDP39,0,819,819,v022
HDP39,0,384,384,v018
HDP39,0,360,360,v016
HDP39,0,312,312,v004
HDP39,0,384,384,v018
HDP39,0,819,819,v008
HDP39,38,388,350,v031
DY9AE,309,634,325,v008
DY9AE,285,453,168,v023
DY9AE,0,324,324,v008
DY9AE,338,634,296,v009
DY9AE,9,264,255,v005
DY9AE,177,376,199,v020
DY9AE,0,634,634,v018
DY9AE,0,312,312,v008
DY9AE,0,228,228,v005
DY9AE,331,634,303,v019
GN4SJ,57,196,139,v008
GN4SJ,0,158,158,v005
GN4SJ,439,786,347,v008
GN4SJ,67,336,269,v016
GN4SJ,482,652,170,v008
GN4SJ,340,607,267,v023
GN4SJ,129,516,387,v016
GN4SJ,384,508,124,v023
GN4SJ,216,336,120,v031
KPXQ0,326,715,389,v008
KPXQ0,288,451,163,v023
KPXQ0,412,585,173,v020
KPXQ0,0,127,127,v029
KPXQ0,566,722,156,v016
XKGMC,74,301,227,v017
5M17J,96,568,472,v012
5M17J,208,446,238,v012
5M17J,458,777,319,v016
5M17J,340,638,298,v012
5M17J,0,874,874,v008
5M17J,122,874,752,v023
5M17J,110,254,144,v026
5M17J,91,232,141,v016
5M17J,96,228,132,v016
78LXZ,0,228,228,v008
78LXZ,0,389,389,v008
78LXZ,340,389,49,v023
78LXZ,340,389,49,v029
78LXZ,340,389,49,v023
CL29C,0,731,731,v008
CL29C,0,731,731,v018
CL29C,0,731,731,v024
CL29C,0,731,731,v018
G7GVD,136,573,437,v014
G7GVD,525,664,139,v028
G7GVD,96,232,136,v016
G7GVD,532,1130,598,v019
G7GVD,64,216,152,v014
G7GVD,0,1195,1195,v018
G7GVD,0,1195,1195,v018
G7GVD,477,604,127,v009
RECCV,120,818,698,v008
RECCV,0,818,818,v010
VOBBG,26,518,492,v008
VOBBG,0,523,523,v014
VOBBG,0,451,451,v008
VOBBG,2,468,466,v005
VOBBG,400,585,185,v022
VOBBG,403,669,266,v023
VOBBG,400,672,272,v023
VOBBG,0,544,544,v018
VOBBG,117,350,233,v013
VOBBG,403,530,127,v016
VOBBG,525,679,154,v016
VOBBG,422,616,194,v008
JUCOK,441,693,252,v001
JUCOK,0,516,516,v005
JUCOK,0,511,511,v008
JUCOK,405,540,135,v016
AH32F,410,791,381,v008
AH32F,417,530,113,v016
AH32F,0,86,86,v029
AH32F,415,688,273,v026
AH32F,470,791,321,v023
3AEF5,67,201,134,v001
3AEF5,496,713,217,v016
3AEF5,0,151,151,v016
3AEF5,662,713,51,v025
3AEF5,664,713,49,v008
3AEF5,664,713,49,v023
3AEF5,0,98,98,v008
3AEF5,172,713,541,v016
3AEF5,386,713,327,v022
JYG8P,0,463,463,v030
JYG8P,0,733,733,v031
JYG8P,134,733,599,v008
JYG8P,124,733,609,v030
JYG8P,0,733,733,v026
ZP8AL,134,386,252,v008
ZP8AL,141,271,130,v029
ZP8AL,312,456,144,v017
ZP8AL,256,393,137,v025
ZP8AL,256,393,137,v025
KZPBC,340,948,608,v010
KZPBC,268,446,178,v012
KZPBC,199,948,749,v008
KZPBC,350,948,598,v031
KZPBC,340,811,471,v019
E3UZP,0,763,763,v026
E3UZP,0,235,235,v026
E3UZP,0,763,763,v008
KNIZK,655,808,153,v023
KNIZK,0,819,819,v018
KNIZK,542,744,202,v000
KNIZK,696,819,123,v008
KNIZK,700,819,119,v004
KNIZK,0,819,819,v008
US6P9,0,516,516,v031
US6P9,487,580,93,v024
US6P9,36,184,148,v027
US6P9,408,547,139,v016
US6P9,441,580,139,v008
US6P9,0,549,549,v008
US6P9,412,556,144,v023
CR5G1,0,408,408,v008
CR5G1,0,391,391,v024
CR5G1,573,772,199,v021
CR5G1,314,446,132,v023
CR5G1,211,357,146,v018
CR5G1,261,645,384,v018
CR5G1,283,772,489,v010
CR5G1,326,650,324,v008
VS5IY,86,372,286,v026
VS5IY,24,180,156,v016
VS5IY,45,175,130,v016
VS5IY,338,624,286,v003
VS5IY,297,434,137,v023
VS5IY,564,712,148,v023
VS5IY,328,487,159,v008
VS5IY,590,752,162,v008
VS5IY,103,244,141,v016
VS5IY,225,364,139,v016
A2XH1,0,777,777,v005
A2XH1,0,777,777,v008
A2XH1,57,777,720,v005
A2XH1,290,475,185,v018
A2XH1,705,777,72,v019
A2XH1,724,777,53,v009
A2XH1,0,777,777,v008
A2XH1,0,165,165,v023
A2XH1,343,777,434,v018
A2XH1,0,777,777,v008
74DPG,136,379,243,v018
74DPG,180,921,741,v021
74DPG,189,921,732,v018
74DPG,0,971,971,v008
74DPG,117,295,178,v023
74DPG,830,960,130,v016
74DPG,0,971,971,v008
74DPG,256,465,209,v015
74DPG,830,969,139,v022
74DPG,117,945,828,v008
74DPG,496,878,382,v004
74DPG,379,528,149,v016
74DPG,170,314,144,v018
74DPG,117,518,401,v008
SXDG5,24,340,316,v027
SXDG5,331,544,213,v019
SXDG5,333,501,168,v018
SXDG5,376,942,566,v018
SXDG5,357,942,585,v018
SXDG5,391,942,551,v032
SXDG5,376,942,566,v009
SXDG5,405,942,537,v032
SXDG5,468,942,474,v031
SXDG5,0,355,355,v008
YJ888,0,309,309,v012
YJ888,249,379,130,v005
YJ888,0,805,805,v018
YJ888,16,805,789,v008
W4W97,333,518,185,v004
W4W97,50,230,180,v025
W4W97,60,220,160,v025
W4W97,55,218,163,v026
W4W97,324,532,208,v008
W4W97,319,535,216,v023
W4W97,316,439,123,v019
W4W97,316,525,209,v016
W4W97,122,225,103,v025
W4W97,48,225,177,v026
W4W97,115,218,103,v026
VTAX3,0,391,391,v008
VTAX3,0,391,391,v021
VTAX3,0,391,391,v010
VTAX3,98,391,293,v025
VTAX3,307,391,84,v009
VTAX3,110,391,281,v019
RHYAJ,0,405,405,v008
RHYAJ,348,696,348,v021
RHYAJ,302,420,118,v016
RHYAJ,252,364,112,v016
RHYAJ,441,696,255,v021
RHYAJ,0,393,393,v012
RHYAJ,0,398,398,v008
RHYAJ,324,434,110,v025
RHYAJ,0,696,696,v010
9NV2G,0,796,796,v010
9NV2G,264,480,216,v004
9NV2G,170,501,331,v008
9NV2G,343,554,211,v016
9NV2G,0,796,796,v021
9NV2G,60,242,182,v000
57QKQ,24,300,276,v031
57QKQ,218,391,173,v025
57QKQ,79,261,182,v012
57QKQ,288,398,110,v025
LUYWY,0,302,302,v008
LUYWY,396,532,136,v012
LUYWY,0,302,302,v031
LUYWY,0,733,733,v018
LUYWY,259,733,474,v013
LUYWY,458,643,185,v008
LUYWY,175,302,127,v001
LUYWY,194,733,539,v014
LUYWY,0,331,331,v016
Y5826,0,100,100,v002
Y5826,64,657,593,v002
Y5826,259,805,546,v025
Y5826,573,805,232,v025
IZ978,0,376,376,v023
IZ978,628,768,140,v022
IZ978,585,720,135,v008
IZ978,0,415,415,v008
IZ978,324,686,362,v028
IZ978,710,861,151,v013
ORD96,283,730,447,v030
ORD96,0,295,295,v008
ORD96,316,730,414,v008
ORD96,199,314,115,v025
ORD96,204,350,146,v025
ORD96,338,730,392,v023
ORD96,0,314,314,v008
CALKE,288,662,374,v003
CALKE,189,314,125,v018
CALKE,434,645,211,v003
CALKE,672,1132,460,v019
CALKE,684,1070,386,v016
CALKE,237,379,142,v018
CALKE,916,1156,240,v008
CALKE,916,1156,240,v030
CALKE,259,681,422,v023
CALKE,643,1140,497,v026
CALKE,643,1140,497,v030
W6TFQ,470,773,303,v012
W6TFQ,0,773,773,v008
W6TFQ,343,528,185,v016
W6TFQ,0,496,496,v005
W6TFQ,540,657,117,v012
AOMNM,19,715,696,v016
AOMNM,0,122,122,v017
AOMNM,643,715,72,v026
AOMNM,117,715,598,v026
4FXUI,840,1015,175,v001
4FXUI,0,909,909,v031
4FXUI,0,988,988,v018
4FXUI,840,1005,165,v022
4FXUI,0,988,988,v014
4FXUI,0,984,984,v018
UPCQK,24,446,422,v008
UPCQK,16,134,118,v023
UPCQK,384,696,312,v008
UPCQK,379,518,139,v023
UPCQK,314,472,158,v016
UPCQK,24,468,444,v026
UPCQK,487,710,223,v016
UPCQK,48,453,405,v026
UPCQK,0,141,141,v017
UPCQK,571,684,113,v016
UPCQK,420,590,170,v023
UPCQK,523,710,187,v016
EVU9O,0,737,737,v018
EVU9O,0,737,737,v021
EVU9O,384,607,223,v020
EVU9O,487,640,153,v023
EVU9O,0,480,480,v021
C1LVJ,0,441,441,v008
C1LVJ,4,434,430,v025
C1LVJ,352,480,128,v022
C1LVJ,331,446,115,v016
C1LVJ,0,103,103,v023
C1LVJ,0,136,136,v019
FPJKR,98,350,252,v008
FPJKR,252,372,120,v017
FPJKR,264,400,136,v029
FPJKR,100,225,125,v023
JJ47B,302,463,161,v023
JJ47B,0,669,669,v018
JJ47B,252,506,254,v012
JJ47B,340,669,329,v008
JJ47B,427,669,242,v014
XLXJ3,0,378,378,v008
XLXJ3,52,184,132,v025
XLXJ3,132,378,246,v009
XLXJ3,64,177,113,v025
XLXJ3,0,378,378,v019
XLXJ3,62,170,108,v025
7KAVM,225,607,382,v008
7KAVM,273,415,142,v012
7KAVM,400,612,212,v016
7KAVM,247,612,365,v023
7KAVM,213,432,219,v029
7KAVM,0,735,735,v018
7KAVM,0,328,328,v008
7KAVM,309,508,199,v008
7KAVM,446,600,154,v008
7KAVM,218,328,110,v004
7KAVM,247,376,129,v026
VMOBC,156,492,336,v005
VMOBC,489,640,151,v029
VMOBC,453,624,171,v012
VMOBC,156,516,360,v005
VMOBC,93,785,692,v008
VMOBC,93,785,692,v008
VMOBC,453,657,204,v007
TVCQF,288,408,120,v012
TVCQF,144,288,144,v032
TVCQF,0,96,96,v029
TVCQF,213,360,147,v022
TVCQF,112,256,144,v004
TVCQF,295,588,293,v001
TVCQF,156,333,177,v018
M8MP0,542,751,209,v008
M8MP0,0,619,619,v006
M8MP0,542,739,197,v022
M8MP0,561,751,190,v023
V4H5D,319,719,400,v008
V4H5D,170,403,233,v031
V4H5D,0,374,374,v003
5GG5W,170,427,257,v008
5GG5W,129,362,233,v022
5GG5W,0,196,196,v012
5GG5W,55,240,185,v018
5GG5W,0,192,192,v012
5GG5W,129,667,538,v023
5GG5W,564,694,130,v001
6QW3Y,127,523,396,v023
6QW3Y,0,84,84,v025
6QW3Y,12,211,199,v029
6QW3Y,0,60,60,v025
6QW3Y,410,602,192,v008
ACAK4,405,713,308,v008
ACAK4,360,655,295,v030
ACAK4,0,316,316,v014
ACAK4,0,713,713,v018
ACAK4,309,451,142,v023
ACAK4,326,530,204,v023
ACAK4,69,194,125,v031
ACAK4,448,590,142,v020
ACAK4,0,713,713,v018
ACAK4,297,713,416,v008
X0FW6,55,266,211,v028
X0FW6,0,115,115,v017
X0FW6,170,302,132,v022
X0FW6,252,303,51,v007
X0FW6,108,261,153,v025
X0FW6,24,136,112,v018
X0FW6,28,139,111,v018
X0FW6,251,303,52,v012
A5PL0,422,744,322,v012
A5PL0,0,489,489,v008
XLQ6X,172,314,142,v008
XLQ6X,415,556,141,v001
XLQ6X,194,319,125,v008
XLQ6X,312,432,120,v025
XLQ6X,376,506,130,v029
XLQ6X,247,376,129,v025
XLQ6X,578,708,130,v012
XLQ6X,244,436,192,v016
9HIE0,0,204,204,v002
9HIE0,213,456,243,v029
9HIE0,21,232,211,v008
9HIE0,400,616,216,v019
E8C24,12,213,201,v008
E8C24,79,220,141,v016
E8C24,4,160,156,v017
E8C24,120,501,381,v002
OG1LT,108,220,112,v023
OG1LT,62,194,132,v012
OG1LT,136,220,84,v001
YD8BF,0,292,292,v018
YD8BF,0,297,297,v008
YD8BF,43,223,180,v016
YD8BF,0,158,158,v000
YD8BF,163,307,144,v022
YD8BF,0,288,288,v018
YD8BF,0,139,139,v021
YD8BF,96,280,184,v019
YD8BF,0,288,288,v018
YD8BF,93,297,204,v016
83J53,0,436,436,v006
83J53,268,520,252,v008
83J53,0,484,484,v007
DSGVL,357,513,156,v012
DSGVL,338,504,166,v018
DSGVL,338,504,166,v018
DSGVL,352,721,369,v014
DSGVL,338,721,383,v032
DSGVL,218,410,192,v016
DSGVL,0,391,391,v026
DSGVL,386,721,335,v018
DSGVL,218,391,173,v016
DSGVL,0,297,297,v008
DSGVL,0,463,463,v008
DSGVL,393,721,328,v031
DSGVL,0,62,62,v023
RTEO8,88,218,130,v025
RTEO8,302,535,233,v008
RTEO8,93,223,130,v025
RTEO8,268,420,152,v023
69TAU,0,823,823,v008
69TAU,136,273,137,v025
FRC6O,105,343,238,v012
FRC6O,0,165,165,v018
FRC6O,408,544,136,v022
FRC6O,0,206,206,v018
FRC6O,112,492,380,v031
FRC6O,175,458,283,v008
FRC6O,360,501,141,v016
FRC6O,60,523,463,v018
FRC6O,74,268,194,v023
V6M35,0,336,336,v010
V6M35,684,886,202,v008
V6M35,398,660,262,v004
V6M35,398,717,319,v008
V6M35,254,886,632,v000
LLOGB,14,216,202,v008
LLOGB,225,727,502,v008
LLOGB,208,338,130,v023
LLOGB,45,244,199,v016
LLOGB,220,727,507,v014
LLOGB,328,727,399,v010
LLOGB,0,160,160,v029
KXO5Q,0,384,384,v021
KXO5Q,314,739,425,v008
1WI77,21,235,214,v012
1WI77,0,148,148,v007
1WI77,115,482,367,v023
1WI77,0,695,695,v014
1WI77,0,695,695,v008
Y3C08,48,136,88,v016
Y3C08,0,100,100,v016
Y3C08,0,91,91,v016
D2ORL,489,961,472,v008
D2ORL,43,961,918,v024
D2ORL,739,961,222,v009
D2ORL,532,700,168,v018
D2ORL,571,961,390,v018
D2ORL,494,619,125,v023
D2ORL,0,961,961,v008
D2ORL,537,676,139,v018
A0CZE,350,516,166,v001
A0CZE,278,444,166,v012
A0CZE,0,388,388,v008
A0CZE,50,309,259,v024
A0CZE,45,194,149,v029
A0CZE,384,530,146,v023
A0CZE,28,345,317,v014
A0CZE,441,655,214,v004
A0CZE,403,726,323,v008
YXBXH,84,343,259,v014
YXBXH,0,211,211,v004
YXBXH,129,333,204,v008
YXBXH,0,648,648,v018
YXBXH,0,648,648,v008
TEPWB,432,597,165,v004
TEPWB,84,386,302,v016
TEPWB,247,391,144,v016
TEPWB,74,379,305,v008
6ALEL,0,352,352,v008
6ALEL,254,398,144,v025
6ALEL,484,622,138,v008
6ALEL,496,622,126,v005
6ALEL,232,393,161,v003
6ALEL,264,400,136,v025
6ALEL,278,405,127,v016
6ALEL,0,412,412,v003
6ALEL,448,580,132,v023
6ALEL,525,622,97,v005
6ALEL,487,622,135,v008
6ALEL,463,583,120,v023
6ALEL,388,528,140,v029
NOSZ3,0,213,213,v006
NOSZ3,0,213,213,v008
NOSZ3,4,213,209,v004
NOSZ3,0,213,213,v008
NOSZ3,0,213,213,v022
NOSZ3,0,115,115,v023
2O5NR,0,433,433,v008
2O5NR,0,433,433,v010
2O5NR,0,433,433,v013
2O5NR,0,433,433,v014
3Z223,93,762,669,v008
3Z223,88,762,674,v031
3Z223,321,762,441,v019
3Z223,151,249,98,v019
3Z223,151,432,281,v009
3Z223,328,470,142,v009
3Z223,81,762,681,v018
SU8PN,139,343,204,v025
SU8PN,0,144,144,v025
SU8PN,343,518,175,v019
SU8PN,0,657,657,v016
SU8PN,0,657,657,v008
SU8PN,0,657,657,v023
SU8PN,0,657,657,v008
SU8PN,14,278,264,v023
SU8PN,0,652,652,v018
SU8PN,288,616,328,v001
6WWB3,393,712,319,v008
6WWB3,76,712,636,v008
6WWB3,400,535,135,v008
6WWB3,148,386,238,v001
6WWB3,55,237,182,v029
5M9JX,0,657,657,v008
5M9JX,0,129,129,v004
5M9JX,60,211,151,v005
5M9JX,57,216,159,v005
5M9JX,0,657,657,v008
5M9JX,0,657,657,v008
5M9JX,0,657,657,v008
W2DAK,561,715,154,v025
W2DAK,645,883,238,v026
W2DAK,228,417,189,v012
W2DAK,640,897,257,v026
W2DAK,50,465,415,v008
W2DAK,261,470,209,v023
CSYES,57,357,300,v016
CSYES,0,319,319,v008
CSYES,230,408,178,v016
CSYES,230,420,190,v016
CSYES,249,731,482,v008
CSYES,256,408,152,v023
CSYES,261,731,470,v014
CSYES,0,326,326,v026
CSYES,0,326,326,v026
A2771,28,743,715,v030
A2771,480,743,263,v008
A2771,472,743,271,v023
A2771,28,743,715,v008
A2771,67,743,676,v030
BZ171,352,501,149,v016
BZ171,439,697,258,v008
BZ171,475,697,222,v031
BZ171,0,232,232,v000
BZ171,0,261,261,v010
BZ171,259,403,144,v025
BZ171,499,697,198,v014
BZ171,331,496,165,v026
BZ171,439,619,180,v023
BZ171,475,697,222,v018
BZ171,0,228,228,v000
BZ171,355,508,153,v016
NV4FC,480,643,163,v008
NV4FC,470,619,149,v023
NV4FC,0,74,74,v018
NV4FC,0,196,196,v028
NV4FC,537,660,123,v001
NV4FC,523,643,120,v012
NV4FC,300,458,158,v008
NV4FC,376,511,135,v025
NV4FC,434,559,125,v022
NV4FC,583,727,144,v012
NV4FC,624,747,123,v029
NV4FC,132,249,117,v016
NV4FC,516,626,110,v023
XFRYR,129,364,235,v023
XFRYR,0,410,410,v022
XFRYR,163,343,180,v023
XFRYR,211,388,177,v001
XFRYR,213,405,192,v008
UB2EJ,117,266,149,v023
UB2EJ,0,249,249,v008
UB2EJ,0,115,115,v003
UB2EJ,0,115,115,v016
UB2EJ,19,218,199,v004
OWLRQ,0,273,273,v031
OWLRQ,304,441,137,v008
OWLRQ,571,751,180,v020
OWLRQ,0,751,751,v018
OWLRQ,422,552,130,v013
OWLRQ,204,321,117,v016
OWLRQ,304,559,255,v014
OWLRQ,482,621,139,v016
OWLRQ,180,280,100,v001
OWLRQ,244,367,123,v023
OWLRQ,0,134,134,v012
OWLRQ,0,314,314,v008
JQG43,458,836,378,v019
JQG43,136,436,300,v012
JQG43,48,187,139,v018
JQG43,352,504,152,v022
JQG43,453,836,383,v006
JQG43,64,441,377,v018
JQG43,458,836,378,v031
JQG43,136,448,312,v018
1AC4H,55,715,660,v018
1AC4H,103,715,612,v032
1AC4H,0,163,163,v018
1AC4H,16,715,699,v018
1AC4H,168,715,547,v004
1AC4H,124,715,591,v023
1AC4H,124,715,591,v008
1AC4H,26,715,689,v032
6W82I,340,695,355,v008
6W82I,338,520,182,v023
6W82I,0,695,695,v022
3ZH9Z,0,240,240,v018
3ZH9Z,0,232,232,v005
3ZH9Z,144,268,124,v022
3ZH9Z,156,640,484,v016
3ZH9Z,148,638,490,v008
3ZH9Z,391,499,108,v029
3ZH9Z,0,91,91,v023
3ZH9Z,144,487,343,v023
3ZH9Z,0,314,314,v031
3ZH9Z,0,259,259,v018
XC8DF,384,501,117,v023
XC8DF,220,403,183,v019
XC8DF,388,549,161,v008
XC8DF,388,549,161,v008
XC8DF,24,175,151,v026
XC8DF,388,549,161,v023
5DJ3S,338,610,272,v008
5DJ3S,391,610,219,v021
5DJ3S,134,268,134,v004
5DJ3S,45,328,283,v008
5DJ3S,0,610,610,v018
5DJ3S,0,141,141,v018
5DJ3S,312,610,298,v023
5DJ3S,405,610,205,v019
5DJ3S,0,105,105,v018
5DJ3S,146,333,187,v016
5DJ3S,175,432,257,v031
AMQ2W,0,596,596,v024
AMQ2W,292,596,304,v007
AMQ2W,0,596,596,v008
HY9LW,0,811,811,v008
HY9LW,511,746,235,v019
HY9LW,0,811,811,v008
AJTDO,208,607,399,v008
AJTDO,499,607,108,v025
AJTDO,0,273,273,v016
AJTDO,216,444,228,v016
AJTDO,0,184,184,v008
AJTDO,0,184,184,v008
Q0XQX,271,554,283,v030
Q0XQX,0,343,343,v026
Q0XQX,0,348,348,v016
Q0XQX,408,554,146,v008
Q0XQX,218,352,134,v001
Q0XQX,393,554,161,v030
Q0XQX,220,352,132,v001
Q0XQX,21,331,310,v026
Q0XQX,230,554,324,v031
V73YI,388,524,136,v025
V73YI,0,422,422,v018
V73YI,326,453,127,v022
1ESKX,158,604,446,v031
1ESKX,348,794,446,v008
1ESKX,463,794,331,v013
1ESKX,477,920,443,v023
X7TIA,0,464,464,v008
X7TIA,0,464,464,v024
X7TIA,0,464,464,v005
X7TIA,45,405,360,v009
X7TIA,50,410,360,v019
X7TIA,0,464,464,v008
P73UC,31,228,197,v000
P73UC,31,228,197,v000
P73UC,237,453,216,v026
P73UC,381,720,339,v023
P73UC,422,723,301,v016
P73UC,0,105,105,v010
P73UC,158,290,132,v022
P73UC,422,723,301,v013
P73UC,410,723,313,v008
P73UC,410,723,313,v014
KFM5Q,319,667,348,v008
KFM5Q,2,352,350,v008
KFM5Q,0,391,391,v023
KFM5Q,0,667,667,v018
KFM5Q,357,667,310,v023
KFM5Q,14,424,410,v021
KFM5Q,43,405,362,v021
KFM5Q,2,667,665,v008
KFM5Q,9,141,132,v016
KFM5Q,357,667,310,v014
1KJI0,0,235,235,v002
1KJI0,158,316,158,v012
1KJI0,180,316,136,v012
1KJI0,278,709,431,v008
1KJI0,439,609,170,v015
SXX9L,0,758,758,v021
SXX9L,0,256,256,v009
SXX9L,0,758,758,v005
SXX9L,0,758,758,v008
SXX9L,0,758,758,v008
DN6QU,182,667,485,v008
DN6QU,415,544,129,v013
DN6QU,0,165,165,v008
DN6QU,115,228,113,v016
DN6QU,0,187,187,v014
8VSV6,0,256,256,v010
8VSV6,225,377,152,v018
8VSV6,110,273,163,v022
8VSV6,220,377,157,v018
8VSV6,0,194,194,v000
L8XSB,259,400,141,v016
L8XSB,199,376,177,v008
6EHR7,288,441,153,v000
6EHR7,456,604,148,v022
6EHR7,504,864,360,v003
6EHR7,110,422,312,v010
DEQ73,0,60,60,v008
DEQ73,192,288,96,v023
DEQ73,0,148,148,v026
DEQ73,0,148,148,v026
DEQ73,0,1123,1123,v008
FP7N3,122,249,127,v001
FP7N3,122,256,134,v001
FP7N3,446,650,204,v008
FP7N3,501,667,166,v016
FP7N3,38,252,214,v012
FP7N3,93,628,535,v008
FP7N3,93,628,535,v023
FP7N3,93,628,535,v016
FP7N3,254,540,286,v015
I80TD,458,580,122,v016
I80TD,0,580,580,v008
I80TD,451,576,125,v016
I80TD,355,532,177,v012
I80TD,0,151,151,v029
UIHDF,180,331,151,v012
UIHDF,0,103,103,v019
UIHDF,180,326,146,v012
UIHDF,26,261,235,v008
UIHDF,230,379,149,v001
IJZ4F,19,139,120,v008
IJZ4F,0,115,115,v023
IJZ4F,88,228,140,v001
IJZ4F,0,93,93,v012
IJZ4F,165,442,277,v002
IJZ4F,0,235,235,v016
TM9I6,0,583,583,v002
TM9I6,602,733,131,v023
TM9I6,602,733,131,v008
TM9I6,518,662,144,v019
TM9I6,595,733,138,v008
TM9I6,2,177,175,v008
ZD5YK,0,743,743,v008
ZD5YK,0,504,504,v014
ZD5YK,0,556,556,v008
ZD5YK,420,568,148,v025
ZD5YK,446,568,122,v016
ZD5YK,0,564,564,v008
IEZFM,33,199,166,v027
IEZFM,96,393,297,v001
IEZFM,448,719,271,v012
IEZFM,480,719,239,v014
IEZFM,415,631,216,v018
IEZFM,609,719,110,v031
IEZFM,508,719,211,v018
DHR5F,331,730,399,v014
DHR5F,0,180,180,v012
DHR5F,199,343,144,v027
DHR5F,288,405,117,v023
DHR5F,50,244,194,v029
DHR5F,309,730,421,v008
DHR5F,321,470,149,v023
DHR5F,93,259,166,v007
75MO8,271,616,345,v004
75MO8,4,655,651,v008
75MO8,0,213,213,v017
75MO8,12,391,379,v005
75MO8,24,148,124,v023
75MO8,472,609,137,v016
75MO8,456,612,156,v016
75MO8,33,566,533,v023
75MO8,19,597,578,v016
75MO8,52,244,192,v005
75MO8,19,597,578,v008
Z2DEZ,0,196,196,v016
Z2DEZ,134,338,204,v018
Z2DEZ,374,741,367,v003
Z2DEZ,312,448,136,v023
Z2DEZ,379,532,153,v023
Z2DEZ,0,240,240,v023
Z2DEZ,4,204,200,v022
Z2DEZ,518,741,223,v016
Z2DEZ,21,192,171,v025
Z2DEZ,0,141,141,v008
Z2DEZ,0,196,196,v026
7XR13,0,571,571,v008
7XR13,451,597,146,v016
7XR13,283,678,395,v008
7XR13,559,678,119,v016
7XR13,307,468,161,v023
7XR13,600,678,78,v016
7XR13,9,105,96,v012
7XR13,9,105,96,v012
7XR13,0,96,96,v007
MUVB8,0,451,451,v010
MUVB8,432,549,117,v027
MUVB8,0,432,432,v000
MUVB8,0,588,588,v018
MUVB8,321,588,267,v031
F64IO,124,237,113,v016
F64IO,2,220,218,v005
F64IO,0,60,60,v016
F64IO,0,64,64,v008
F64IO,0,64,64,v016
F64IO,0,199,199,v005
LY2GQ,0,676,676,v008
LY2GQ,0,691,691,v026
LY2GQ,475,631,156,v016
LY2GQ,482,621,139,v025
LY2GQ,182,621,439,v026
LY2GQ,0,648,648,v023
9VBJ5,0,436,436,v008
9VBJ5,391,691,300,v004
9VBJ5,0,441,441,v005
9VBJ5,609,947,338,v030
9VBJ5,146,266,120,v023
9VBJ5,396,947,551,v008
9VBJ5,720,947,227,v030
O1YWR,0,276,276,v028
O1YWR,506,667,161,v012
O1YWR,0,268,268,v023
O1YWR,115,679,564,v008
O1YWR,631,759,128,v026
O1YWR,494,753,259,v016
XYGU1,0,69,69,v008
XYGU1,0,69,69,v016
XYGU1,0,69,69,v016
XYGU1,240,336,96,v028
XYGU1,0,67,67,v008
XYGU1,283,492,209,v012
XYGU1,345,751,406,v031
XYGU1,112,751,639,v018
XYGU1,350,501,151,v004
XYGU1,72,225,153,v018
XYGU1,72,751,679,v032
WJ1E7,446,777,331,v032
WJ1E7,364,518,154,v018
WJ1E7,9,362,353,v008
WJ1E7,364,777,413,v018
WJ1E7,417,777,360,v032
WJ1E7,208,338,130,v016
WJ1E7,436,777,341,v008
WJ1E7,410,777,367,v018
XFT37,213,403,190,v012
XFT37,307,553,246,v023
XFT37,163,297,134,v022
XFT37,295,553,258,v008
XFT37,309,487,178,v001
XFT37,0,280,280,v010
XFT37,506,553,47,v008
XFT37,506,553,47,v001
XFT37,506,553,47,v010
JIOD0,379,492,113,v008
JIOD0,127,465,338,v026
JIOD0,182,340,158,v022
JIOD0,36,302,266,v018
JIOD0,465,600,135,v007
JIOD0,0,136,136,v018
JIOD0,645,734,89,v001
JIOD0,69,511,442,v016
JIOD0,456,628,172,v012
JIOD0,69,511,442,v023
JIOD0,492,708,216,v029
JIOD0,403,513,110,v025
JIOD0,0,184,184,v026
IWMW1,292,619,327,v026
IWMW1,520,660,140,v008
IWMW1,156,295,139,v004
IWMW1,0,660,660,v029
TVS1P,513,620,107,v027
TVS1P,0,592,592,v021
TVS1P,408,566,158,v022
K5IAK,223,559,336,v023
K5IAK,254,410,156,v008
K5IAK,240,732,492,v026
K5IAK,739,786,47,v031
K5IAK,739,786,47,v012
K5IAK,739,786,47,v008
K5IAK,0,696,696,v026
K5IAK,0,220,220,v029
K5IAK,580,786,206,v023
U7Z37,96,228,132,v001
U7Z37,153,704,551,v002
WIQ2O,96,244,148,v004
WIQ2O,0,184,184,v008
WIQ2O,0,621,621,v018
WIQ2O,525,667,142,v022
WIQ2O,0,192,192,v019
ZLH9E,0,736,736,v018
ZLH9E,117,261,144,v025
ZLH9E,12,261,249,v008
ZLH9E,206,525,319,v008
ZLH9E,0,103,103,v023
ZLH9E,177,290,113,v023
WDB4S,628,765,137,v016
WDB4S,379,693,314,v026
WDB4S,592,765,173,v016
WDB4S,84,736,652,v008
V3LMY,576,742,166,v016
V3LMY,189,573,384,v008
V3LMY,0,304,304,v018
V3LMY,0,271,271,v008
V3LMY,62,232,170,v004
V3LMY,0,184,184,v023
V3LMY,160,396,236,v022
V3LMY,0,297,297,v018
V3LMY,693,742,49,v030
0L07S,0,636,636,v024
0L07S,0,645,645,v018
0L07S,0,645,645,v008
0L07S,0,645,645,v031
LTQS9,86,393,307,v026
LTQS9,309,525,216,v026
LTQS9,410,648,238,v018
LTQS9,163,369,206,v022
LTQS9,259,768,509,v026
LTQS9,0,336,336,v018
QUGSS,360,571,211,v031
QUGSS,50,268,218,v005
QUGSS,45,268,223,v005
QUGSS,31,170,139,v008
QUGSS,204,314,110,v019
QUGSS,0,786,786,v008
QUGSS,0,170,170,v004
QUGSS,0,786,786,v008
CGNBJ,739,916,177,v005
CGNBJ,0,424,424,v016
CGNBJ,396,813,417,v026
CGNBJ,340,520,180,v012
CGNBJ,415,561,146,v025
CGNBJ,676,916,240,v008
CGNBJ,410,588,178,v025
CGNBJ,405,729,324,v026
CGNBJ,676,818,142,v023
P6S89,578,768,190,v029
P6S89,211,648,437,v005
P6S89,0,283,283,v030
P6S89,206,314,108,v016
P6S89,0,283,283,v031
SPJVR,0,441,441,v008
SPJVR,333,463,130,v025
SPJVR,31,403,372,v026
SPJVR,324,463,139,v025
SPJVR,595,727,132,v019
S0LA8,331,484,153,v007
S0LA8,0,292,292,v008
S0LA8,0,280,280,v031
S0LA8,580,766,186,v029
S0LA8,388,518,130,v012
S0LA8,177,292,115,v025
S0LA8,530,633,103,v027
S0LA8,177,292,115,v025
S0LA8,0,292,292,v008
S0LA8,331,463,132,v001
QFVMA,504,626,122,v016
QFVMA,268,600,332,v008
QFVMA,268,381,113,v023
QFVMA,559,782,223,v031
QFVMA,0,638,638,v032
QFVMA,312,439,127,v019
QFVMA,0,276,276,v031
QFVMA,307,439,132,v031
QFVMA,348,528,180,v031
279W6,81,259,178,v021
279W6,62,755,693,v018
279W6,38,160,122,v018
PT2Z0,0,328,328,v030
PT2Z0,264,449,185,v025
PT2Z0,64,333,269,v030
XWQ1D,0,420,420,v026
XWQ1D,0,110,110,v023
XWQ1D,0,458,458,v026
XWQ1D,362,672,310,v030
XWQ1D,590,700,110,v023
RHAJX,0,160,160,v000
RHAJX,484,705,221,v023
RHAJX,273,422,149,v022
RHAJX,0,146,146,v000
RHAJX,108,379,271,v016
RHAJX,0,177,177,v010
RHAJX,88,400,312,v018
RHAJX,124,379,255,v003
RHAJX,518,705,187,v031
9O0HH,367,874,507,v008
9O0HH,436,612,176,v005
9O0HH,777,874,97,v002
9O0HH,0,160,160,v023
9O0HH,36,153,117,v001
9O0HH,0,86,86,v012
9O0HH,554,729,175,v016
WFJJE,0,746,746,v008
WFJJE,146,285,139,v016
WFJJE,0,746,746,v011
WFJJE,0,746,746,v024
QN42P,0,732,732,v008
QN42P,0,732,732,v018
QN42P,170,732,562,v031
QN42P,0,732,732,v008
QN42P,7,151,144,v023
QN42P,487,628,141,v023
QN42P,0,732,732,v005
QN42P,0,732,732,v018
EOA7I,0,434,434,v014
EOA7I,0,417,417,v010
EOA7I,290,439,149,v022
EOA7I,405,604,199,v007
EOA7I,410,616,206,v012
FYH25,0,112,112,v001
FYH25,799,878,79,v004
FYH25,724,878,154,v005
FYH25,259,852,593,v008
7ICIA,16,302,286,v016
7ICIA,376,655,279,v016
7ICIA,211,396,185,v001
7ICIA,276,655,379,v008
7ICIA,0,350,350,v016
7ICIA,120,415,295,v012
7ICIA,14,264,250,v008
3QGLU,232,777,545,v008
3QGLU,693,804,111,v016
3QGLU,705,805,100,v001
3QGLU,69,232,163,v012
3QGLU,249,765,516,v014
TC015,172,735,563,v026
TC015,0,158,158,v008
TC015,57,216,159,v016
TC015,33,225,192,v016
TC015,158,735,577,v026
AY5CS,0,778,778,v010
AY5CS,204,778,574,v031
AY5CS,213,372,159,v019
BD4P9,0,590,590,v018
BD4P9,427,583,156,v022
BD4P9,520,681,161,v027
BD4P9,0,523,523,v018
CRJGZ,9,247,238,v012
CRJGZ,396,561,165,v018
CRJGZ,242,436,194,v016
CRJGZ,168,324,156,v001
CRJGZ,422,621,199,v018
CRJGZ,520,643,123,v022
CRJGZ,14,206,192,v029
CRJGZ,57,187,130,v007
CRJGZ,292,434,142,v016
RGIZ7,338,487,149,v012
RGIZ7,369,600,231,v031
RGIZ7,220,391,171,v001
RGIZ7,0,314,314,v031
RGIZ7,0,314,314,v014
RGIZ7,0,737,737,v018
RGIZ7,516,633,117,v009
RGIZ7,0,737,737,v018
IBIWF,0,348,348,v014
IBIWF,252,374,122,v016
IBIWF,554,679,125,v008
IBIWF,561,698,137,v016
IBIWF,0,278,278,v008
IBIWF,218,381,163,v016
IBIWF,163,290,127,v016
23QFL,345,676,331,v031
23QFL,0,566,566,v008
23QFL,100,304,204,v020
23QFL,14,168,154,v018
23QFL,588,724,136,v022
23QFL,60,684,624,v018
94HB1,0,751,751,v032
94HB1,0,777,777,v018
94HB1,0,223,223,v032
94HB1,129,285,156,v012
94HB1,643,777,134,v012
06X2V,364,542,178,v023
06X2V,2,254,252,v019
06X2V,403,573,170,v023
06X2V,146,657,511,v008
06X2V,0,184,184,v019
06X2V,244,448,204,v031
06X2V,201,422,221,v009
06X2V,0,477,477,v014
06X2V,544,667,123,v030
06X2V,412,684,272,v008
WTFOC,441,523,82,v012
WTFOC,276,482,206,v026
WTFOC,441,523,82,v029
J3V1D,0,640,640,v018
J3V1D,544,652,108,v022
J3V1D,470,614,144,v028
J3V1D,0,535,535,v004
J3V1D,0,745,745,v008
YBXCT,74,663,589,v023
YBXCT,45,201,156,v012
YBXCT,105,254,149,v001
YBXCT,84,220,136,v016
YBXCT,160,360,200,v008
YBXCT,45,201,156,v012
4J8YT,0,247,247,v026
4J8YT,0,432,432,v008
4J8YT,0,432,432,v026
GLIC0,0,715,715,v008
GLIC0,0,196,196,v012
GLIC0,93,499,406,v028
GLIC0,156,585,429,v023
GLIC0,506,640,134,v016
GLIC0,532,688,156,v016
GLIC0,410,636,226,v008
AZO8U,0,669,669,v030
AZO8U,79,669,590,v008
AZO8U,794,942,148,v026
AZO8U,304,942,638,v008
AZO8U,31,362,331,v030
OW9LO,228,460,232,v026
OW9LO,220,487,267,v004
OW9LO,472,720,248,v005
OW9LO,362,738,376,v008
OW9LO,0,122,122,v008
K9HPB,156,236,80,v008
K9HPB,120,236,116,v016
K9HPB,0,236,236,v026
K9HPB,24,236,212,v023
K9HPB,148,236,88,v014
K9HPB,0,236,236,v008
E7Q3R,232,448,216,v028
E7Q3R,91,235,144,v018
E7Q3R,124,297,173,v016
E7Q3R,446,561,115,v022
E7Q3R,124,297,173,v016
E7Q3R,72,290,218,v008
E7Q3R,460,573,113,v017
E7Q3R,69,290,221,v008
E7Q3R,0,67,67,v008
E7Q3R,0,552,552,v018
E7Q3R,0,62,62,v017
E7Q3R,96,554,458,v018
E7Q3R,0,67,67,v008
2CDOS,352,482,130,v008
2CDOS,249,532,283,v016
2CDOS,237,496,259,v025
2CDOS,57,480,423,v028
2CDOS,254,496,242,v025
OKYYQ,0,302,302,v031
OKYYQ,585,652,67,v001
OKYYQ,189,374,185,v012
OKYYQ,264,652,388,v026
OKYYQ,134,290,156,v022
OKYYQ,568,652,84,v019
OKYYQ,216,652,436,v026
OKYYQ,0,240,240,v008
OKYYQ,60,204,144,v001
OKYYQ,55,247,192,v016
FACX2,0,732,732,v010
FACX2,0,732,732,v014
FACX2,0,732,732,v008
M149H,0,538,538,v018
M149H,0,538,538,v016
M149H,26,434,408,v019
M149H,0,538,538,v018
M149H,153,283,130,v008
M149H,112,232,120,v023
M149H,338,468,130,v026
M149H,268,367,99,v016
FIJ3D,463,716,253,v008
FIJ3D,417,564,147,v023
FIJ3D,391,513,122,v001
FIJ3D,33,266,233,v012
FIJ3D,0,127,127,v023
FIJ3D,456,640,184,v012
FIJ3D,566,716,150,v014
FIJ3D,12,544,532,v008
FIJ3D,434,549,115,v016
FIJ3D,112,501,389,v031
FIJ3D,530,716,186,v031
IKYVB,0,64,64,v008
IKYVB,0,196,196,v016
IKYVB,0,180,180,v016
IKYVB,182,597,415,v018
IKYVB,240,568,328,v018
IKYVB,595,646,51,v029
IKYVB,595,646,51,v026
N7130,134,324,190,v016
N7130,276,742,466,v018
N7130,300,742,442,v018
N7130,120,252,132,v008
N7130,0,134,134,v012
N7130,38,184,146,v029
N7130,309,742,433,v021
N7130,304,742,438,v010
NWNUY,355,489,134,v008
NWNUY,444,619,175,v016
NWNUY,266,415,149,v023
NWNUY,237,649,412,v016
NWNUY,14,122,108,v008
NWNUY,273,649,376,v016
UISBN,273,759,486,v019
UISBN,0,759,759,v018
QJ389,189,410,221,v008
QJ389,103,336,233,v023
QJ389,0,410,410,v031
QJ389,242,362,120,v012
QJ389,266,410,144,v031
QJ389,0,410,410,v018
QJ389,33,410,377,v012
129SP,660,745,85,v001
129SP,444,667,223,v031
129SP,0,528,528,v003
129SP,607,745,138,v012
129SP,439,669,230,v031
129SP,645,745,100,v029
129SP,619,745,126,v007
TK00O,0,608,608,v006
TK00O,530,608,78,v022
H6OA2,0,763,763,v008
H6OA2,100,763,663,v031
H6OA2,211,763,552,v006
LZ8Z0,96,825,729,v008
LZ8Z0,715,825,110,v016
LZ8Z0,86,220,134,v023
QAJQC,0,302,302,v008
QAJQC,48,168,120,v027
QAJQC,112,314,202,v016
QAJQC,266,432,166,v027
QAJQC,472,631,159,v016
QAJQC,592,685,93,v001
QAJQC,14,141,127,v029
QAJQC,86,247,161,v012
QAJQC,225,393,168,v001
TRUIW,456,700,244,v012
TRUIW,31,324,293,v005
TRUIW,0,468,468,v031
TRUIW,600,724,124,v029
TRUIW,9,182,173,v008
V25IB,388,710,322,v008
V25IB,396,648,252,v014
V25IB,76,475,399,v024
V25IB,0,117,117,v020
V25IB,0,735,735,v018
UO5PM,0,115,115,v027
UO5PM,0,88,88,v029
UO5PM,144,288,144,v023
UO5PM,144,735,591,v008
9UU4H,326,816,490,v028
9UU4H,0,379,379,v016
9UU4H,4,136,132,v008
9UU4H,74,211,137,v008
9UU4H,4,134,130,v025
9UU4H,103,223,120,v025
9UU4H,0,117,117,v023
9UU4H,74,192,118,v023
JEDTE,112,873,761,v008
JEDTE,117,849,732,v008
JEDTE,297,921,624,v008
JEDTE,446,607,161,v005
JEDTE,98,947,849,v021
JEDTE,88,947,859,v021
JEDTE,316,888,572,v008
JEDTE,261,417,156,v026
JEDTE,261,422,161,v023
NV70C,0,731,731,v018
NV70C,0,731,731,v032
NV70C,0,731,731,v008
NV70C,0,731,731,v018
DP5S8,0,712,712,v008
DP5S8,112,312,200,v028
DP5S8,218,333,115,v025
DP5S8,0,175,175,v014
EZCPC,148,429,281,v008
EZCPC,148,249,101,v023
EZCPC,88,858,770,v002
EZCPC,148,249,101,v023
EZCPC,326,477,151,v016
EZCPC,127,727,600,v008
EZCPC,252,804,552,v008
EZCPC,153,489,336,v016
EZCPC,168,427,259,v012
PLGZM,98,338,240,v008
PLGZM,60,194,134,v023
PLGZM,0,117,117,v022
PLGZM,0,76,76,v031
PLGZM,84,737,653,v014
D24XF,343,753,410,v008
D24XF,554,698,144,v020
D24XF,417,672,255,v030
D24XF,328,463,135,v023
D24XF,340,518,178,v026
2G6A8,0,482,482,v008
2G6A8,384,501,117,v027
2G6A8,403,573,170,v017
2G6A8,432,571,139,v029
2G6A8,0,470,470,v014
47ZXN,468,722,254,v006
47ZXN,444,753,309,v022
47ZXN,444,758,314,v022
47ZXN,0,249,249,v026
47ZXN,0,194,194,v026
47ZXN,180,331,151,v027
47ZXN,240,386,146,v027
G5IHT,0,778,778,v008
G5IHT,38,778,740,v016
G5IHT,45,778,733,v025
G5IHT,0,778,778,v018
G5IHT,28,778,750,v023
G5IHT,0,778,778,v008
G3TEA,926,999,73,v027
G3TEA,40,412,372,v026
G3TEA,0,112,112,v030
G3TEA,312,441,129,v001
G3TEA,21,132,111,v012
G3TEA,40,412,372,v026
G3TEA,192,362,170,v008
306S9,60,535,475,v005
306S9,0,122,122,v018
306S9,396,571,175,v022
306S9,0,213,213,v008
306S9,31,525,494,v018
306S9,103,225,122,v016
306S9,206,345,139,v016
306S9,684,751,67,v019
IABNL,134,427,293,v016
IABNL,172,716,544,v006
IABNL,242,624,382,v016
DAGXP,0,176,176,v008
DAGXP,0,176,176,v017
DAGXP,0,124,124,v029
DAGXP,0,176,176,v008
C93HZ,549,732,183,v008
C93HZ,0,626,626,v018
C93HZ,40,422,382,v004
C93HZ,0,583,583,v008
C93HZ,472,592,120,v016
C93HZ,0,112,112,v018
C93HZ,542,722,180,v023
C93HZ,516,633,117,v022
2X7F6,0,627,627,v008
2X7F6,0,484,484,v031
2X7F6,434,612,178,v005
2X7F6,0,627,627,v018
2OY8R,48,172,124,v005
2OY8R,76,738,662,v008
2OY8R,0,738,738,v008
2OY8R,0,738,738,v031
2OY8R,62,180,118,v005
2OY8R,19,738,719,v008
2OY8R,105,405,300,v014
2OY8R,0,156,156,v029
HKLB1,0,396,396,v031
HKLB1,432,792,360,v008
HKLB1,127,436,309,v028
HKLB1,348,480,132,v012
HKLB1,240,415,175,v007
HKLB1,364,542,178,v023
IJTWU,0,755,755,v018
IJTWU,0,187,187,v005
IJTWU,0,741,741,v008
IJTWU,132,331,199,v020
IJTWU,9,134,125,v005
IJTWU,0,755,755,v026
IJTWU,0,755,755,v021
758T4,273,445,172,v023
758T4,225,369,144,v023
758T4,223,432,209,v008
758T4,300,432,132,v029
XCR15,0,472,472,v013
XCR15,0,472,472,v008
XCR15,0,472,472,v014
XCR15,0,472,472,v018
XJFMW,650,748,98,v008
XJFMW,523,638,115,v016
XJFMW,590,748,158,v018
XJFMW,542,703,161,v018
XJFMW,513,624,111,v008
XJFMW,576,748,172,v018
XJFMW,516,669,153,v016
RZLAZ,0,199,199,v017
RZLAZ,184,357,173,v016
RZLAZ,184,357,173,v012
RZLAZ,0,357,357,v008
7EYIL,307,458,151,v012
7EYIL,81,398,317,v017
7EYIL,91,206,115,v029
7EYIL,141,259,118,v029
7EYIL,187,300,113,v029
7EYIL,415,549,134,v023
7EYIL,381,622,241,v008
7EYIL,384,622,238,v023
7EYIL,386,622,236,v008
AICB5,0,559,559,v008
AICB5,50,780,730,v002
OIRPJ,256,532,276,v008
OIRPJ,0,134,134,v012
OIRPJ,72,350,278,v028
OIRPJ,283,753,470,v023
OIRPJ,184,304,120,v016
OIRPJ,0,153,153,v029
ZYGYS,36,587,551,v008
ZYGYS,26,578,552,v017
ZYGYS,247,379,132,v012
ZYGYS,43,201,158,v008
ZYGYS,43,201,158,v008
ZYGYS,283,429,146,v029
ZYGYS,316,446,130,v001
TNOBD,216,333,117,v016
TNOBD,0,319,319,v026
TNOBD,357,723,366,v014
TNOBD,328,470,142,v018
TNOBD,496,723,227,v005
TNOBD,393,723,330,v008
TNOBD,194,417,223,v029
TNOBD,393,723,330,v008
TNOBD,331,723,392,v008
TNOBD,338,723,385,v018
6S7M9,223,466,243,v018
6S7M9,43,466,423,v008
6S7M9,223,424,201,v018
6S7M9,360,466,106,v004
6S7M9,33,182,149,v017
4EBCO,0,624,624,v031
4EBCO,511,676,165,v022
4EBCO,0,638,638,v014
4EBCO,0,645,645,v018
JJB0A,674,816,142,v008
JJB0A,604,811,207,v029
JJB0A,50,314,264,v026
JJB0A,616,887,271,v008
XPWYQ,384,549,165,v016
XPWYQ,343,470,127,v016
XPWYQ,0,470,470,v008
XPWYQ,343,470,127,v016
XPWYQ,475,591,116,v008
5AM4C,0,110,110,v016
5AM4C,0,211,211,v016
5AM4C,72,204,132,v008
5AM4C,0,110,110,v008
5AM4C,36,158,122,v016
5AM4C,0,110,110,v025
5AM4C,40,168,128,v023
DUHWU,223,405,182,v012
DUHWU,0,196,196,v017
DUHWU,547,691,144,v018
DUHWU,494,612,118,v022
DUHWU,561,723,162,v019
DUHWU,429,655,226,v029
DUHWU,160,314,154,v007
DUHWU,271,723,452,v018
7U43Y,280,728,448,v008
7U43Y,268,583,315,v023
7U43Y,283,482,199,v008
7U43Y,492,728,236,v016
7U43Y,247,391,144,v023
7U43Y,345,728,383,v015
7U43Y,170,336,166,v016
OIXA4,360,511,151,v016
OIXA4,0,729,729,v018
OIXA4,345,511,166,v016
OIXA4,0,729,729,v018
9UTFJ,0,110,110,v029
9UTFJ,0,108,108,v027
9UTFJ,100,189,89,v016
9UTFJ,136,189,53,v001
9UTFJ,64,172,108,v012
WN38A,228,350,122,v001
WN38A,326,448,122,v016
WN38A,0,93,93,v012
WN38A,249,405,156,v029
WN38A,0,403,403,v008
WN38A,319,448,129,v016
WN38A,2,124,122,v023
WN38A,208,515,307,v030
WN38A,0,333,333,v012
UDGRS,494,662,168,v001
UDGRS,0,444,444,v008
UDGRS,398,621,223,v014
UDGRS,477,619,142,v016
UDGRS,475,643,168,v016
UDGRS,511,708,197,v016
UDGRS,398,715,317,v026
UDGRS,504,722,218,v023
UDGRS,518,691,173,v008
UDGRS,410,619,209,v008
UDGRS,396,513,117,v023
UL65N,36,695,659,v018
UL65N,81,266,185,v023
UL65N,268,427,159,v016
UL65N,19,146,127,v018
UL65N,232,412,180,v016
BT8WU,0,552,552,v008
BT8WU,0,465,465,v014
BT8WU,628,753,125,v005
BT8WU,415,715,300,v026
BT8WU,0,465,465,v018
BT8WU,357,480,123,v022
BT8WU,549,736,187,v023
BT8WU,444,631,187,v023
BT8WU,441,753,312,v008
U2V5A,0,722,722,v008
U2V5A,0,722,722,v008
PAYYN,0,189,189,v007
PAYYN,86,204,118,v012
PAYYN,261,552,291,v014
PAYYN,554,689,135,v001
PAYYN,504,681,177,v029
PAYYN,189,333,144,v022
PAYYN,213,540,327,v016
III9I,211,520,309,v007
III9I,38,177,139,v001
III9I,0,76,76,v012
III9I,52,165,113,v001
III9I,24,165,141,v001
OWOCT,304,544,240,v008
OWOCT,268,415,147,v023
OWOCT,216,364,148,v023
OWOCT,576,705,129,v000
OWOCT,297,566,269,v016
OWOCT,254,705,451,v008
OWOCT,439,571,132,v016
OWOCT,0,110,110,v029
J8781,348,480,132,v001
J8781,93,220,127,v008
J8781,93,220,127,v023
J8781,110,244,134,v018
J8781,232,348,116,v022
J8781,0,144,144,v003
J8781,108,338,230,v018
J8781,280,446,166,v012
J8781,81,242,161,v016
J8781,249,480,231,v003
J8781,0,144,144,v016
J8781,345,480,135,v029
1VUWS,0,652,652,v026
Y063A,144,700,556,v006
Y063A,468,624,156,v020
Y063A,583,722,139,v022
Y063A,283,708,425,v008
RVLLF,0,412,412,v008
RVLLF,276,441,165,v016
RVLLF,276,448,172,v016
RVLLF,216,355,139,v029
RVLLF,268,472,204,v016
RVLLF,0,439,439,v008
CAW41,0,573,573,v008
CAW41,0,573,573,v023
CAW41,0,573,573,v021
CAW41,165,573,408,v005
CAW41,0,573,573,v010
CAW41,0,573,573,v026
CAW41,307,456,149,v016
5UNDJ,1701,4665,2964,v008
5UNDJ,2354,4293,1939,v005
5UNDJ,1725,4339,2614,v008
5UNDJ,2191,3849,1658,v023
5UNDJ,1701,2241,540,v029
5UNDJ,3544,3780,236,v016
5UNDJ,3568,3828,260,v016
AJ5YQ,67,369,302,v008
AJ5YQ,60,218,158,v023
AJ5YQ,278,548,270,v005
AJ5YQ,81,548,467,v014
AJ5YQ,242,548,306,v008
AJ5YQ,242,548,306,v008
AJ5YQ,271,381,110,v016
AJ5YQ,264,548,284,v013
AEA8P,0,328,328,v005
AEA8P,232,553,321,v008
AEA8P,0,213,213,v019
AEA8P,0,553,553,v018
AEA8P,0,553,553,v008
AEA8P,0,96,96,v005
AEA8P,0,553,553,v018
QAHJG,40,208,168,v012
QAHJG,112,745,633,v031
QAHJG,0,108,108,v016
QAHJG,0,285,285,v032
JFR2I,0,580,580,v026
JFR2I,566,700,134,v023
JFR2I,472,638,166,v022
JFR2I,592,778,186,v015
JFR2I,0,616,616,v018
JFR2I,0,624,624,v018
JFR2I,585,778,193,v008
JFR2I,0,381,381,v016
JFR2I,0,484,484,v008
JFR2I,434,580,146,v016
JQJSB,0,189,189,v006
JQJSB,542,672,130,v007
JQJSB,504,693,189,v006
JQJSB,211,350,139,v022
CM0F0,0,559,559,v026
CM0F0,520,676,156,v016
CM0F0,0,530,530,v016
CM0F0,38,158,120,v016
CM0F0,76,223,147,v016
CM0F0,225,511,286,v026
AEHBG,0,364,364,v031
AEHBG,664,907,243,v005
0RDVJ,0,954,954,v008
0RDVJ,0,954,954,v008
0RDVJ,0,954,954,v008
NCLD1,0,110,110,v025
NCLD1,0,84,84,v004
NCLD1,0,98,98,v008
NCLD1,74,256,182,v008
NCLD1,223,465,242,v008
NCLD1,55,182,127,v023
NCLD1,211,343,132,v023
NCLD1,424,556,132,v023
NCLD1,0,789,789,v008
NCLD1,741,789,48,v008
NCLD1,741,789,48,v023
NCLD1,741,789,48,v008
86X97,43,897,854,v008
86X97,163,892,729,v031
86X97,816,960,144,v016
86X97,158,902,744,v012
86X97,33,182,149,v023
86X97,43,268,225,v031
86X97,240,446,206,v031
GH3D1,2,153,151,v016
GH3D1,0,122,122,v023
GH3D1,201,547,346,v031
GH3D1,189,319,130,v005
GH3D1,55,271,216,v002
GH3D1,0,292,292,v008
GH3D1,271,535,264,v006
44HW5,228,744,516,v008
44HW5,412,744,332,v014
44HW5,228,400,172,v017
44HW5,220,744,524,v008
44HW5,220,367,147,v029
EI17N,0,727,727,v008
EI17N,0,727,727,v024
EI17N,67,230,163,v019
EI17N,0,727,727,v018
0LDP7,0,648,648,v002
0LDP7,0,631,631,v032
7CBNR,0,626,626,v008
7CBNR,386,494,108,v020
K1UTX,14,220,206,v008
K1UTX,134,739,605,v024
8PSXZ,504,669,165,v008
8PSXZ,508,693,185,v016
8PSXZ,496,688,192,v023
8PSXZ,0,777,777,v002
8PSXZ,571,688,117,v016
8PSXZ,511,626,115,v023
EF5XT,328,645,317,v008
EF5XT,187,472,285,v015
EF5XT,115,645,530,v019
EF5XT,100,645,545,v009
EF5XT,0,645,645,v008
AXM6J,554,796,242,v008
AXM6J,19,556,537,v026
HB8QW,12,499,487,v008
HB8QW,62,446,384,v018
HB8QW,328,460,132,v022
HB8QW,60,446,386,v018
HB8QW,264,396,132,v016
C3ZJU,98,213,115,v031
C3ZJU,48,710,662,v008
C3ZJU,168,710,542,v005
C3ZJU,26,710,684,v018
C3ZJU,180,434,254,v005
C3ZJU,146,621,475,v028
C3ZJU,352,710,358,v016
C3ZJU,36,710,674,v008
C3ZJU,187,446,259,v023
C3ZJU,84,232,148,v020
C3ZJU,43,374,331,v008
W2QG1,292,446,154,v025
W2QG1,0,321,321,v010
W2QG1,96,331,235,v000
W2QG1,261,439,178,v016
W2QG1,0,502,502,v000
P3JMV,415,633,218,v008
P3JMV,436,633,197,v016
P3JMV,396,564,168,v022
P3JMV,0,360,360,v003
P3JMV,0,268,268,v023
P3JMV,465,648,183,v026
P3JMV,0,297,297,v008
P3JMV,0,477,477,v018
87T5P,55,540,485,v008
87T5P,566,712,146,v018
87T5P,614,739,125,v018
87T5P,568,739,171,v031
87T5P,40,552,512,v026
87T5P,602,739,137,v018
FNJ2G,0,775,775,v008
FNJ2G,115,775,660,v024
FNJ2G,0,288,288,v020
FNJ2G,192,775,583,v009
3MWAY,129,276,147,v016
3MWAY,100,259,159,v029
3MWAY,424,566,142,v001
3MWAY,187,343,156,v012
3MWAY,0,201,201,v020
3MWAY,0,276,276,v008
3MWAY,321,508,187,v023
3MWAY,391,829,438,v008
3MWAY,506,770,264,v015
3OQ81,0,158,158,v016
3OQ81,0,165,165,v016
3OQ81,55,348,293,v023
3OQ81,36,153,117,v016
3OQ81,132,465,333,v005
3OQ81,0,153,153,v008
3OQ81,93,465,372,v008
JVJZX,309,441,132,v001
JVJZX,343,496,153,v023
JVJZX,336,615,279,v008
TFCNM,0,746,746,v019
TFCNM,0,62,62,v009
TFCNM,0,751,751,v012
TFCNM,26,182,156,v012
M8PXK,0,723,723,v018
M8PXK,36,225,189,v023
M8PXK,88,723,635,v026
M8PXK,0,723,723,v005
M8PXK,194,403,209,v026
M8PXK,345,723,378,v026
M8PXK,0,723,723,v008
M8PXK,60,196,136,v022
ITXRK,1029,1214,185,v023
ITXRK,1152,1310,158,v016
ITXRK,772,1228,456,v028
ITXRK,1166,1322,156,v022
ITXRK,1152,1322,170,v016
ITXRK,230,957,727,v023
ITXRK,1248,1357,109,v008
ITXRK,48,252,204,v010
DZ0SB,523,674,151,v012
DZ0SB,64,772,708,v008
DZ0SB,124,746,622,v032
DZ0SB,715,861,146,v014
DZ0SB,765,890,125,v022
DZ0SB,748,849,101,v001
DZ0SB,612,712,100,v016
DZ0SB,607,751,144,v016
DZ0SB,96,717,621,v031
DZ0SB,93,871,778,v018
DZ0SB,0,722,722,v023
S9KOH,0,193,193,v008
S9KOH,0,60,60,v012
S9KOH,24,193,169,v016
9QVWC,360,778,418,v026
9QVWC,472,778,306,v020
9QVWC,0,304,304,v006
9QVWC,396,778,382,v026
9QVWC,0,175,175,v031
9QVWC,336,778,442,v008
BZ4K7,144,288,144,v004
BZ4K7,312,580,268,v009
BZ4K7,0,580,580,v018
BZ4K7,0,580,580,v021
BZ4K7,0,580,580,v016
BZ4K7,0,580,580,v018
BZ4K7,0,580,580,v019
MFXZD,0,765,765,v008
MFXZD,0,772,772,v018
MFXZD,28,753,725,v024
MFXZD,0,772,772,v021
MFXZD,0,748,748,v008
UPWM5,0,549,549,v008
UPWM5,434,636,202,v016
UPWM5,576,760,184,v008
UPWM5,585,758,173,v023
7FQ5Q,0,69,69,v008
7FQ5Q,0,81,81,v012
7FQ5Q,0,69,69,v016
7FQ5Q,0,69,69,v016
7WOTM,0,518,518,v008
7WOTM,0,518,518,v005
7WOTM,0,518,518,v017
7WOTM,0,518,518,v009
7WOTM,0,518,518,v023
7WOTM,0,518,518,v008
7WOTM,0,518,518,v005
7WOTM,0,220,220,v019
7WOTM,0,518,518,v008
M7BD4,484,628,144,v001
M7BD4,0,680,680,v008
M7BD4,410,564,154,v012
M7BD4,432,564,132,v012
M7BD4,333,470,137,v016
M7BD4,328,458,130,v016
M7BD4,67,261,194,v026
ZS9IX,124,518,394,v008
ZS9IX,367,520,153,v016
ZS9IX,436,739,303,v028
ZS9IX,218,381,163,v028
ZS9IX,84,288,204,v029
ZS9IX,100,369,269,v007
ZS9IX,444,739,295,v016
ZS9IX,141,261,120,v012
6QPNW,0,737,737,v008
6QPNW,324,513,189,v019
6QPNW,0,737,737,v018
6QPNW,0,737,737,v009
6QPNW,0,737,737,v013
R1X8P,144,321,177,v008
R1X8P,254,496,242,v008
R1X8P,271,496,225,v014
R1X8P,182,364,182,v023
R1X8P,0,88,88,v012
R1X8P,285,496,211,v019
GPUFH,216,436,220,v008
GPUFH,266,463,197,v016
GPUFH,180,321,141,v023
GPUFH,158,348,190,v026
GPUFH,326,477,151,v030
GPUFH,352,520,168,v016
GPUFH,453,719,266,v026
0HVVN,0,626,626,v014
0HVVN,0,679,679,v018
0HVVN,0,583,583,v008
0HVVN,405,592,187,v016
0HVVN,516,742,226,v008
0HVVN,487,648,161,v022
0HVVN,496,742,246,v023
28D7L,446,762,316,v008
28D7L,0,532,532,v004
28D7L,336,528,192,v016
28D7L,501,708,207,v009
28D7L,523,762,239,v019
28D7L,264,417,153,v016
28D7L,386,762,376,v008
28D7L,386,532,146,v023
JK4Q2,0,134,134,v027
JK4Q2,14,232,218,v008
JK4Q2,134,360,226,v030
JK4Q2,45,225,180,v029
JK4Q2,561,724,163,v023
JK4Q2,535,652,117,v016
JK4Q2,631,743,112,v005
JK4Q2,604,705,101,v008
JK4Q2,468,602,134,v030
JK4Q2,115,271,156,v019
JK4Q2,115,319,204,v031
DV6U8,0,290,290,v030
DV6U8,309,465,156,v012
DV6U8,384,708,324,v008
DV6U8,609,747,138,v017
DV6U8,636,746,110,v029
DV6U8,376,506,130,v023
DV6U8,232,391,159,v008
DV6U8,0,295,295,v026
GZQ0V,0,436,436,v008
GZQ0V,326,463,137,v016
GZQ0V,0,338,338,v031
GZQ0V,0,441,441,v008
GZQ0V,465,583,118,v029
3V7X2,384,516,132,v023
3V7X2,0,436,436,v019
3V7X2,0,436,436,v019
3V7X2,0,429,429,v031
3V7X2,417,749,332,v008
RHV11,0,628,628,v016
RHV11,254,643,389,v025
RHV11,76,727,651,v031
RHV11,0,132,132,v023
RHV11,0,633,633,v026
RHV11,0,614,614,v008
2T4AO,0,590,590,v008
0AMBV,0,410,410,v008
0AMBV,168,331,163,v005
0AMBV,0,427,427,v008
0AMBV,321,439,118,v025
ZKIBW,0,705,705,v008
ZKIBW,0,710,710,v014
ZKIBW,0,715,715,v008
ZKIBW,0,192,192,v012
ZKIBW,580,715,135,v023
ZKIBW,564,703,139,v023
OCSJP,64,621,557,v027
OCSJP,232,501,269,v002
OCSJP,254,890,636,v002
R0OLR,376,597,221,v025
R0OLR,472,645,173,v017
R0OLR,0,223,223,v023
R0OLR,139,297,158,v008
R0OLR,475,614,139,v016
R0OLR,273,465,192,v020
R0OLR,535,724,189,v029
R0OLR,475,612,137,v025
R0OLR,448,592,144,v016
R0OLR,482,600,118,v008
QT4W0,184,545,361,v018
QT4W0,120,266,146,v017
QT4W0,184,545,361,v018
QT4W0,240,545,305,v016
QT4W0,345,545,200,v003
QT4W0,168,302,134,v018
UAWXI,4,747,743,v008
UAWXI,0,228,228,v017
UAWXI,0,747,747,v019
UAWXI,0,170,170,v029
CSRZM,345,511,166,v008
CSRZM,316,794,478,v008
CSRZM,364,775,411,v005
CSRZM,127,794,667,v008
CSRZM,321,480,159,v012
CSRZM,388,520,132,v005
CSRZM,388,516,128,v023
0ER4S,0,806,806,v008
0ER4S,0,806,806,v008
0ER4S,0,806,806,v014
469E8,189,441,252,v031
469E8,180,326,146,v022
469E8,355,501,146,v012
469E8,396,583,187,v016
469E8,0,302,302,v004
469E8,415,559,144,v016
469E8,386,518,132,v007
469E8,372,518,146,v029
QM4AD,0,562,562,v008
QM4AD,0,562,562,v031
QM4AD,424,561,137,v016
QM4AD,40,470,430,v030
QM4AD,0,561,561,v008
QM4AD,0,562,562,v008
EV4HN,0,542,542,v031
EV4HN,0,549,549,v018
EV4HN,458,597,139,v022
EV4HN,0,554,554,v014
EV4HN,496,619,123,v017
EV4HN,0,556,556,v018
XMJTG,43,199,156,v012
XMJTG,424,561,137,v012
XMJTG,576,736,160,v012
XMJTG,134,302,168,v001
XMJTG,458,672,214,v023
XMJTG,549,756,207,v008
6L2J7,436,739,303,v019
6L2J7,0,501,501,v018
6L2J7,0,506,506,v032
6L2J7,0,506,506,v018
6L2J7,518,739,221,v019
6L2J7,444,576,132,v031
6L2J7,384,506,122,v001
6L2J7,381,511,130,v022
6L2J7,0,465,465,v031
SGU6F,0,640,640,v008
SGU6F,0,640,640,v013
SGU6F,684,727,43,v014
9NWSD,21,670,649,v008
9NWSD,127,616,489,v022
9NWSD,576,670,94,v016
9NWSD,19,146,127,v023
UDRZ6,384,504,120,v023
UDRZ6,384,504,120,v023
UDRZ6,120,360,240,v009
UDRZ6,444,554,110,v022
UDRZ6,0,405,405,v019
UDRZ6,417,746,329,v008
K9V2R,0,463,463,v014
K9V2R,180,333,153,v008
K9V2R,184,470,286,v016
K9V2R,417,583,166,v016
K9V2R,482,824,342,v019
K9V2R,782,824,42,v023
K9V2R,782,824,42,v013
K9V2R,782,824,42,v016
K9V2R,782,824,42,v008
C6LDA,400,739,339,v018
C6LDA,0,244,244,v031
C6LDA,381,499,118,v018
C6LDA,0,218,218,v006
C6LDA,170,326,156,v029
C6LDA,691,739,48,v018
C6LDA,691,739,48,v006
C6LDA,691,739,48,v029
C6LDA,691,739,48,v022
MQ4YR,295,602,307,v029
MQ4YR,453,602,149,v008
MQ4YR,429,597,168,v023
MQ4YR,0,309,309,v000
MQ4YR,225,403,178,v022
MQ4YR,0,362,362,v010
MQ4YR,0,338,338,v000
KPAS0,182,381,199,v028
KPAS0,336,480,144,v012
KPAS0,396,766,370,v031
KPAS0,112,254,142,v029
KPAS0,108,290,182,v001
KPAS0,0,81,81,v029
KPAS0,74,182,108,v001
KPAS0,355,766,411,v008
KPAS0,324,451,127,v023
UZN0J,0,741,741,v008
UZN0J,72,480,408,v014
UZN0J,432,741,309,v019
UZN0J,144,528,384,v009
UZN0J,0,741,741,v018
IV1U5,31,156,125,v001
IV1U5,79,937,858,v008
IV1U5,820,937,117,v008
IV1U5,196,907,711,v013
IV1U5,110,924,814,v014
LVNAU,189,969,780,v031
LVNAU,172,319,147,v018
LVNAU,852,1022,170,v022
LVNAU,172,984,812,v018
AB166,0,362,362,v021
AB166,0,362,362,v010
AB166,276,362,86,v000
H4ZD8,345,523,178,v008
H4ZD8,124,235,111,v019
H4ZD8,340,456,116,v023
H4ZD8,105,276,171,v031
H4ZD8,146,266,120,v016
H4ZD8,0,146,146,v008
H4ZD8,192,360,168,v028
H4ZD8,96,240,144,v013
H4ZD8,192,384,192,v016
H4ZD8,96,244,148,v023
H4ZD8,386,525,139,v019
H4ZD8,199,432,233,v003
XJOJL,705,842,137,v016
XJOJL,187,573,386,v005
XJOJL,187,580,393,v005
XJOJL,67,544,477,v023
XJOJL,540,700,160,v023
XJOJL,540,700,160,v016
XJOJL,540,700,160,v008
XJOJL,1094,1143,49,v021
XJOJL,1094,1143,49,v008
XJOJL,1094,1143,49,v016
XJOJL,1094,1143,49,v026
7FCAW,45,261,216,v008
7FCAW,103,753,650,v009
7FCAW,175,499,324,v028
7FCAW,16,180,164,v023
7FCAW,158,278,120,v016
7FCAW,508,643,135,v016
7FCAW,674,753,79,v023
3O6KD,72,504,432,v008
3O6KD,146,501,355,v018
3O6KD,129,247,118,v022
3O6KD,400,722,322,v018
3O6KD,393,722,329,v031
3O6KD,386,722,336,v014
3O6KD,0,240,240,v018
43UDQ,31,376,345,v005
43UDQ,0,665,665,v024
43UDQ,31,374,343,v005
S46UA,0,123,123,v008
S46UA,0,123,123,v008
S46UA,0,123,123,v019
S46UA,0,112,112,v009
JOPGB,667,782,115,v025
JOPGB,9,196,187,v018
JOPGB,0,105,105,v018
JOPGB,62,537,475,v018
JOPGB,21,172,151,v028
JOPGB,57,204,147,v016
JOPGB,0,782,782,v008
JOPGB,0,192,192,v023
JOPGB,50,295,245,v019
JOPGB,0,782,782,v008
JOPGB,31,165,134,v022
JOPGB,40,547,507,v008
JOPGB,0,782,782,v015
BMYDX,434,775,341,v026
BMYDX,388,525,137,v023
BMYDX,434,796,362,v030
BMYDX,403,801,398,v008
BMYDX,696,835,139,v016
9777C,206,704,498,v005
9777C,206,704,498,v008
9777C,0,86,86,v029
9777C,163,704,541,v010
G54NU,333,793,460,v014
G54NU,285,441,156,v025
G54NU,14,400,386,v018
G54NU,62,388,326,v008
G54NU,336,465,129,v031
G54NU,336,793,457,v018
G54NU,336,793,457,v032
MZJ9D,0,163,163,v032
MZJ9D,12,307,295,v001
MZJ9D,0,211,211,v008
MZJ9D,0,177,177,v012
MZJ9D,0,237,237,v018
MZJ9D,0,699,699,v014
NXSMH,0,760,760,v008
NXSMH,350,492,142,v008
NXSMH,340,496,156,v023
NXSMH,108,230,122,v016
NXSMH,0,760,760,v026
NXSMH,96,230,134,v008
NXSMH,340,576,236,v008
MQXAJ,0,103,103,v012
MQXAJ,0,158,158,v008
MQXAJ,0,158,158,v008
MQXAJ,21,158,137,v019
MQXAJ,64,158,94,v001
MQXAJ,0,158,158,v008
MQXAJ,0,158,158,v005
1ZBM9,31,268,237,v008
1ZBM9,156,300,144,v025
1ZBM9,0,669,669,v018
1ZBM9,285,415,130,v012
1ZBM9,225,379,154,v023
1ZBM9,360,566,206,v016
EG0IU,307,681,374,v021
EG0IU,43,314,271,v030
EG0IU,0,91,91,v019
EG0IU,259,386,127,v027
HXWI9,0,734,734,v016
HXWI9,0,734,734,v026
HXWI9,439,684,245,v008
HXWI9,513,686,173,v017
HXWI9,446,684,238,v008
47D1Y,7,151,144,v012
47D1Y,55,408,353,v026
47D1Y,588,790,202,v020
KVONB,0,216,216,v012
KVONB,182,636,454,v028
KVONB,516,648,132,v016
RIEG6,0,134,134,v022
RIEG6,240,482,242,v004
RIEG6,0,614,614,v008
RIEG6,0,141,141,v018
E1VFZ,72,318,246,v020
E1VFZ,12,139,127,v016
E1VFZ,170,312,142,v016
E1VFZ,12,144,132,v016
E1VFZ,0,134,134,v008
38T9C,72,511,439,v008
38T9C,172,331,159,v005
38T9C,175,312,137,v005
38T9C,211,340,129,v016
38T9C,74,528,454,v008
38T9C,211,340,129,v016
8Z02S,0,280,280,v008
8Z02S,362,719,357,v008
8Z02S,0,252,252,v031
8Z02S,336,568,232,v023
8Z02S,518,719,201,v029
8Z02S,357,516,159,v008
8Z02S,357,508,151,v023
D4RH8,0,699,699,v005
D4RH8,0,699,699,v008
D4RH8,0,699,699,v008
D4RH8,0,699,699,v018
D4RH8,0,699,699,v008
D4RH8,0,583,583,v014
D4RH8,0,699,699,v031
D4RH8,518,699,181,v005
D4RH8,328,699,371,v019
D4RH8,328,699,371,v019
O4Q1L,0,295,295,v008
O4Q1L,26,280,254,v031
UZMKC,0,723,723,v008
UZMKC,0,117,117,v012
UZMKC,72,648,576,v019
UZMKC,0,723,723,v031
UZMKC,52,723,671,v009
UZMKC,0,723,723,v008
UZMKC,31,723,692,v019
SLDVU,0,765,765,v018
SLDVU,331,765,434,v003
SLDVU,0,460,460,v018
SLDVU,307,765,458,v018
SLDVU,0,441,441,v014
SLDVU,350,765,415,v016
SLDVU,345,765,420,v003
SLDVU,0,427,427,v031
LPPFL,55,235,180,v004
LPPFL,0,735,735,v032
LPPFL,0,735,735,v014
LPPFL,0,735,735,v018
LPPFL,0,735,735,v032
AZ7YC,0,75,75,v008
AZ7YC,0,75,75,v008
AZ7YC,0,75,75,v029
AZ7YC,24,75,51,v019
AZ7YC,0,75,75,v008
6PQZE,0,441,441,v008
6PQZE,345,705,360,v008
6PQZE,602,724,122,v016
6PQZE,650,764,114,v018
6PQZE,372,660,288,v025
6PQZE,146,764,618,v019
6PQZE,676,764,88,v018
6PQZE,0,518,518,v024
6PQZE,120,240,120,v029
6PQZE,352,472,120,v023
6PQZE,566,669,103,v025
0ETKN,0,254,254,v008
0ETKN,105,260,155,v016
0ETKN,0,260,260,v008
0ETKN,124,223,99,v012
0ETKN,0,260,260,v008
0ETKN,105,260,155,v016
65IQ0,0,872,872,v018
65IQ0,110,501,391,v025
9JIOI,316,395,79,v001
9JIOI,0,136,136,v012
9JIOI,170,338,168,v002
9JIOI,16,148,132,v023
9JIOI,24,285,261,v008
974TA,672,749,77,v012
974TA,0,722,722,v020
MBYRJ,0,307,307,v009
MBYRJ,0,424,424,v018
MBYRJ,0,156,156,v016
XZLNT,268,513,245,v023
XZLNT,0,242,242,v031
XZLNT,487,686,199,v022
XZLNT,295,506,211,v023
XZLNT,0,256,256,v018
XZLNT,0,398,398,v008
V9W9C,700,866,166,v004
V9W9C,676,1229,553,v008
V9W9C,338,657,319,v000
V9W9C,1082,1221,139,v022
V9W9C,0,1197,1197,v018
V9W9C,664,1229,565,v023
V9W9C,0,1197,1197,v018
V9W9C,763,888,125,v026
9C5PT,268,764,496,v008
9C5PT,266,764,498,v023
9C5PT,415,590,175,v020
9C5PT,223,472,249,v028
9C5PT,376,513,137,v023
9C5PT,456,764,308,v008
9C5PT,480,764,284,v023
9C5PT,571,720,149,v029
9C5PT,688,764,76,v016
GNPSK,333,761,428,v030
GNPSK,288,417,129,v022
GNPSK,333,761,428,v030
GNPSK,0,393,393,v018
GNPSK,0,196,196,v008
GNPSK,0,549,549,v008
GNPSK,0,100,100,v005
9632M,132,741,609,v005
9632M,55,336,281,v029
9632M,117,767,650,v008
9632M,336,767,431,v019
9632M,657,767,110,v008
9632M,638,767,129,v023
A3U9M,0,750,750,v008
A3U9M,177,352,175,v020
A3U9M,0,750,750,v031
FYJHS,566,740,174,v012
FYJHS,88,362,274,v016
FYJHS,451,684,233,v006
FYJHS,184,340,156,v016
FYJHS,292,740,448,v006
FYJHS,36,343,307,v008
FYJHS,384,676,292,v007
FYJHS,244,369,125,v016
FYJHS,355,740,385,v018
O5TU5,285,441,156,v000
O5TU5,655,931,276,v022
O5TU5,144,499,355,v010
O5TU5,537,696,159,v023
O5TU5,628,878,250,v016
X7J7H,28,410,382,v005
X7J7H,0,396,396,v018
X7J7H,0,232,232,v005
X7J7H,206,364,158,v022
X7J7H,280,427,147,v008
X7J7H,331,439,108,v025
X7J7H,208,408,200,v010
4LDRK,57,405,348,v012
4LDRK,38,540,502,v008
4LDRK,451,786,335,v008
4LDRK,537,786,249,v015
4LDRK,0,172,172,v029
4LDRK,710,786,76,v019
CF1OQ,108,636,528,v018
CF1OQ,0,208,208,v017
CF1OQ,98,237,139,v018
CF1OQ,163,662,499,v004
CF1OQ,547,745,198,v019
CF1OQ,86,745,659,v003
CF1OQ,115,745,630,v003
CF1OQ,105,745,640,v018
CF1OQ,0,67,67,v029
CF1OQ,93,211,118,v016
GAN05,0,742,742,v018
GAN05,0,742,742,v018
GAN05,429,556,127,v009
GAN05,0,742,742,v031
GAN05,427,556,129,v009
N3CUK,432,914,482,v008
N3CUK,0,134,134,v016
N3CUK,84,300,216,v023
N3CUK,362,568,206,v012
N3CUK,213,422,209,v018
N3CUK,0,120,120,v008
N3CUK,175,914,739,v008
N3CUK,316,914,598,v032
N3CUK,153,314,161,v023
N3CUK,12,108,96,v016
N3CUK,72,914,842,v008
N3CUK,400,914,514,v031
N3CUK,271,914,643,v018
S1QOX,0,741,741,v008
S1QOX,184,741,557,v013
S1QOX,0,741,741,v018
S1QOX,0,741,741,v014
HBPZJ,0,381,381,v014
HBPZJ,324,452,128,v020
HBPZJ,285,412,127,v023
HBPZJ,0,352,352,v031
HBPZJ,0,452,452,v018
HBPZJ,288,452,164,v008
HBPZJ,0,357,357,v032
HBPZJ,0,452,452,v018
UDGP2,367,496,129,v016
UDGP2,619,747,128,v002
UDGP2,91,475,384,v023
UDGP2,300,460,160,v022
UDGP2,0,163,163,v012
UDGP2,31,410,379,v018
UDGP2,160,501,341,v008
UDGP2,160,504,344,v008
6OROW,312,511,199,v018
6OROW,0,506,506,v031
6OROW,451,758,307,v004
6OROW,451,578,127,v023
6OROW,460,758,298,v016
6OROW,460,758,298,v008
6OROW,0,758,758,v008
6OROW,460,758,298,v008
6OROW,0,556,556,v032
ZHZST,0,177,177,v004
ZHZST,0,292,292,v008
ZHZST,163,292,129,v016
670G1,0,127,127,v012
670G1,0,160,160,v012
670G1,417,636,219,v026
4JXAK,307,518,211,v030
4JXAK,7,300,293,v002
4JXAK,268,518,250,v008
4JXAK,19,144,125,v016
4JXAK,43,148,105,v008
4JXAK,26,134,108,v023
CTPR2,484,621,137,v008
CTPR2,0,398,398,v026
CTPR2,0,364,364,v018
IRBPD,170,422,252,v004
IRBPD,146,692,546,v008
IRBPD,0,206,206,v015
IRBPD,427,691,264,v004
HZXXN,192,357,165,v016
HZXXN,196,340,144,v008
HZXXN,132,266,134,v012
HZXXN,50,211,161,v020
HZXXN,681,731,50,v001
HZXXN,681,731,50,v016
HZXXN,681,731,50,v023
HZXXN,681,731,50,v016
HZXXN,681,731,50,v023
1K0GV,266,484,218,v004
1K0GV,292,673,381,v031
1K0GV,0,348,348,v008
1K0GV,242,355,113,v025
1K0GV,242,355,113,v025
1K0GV,259,372,113,v023
3R7NX,0,199,199,v008
3R7NX,626,732,106,v012
3R7NX,636,732,96,v012
O2VP8,429,647,218,v008
O2VP8,472,647,175,v014
O2VP8,0,647,647,v008
O2VP8,424,540,116,v023
O2VP8,0,480,480,v030
NMRF0,326,542,216,v013
NMRF0,662,751,89,v019
NMRF0,244,746,502,v008
NMRF0,290,708,418,v014
U91SO,540,734,194,v001
U91SO,0,540,540,v008
U91SO,0,525,525,v031
14JPP,398,762,364,v031
14JPP,504,762,258,v028
14JPP,465,597,132,v018
14JPP,9,496,487,v010
14JPP,386,762,376,v018
YPERJ,0,652,652,v008
YPERJ,0,728,728,v026
KKGLB,0,300,300,v010
KKGLB,441,636,195,v008
KKGLB,290,453,163,v020
KKGLB,0,386,386,v031
KKGLB,0,300,300,v031
KKGLB,429,547,118,v023
KKGLB,204,636,432,v018
CYM3V,388,735,347,v005
CYM3V,264,441,177,v018
CYM3V,388,735,347,v005
CYM3V,326,735,409,v018
CYM3V,0,451,451,v008
CYM3V,0,735,735,v008
CYM3V,0,434,434,v023
CYM3V,360,735,375,v008
NVDEM,136,305,169,v018
NVDEM,158,305,147,v031
NVDEM,72,230,158,v018
SQ3C9,7,268,261,v008
SQ3C9,0,115,115,v012
SQ3C9,316,612,296,v008
SQ3C9,369,614,245,v014
NKTWF,36,189,153,v008
NKTWF,36,189,153,v016
NKTWF,134,483,349,v008
NKTWF,170,483,313,v021
NKTWF,136,273,137,v018
NKTWF,136,273,137,v018
NKTWF,153,483,330,v018
EMF9Q,398,549,151,v016
EMF9Q,559,698,139,v001
EMF9Q,103,568,465,v015
EMF9Q,520,724,204,v012
CB42N,484,686,202,v004
CB42N,0,732,732,v014
CB42N,444,732,288,v008
CB42N,398,576,178,v023
CB42N,0,732,732,v008
CB42N,328,480,152,v020
CB42N,0,444,444,v031
0PSL4,244,484,240,v008
0PSL4,122,470,348,v008
0PSL4,192,340,148,v023
0PSL4,105,220,115,v023
PQMTB,0,168,168,v008
PQMTB,0,144,144,v020
PQMTB,0,276,276,v018
PQMTB,0,172,172,v008
PQMTB,0,276,276,v018
YNCFL,516,628,112,v004
YNCFL,163,727,564,v008
YNCFL,0,727,727,v009
YNCFL,158,727,569,v008
YNCFL,134,727,593,v019
YNCFL,129,727,598,v019
YNCFL,120,300,180,v023
JSLW5,0,153,153,v012
JSLW5,0,153,153,v012
JSLW5,21,309,288,v009
JSLW5,132,343,211,v017
JSLW5,112,288,176,v022
2K5GR,535,702,167,v016
2K5GR,384,616,232,v004
2K5GR,513,628,115,v016
2K5GR,609,702,93,v025
2K5GR,612,702,90,v025
2K5GR,21,393,372,v001
NGWRE,0,220,220,v008
NGWRE,67,319,252,v008
NGWRE,300,470,170,v016
NGWRE,0,139,139,v010
NGWRE,343,494,151,v025
NGWRE,0,352,352,v014
NGWRE,0,705,705,v008
NGWRE,7,374,367,v010
D69VI,0,93,93,v025
D69VI,0,93,93,v025
D69VI,0,81,81,v029
EWES1,542,688,146,v018
EWES1,588,763,175,v005
EWES1,542,688,146,v018
EWES1,588,763,175,v005
EWES1,0,684,684,v026
EWES1,0,763,763,v016
EWES1,0,684,684,v030
EWES1,196,319,123,v016
EWES1,482,664,182,v023
EWES1,619,763,144,v008
EWES1,568,763,195,v018
EWES1,170,398,228,v016
EWES1,0,619,619,v030
XFHYX,0,504,504,v008
XFHYX,0,484,484,v026
XFHYX,129,285,156,v020
XFHYX,283,460,177,v022
XFHYX,16,405,389,v018
XFHYX,7,391,384,v026
XFHYX,432,669,237,v004
0JB3D,129,280,151,v001
0JB3D,528,700,172,v008
0JB3D,508,676,168,v023
0JB3D,0,148,148,v012
0JB3D,96,588,492,v008
0JB3D,535,698,163,v008
0JB3D,465,609,144,v016
0JB3D,540,698,158,v023
0JB3D,556,691,135,v008
0JB3D,158,379,221,v004
0JB3D,532,652,120,v023
0JB3D,74,252,178,v023
HRR0X,225,396,171,v008
HRR0X,338,499,161,v027
HRR0X,516,621,105,v005
HRR0X,520,621,101,v018
HRR0X,184,331,147,v022
HRR0X,0,271,271,v018
HRR0X,316,446,130,v027
HRR0X,0,292,292,v018
HRR0X,480,602,122,v023
HRR0X,223,350,127,v023
F3O37,165,350,185,v008
F3O37,108,276,168,v023
F3O37,0,156,156,v008
F3O37,139,252,113,v016
F3O37,139,252,113,v025
F3O37,144,254,110,v016
F3O37,0,252,252,v008
IVXKL,0,687,687,v008
IVXKL,0,687,687,v005
IVXKL,0,687,687,v008
OG07V,283,542,259,v016
OG07V,0,728,728,v026
OG07V,0,728,728,v008
OG07V,86,728,642,v016
OG07V,0,578,578,v023
OG07V,9,117,108,v026
0IISQ,0,736,736,v021
0IISQ,343,487,144,v016
0SXRS,636,755,119,v026
0SXRS,285,422,137,v008
0SXRS,636,755,119,v030
0SXRS,340,652,312,v026
0SXRS,352,755,403,v030
0SXRS,235,422,187,v023
0SXRS,506,638,132,v022
0SXRS,0,753,753,v023
0SXRS,0,755,755,v022
FKGY7,158,297,139,v023
FKGY7,76,216,140,v019
FKGY7,158,297,139,v023
FKGY7,0,228,228,v028
FKGY7,129,252,123,v016
FKGY7,132,244,112,v025
FKGY7,242,297,55,v025
SSVYY,81,726,645,v008
SSVYY,148,726,578,v008
SSVYY,201,726,525,v019
GNUZK,0,136,136,v006
GNUZK,307,624,317,v004
GNUZK,264,422,158,v005
KMWCM,182,355,173,v009
KMWCM,672,868,196,v005
KMWCM,0,1181,1181,v008
KMWCM,0,1181,1181,v031
KMWCM,0,1181,1181,v008
KMWCM,0,1181,1181,v009
KMWCM,0,1181,1181,v018
U43FI,326,421,95,v023
U43FI,340,421,81,v023
U43FI,0,421,421,v018
U43FI,0,421,421,v018
U43FI,352,421,69,v016
U43FI,0,421,421,v016
U43FI,0,421,421,v026
YK5A4,160,515,355,v014
YK5A4,136,515,379,v018
YK5A4,120,247,127,v018
YK5A4,259,515,256,v019
YK5A4,112,515,403,v008
32MUM,127,283,156,v016
32MUM,0,415,415,v026
32MUM,350,501,151,v008
32MUM,312,451,139,v023
32MUM,326,733,407,v016
RSRZ0,0,237,237,v008
RSRZ0,64,372,308,v012
RSRZ0,0,771,771,v018
RSRZ0,0,771,771,v031
RSRZ0,7,460,453,v016
RSRZ0,0,771,771,v018
RSRZ0,465,672,207,v012
HHAM7,0,733,733,v008
HHAM7,441,552,111,v001
HHAM7,201,391,190,v012
HHAM7,364,619,255,v023
HHAM7,206,345,139,v007
HHAM7,199,374,175,v012
HHAM7,422,602,180,v001
1IJ7V,429,559,130,v016
1IJ7V,417,554,137,v016
1IJ7V,0,520,520,v008
1IJ7V,40,528,488,v008
1IJ7V,432,528,96,v016
2JOTF,24,539,515,v008
2JOTF,0,141,141,v023
YMWUS,220,933,713,v003
YMWUS,79,338,259,v023
YMWUS,175,309,134,v008
YMWUS,787,940,153,v018
YMWUS,1180,1305,125,v008
TFQNW,0,283,283,v031
TFQNW,328,489,161,v017
TFQNW,168,309,141,v022
TFQNW,264,489,225,v031
TFQNW,0,300,300,v018
RJ27X,408,547,139,v016
RJ27X,259,525,266,v008
RJ27X,412,535,123,v016
RJ27X,242,352,110,v023
RJ27X,0,144,144,v002
RJ27X,360,456,96,v029
RJ27X,432,528,96,v016
RJ27X,0,548,548,v002
LBT7P,64,388,324,v008
LBT7P,127,300,173,v025
LBT7P,400,518,118,v029
PV1WX,0,266,266,v026
PV1WX,268,1150,882,v008
PV1WX,285,1065,780,v026
I34L6,0,757,757,v008
I34L6,422,532,110,v019
I34L6,50,757,707,v014
1X4SD,0,543,543,v023
1X4SD,0,153,153,v023
1X4SD,57,271,214,v016
1X4SD,14,148,134,v016
1X4SD,177,543,366,v008
BSU86,0,735,735,v008
BSU86,0,735,735,v008
BSU86,376,504,128,v020
70PUI,256,400,144,v023
70PUI,0,163,163,v003
70PUI,256,400,144,v023
70PUI,237,583,346,v016
SU2UY,0,721,721,v018
SU2UY,0,721,721,v014
SU2UY,2,146,144,v004
SU2UY,266,405,139,v004
1NYKM,492,703,211,v008
1NYKM,720,835,115,v010
1NYKM,369,504,135,v022
1NYKM,0,477,477,v018
1NYKM,741,835,94,v031
1NYKM,470,715,245,v026
1NYKM,0,427,427,v031
1NYKM,0,460,460,v010
1NYKM,391,532,141,v016
1NYKM,0,477,477,v018
L9YK1,201,475,274,v026
L9YK1,0,362,362,v017
OURYR,0,739,739,v004
OURYR,0,739,739,v008
OURYR,0,739,739,v005
OURYR,0,739,739,v008
OURYR,0,739,739,v018
OURYR,0,739,739,v005
GL7ER,194,393,199,v023
GL7ER,492,744,252,v005
GL7ER,0,818,818,v002
GL7ER,681,818,137,v001
GL7ER,628,787,159,v016
GL7ER,120,398,278,v023
GL7ER,0,69,69,v016
GL7ER,199,328,129,v012
GL7ER,38,201,163,v016
TXNDA,0,313,313,v018
TXNDA,57,208,151,v031
TXNDA,192,302,110,v009
TXNDA,0,313,313,v008
TXNDA,0,313,313,v008
TXNDA,0,313,313,v018
TXNDA,204,313,109,v016
TXNDA,0,211,211,v004
TXNDA,201,313,112,v016
CTFYL,67,465,398,v016
CTFYL,398,739,341,v023
CTFYL,62,256,194,v016
CTFYL,55,424,369,v016
CTFYL,398,715,317,v016
CTFYL,400,744,344,v023
CTFYL,40,460,420,v026
CTFYL,40,460,420,v026
KBPDM,74,448,374,v008
KBPDM,0,266,266,v000
KBPDM,170,326,156,v020
KBPDM,376,838,462,v005
KBPDM,0,249,249,v008
KBPDM,436,838,402,v005
KBPDM,352,499,147,v023
ZM3X3,0,803,803,v013
ZM3X3,0,803,803,v008
ZM3X3,0,496,496,v014
268ET,0,388,388,v008
268ET,328,674,346,v008
268ET,0,232,232,v012
268ET,266,405,139,v016
268ET,170,388,218,v016
41II2,0,544,544,v003
41II2,645,758,113,v022
41II2,271,412,141,v005
41II2,297,422,125,v023
41II2,218,753,535,v018
41II2,494,727,233,v019
41II2,0,583,583,v018
41II2,494,727,233,v009
SNK5Z,55,208,153,v006
SNK5Z,355,468,113,v008
SNK5Z,362,501,139,v005
SNK5Z,0,439,439,v018
SNK5Z,417,573,156,v016
SNK5Z,316,477,161,v023
8J5O9,400,731,331,v008
8J5O9,0,504,504,v008
8J5O9,408,731,323,v005
8J5O9,0,731,731,v018
8J5O9,384,487,103,v016
8J5O9,427,731,304,v008
8J5O9,484,595,111,v023
8J5O9,427,537,110,v023
BTW1H,62,244,182,v008
BTW1H,360,696,336,v031
BTW1H,67,256,189,v023
BTW1H,182,451,269,v017
115MY,0,364,364,v018
115MY,172,340,168,v027
115MY,199,343,144,v000
115MY,280,397,117,v022
115MY,256,397,141,v018
115MY,67,204,137,v029
115MY,0,397,397,v031
77UTO,604,764,160,v030
77UTO,612,764,152,v030
77UTO,182,681,499,v004
77UTO,0,259,259,v015
77UTO,0,669,669,v008
77UTO,564,764,200,v008
77UTO,475,693,218,v022
77UTO,0,648,648,v032
77UTO,165,628,463,v005
77UTO,0,640,640,v018
77UTO,621,764,143,v026
77UTO,715,764,49,v026
77UTO,0,640,640,v018
77UTO,592,764,172,v026
QRSP8,0,391,391,v008
QRSP8,362,470,108,v027
QRSP8,326,458,132,v022
QRSP8,0,223,223,v012
QRSP8,0,429,429,v018
QRSP8,268,429,161,v016
QRSP8,0,103,103,v023
97PX8,940,1135,195,v008
97PX8,0,1032,1032,v030
97PX8,0,1036,1036,v030
97PX8,597,768,171,v016
XZ2QQ,0,321,321,v008
XZ2QQ,213,326,113,v016
XZ2QQ,261,381,120,v012
XZ2QQ,283,487,204,v031
XZ2QQ,24,352,328,v019
XZ2QQ,0,271,271,v014
XZ2QQ,194,343,149,v008
XZ2QQ,211,412,201,v023
XZ2QQ,12,288,276,v009
BZMLV,0,268,268,v008
BZMLV,216,391,175,v008
BZMLV,326,516,190,v005
BZMLV,36,182,146,v027
BZMLV,0,151,151,v024
BZMLV,36,230,194,v022
BZMLV,24,216,192,v029
BZMLV,340,494,154,v004
QH3FK,501,738,237,v004
QH3FK,0,592,592,v008
QH3FK,0,592,592,v023
QH3FK,0,688,688,v005
QH3FK,26,604,578,v005
QH3FK,468,592,124,v016
QH3FK,0,738,738,v018
QH3FK,0,592,592,v008
QH3FK,578,722,144,v023
QH3FK,228,602,374,v008
2X7OY,88,736,648,v026
2X7OY,0,736,736,v026
2X7OY,456,736,280,v019
I491F,0,721,721,v018
I491F,0,721,721,v008
OB9H3,0,609,609,v008
OB9H3,0,530,530,v014
OB9H3,50,333,283,v014
OB9H3,244,427,183,v020
OB9H3,422,561,139,v022
L1U23,0,400,400,v004
L1U23,0,412,412,v018
L1U23,304,441,137,v022
L1U23,0,93,93,v008
L1U23,204,420,216,v008
HJ5TL,278,696,418,v026
HJ5TL,0,254,254,v016
HJ5TL,391,672,281,v026
HJ5TL,48,242,194,v016
VWN13,52,187,135,v012
VWN13,180,318,138,v001
VWN13,43,151,108,v007
VWN13,0,318,318,v008
VWN13,163,318,155,v001
VWN13,43,199,156,v012
DZDD2,0,280,280,v012
DZDD2,26,777,751,v018
DZDD2,0,777,777,v018
DZDD2,14,777,763,v026
BMPEV,201,396,195,v012
BMPEV,220,446,226,v008
BMPEV,398,604,206,v027
BMPEV,204,403,199,v020
BMPEV,432,571,139,v001
BMPEV,156,408,252,v016
BMPEV,156,408,252,v023
BMPEV,156,408,252,v016
BMPEV,156,408,252,v016
1IIS5,285,735,450,v026
1IIS5,96,235,139,v012
1IIS5,0,187,187,v023
1IIS5,278,735,457,v026
1IIS5,0,132,132,v029
1IIS5,290,735,445,v008
1IIS5,136,309,173,v001
1IIS5,0,735,735,v008
9RSGO,355,739,384,v031
9RSGO,19,432,413,v014
9RSGO,0,156,156,v022
9RSGO,369,739,370,v019
9RSGO,523,676,153,v006
9RSGO,0,117,117,v023
9RSGO,7,424,417,v008
RPMXE,0,331,331,v008
RPMXE,235,504,269,v028
RPMXE,240,504,264,v023
RPMXE,0,98,98,v026
3GNH7,0,372,372,v002
3GNH7,0,240,240,v023
3GNH7,0,242,242,v008
3GNH7,168,340,172,v023
3GNH7,0,242,242,v016
3GNH7,170,372,202,v023
3GNH7,187,372,185,v008
NX5EW,79,208,129,v016
NX5EW,74,194,120,v008
NX5EW,79,208,129,v025
NX5EW,112,256,144,v019
NX5EW,100,220,120,v025
K14NJ,0,312,312,v008
K14NJ,631,768,137,v023
K14NJ,276,429,153,v018
K14NJ,333,616,283,v018
K14NJ,230,400,170,v016
K14NJ,307,772,465,v031
K14NJ,451,736,285,v022
K14NJ,0,148,148,v029
2MNJT,0,751,751,v014
2MNJT,33,751,718,v003
2MNJT,184,321,137,v016
2MNJT,415,535,120,v008
2MNJT,364,494,130,v023
S3TZ1,62,297,235,v023
S3TZ1,256,408,152,v012
S3TZ1,7,151,144,v012
S3TZ1,117,352,235,v016
S3TZ1,141,312,171,v001
S3TZ1,765,1197,432,v002
S3TZ1,129,324,195,v008
54XD1,0,607,607,v008
54XD1,667,723,56,v027
54XD1,513,652,139,v017
54XD1,422,592,170,v022
54XD1,648,723,75,v029
55687,585,700,115,v007
55687,660,737,77,v029
55687,393,535,142,v016
55687,0,259,259,v031
55687,0,624,624,v008
55687,0,564,564,v031
55687,412,616,204,v016
55687,136,549,413,v008
55687,158,561,403,v030
55687,576,737,161,v012
55687,417,631,214,v016
PM9HG,0,208,208,v012
PM9HG,285,412,127,v016
PM9HG,9,158,149,v029
PM9HG,732,822,90,v005
PM9HG,518,638,120,v023
PM9HG,0,376,376,v008
PM9HG,0,117,117,v007
PM9HG,350,808,458,v008
PM9HG,268,412,144,v016
Q2KCQ,0,752,752,v008
Q2KCQ,0,752,752,v008
Q2KCQ,0,752,752,v008
Q2KCQ,0,607,607,v032
W4BZX,331,799,468,v014
W4BZX,26,218,192,v008
W4BZX,744,880,136,v022
W4BZX,225,369,144,v012
W4BZX,40,184,144,v018
W4BZX,696,835,139,v001
W4BZX,278,412,134,v023
W4BZX,9,880,871,v008
W4BZX,4,276,272,v022
W4BZX,194,506,312,v012
97JCX,21,194,173,v004
97JCX,48,391,343,v027
97JCX,144,328,184,v004
97JCX,254,641,387,v023
97JCX,55,391,336,v031
97JCX,93,297,204,v003
97JCX,324,595,271,v003
97JCX,74,499,425,v003
97JCX,170,403,233,v016
97JCX,504,628,124,v016
97JCX,451,600,149,v008
52FNN,688,775,87,v029
52FNN,57,163,106,v016
52FNN,57,163,106,v016
52FNN,67,223,156,v022
52FNN,0,112,112,v008
52FNN,242,525,283,v015
52FNN,40,163,123,v016
52FNN,590,717,127,v008
SJQVM,333,480,147,v008
SJQVM,0,292,292,v021
SJQVM,350,477,127,v016
SJQVM,376,633,257,v004
SJQVM,0,670,670,v008
SJQVM,0,261,261,v010
SJQVM,264,427,163,v015
SJQVM,211,670,459,v018
KUO3N,50,638,588,v016
KUO3N,0,292,292,v008
KUO3N,184,343,159,v016
KUO3N,384,535,151,v001
KUO3N,45,528,483,v008
KUO3N,0,496,496,v016
WEJRX,201,393,192,v012
WEJRX,45,261,216,v009
WEJRX,0,521,521,v019
WEJRX,228,410,182,v029
U8I40,0,720,720,v008
U8I40,0,720,720,v008
5ECJ4,112,256,144,v009
5ECJ4,0,634,634,v018
5ECJ4,0,634,634,v008
5ECJ4,0,634,634,v031
5ECJ4,0,634,634,v008
5ECJ4,0,206,206,v019
TODWV,0,316,316,v000
TODWV,336,482,146,v022
TODWV,288,468,180,v016
TODWV,518,737,219,v003
TODWV,0,367,367,v010
TODWV,0,456,456,v000
TODWV,528,737,209,v031
3EJQW,110,635,525,v026
3EJQW,0,146,146,v018
3EJQW,112,635,523,v026
3EJQW,28,163,135,v022
3EJQW,0,120,120,v031
3EJQW,0,127,127,v018
5AW54,0,254,254,v008
5AW54,60,242,182,v016
5AW54,0,634,634,v009
5AW54,81,384,303,v019
10ND1,0,134,134,v016
10ND1,415,686,271,v008
10ND1,676,814,138,v016
10ND1,722,814,92,v002
10ND1,33,141,108,v016
10ND1,93,362,269,v023
OWXLM,0,333,333,v001
OWXLM,112,256,144,v016
OWXLM,331,742,411,v018
OWXLM,256,504,248,v018
OWXLM,326,624,298,v026
OWXLM,0,742,742,v032
OWXLM,208,742,534,v022
OWXLM,0,314,314,v008
OWXLM,218,453,235,v014
OWXLM,0,742,742,v016
J26CF,0,895,895,v008
J26CF,0,895,895,v031
J26CF,0,724,724,v031
J26CF,50,724,674,v014
J26CF,0,895,895,v018
J26CF,0,895,895,v018
58Z9R,0,736,736,v026
58Z9R,0,206,206,v012
58Z9R,518,736,218,v020
58Z9R,0,614,614,v026
58Z9R,0,736,736,v008
13AUQ,0,468,468,v005
13AUQ,0,468,468,v008
13AUQ,132,516,384,v008
13AUQ,348,513,165,v016
13AUQ,0,468,468,v005
13AUQ,108,367,259,v007
13AUQ,108,367,259,v012
13AUQ,0,610,610,v011
13AUQ,108,367,259,v016
13AUQ,108,367,259,v029
5LAQN,252,608,356,v005
5LAQN,0,218,218,v004
5LAQN,79,218,139,v016
5LAQN,124,608,484,v005
5LAQN,0,216,216,v008
5LAQN,108,484,376,v008
5LAQN,136,324,188,v029
67DPO,55,160,105,v008
67DPO,0,160,160,v022
67DPO,12,124,112,v012
67DPO,43,160,117,v023
JSS05,43,723,680,v005
JSS05,146,451,305,v008
JSS05,132,304,172,v008
ZOL0R,249,537,288,v025
ZOL0R,2,175,173,v007
ZOL0R,146,388,242,v008
ZOL0R,228,355,127,v025
ZOL0R,0,765,765,v022
ZOL0R,88,249,161,v012
ZOL0R,364,492,128,v016
0FVYR,477,600,123,v018
0FVYR,532,660,128,v004
0FVYR,357,525,168,v018
0FVYR,441,547,106,v018
0FVYR,244,384,140,v012
0FVYR,302,417,115,v012
0FVYR,252,448,196,v001
0FVYR,0,136,136,v007
IG1YT,499,645,146,v027
IG1YT,129,283,154,v022
IG1YT,386,518,132,v016
IG1YT,0,268,268,v018
IG1YT,326,487,161,v028
IG1YT,0,266,266,v031
IG1YT,0,266,266,v018
IG1YT,256,388,132,v025
IG1YT,328,475,147,v023
IG1YT,384,504,120,v025
DEY6U,0,805,805,v032
DEY6U,0,805,805,v018
DEY6U,0,805,805,v018
DEY6U,290,451,161,v025
DEY6U,0,805,805,v032
DEY6U,0,805,805,v018
KQLIJ,261,398,137,v016
KQLIJ,0,199,199,v008
KQLIJ,264,398,134,v025
KQLIJ,0,208,208,v013
KQLIJ,223,420,197,v013
KQLIJ,105,372,267,v032
KQLIJ,0,206,206,v014
KQLIJ,158,427,269,v014
1VMZM,117,343,226,v008
1VMZM,292,559,267,v025
1VMZM,547,677,130,v017
1VMZM,134,249,115,v029
1VMZM,292,501,209,v016
1VMZM,134,472,338,v008
1VMZM,19,211,192,v012
3A400,33,180,147,v008
3A400,74,199,125,v012
3A400,0,146,146,v017
3A400,64,611,547,v031
3A400,52,611,559,v008
3A400,0,115,115,v029
3A400,525,611,86,v001
VSYFA,84,747,663,v008
VSYFA,0,93,93,v028
VSYFA,93,747,654,v008
VSYFA,432,747,315,v029
VSYFA,0,122,122,v005
VSYFA,0,64,64,v018
VSYFA,0,67,67,v018
VSYFA,0,288,288,v028
VSYFA,60,172,112,v023
GIQEO,0,189,189,v012
GIQEO,88,302,214,v008
GIQEO,345,652,307,v008
GIQEO,348,655,307,v023
GIQEO,345,631,286,v013
GIQEO,396,669,273,v031
GIQEO,283,427,144,v016
GIQEO,537,689,152,v016
GIQEO,88,340,252,v004
GIQEO,9,192,183,v029
GIQEO,0,165,165,v007
UMUBT,0,252,252,v026
UMUBT,216,784,568,v026
UMUBT,285,787,502,v026
1PILH,708,855,147,v026
1PILH,0,660,660,v030
1PILH,568,748,180,v022
1PILH,705,855,150,v026
1PILH,684,855,171,v008
OK2AF,324,508,184,v001
OK2AF,621,744,123,v016
OK2AF,0,338,338,v031
OK2AF,0,67,67,v031
OK2AF,216,480,264,v012
OK2AF,552,720,168,v023
OK2AF,254,408,154,v029
OK2AF,0,580,580,v018
0QMGP,568,735,167,v030
0QMGP,0,374,374,v008
0QMGP,230,408,178,v016
0QMGP,223,408,185,v016
0QMGP,386,511,125,v029
GBZAK,0,276,276,v008
GBZAK,0,348,348,v032
GBZAK,312,528,216,v008
GBZAK,372,576,204,v016
GBZAK,547,681,134,v021
GBZAK,0,468,468,v008
GBZAK,0,640,640,v018
GBZAK,585,681,96,v010
O8FBU,511,787,276,v021
O8FBU,31,588,557,v003
O8FBU,110,386,276,v008
O8FBU,542,787,245,v008
O8FBU,535,657,122,v023
W3Y5Q,223,367,144,v023
W3Y5Q,496,609,113,v012
W3Y5Q,523,643,120,v029
W3Y5Q,247,684,437,v008
9SKPI,408,624,216,v016
9SKPI,0,432,432,v026
9SKPI,600,888,288,v008
9SKPI,302,417,115,v023
9SKPI,0,422,422,v026
9SKPI,432,590,158,v016
FVMVY,0,312,312,v016
FVMVY,830,878,48,v008
FVMVY,830,878,48,v030
FVMVY,830,878,48,v015
FVMVY,830,878,48,v018
FVMVY,830,878,48,v018
JAAVR,542,729,187,v004
JAAVR,0,129,129,v010
JAAVR,33,295,262,v022
JAAVR,276,638,362,v005
JAAVR,194,328,134,v029
6ZJAL,336,578,242,v008
6ZJAL,607,802,195,v005
6ZJAL,220,400,180,v008
6ZJAL,280,388,108,v025
6ZJAL,276,396,120,v025
6ZJAL,189,412,223,v018
6ZJAL,340,638,298,v018
6ZJAL,268,537,269,v018
6ZJAL,441,739,298,v012
6ZJAL,364,650,286,v031
DVM8I,0,324,324,v026
DVM8I,220,338,118,v007
DVM8I,393,554,161,v001
DVM8I,218,355,137,v012
DVM8I,319,441,122,v025
DVM8I,220,350,130,v012
WE2PF,79,292,213,v012
WE2PF,216,544,328,v005
WE2PF,0,742,742,v018
WE2PF,398,657,259,v020
WE2PF,182,542,360,v005
WE2PF,0,742,742,v018
WE2PF,74,463,389,v008
WE2PF,0,278,278,v008
WE2PF,0,742,742,v031
WE2PF,48,742,694,v008
PSSJ8,530,712,182,v027
PSSJ8,0,494,494,v008
PSSJ8,151,352,201,v001
PSSJ8,360,494,134,v016
PSSJ8,122,259,137,v017
PSSJ8,0,472,472,v008
PSSJ8,362,501,139,v016
9I034,0,614,614,v002
7E6AB,192,333,141,v023
7E6AB,16,156,140,v012
7E6AB,110,261,151,v019
7E6AB,252,382,130,v001
4FAWP,0,643,643,v026
4FAWP,0,583,583,v030
4FAWP,468,744,276,v013
4FAWP,129,528,399,v030
4FAWP,506,616,110,v023
4FAWP,216,340,124,v016
4FAWP,480,744,264,v008
X5E6E,136,276,140,v004
X5E6E,254,621,367,v016
X5E6E,204,621,417,v026
X5E6E,254,621,367,v008
X5E6E,254,621,367,v012
X5E6E,194,604,410,v008
X5E6E,232,381,149,v023
X5E6E,184,312,128,v023
R00L7,367,592,225,v031
R00L7,0,726,726,v002
R00L7,312,494,182,v019
R00L7,86,211,125,v016
R00L7,0,726,726,v019
LXJ86,374,960,586,v012
LXJ86,924,1067,143,v016
LXJ86,628,986,358,v031
LXJ86,38,1067,1029,v008
LXJ86,916,1067,151,v023
EAWW4,72,225,153,v012
EAWW4,182,360,178,v016
EAWW4,168,352,184,v016
EAWW4,60,223,163,v012
EAWW4,0,117,117,v023
KLZN8,0,667,667,v018
KLZN8,0,676,676,v008
KLZN8,0,681,681,v014
WWL0M,0,701,701,v018
WWL0M,211,701,490,v008
WWL0M,256,701,445,v027
WWL0M,0,160,160,v004
EBHC9,96,477,381,v026
EBHC9,0,307,307,v008
EBHC9,280,506,226,v008
EBHC9,266,484,218,v023
EBHC9,336,484,148,v016
QY75H,0,518,518,v008
QY75H,21,295,274,v012
QY75H,26,348,322,v014
QY75H,578,772,194,v004
QY75H,235,525,290,v015
QY75H,31,156,125,v008
QY75H,31,204,173,v016
QY75H,585,708,123,v008
QY75H,0,213,213,v031
QY75H,261,489,228,v023
QY75H,602,736,134,v008
QY75H,571,736,165,v023
QY75H,556,760,204,v016
08KKF,0,160,160,v010
08KKF,0,833,833,v008
08KKF,0,833,833,v008
UEP20,448,688,240,v005
UEP20,429,544,115,v023
UEP20,0,374,374,v008
UEP20,283,446,163,v012
UEP20,458,735,277,v008
UEP20,278,460,182,v016
UEP20,283,475,192,v016
UEP20,393,735,342,v005
UEP20,302,518,216,v016
UEP20,350,554,204,v010
UEP20,110,374,264,v031
UEP20,448,600,152,v001
UEP20,0,136,136,v029
UEP20,98,345,247,v012
UEP20,247,374,127,v001
IR31O,134,309,175,v004
IR31O,0,744,744,v008
IR31O,31,184,153,v012
IR31O,0,744,744,v031
IR31O,0,744,744,v018
FD9A5,739,892,153,v004
FD9A5,705,1047,342,v008
FD9A5,292,456,164,v015
FD9A5,895,1047,152,v023
FD9A5,350,513,163,v016
TBXFO,1243,1359,116,v008
TBXFO,739,986,247,v027
TBXFO,372,578,206,v028
TBXFO,170,400,230,v029
TBXFO,976,1161,185,v015
TBXFO,223,367,144,v012
TBXFO,916,1216,300,v008
TBXFO,1147,1305,158,v004
TBXFO,1243,1359,116,v023
TBXFO,924,1053,129,v016
TBXFO,924,1060,136,v016
TBXFO,1269,1359,90,v023
GIKHC,0,614,614,v008
GIKHC,0,614,614,v008
GIKHC,283,429,146,v020
JMCRT,0,175,175,v002
JMCRT,93,434,341,v001
JMCRT,0,206,206,v012
JMCRT,463,703,240,v024
JMCRT,204,307,103,v016
P5ANU,501,650,149,v015
P5ANU,211,679,468,v020
P5ANU,19,268,249,v015
P5ANU,0,681,681,v031
P5ANU,0,681,681,v008
P5ANU,571,681,110,v016
2Z60J,79,549,470,v018
2Z60J,52,561,509,v008
2Z60J,38,192,154,v018
2Z60J,91,556,465,v018
2Z60J,436,554,118,v022
5S1SL,194,391,197,v016
5S1SL,26,273,247,v016
5S1SL,259,429,170,v012
5X5DT,254,571,317,v001
5X5DT,0,283,283,v008
5X5DT,0,290,290,v031
5X5DT,223,468,245,v008
5X5DT,340,468,128,v023
5X5DT,0,692,692,v018
5X5DT,350,692,342,v016
S4D1O,410,576,166,v031
S4D1O,0,357,357,v031
S4D1O,0,76,76,v006
S4D1O,64,261,197,v006
Y6R7T,511,707,196,v008
Y6R7T,499,707,208,v014
Y6R7T,79,707,628,v008
Y6R7T,175,415,240,v015
Y6R7T,72,247,175,v029
UQ93G,516,697,181,v007
UQ93G,91,592,501,v031
UQ93G,96,592,496,v028
UQ93G,24,697,673,v022
UQ93G,508,697,189,v012
UQ93G,540,697,157,v016
UQ93G,216,697,481,v008
UQ93G,216,340,124,v023
UQ93G,319,585,266,v026
UQ93G,544,693,149,v029
4KOBZ,328,576,248,v004
4KOBZ,0,156,156,v005
4KOBZ,0,144,144,v005
4KOBZ,489,619,130,v016
4KOBZ,300,415,115,v023
4KOBZ,0,718,718,v018
4KOBZ,0,718,718,v031
4KOBZ,516,640,124,v016
4KOBZ,0,718,718,v008
BVS2Z,0,144,144,v020
92NRK,0,731,731,v008
92NRK,50,172,122,v023
92NRK,76,731,655,v005
92NRK,0,731,731,v018
92NRK,0,731,731,v031
92NRK,0,731,731,v008
JYBGS,60,218,158,v008
JYBGS,74,220,146,v021
JYBGS,33,187,154,v029
JYBGS,36,184,148,v008
JYBGS,153,319,166,v017
I005F,218,369,151,v008
I005F,120,314,194,v012
I005F,0,230,230,v002
I005F,292,436,144,v005
I005F,0,240,240,v016
I005F,139,360,221,v023
I329H,112,889,777,v008
I329H,124,889,765,v016
I329H,129,889,760,v023
I329H,0,889,889,v008
I329H,0,213,213,v012
I329H,156,889,733,v005
I329H,139,889,750,v023
CWMSY,297,769,472,v026
CWMSY,0,264,264,v016
CWMSY,0,769,769,v008
CWMSY,722,769,47,v008
CWMSY,722,769,47,v023
CWMSY,717,769,52,v008
583F7,242,525,283,v012
583F7,0,832,832,v008
583F7,326,832,506,v005
583F7,0,280,280,v023
583F7,0,240,240,v008
583F7,0,247,247,v023
583F7,230,832,602,v018
583F7,177,326,149,v018
583F7,196,832,636,v008
583F7,0,832,832,v016
583F7,0,832,832,v016
583F7,213,832,619,v018
Y4X8J,40,211,171,v008
Y4X8J,0,549,549,v032
Y4X8J,556,762,206,v012
Y4X8J,0,580,580,v010
Y4X8J,492,650,158,v022
081WM,374,728,354,v004
081WM,91,728,637,v031
081WM,86,728,642,v014
081WM,14,728,714,v031
3TV9E,0,244,244,v016
3TV9E,48,177,129,v020
3TV9E,158,244,86,v004
3TV9E,74,208,134,v023
3TV9E,93,244,151,v008
3TV9E,0,228,228,v008
3TV9E,0,192,192,v030
3TV9E,9,237,228,v023
ZCPG6,79,343,264,v032
ZCPG6,0,177,177,v031
ZCPG6,0,343,343,v018
ZCPG6,0,172,172,v014
ZCPG6,79,343,264,v018
ZCPG6,0,184,184,v032
ZCPG6,0,189,189,v018
417RA,0,256,256,v010
417RA,199,728,529,v018
417RA,381,728,347,v004
417RA,393,728,335,v008
417RA,0,273,273,v000
417RA,360,511,151,v023
417RA,38,316,278,v000
DBN7R,74,628,554,v016
DBN7R,0,738,738,v024
DBN7R,0,100,100,v019
DBN7R,602,738,136,v010
DBN7R,0,669,669,v018
D9V53,98,244,146,v004
D9V53,36,676,640,v018
D9V53,26,701,675,v008
D9V53,600,701,101,v029
D9V53,4,139,135,v018
VKXLL,748,1598,850,v008
VKXLL,883,1574,691,v023
VKXLL,93,324,231,v018
VKXLL,211,1641,1430,v018
VKXLL,681,868,187,v016
VKXLL,1068,1214,146,v016
VKXLL,1233,1389,156,v016
VKXLL,530,686,156,v012
VKXLL,405,525,120,v016
VKXLL,76,240,164,v016
VKXLL,36,148,112,v008
VKXLL,1536,1665,129,v022
VKXLL,36,148,112,v023
VKXLL,631,768,137,v006
8XXZZ,132,410,278,v003
8XXZZ,364,696,332,v014
8XXZZ,0,228,228,v017
8XXZZ,340,719,379,v008
8XXZZ,328,501,173,v023
KU25F,0,726,726,v008
KU25F,0,726,726,v008
KU25F,0,696,696,v016
M1SRW,0,650,650,v008
M1SRW,506,650,144,v016
M1SRW,540,650,110,v016
M1SRW,0,609,609,v014
UFVO8,182,316,134,v001
UFVO8,72,235,163,v012
UFVO8,0,259,259,v008
UFVO8,129,264,135,v016
UFVO8,76,261,185,v012
UFVO8,182,333,151,v001
MZAN6,396,559,163,v001
MZAN6,307,441,134,v012
MZAN6,384,501,117,v027
MZAN6,0,302,302,v006
MZAN6,333,482,149,v029
MZAN6,141,338,197,v031
USM36,4,124,120,v005
USM36,0,62,62,v012
USM36,19,124,105,v004
USM36,242,790,548,v018
USM36,72,331,259,v031
USM36,144,343,199,v032
USM36,127,278,151,v014
USM36,0,338,338,v018
GOWDG,67,230,163,v016
GOWDG,0,290,290,v008
GOWDG,206,489,283,v016
GOWDG,0,156,156,v012
GOWDG,288,619,331,v019
GOWDG,261,460,199,v026
GOWDG,64,331,267,v029
GOWDG,218,396,178,v009
GOWDG,45,211,166,v007
MPFSX,595,744,149,v029
MPFSX,216,744,528,v030
MPFSX,595,744,149,v008
MPFSX,0,110,110,v022
MPFSX,0,76,76,v018
1BVUA,340,720,380,v031
1BVUA,650,720,70,v000
1BVUA,0,720,720,v010
1BVUA,640,720,80,v022
1BVUA,139,441,302,v000
JDDD8,283,543,260,v022
JDDD8,12,180,168,v023
JDDD8,240,345,105,v016
JDDD8,0,180,180,v026
JDDD8,175,543,368,v026
JDDD8,4,280,276,v008
JDDD8,132,283,151,v016
JDDD8,163,283,120,v025
6IIV9,0,814,814,v008
6IIV9,0,814,814,v021
6IIV9,0,814,814,v019
6IIV9,0,814,814,v031
6IIV9,0,814,814,v009
6IIV9,0,814,814,v019
6IIV9,0,814,814,v008
V9RT3,0,69,69,v024
V9RT3,0,444,444,v018
V9RT3,355,482,127,v022
V9RT3,0,424,424,v014
V9RT3,0,424,424,v018
V9RT3,0,355,355,v008
V9RT3,408,516,108,v016
V9RT3,0,451,451,v032
Q3XBQ,50,463,413,v032
Q3XBQ,489,746,257,v008
Q3XBQ,386,523,137,v016
Q3XBQ,199,405,206,v020
Q3XBQ,0,158,158,v018
Q3XBQ,74,280,206,v004
Q3XBQ,285,544,259,v015
Q3XBQ,436,765,329,v025
Q3XBQ,201,504,303,v022
Q3XBQ,309,720,411,v025
Q3XBQ,456,597,141,v023
Q3XBQ,43,746,703,v018
Q3XBQ,588,729,141,v016
Q3XBQ,386,516,130,v026
Q3XBQ,600,720,120,v016
Q3XBQ,28,302,274,v032
1BPX5,122,793,671,v008
1BPX5,684,793,109,v008
1BPX5,458,640,182,v021
1BPX5,609,787,178,v021
1BPX5,28,588,560,v010
UNQD7,516,768,252,v008
UNQD7,7,156,149,v001
UNQD7,7,182,175,v001
LURSW,0,224,224,v004
LURSW,0,224,224,v008
Q8UJ8,199,463,264,v004
Q8UJ8,14,697,683,v018
Q8UJ8,21,141,120,v012
Q8UJ8,0,76,76,v018
Q8UJ8,0,697,697,v018
0Z57Y,405,769,364,v008
0Z57Y,520,769,249,v026
0Z57Y,348,501,153,v029
0Z57Y,532,769,237,v031
Q6ZD9,38,427,389,v008
Q6ZD9,38,427,389,v016
Q6ZD9,254,427,173,v026
Q6ZD9,391,556,165,v020
Q6ZD9,48,592,544,v026
U386F,218,749,531,v008
U386F,0,749,749,v010
U386F,297,749,452,v024
U386F,0,749,749,v018
U386F,144,324,180,v020
U386F,0,749,749,v031
U386F,184,309,125,v023
E67EF,244,470,226,v023
7BL9D,100,276,176,v005
7BL9D,146,268,122,v008
7BL9D,146,268,122,v008
7BL9D,254,746,492,v026
7BL9D,100,276,176,v005
43OXO,62,590,528,v010
43OXO,477,590,113,v008
43OXO,312,480,168,v016
43OXO,105,590,485,v026
43OXO,475,590,115,v023
43OXO,52,189,137,v018
43OXO,93,276,183,v016
43OXO,52,189,137,v018
43OXO,484,590,106,v022
43OXO,271,492,221,v026
43OXO,0,112,112,v000
43OXO,165,362,197,v016
43OXO,165,362,197,v016
SOR8E,0,665,665,v008
SOR8E,134,665,531,v009
SOR8E,110,254,144,v001
SOR8E,31,177,146,v012
SOR8E,0,184,184,v008
SOR8E,424,665,241,v019
SOR8E,81,665,584,v016
BWHUX,112,242,130,v016
BWHUX,0,352,352,v008
BWHUX,0,220,220,v009
BWHUX,280,352,72,v029
BWHUX,0,352,352,v014
V45U8,0,764,764,v032
V45U8,662,764,102,v023
V45U8,681,764,83,v008
V45U8,321,436,115,v032
V45U8,456,590,134,v016
88TCK,592,753,161,v005
88TCK,604,753,149,v023
88TCK,0,614,614,v026
88TCK,72,607,535,v023
88TCK,616,753,137,v016
88TCK,72,607,535,v008
88TCK,72,607,535,v016
WZCPT,348,504,156,v016
WZCPT,81,252,171,v012
WZCPT,278,444,166,v023
WZCPT,249,436,187,v001
G70CT,0,84,84,v027
G70CT,492,735,243,v008
G70CT,69,213,144,v029
G70CT,0,434,434,v008
G70CT,88,343,255,v026
G70CT,98,350,252,v026
9WE7L,0,748,748,v008
9WE7L,352,703,351,v026
9WE7L,50,242,192,v018
9WE7L,261,475,214,v022
9WE7L,360,578,218,v026
SOTQ1,156,757,601,v008
SOTQ1,134,448,314,v031
SOTQ1,451,604,153,v019
SOTQ1,621,751,130,v009
8V9OD,0,201,201,v019
8V9OD,0,192,192,v008
8V9OD,16,360,344,v019
8V9OD,0,538,538,v008
8V9OD,0,538,538,v031
8V9OD,0,538,538,v021
3VRTT,4,285,281,v008
3VRTT,0,235,235,v026
3VRTT,153,264,111,v029
3VRTT,105,300,195,v016
3VRTT,141,288,147,v017
3VRTT,136,283,147,v023
F9YMU,0,218,218,v001
F9YMU,223,742,519,v018
F9YMU,194,742,548,v018
F9YMU,285,396,111,v023
F9YMU,194,338,144,v031
F9YMU,242,372,130,v018
F9YMU,300,741,441,v008
7QH3I,232,747,515,v008
7QH3I,604,746,142,v009
7QH3I,415,747,332,v024
7QH3I,0,480,480,v023
7QH3I,0,439,439,v008
7QH3I,182,458,276,v018
7QH3I,408,747,339,v023
4DY90,0,165,165,v029
4DY90,324,709,385,v030
4DY90,338,709,371,v026
4DY90,256,566,310,v018
P9B13,40,792,752,v032
P9B13,0,792,792,v018
P9B13,432,768,336,v023
XZ9C0,0,247,247,v010
XZ9C0,333,542,209,v023
XZ9C0,208,357,149,v023
XZ9C0,129,304,175,v022
XZ9C0,348,554,206,v008
XZ9C0,0,208,208,v010
XZ9C0,0,204,204,v000
2UXXB,367,743,376,v014
2UXXB,338,489,151,v016
2UXXB,81,259,178,v023
2UXXB,264,412,148,v018
2UXXB,316,743,427,v018
2UXXB,177,743,566,v008
XJ4T3,120,273,153,v012
XJ4T3,0,112,112,v007
XJ4T3,396,584,188,v030
XJ4T3,0,115,115,v012
XJ4T3,537,584,47,v016
XJ4T3,537,584,47,v001
XJ4T3,537,584,47,v023
XJ4T3,537,584,47,v008
XJ4T3,21,180,159,v023
XJ4T3,0,122,122,v012
XJ4T3,62,463,401,v008
XJ4T3,218,328,110,v023
Z8HPQ,715,852,137,v001
Z8HPQ,76,225,149,v016
Z8HPQ,189,338,149,v012
Z8HPQ,724,852,128,v001
Z8HPQ,516,638,122,v009
Z8HPQ,189,338,149,v012
FMJZQ,0,460,460,v008
FMJZQ,0,283,283,v031
FMJZQ,187,460,273,v026
FMJZQ,16,230,214,v009
FMJZQ,182,290,108,v001
TA23R,112,643,531,v014
TA23R,528,643,115,v008
TA23R,384,508,124,v023
TA23R,523,640,117,v023
TA23R,434,566,132,v001
TA23R,163,331,168,v012
TA23R,122,643,521,v008
TA23R,388,528,140,v023
7ODVS,74,240,166,v009
7ODVS,0,247,247,v008
7ODVS,180,247,67,v016
7ODVS,69,247,178,v019
7ODVS,0,247,247,v014
7ODVS,0,74,74,v023
FL3CG,33,216,183,v019
FL3CG,482,653,171,v026
FL3CG,196,643,447,v016
FL3CG,201,653,452,v026
G6BFY,115,566,451,v005
G6BFY,288,403,115,v019
G6BFY,602,727,125,v031
G6BFY,592,717,125,v019
G6BFY,552,686,134,v009
G6BFY,0,242,242,v008
G6BFY,0,254,254,v008
G6BFY,132,254,122,v016
G6BFY,132,247,115,v016
G6BFY,410,540,130,v023
D3EY0,7,445,438,v008
D3EY0,14,445,431,v008
D3EY0,175,432,257,v017
D3EY0,333,445,112,v001
D3EY0,302,429,127,v012
D3EY0,26,165,139,v029
6RPUS,242,733,491,v030
6RPUS,0,283,283,v002
6RPUS,187,297,110,v023
6RPUS,201,733,532,v008
PBGYV,0,112,112,v012
PBGYV,240,759,519,v031
PBGYV,283,619,336,v013
PBGYV,100,759,659,v008
PBGYV,134,759,625,v019
PBGYV,168,759,591,v014
4X5P6,0,187,187,v029
4X5P6,0,132,132,v012
4X5P6,31,729,698,v031
4X5P6,84,252,168,v028
4X5P6,36,153,117,v001
4X5P6,160,729,569,v008
YTV2H,686,781,95,v027
YTV2H,268,379,111,v016
YTV2H,259,420,161,v016
YTV2H,0,422,422,v008
YTV2H,0,391,391,v004
YTV2H,439,696,257,v020
YTV2H,206,552,346,v016
YTV2H,19,528,509,v008
YTV2H,0,345,345,v023
38I4G,0,608,608,v008
38I4G,0,608,608,v008
38I4G,0,232,232,v014
38I4G,122,608,486,v005
38I4G,120,240,120,v023
38I4G,216,362,146,v023
38I4G,0,608,608,v008
97U3W,0,182,182,v008
97U3W,72,186,114,v016
97U3W,0,168,168,v008
97U3W,93,186,93,v020
9FEV7,199,602,403,v030
9FEV7,0,309,309,v003
9FEV7,0,141,141,v023
9FEV7,480,705,225,v008
9FEV7,643,740,97,v012
9FEV7,662,740,78,v029
9FEV7,0,177,177,v008
1XFDY,508,752,244,v023
1XFDY,511,752,241,v023
1XFDY,45,240,195,v018
1XFDY,458,604,146,v022
1XFDY,0,752,752,v008
1XFDY,0,752,752,v008
1XFDY,693,752,59,v029
1XFDY,0,752,752,v008
4CSXJ,0,240,240,v008
4CSXJ,136,261,125,v025
4CSXJ,204,405,201,v008
4CSXJ,208,326,118,v025
4CSXJ,300,424,124,v025
N1DAP,0,338,338,v031
N1DAP,64,336,272,v020
N1DAP,261,381,120,v023
LY10X,578,758,180,v005
LY10X,0,393,393,v030
LY10X,372,793,421,v008
LY10X,348,496,148,v012
LY10X,72,357,285,v008
LY10X,60,357,297,v016
7H0JK,352,556,204,v016
7H0JK,465,592,127,v005
7H0JK,278,743,465,v026
7H0JK,120,252,132,v023
7H0JK,0,170,170,v029
7H0JK,427,743,316,v026
X1XZA,0,422,422,v008
X1XZA,0,417,417,v008
EYP8H,0,762,762,v008
EYP8H,93,331,238,v023
EYP8H,0,762,762,v008
EYP8H,184,345,161,v022
EYP8H,580,762,182,v029
3XKBC,252,600,348,v028
3XKBC,163,412,249,v025
3XKBC,451,674,223,v012
3XKBC,350,614,264,v018
3XKBC,453,592,139,v016
3XKBC,285,398,113,v016
3XKBC,470,592,122,v018
3XKBC,475,592,117,v018
WPNEM,0,492,492,v002
WPNEM,196,453,257,v005
WPNEM,376,546,170,v019
9X6DL,0,156,156,v031
9X6DL,360,631,271,v008
9X6DL,360,631,271,v023
9X6DL,300,434,134,v016
9X6DL,0,631,631,v008
9X6DL,372,631,259,v004
9X6DL,540,631,91,v016
9X6DL,60,429,369,v008
9X6DL,64,204,140,v023
GSCNG,254,685,431,v008
GSCNG,297,685,388,v014
GSCNG,0,280,280,v030
Q2GBA,321,451,130,v008
Q2GBA,100,400,300,v023
Q2GBA,45,259,214,v023
Q2GBA,333,460,127,v029
8WPPG,722,837,115,v016
8WPPG,0,172,172,v023
8WPPG,429,616,187,v026
8WPPG,302,513,211,v026
8WPPG,290,837,547,v008
8WPPG,722,837,115,v025
8WPPG,0,206,206,v008
8WPPG,513,645,132,v029
8WPPG,600,724,124,v029
8WPPG,0,216,216,v025
8WPPG,0,86,86,v023
8WPPG,396,813,417,v016
8WPPG,0,273,273,v025
8WPPG,316,835,519,v008
8WPPG,290,403,113,v026
8WPPG,0,837,837,v022
8WPPG,271,650,379,v025
A81AV,0,175,175,v008
A81AV,172,513,341,v003
A81AV,43,177,134,v018
A81AV,537,723,186,v004
A81AV,100,228,128,v018
A81AV,0,132,132,v029
A81AV,151,300,149,v023
A81AV,204,477,273,v016
A81AV,204,348,144,v022
OEE36,506,698,192,v016
OEE36,775,964,189,v016
OEE36,472,746,274,v016
OEE36,621,876,255,v001
OEE36,770,912,142,v008
OEE36,799,960,161,v025
OEE36,916,965,49,v023
OEE36,916,965,49,v008
OEE36,916,965,49,v012
DWEHS,0,391,391,v008
DWEHS,0,336,336,v019
DWEHS,0,336,336,v031
DWEHS,314,506,192,v019
DWEHS,319,883,564,v031
DWEHS,314,472,158,v012
DWEHS,0,883,883,v008
R5K2K,403,528,125,v016
R5K2K,158,528,370,v026
R5K2K,76,734,658,v018
R5K2K,321,520,199,v016
R5K2K,151,621,470,v026
R5K2K,0,74,74,v029
R5K2K,43,177,134,v019
R5K2K,321,520,199,v025
R5K2K,0,96,96,v027
R5K2K,153,518,365,v008
RRBM5,0,148,148,v010
RRBM5,0,232,232,v021
RRBM5,177,506,329,v026
RRBM5,307,470,163,v023
DTJ6B,184,613,429,v018
DTJ6B,50,189,139,v016
DTJ6B,0,136,136,v029
DTJ6B,0,613,613,v005
DTJ6B,0,613,613,v005
DTJ6B,156,312,156,v018
DTJ6B,0,194,194,v021
DTJ6B,48,192,144,v025
DTJ6B,0,613,613,v008
DTJ6B,0,613,613,v008
DTJ6B,0,182,182,v008
3UWW0,0,108,108,v008
3UWW0,0,158,158,v005
3UWW0,350,559,209,v004
KKGJ8,88,254,166,v012
KKGJ8,0,122,122,v018
KKGJ8,513,739,226,v031
KKGJ8,0,124,124,v022
KKGJ8,67,259,192,v029
Q24OC,571,707,136,v016
Q24OC,0,707,707,v008
Q24OC,568,707,139,v016
Q24OC,288,696,408,v023
Q24OC,271,388,117,v023
Q24OC,564,693,129,v016
Q24OC,355,532,177,v008
POXTH,0,129,129,v022
POXTH,14,165,151,v009
POXTH,0,134,134,v008
POXTH,33,204,171,v016
POXTH,0,129,129,v019
POXTH,36,187,151,v025
POXTH,256,439,183,v023
OXCLE,4,896,892,v026
OXCLE,0,896,896,v008
OXCLE,14,896,882,v026
5HSKK,0,496,496,v008
5HSKK,127,748,621,v020
5HSKK,0,748,748,v008
5HSKK,367,489,122,v025
5HSKK,0,141,141,v029
5HSKK,355,484,129,v025
5HSKK,372,501,129,v016
8ZF5S,266,720,454,v002
8ZF5S,0,302,302,v030
8ZF5S,0,302,302,v030
8ZF5S,0,264,264,v026
F1VEE,504,667,163,v008
F1VEE,724,786,62,v001
F1VEE,50,528,478,v003
F1VEE,362,571,209,v003
F1VEE,0,177,177,v023
F1VEE,408,552,144,v031
F1VEE,576,720,144,v007
F1VEE,648,768,120,v012
F1VEE,72,432,360,v016
F1VEE,360,504,144,v016
F1VEE,578,786,208,v029
F1VEE,460,676,216,v023
WNKL6,0,655,655,v008
WNKL6,499,655,156,v005
WNKL6,0,256,256,v009
WNKL6,0,110,110,v016
WNKL6,0,453,453,v019
WNKL6,300,547,247,v019
WNKL6,0,655,655,v008
WNKL6,0,655,655,v008
WNKL6,0,655,655,v016
WNKL6,0,655,655,v014
WNKL6,0,655,655,v012
0GH5O,0,117,117,v029
0GH5O,21,208,187,v023
0GH5O,271,424,153,v019
0GH5O,168,328,160,v012
0GH5O,50,199,149,v023
0GH5O,175,333,158,v007
0GH5O,350,487,137,v001
0GH5O,50,460,410,v008
0GH5O,55,460,405,v008
538JV,165,321,156,v004
538JV,69,417,348,v008
538JV,0,417,417,v008
538JV,0,180,180,v014
538JV,333,417,84,v025
538JV,108,417,309,v028
MP6JQ,220,381,161,v001
MP6JQ,0,160,160,v031
MP6JQ,2,261,259,v018
MP6JQ,264,403,139,v023
MP6JQ,264,446,182,v008
MP6JQ,0,268,268,v019
MP6JQ,302,446,144,v026
XXU6H,0,151,151,v029
XXU6H,2,160,158,v008
XXU6H,45,297,252,v018
XXU6H,182,403,221,v022
XXU6H,0,148,148,v012
XXU6H,45,235,190,v010
XXU6H,100,417,317,v009
Q6M0X,0,804,804,v018
Q6M0X,160,362,202,v023
Q6M0X,350,475,125,v023
Q6M0X,168,292,124,v016
Q6M0X,232,357,125,v016
Q6M0X,422,542,120,v016
Q6M0X,0,804,804,v018
Q6M0X,45,156,111,v016
Q6M0X,184,290,106,v016
GZMJK,650,768,118,v005
GZMJK,0,79,79,v008
GZMJK,16,362,346,v020
GZMJK,321,475,154,v019
GZMJK,650,768,118,v005
GZMJK,0,768,768,v008
GZMJK,120,264,144,v008
EC695,0,744,744,v021
EC695,264,744,480,v008
EC695,0,744,744,v010
EC695,494,744,250,v017
EC695,319,446,127,v023
1333C,319,633,314,v002
1333C,117,367,250,v025
1333C,475,640,165,v016
1333C,192,314,122,v023
1333C,206,636,430,v008
1333C,24,228,204,v008
DRT60,52,369,317,v030
DRT60,316,470,154,v008
DRT60,307,453,146,v023
DRT60,535,643,108,v030
DRT60,33,643,610,v024
DRT60,571,643,72,v009
DRT60,350,470,120,v025
DRT60,292,487,195,v019
DRT60,374,480,106,v025
DRT60,26,643,617,v008
DRT60,542,643,101,v026
0Y19Q,336,1180,844,v031
0Y19Q,206,523,317,v004
0Y19Q,43,1272,1229,v008
0Y19Q,439,576,137,v016
ZU00I,0,544,544,v008
ZU00I,0,172,172,v023
ZU00I,453,856,403,v008
ZU00I,501,681,180,v004
ZU00I,482,604,122,v023
ZU00I,40,532,492,v003
ZU00I,710,856,146,v030
JSOLV,376,624,248,v008
JSOLV,16,204,188,v018
JSOLV,0,724,724,v008
JSOLV,24,708,684,v032
JSOLV,2,724,722,v018
JSOLV,0,696,696,v008
JSOLV,600,724,124,v025
ZM61T,266,713,447,v004
ZM61T,55,713,658,v008
ZM61T,2,141,139,v023
ZM61T,12,276,264,v026
ZM61T,12,170,158,v023
ZM61T,26,713,687,v008
LUPRO,0,542,542,v018
LUPRO,223,403,180,v029
LUPRO,362,499,137,v018
LUPRO,218,516,298,v008
LUPRO,0,480,480,v005
LUPRO,0,516,516,v031
LUPRO,0,571,571,v008
LUPRO,0,571,571,v008
983K8,0,755,755,v018
983K8,0,755,755,v005
983K8,36,755,719,v008
983K8,0,755,755,v005
983K8,64,300,236,v023
983K8,0,755,755,v008
983K8,636,755,119,v016
RTIP8,432,662,230,v019
RTIP8,45,187,142,v018
RTIP8,0,728,728,v008
RTIP8,578,728,150,v016
RTIP8,52,728,676,v018
RTIP8,84,700,616,v031
9XW1K,0,592,592,v032
9XW1K,564,686,122,v004
9XW1K,688,737,49,v022
9XW1K,688,737,49,v018
OSCS2,0,304,304,v008
OSCS2,0,314,314,v000
OSCS2,204,753,549,v022
OSCS2,0,297,297,v010
OSCS2,208,763,555,v003
OSCS2,760,855,95,v008
OSCS2,213,376,163,v023
OSCS2,739,855,116,v031
OSCS2,290,434,144,v008
OSCS2,2,300,298,v000
QM7Q3,211,388,177,v019
QM7Q3,211,742,531,v009
QM7Q3,211,388,177,v019
QM7Q3,38,196,158,v013
QM7Q3,0,742,742,v008
QM7Q3,0,742,742,v014
QM7Q3,0,742,742,v008
QM7Q3,0,252,252,v031
NL26D,4,244,240,v016
NL26D,0,738,738,v008
NL26D,0,738,738,v023
NL26D,0,738,738,v026
NL26D,0,108,108,v029
NL26D,388,738,350,v026
8QTVQ,708,1142,434,v026
8QTVQ,516,895,379,v016
8QTVQ,0,475,475,v008
A1PEO,213,781,568,v008
A1PEO,276,712,436,v026
A1PEO,194,781,587,v008
A1PEO,45,199,154,v001
A1PEO,218,360,142,v012
A1PEO,0,96,96,v012
A1PEO,268,684,416,v016
A1PEO,52,235,183,v007
A1PEO,244,396,152,v023
A1PEO,300,439,139,v023
A1PEO,343,566,223,v023
A1PEO,0,110,110,v029
A1PEO,168,345,177,v023
SZYJO,432,717,285,v016
SZYJO,0,146,146,v014
SZYJO,626,733,107,v016
SZYJO,120,314,194,v020
SZYJO,348,516,168,v023
SZYJO,424,624,200,v023
SZYJO,420,722,302,v008
SZYJO,0,733,733,v018
SZYJO,0,422,422,v032
SZYJO,0,733,733,v018
78FJX,0,139,139,v012
78FJX,484,607,123,v012
78FJX,631,750,119,v019
78FJX,213,750,537,v031
78FJX,213,750,537,v008
78FJX,626,750,124,v019
78FJX,369,540,171,v001
78FJX,196,427,231,v023
ZGUTC,460,614,154,v012
ZGUTC,127,453,326,v016
ZGUTC,600,746,146,v008
ZGUTC,727,859,132,v001
ZGUTC,132,290,158,v008
ZGUTC,261,427,166,v016
U7RVS,0,189,189,v004
U7RVS,0,338,338,v008
U7RVS,172,333,161,v016
U7RVS,76,196,120,v023
U7RVS,0,565,565,v031
U7RVS,0,565,565,v014
U7RVS,0,565,565,v018
2M9YL,256,446,190,v005
2M9YL,216,453,237,v008
2M9YL,410,559,149,v016
2M9YL,549,744,195,v012
2M9YL,480,645,165,v019
2M9YL,264,429,165,v008
2M9YL,278,417,139,v005
2M9YL,252,376,124,v023
2M9YL,57,556,499,v008
2M9YL,566,705,139,v007
2M9YL,436,552,116,v016
2M9YL,261,376,115,v023
2M9YL,52,177,125,v023
2M9YL,427,559,132,v016
LHU7D,0,630,630,v008
LHU7D,216,630,414,v008
LHU7D,76,630,554,v023
VEIIK,0,492,492,v031
VEIIK,14,492,478,v008
VEIIK,14,492,478,v026
VEIIK,0,492,492,v008
VEIIK,0,492,492,v014
VEIIK,21,189,168,v023
VEIIK,105,492,387,v026
VEIIK,38,170,132,v022
3K6HO,470,595,125,v001
3K6HO,472,595,123,v029
3K6HO,40,180,140,v025
3K6HO,460,595,135,v012
3K6HO,475,595,120,v007
VOXNH,170,386,216,v008
VOXNH,0,386,386,v024
8ENLP,144,307,163,v016
8ENLP,0,750,750,v018
8ENLP,451,750,299,v028
8ENLP,266,513,247,v028
8ENLP,132,302,170,v008
8ENLP,0,750,750,v008
8ENLP,146,321,175,v023
8ENLP,0,750,750,v021
8ENLP,196,750,554,v021
P9D7P,388,655,267,v031
P9D7P,103,636,533,v014
P9D7P,0,739,739,v008
IU8YI,38,180,142,v026
IU8YI,273,756,483,v031
IU8YI,0,756,756,v008
IU8YI,0,756,756,v026
16D5O,36,218,182,v025
16D5O,86,204,118,v016
16D5O,86,204,118,v016
16D5O,0,156,156,v008
S1FYN,60,448,388,v018
S1FYN,48,542,494,v008
S1FYN,43,542,499,v021
S1FYN,352,525,173,v022
S1FYN,55,506,451,v031
S1FYN,50,290,240,v023
S1FYN,36,158,122,v018
S1FYN,28,153,125,v018
DLIAR,0,611,611,v024
BGX4T,223,384,161,v001
BGX4T,0,563,563,v008
BGX4T,0,563,563,v029
UGJSB,381,544,163,v001
UGJSB,9,516,507,v031
UGJSB,0,628,628,v008
UGJSB,487,657,170,v027
UGJSB,0,105,105,v012
HQ7WC,0,715,715,v026
HQ7WC,0,715,715,v026
SKLEN,115,360,245,v016
SKLEN,314,513,199,v026
SKLEN,115,506,391,v008
SKLEN,441,740,299,v016
SKLEN,225,573,348,v030
SKLEN,0,451,451,v006
SKLEN,0,602,602,v008
J7TT5,0,278,278,v005
J7TT5,0,278,278,v005
J7TT5,0,674,674,v008
J7TT5,0,674,674,v018
J7TT5,0,674,674,v008
J7TT5,391,532,141,v025
5LTLL,0,752,752,v018
5LTLL,24,165,141,v018
5LTLL,316,472,156,v016
5LTLL,316,472,156,v008
5LTLL,633,752,119,v016
5LTLL,408,752,344,v008
5LTLL,64,312,248,v019
5LTLL,252,412,160,v019
Z6U1X,31,439,408,v007
Z6U1X,0,273,273,v008
Z6U1X,292,499,207,v012
Z6U1X,537,696,159,v029
Z6U1X,381,504,123,v023
Z6U1X,146,285,139,v016
CNS9B,386,667,281,v023
CNS9B,12,247,235,v009
PP2FF,561,751,190,v031
PP2FF,0,148,148,v005
PP2FF,396,511,115,v022
PP2FF,0,494,494,v018
PP2FF,199,367,168,v016
PP2FF,0,451,451,v008
PP2FF,0,487,487,v008
PP2FF,0,751,751,v023
3SAO5,57,319,262,v008
3SAO5,537,736,199,v001
3SAO5,369,819,450,v018
3SAO5,280,655,375,v022
3SAO5,0,182,182,v018
3SAO5,583,789,206,v023
3SAO5,468,592,124,v012
3SAO5,21,424,403,v031
3SAO5,9,396,387,v012
3SAO5,0,124,124,v023
3SAO5,576,787,211,v008
EHCUE,0,626,626,v032
EHCUE,252,638,386,v018
EHCUE,0,655,655,v018
EHCUE,0,655,655,v014
ADCTG,0,223,223,v016
ADCTG,396,513,117,v007
ADCTG,400,763,363,v020
ADCTG,225,831,606,v008
ADCTG,0,336,336,v023
ADCTG,0,139,139,v012
BUXV4,360,765,405,v008
BUXV4,388,561,173,v019
BUXV4,28,194,166,v016
BUXV4,422,775,353,v014
BUXV4,741,856,115,v029
BUXV4,0,391,391,v008
BUXV4,0,175,175,v008
BUXV4,336,456,120,v023
0BH84,96,403,307,v024
0BH84,388,624,236,v028
0BH84,300,456,156,v016
0BH84,295,465,170,v016
0BH84,189,343,154,v029
1TWH6,24,144,120,v012
1TWH6,120,240,120,v023
1TWH6,432,723,291,v031
1TWH6,120,240,120,v023
1TWH6,132,723,591,v008
1TWH6,24,280,256,v008
IL0LY,0,470,470,v008
IL0LY,0,652,652,v018
IL0LY,388,592,204,v012
IL0LY,523,652,129,v001
IL0LY,0,506,506,v008
IL0LY,0,652,652,v018
PWO7A,139,316,177,v007
PWO7A,0,444,444,v008
PWO7A,285,459,174,v001
PWO7A,136,343,207,v012
PWO7A,148,393,245,v029
TF95Y,0,348,348,v002
TF95Y,163,350,187,v020
TF95Y,249,370,121,v012
TF95Y,24,144,120,v016
M0DAY,0,597,597,v008
M0DAY,0,597,597,v017
L9J5I,573,734,161,v022
L9J5I,0,84,84,v016
L9J5I,0,712,712,v018
L9J5I,7,268,261,v005
L9J5I,0,268,268,v016
L9J5I,220,400,180,v023
L9J5I,0,295,295,v008
L9J5I,278,628,350,v008
SQKE4,211,321,110,v023
SQKE4,0,228,228,v008
SQKE4,132,264,132,v022
SQKE4,156,271,115,v031
SQKE4,0,216,216,v018
SQKE4,232,556,324,v026
SQKE4,96,223,127,v016
SQKE4,232,556,324,v026
SQKE4,0,192,192,v031
KZW3K,367,631,264,v008
KZW3K,360,631,271,v023
KZW3K,33,424,391,v031
KZW3K,292,429,137,v016
KZW3K,302,427,125,v016
KZW3K,26,408,382,v008
5MRPU,571,871,300,v008
5MRPU,648,825,177,v013
5MRPU,384,556,172,v022
5MRPU,739,883,144,v016
5MRPU,537,703,166,v023
5MRPU,379,556,177,v018
5MRPU,566,871,305,v014
5MRPU,100,475,375,v021
5MRPU,57,511,454,v010
4KWJ4,0,738,738,v031
4KWJ4,0,738,738,v014
4KWJ4,0,738,738,v018
4KWJ4,0,738,738,v032
RTGML,103,268,165,v008
RTGML,50,180,130,v023
RTGML,96,280,184,v031
FZJTT,460,748,288,v008
FZJTT,26,285,259,v000
FZJTT,0,285,285,v021
FZJTT,168,518,350,v003
FZJTT,480,768,288,v014
FZJTT,0,768,768,v010
FZJTT,384,576,192,v023
FZJTT,0,194,194,v021
PZD7Z,388,665,277,v008
PZD7Z,0,400,400,v008
PZD7Z,2,168,166,v019
PZD7Z,0,117,117,v018
PZD7Z,0,170,170,v018
PZD7Z,36,194,158,v022
PZD7Z,108,665,557,v026
PZD7Z,355,542,187,v023
PZD7Z,228,422,194,v016
PZD7Z,0,297,297,v026
PZD7Z,266,444,178,v023
MVIKS,0,722,722,v031
VAAXH,105,703,598,v004
VAAXH,98,748,650,v008
VAAXH,595,748,153,v016
VAAXH,57,240,183,v023
VAAXH,592,748,156,v016
ZI3ED,196,740,544,v012
ZI3ED,76,232,156,v016
ZI3ED,0,132,132,v017
ZI3ED,0,240,240,v008
ZI3ED,0,93,93,v029
ZI3ED,129,252,123,v025
9OVST,0,153,153,v008
9OVST,57,199,142,v025
9OVST,146,256,110,v018
CMC93,38,321,283,v001
CMC93,602,816,214,v007
CMC93,307,760,453,v003
CMC93,900,1178,278,v022
CMC93,240,472,232,v016
CMC93,364,710,346,v023
CMC93,1125,1248,123,v012
CMC93,276,484,208,v018
CMC93,264,547,283,v018
CMC93,232,453,221,v003
CMC93,384,660,276,v003
CMC93,182,403,221,v028
QEZX9,4,748,744,v008
QEZX9,0,748,748,v014
QEZX9,264,386,122,v027
QEZX9,4,748,744,v031
891C5,0,725,725,v008
891C5,7,660,653,v030
7VMDP,0,647,647,v031
7VMDP,244,386,142,v016
7VMDP,199,379,180,v008
7VMDP,242,384,142,v016
7VMDP,0,647,647,v028
7VMDP,211,331,120,v016
7VMDP,223,338,115,v029
7VMDP,252,369,117,v016
YT43U,72,820,748,v026
YT43U,72,820,748,v016
YT43U,72,1168,1096,v026
BV53G,0,516,516,v012
BV53G,52,719,667,v023
BV53G,86,213,127,v022
BV53G,67,719,652,v008
DRIWX,0,906,906,v016
DRIWX,0,98,98,v023
DRIWX,52,189,137,v023
DRIWX,319,436,117,v023
DRIWX,0,906,906,v030
D7M6N,0,412,412,v016
D7M6N,0,122,122,v012
D7M6N,501,754,253,v020
D7M6N,350,525,175,v001
D7M6N,124,264,140,v025
D7M6N,264,439,175,v012
D7M6N,0,201,201,v023
D7M6N,0,108,108,v016
D7M6N,0,213,213,v016
D7M6N,189,307,118,v023
8VQBR,307,733,426,v008
8VQBR,0,733,733,v008
8VQBR,489,733,244,v016
LSY08,228,405,177,v029
LSY08,432,609,177,v016
LSY08,4,621,617,v008
LSY08,208,427,219,v012
LSY08,0,88,88,v023
OZCGO,55,172,117,v025
OZCGO,170,860,690,v009
OZCGO,86,860,774,v023
OZCGO,105,216,111,v016
OZCGO,576,796,220,v019
OZCGO,0,199,199,v025
V4C0P,26,177,151,v007
V4C0P,240,444,204,v025
V4C0P,362,741,379,v031
V4C0P,259,381,122,v026
RJ8WY,31,170,139,v027
RJ8WY,175,348,173,v016
RJ8WY,314,472,158,v004
RJ8WY,312,525,213,v008
RJ8WY,247,412,165,v023
TBCJA,405,556,151,v001
TBCJA,537,669,132,v007
TBCJA,480,607,127,v027
TBCJA,535,710,175,v001
C61BE,144,288,144,v008
C61BE,120,240,120,v023
C61BE,0,192,192,v005
C61BE,0,288,288,v008
C61BE,120,240,120,v026
C61BE,0,192,192,v005
C61BE,0,285,285,v008
C61BE,0,290,290,v008
LTJEO,0,196,196,v019
LTJEO,40,273,233,v023
LTJEO,456,742,286,v003
LTJEO,268,456,188,v023
LTJEO,0,300,300,v016
FQAQL,511,736,225,v026
FQAQL,0,338,338,v008
FQAQL,312,453,141,v008
FQAQL,288,736,448,v016
FQAQL,0,736,736,v026
I6PBQ,0,469,469,v031
I6PBQ,76,469,393,v024
I6PBQ,0,158,158,v020
3CA1X,468,755,287,v008
3CA1X,0,516,516,v008
3CA1X,0,508,508,v026
3CA1X,556,755,199,v005
3CA1X,0,504,504,v026
EAKL5,463,684,221,v016
EAKL5,216,552,336,v023
EAKL5,295,595,300,v016
EAKL5,213,643,430,v026
EAKL5,429,676,247,v008
EAKL5,28,235,207,v026
GBGI9,0,223,223,v008
GBGI9,129,625,496,v026
GBGI9,168,625,457,v030
GBGI9,393,625,232,v026
CAND1,0,542,542,v030
CAND1,664,914,250,v026
CAND1,170,573,403,v030
CAND1,645,914,269,v008
CAND1,0,914,914,v022
CAND1,0,230,230,v012
CAND1,650,914,264,v026
CAND1,650,914,264,v026
CAND1,57,254,197,v031
0MJHH,0,916,916,v008
0MJHH,0,916,916,v021
OJ6SX,364,751,387,v008
OJ6SX,324,751,427,v031
OJ6SX,343,751,408,v018
OJ6SX,0,386,386,v007
OJ6SX,67,422,355,v012
OJ6SX,326,751,425,v018
OJ6SX,232,480,248,v029
OJ6SX,376,499,123,v004
OJ6SX,376,751,375,v008
6LUM5,24,422,398,v008
6LUM5,43,240,197,v018
6LUM5,81,369,288,v031
6LUM5,343,722,379,v004
6LUM5,127,391,264,v022
6LUM5,201,345,144,v001
6LUM5,24,153,129,v012
6LUM5,24,211,187,v023
6LUM5,148,295,147,v014
6LUM5,100,362,262,v018
6LUM5,393,708,315,v008
6LUM5,259,465,206,v022
6LUM5,328,472,144,v023
4MGUQ,240,379,139,v031
4MGUQ,0,194,194,v030
4MGUQ,273,432,159,v004
4MGUQ,0,216,216,v018
4MGUQ,232,420,188,v016
4MGUQ,216,746,530,v022
4MGUQ,432,746,314,v019
4MGUQ,276,746,470,v008
4MGUQ,0,264,264,v008
4MGUQ,194,316,122,v023
4MGUQ,331,746,415,v009
FU7HP,0,556,556,v008
FU7HP,264,376,112,v001
FU7HP,0,93,93,v012
FU7HP,266,379,113,v001
FU7HP,67,259,192,v008
FU7HP,43,158,115,v023
FU7HP,364,492,128,v016
FU7HP,199,333,134,v016
JZB97,321,771,450,v031
JZB97,0,357,357,v008
JZB97,0,316,316,v026
JZB97,0,122,122,v023
JZB97,396,768,372,v014
JZB97,45,268,223,v016
JZB97,48,268,220,v025
JZB97,530,765,235,v009
JZB97,348,771,423,v018
JZB97,36,175,139,v016
JZB97,0,170,170,v008
JZB97,357,771,414,v018
L52DA,21,544,523,v030
L52DA,511,654,143,v008
L52DA,530,654,124,v008
L52DA,511,621,110,v023
L52DA,0,654,654,v008
ZSHV8,324,748,424,v016
ZSHV8,340,477,137,v008
ZSHV8,324,748,424,v023
ZSHV8,710,865,155,v029
ZSHV8,0,806,806,v026
ZSHV8,516,801,285,v016
ZSHV8,74,789,715,v026
P4AEF,74,703,629,v031
P4AEF,0,703,703,v021
P4AEF,0,703,703,v021
P4AEF,4,204,200,v000
P4AEF,0,703,703,v010
P4AEF,0,249,249,v000
P4AEF,177,348,171,v019
P4AEF,506,703,197,v009
YIM12,369,590,221,v012
YIM12,0,734,734,v008
YIM12,597,734,137,v019
YIM12,453,686,233,v029
2WN4P,0,736,736,v008
2WN4P,0,736,736,v021
2WN4P,0,736,736,v009
2WN4P,0,736,736,v008
2WN4P,0,736,736,v008
2WN4P,0,530,530,v019
7TJ60,0,740,740,v008
7TJ60,108,261,153,v025
6UZLM,0,739,739,v022
6UZLM,0,739,739,v031
6UZLM,0,158,158,v023
6UZLM,40,739,699,v016
6UZLM,0,739,739,v008
WTU0I,892,1137,245,v018
WTU0I,0,1094,1094,v008
WTU0I,984,1108,124,v016
WTU0I,0,84,84,v023
WTU0I,969,1152,183,v022
WTU0I,907,1123,216,v001
WTU0I,0,168,168,v012
WTU0I,451,868,417,v019
WTU0I,98,1116,1018,v031
WTU0I,0,1032,1032,v018
6TNP4,0,235,235,v012
6TNP4,0,1071,1071,v008
6TNP4,4,1071,1067,v016
6TNP4,96,1071,975,v023
6TNP4,69,1071,1002,v008
6TNP4,91,1071,980,v015
6TNP4,0,1071,1071,v018
J2J3Q,240,542,302,v020
J2J3Q,0,117,117,v008
J2J3Q,69,220,151,v008
J2J3Q,468,592,124,v029
CBPJF,290,804,514,v014
CBPJF,0,355,355,v014
CBPJF,235,403,168,v016
CBPJF,108,352,244,v019
CBPJF,0,386,386,v008
VAPVR,0,477,477,v026
VAPVR,376,729,353,v031
VAPVR,14,180,166,v026
VAPVR,0,110,110,v026
V8GK6,0,767,767,v010
V8GK6,0,767,767,v014
V8GK6,595,767,172,v027
V8GK6,0,767,767,v008
EMV0A,240,448,208,v018
EMV0A,0,132,132,v020
EMV0A,0,189,189,v002
EMV0A,211,417,206,v018
EMV0A,309,728,419,v018
3APWC,0,679,679,v032
3APWC,628,756,128,v025
3APWC,592,756,164,v008
3APWC,0,756,756,v018
0DAO5,415,676,261,v028
0DAO5,48,232,184,v012
0DAO5,72,314,242,v008
0DAO5,213,352,139,v016
0DAO5,348,501,153,v018
0DAO5,57,228,171,v007
0DAO5,160,333,173,v016
IGQJP,96,429,333,v018
IGQJP,91,208,117,v018
IGQJP,304,441,137,v022
IGQJP,559,984,425,v031
IGQJP,182,376,194,v032
IGQJP,79,216,137,v018
34OT4,590,794,204,v016
34OT4,0,429,429,v014
34OT4,388,739,351,v008
34OT4,0,770,770,v008
34OT4,388,729,341,v004
34OT4,0,784,784,v018
34OT4,0,899,899,v018
H7BTV,0,753,753,v031
H7BTV,0,753,753,v018
H7BTV,0,753,753,v031
H7BTV,0,753,753,v008
5AYUN,494,938,444,v022
5AYUN,621,897,276,v031
5AYUN,837,984,147,v017
57WV7,201,350,149,v018
57WV7,273,1027,754,v008
57WV7,218,357,139,v018
57WV7,888,1008,120,v022
57WV7,144,264,120,v018
57WV7,24,285,261,v007
57WV7,40,177,137,v012
57WV7,177,1027,850,v014
MA15X,393,600,207,v018
MA15X,55,1665,1610,v021
MA15X,420,1656,1236,v004
MA15X,1459,1672,213,v018
MA15X,540,1605,1065,v008
MA15X,206,439,233,v016
MA15X,523,1442,919,v016
MA15X,1346,1672,326,v022
MA15X,1576,1702,126,v025
MA15X,55,1536,1481,v008
MA15X,504,1137,633,v023
MA15X,436,1588,1152,v018
MA15X,122,1622,1500,v016
MA15X,45,235,190,v023
O6V4U,314,727,413,v016
O6V4U,0,348,348,v003
O6V4U,319,712,393,v008
O6V4U,576,720,144,v025
O6V4U,312,436,124,v023
Y4MW3,379,854,475,v014
Y4MW3,326,475,149,v023
Y4MW3,446,768,322,v004
Y4MW3,410,876,466,v008
Y4MW3,405,900,495,v023
Y4MW3,218,434,216,v031
Y4MW3,146,278,132,v008
Y4MW3,748,895,147,v016
Y4MW3,367,876,509,v008
Y4MW3,753,900,147,v016
FVPMC,24,640,616,v001
FVPMC,604,772,168,v005
FVPMC,0,352,352,v008
FVPMC,604,751,147,v005
FVPMC,616,741,125,v008
FVPMC,0,148,148,v012
FVPMC,624,847,223,v008
FVPMC,350,535,185,v016
FVPMC,604,847,243,v016
FVPMC,0,664,664,v012
FVPMC,588,847,259,v023
FVPMC,0,847,847,v022
FVPMC,456,669,213,v001
FVPMC,316,501,185,v026
FVPMC,595,724,129,v023
FVPMC,50,645,595,v026
FVPMC,640,847,207,v008
FVPMC,307,564,257,v016
1MU5L,256,643,387,v010
1MU5L,76,225,149,v012
1MU5L,218,345,127,v018
1MU5L,249,638,389,v021
1MU5L,542,672,130,v022
W9XJX,213,583,370,v008
W9XJX,103,235,132,v016
W9XJX,302,434,132,v020
W9XJX,103,235,132,v016
W9XJX,244,592,348,v023
Y2NAO,211,374,163,v006
Y2NAO,72,517,445,v008
Y2NAO,0,256,256,v010
Y2NAO,0,232,232,v000
Y2NAO,362,517,155,v013
Y2NAO,0,517,517,v018
Y2NAO,276,517,241,v014
B55HG,0,160,160,v018
B55HG,16,729,713,v018
B55HG,36,729,693,v031
B55HG,0,211,211,v023
B55HG,0,134,134,v022
B55HG,55,379,324,v019
B55HG,2,729,727,v008
B55HG,72,729,657,v010
B55HG,76,218,142,v012
TC96C,0,824,824,v008
TC96C,0,667,667,v014
TC96C,612,744,132,v029
TC96C,0,633,633,v018
TC96C,532,650,118,v022
X4DG4,12,260,248,v008
X4DG4,4,124,120,v022
X4DG4,45,259,214,v030
X4DG4,45,259,214,v030
X4DG4,168,260,92,v016
EN0CD,444,787,343,v016
EN0CD,0,367,367,v017
EN0CD,456,770,314,v028
EN0CD,480,609,129,v016
HEZBG,532,816,284,v002
HEZBG,290,612,322,v004
HEZBG,0,386,386,v005
HEZBG,0,379,379,v008
HEZBG,218,408,190,v005
HEZBG,0,403,403,v008
LYXGZ,0,106,106,v008
LYXGZ,14,106,92,v025
AGSN7,415,740,325,v016
AGSN7,424,740,316,v025
AGSN7,388,573,185,v012
AGSN7,388,573,185,v016
AGSN7,362,595,233,v008
AGSN7,376,511,135,v023
AGSN7,151,561,410,v008
AGSN7,136,285,149,v029
AGSN7,436,585,149,v016
C93UU,0,398,398,v009
V54TI,468,688,220,v012
V54TI,290,504,214,v021
V54TI,0,230,230,v008
V54TI,446,624,178,v007
V54TI,0,415,415,v010
V54TI,288,728,440,v008
V54TI,240,436,196,v023
V54TI,333,525,192,v022
V54TI,0,420,420,v031
V54TI,189,338,149,v016
V54TI,640,728,88,v029
NQT1S,0,528,528,v008
NQT1S,0,520,520,v032
NQT1S,0,726,726,v018
NQT1S,439,726,287,v020
NQT1S,0,528,528,v008
NQT1S,0,726,726,v018
VZY0C,48,216,168,v017
VZY0C,216,462,246,v008
VZY0C,0,144,144,v031
VZY0C,84,194,110,v029
VZY0C,213,355,142,v023
VZY0C,249,420,171,v012
RR7AR,62,249,187,v008
RR7AR,532,864,332,v031
RR7AR,297,528,231,v028
RR7AR,187,729,542,v013
RR7AR,48,168,120,v023
RR7AR,72,696,624,v014
RR7AR,720,840,120,v025
K63HG,0,564,564,v008
K63HG,468,691,223,v025
K63HG,0,743,743,v026
MHQYD,244,458,214,v031
MHQYD,199,504,305,v019
MHQYD,199,504,305,v009
0BZAD,180,309,129,v012
0BZAD,578,744,166,v023
0BZAD,628,744,116,v005
0BZAD,141,744,603,v018
0BZAD,465,744,279,v008
0BZAD,100,242,142,v018
0BZAD,465,744,279,v008
0BZAD,160,561,401,v008
0BZAD,204,480,276,v032
I5MMK,136,686,550,v018
I5MMK,115,235,120,v018
I5MMK,208,336,128,v029
IGDIE,0,439,439,v003
IGDIE,544,796,252,v031
8XL11,0,120,120,v025
8XL11,38,148,110,v020
8XL11,0,148,148,v008
0EGNU,0,326,326,v008
0EGNU,180,1088,908,v018
0EGNU,343,1088,745,v008
0EGNU,338,1088,750,v031
0EGNU,16,216,200,v016
0EGNU,218,499,281,v023
0EGNU,470,662,192,v012
0EGNU,158,331,173,v018
0EGNU,50,177,127,v029
0EGNU,261,396,135,v023
0EGNU,638,1088,450,v032
0EGNU,604,1088,484,v008
0EGNU,321,439,118,v001
CJ58B,374,499,125,v012
CJ58B,348,477,129,v023
CJ58B,554,733,179,v005
CJ58B,0,733,733,v018
CJ58B,0,424,424,v031
CJ58B,453,657,204,v016
CJ58B,321,590,269,v023
CJ58B,487,609,122,v025
CJ58B,417,733,316,v008
CJ58B,362,631,269,v008
CJ58B,480,619,139,v025
X9Q1A,288,444,156,v016
X9Q1A,50,206,156,v016
X9Q1A,237,477,240,v008
X9Q1A,0,100,100,v029
X9Q1A,81,300,219,v026
X9Q1A,182,326,144,v001
X9Q1A,235,345,110,v023
X9Q1A,0,72,72,v023
ATJEO,0,768,768,v003
ATJEO,0,343,343,v008
ATJEO,0,768,768,v008
ATJEO,0,768,768,v026
GWZMQ,595,842,247,v008
GWZMQ,566,739,173,v023
GWZMQ,386,544,158,v022
GWZMQ,609,842,233,v016
GWZMQ,0,590,590,v008
GWZMQ,7,432,425,v004
GWZMQ,420,573,153,v016
GWZMQ,0,494,494,v018
B8PQL,19,139,120,v016
B8PQL,16,141,125,v016
B8PQL,103,249,146,v008
B8PQL,12,139,127,v016
B8PQL,290,499,209,v020
B8PQL,86,199,113,v001
B8PQL,175,290,115,v026
B8PQL,7,196,189,v026
B8PQL,50,165,115,v025
B8PQL,132,242,110,v023
B8PQL,0,88,88,v029
B8PQL,165,391,226,v030
B8PQL,0,134,134,v008
8WZRF,244,405,161,v027
8WZRF,88,249,161,v027
8WZRF,540,684,144,v016
8WZRF,144,278,134,v020
8WZRF,549,787,238,v023
8WZRF,0,136,136,v016
8WZRF,592,739,147,v004
8WZRF,494,796,302,v008
8WZRF,484,787,303,v016
8WZRF,225,453,228,v019
8K380,405,739,334,v008
8K380,0,480,480,v008
8K380,403,739,336,v020
8K380,0,472,472,v014
8K380,0,468,468,v022
1G9R7,0,496,496,v018
1G9R7,372,807,435,v026
1G9R7,0,172,172,v018
1G9R7,686,807,121,v022
1G9R7,64,302,238,v015
1G9R7,278,384,106,v004
1G9R7,0,516,516,v008
1G9R7,0,456,456,v016
1G9R7,384,804,420,v026
63GDX,228,439,211,v012
63GDX,0,703,703,v008
63GDX,607,710,103,v016
63GDX,674,755,81,v029
63GDX,360,477,117,v001
5IW8A,194,460,266,v016
5IW8A,360,769,409,v018
5IW8A,453,769,316,v004
5IW8A,386,540,154,v018
5IW8A,60,259,199,v026
MXBFE,0,751,751,v008
MXBFE,43,328,285,v031
XDJCC,0,759,759,v031
XDJCC,0,206,206,v019
XDJCC,0,759,759,v018
XDJCC,0,759,759,v018
2JP64,561,734,173,v032
2JP64,338,525,187,v005
2JP64,345,525,180,v005
2JP64,98,734,636,v016
2JP64,264,525,261,v023
2JP64,50,734,684,v032
2JP64,264,525,261,v016
2JP64,0,734,734,v018
2JP64,0,153,153,v021
2JP64,285,463,178,v008
2JP64,300,525,225,v008
2JP64,264,499,235,v023
2JP64,91,734,643,v008
2JP64,120,304,184,v023
2JP64,0,734,734,v018
2JP64,271,451,180,v008
1WJ6O,7,300,293,v022
1WJ6O,158,427,269,v031
1WJ6O,412,693,281,v018
1WJ6O,139,559,420,v001
1WJ6O,302,448,146,v008
1WJ6O,475,751,276,v029
1WJ6O,297,679,382,v016
1WJ6O,324,535,211,v018
1WJ6O,312,520,208,v022
1WJ6O,0,180,180,v012
1WJ6O,403,705,302,v023
1WJ6O,338,660,322,v018
1WJ6O,57,247,190,v016
1WJ6O,139,388,249,v017
1WJ6O,57,232,175,v008
1WJ6O,206,751,545,v008
1WJ6O,72,751,679,v008
1WJ6O,136,242,106,v025
7VP2U,40,259,219,v001
7VP2U,201,427,226,v031
7VP2U,43,427,384,v005
7VP2U,0,427,427,v008
7VP2U,0,357,357,v008
7VP2U,0,427,427,v023
7VP2U,194,350,156,v016
7VP2U,0,204,204,v031
7VP2U,0,427,427,v018
7VP2U,0,427,427,v008
7VP2U,127,374,247,v016
27SS2,0,343,343,v010
27SS2,592,728,136,v031
27SS2,468,626,158,v022
27SS2,268,525,257,v008
27SS2,0,631,631,v018
27SS2,254,415,161,v023
27SS2,374,525,151,v016
27SS2,297,463,166,v004
EUV3V,0,742,742,v008
EUV3V,0,410,410,v008
EUV3V,292,468,176,v016
LYDEA,266,434,168,v008
LYDEA,336,477,141,v026
LYDEA,199,372,173,v016
LYDEA,331,568,237,v016
LYDEA,184,374,190,v012
LYDEA,163,331,168,v008
LYDEA,388,564,176,v023
LYDEA,388,564,176,v016
0SK6H,0,757,757,v021
0SK6H,0,757,757,v004
0SK6H,0,757,757,v031
0SK6H,0,757,757,v008
0SK6H,0,757,757,v014
0SK6H,0,757,757,v018
IGVLE,595,760,165,v008
IGVLE,612,760,148,v014
IGVLE,278,650,372,v028
IGVLE,645,760,115,v013
IGVLE,573,698,125,v016
IGVLE,439,573,134,v016
IGVLE,667,760,93,v019
IGVLE,672,760,88,v023
F2NAW,405,523,118,v027
F2NAW,417,640,223,v001
F2NAW,424,600,176,v029
F2NAW,0,283,283,v003
F2NAW,511,655,144,v007
Z6LYG,871,995,124,v001
Z6LYG,160,650,490,v005
Z6LYG,259,744,485,v023
Z6LYG,45,196,151,v012
Z6LYG,732,979,247,v016
5QUSB,93,748,655,v018
5QUSB,0,748,748,v008
5QUSB,184,748,564,v019
5QUSB,144,748,604,v019
5QUSB,0,748,748,v008
5QUSB,0,74,74,v012
5QUSB,0,748,748,v031
5QUSB,31,220,189,v018
5QUSB,535,662,127,v031
5QUSB,300,429,129,v001
5QUSB,79,213,134,v026
M5XFI,0,894,894,v008
M5XFI,0,894,894,v018
M5XFI,444,588,144,v009
M5XFI,153,777,624,v019
M5XFI,0,894,894,v031
OHQOO,40,244,204,v031
OHQOO,163,292,129,v008
OHQOO,386,530,144,v009
OHQOO,386,530,144,v019
OHQOO,249,439,190,v008
OHQOO,242,400,158,v023
FIA2R,429,612,183,v012
FIA2R,0,172,172,v016
FIA2R,79,307,228,v016
FIA2R,424,728,304,v023
FIA2R,0,506,506,v008
6ZKZS,33,194,161,v004
6ZKZS,0,606,606,v018
6ZKZS,252,489,237,v005
6ZKZS,0,132,132,v015
6ZKZS,468,606,138,v020
6ZKZS,134,523,389,v008
A0PVR,12,259,247,v001
A0PVR,0,487,487,v031
NHSAW,0,182,182,v008
NHSAW,252,379,127,v022
NHSAW,189,328,139,v018
NHSAW,446,519,73,v001
NHSAW,19,153,134,v012
NHSAW,16,146,130,v029
NHSAW,386,506,120,v007
NHSAW,189,360,171,v018
B5UXP,0,1273,1273,v008
B5UXP,0,660,660,v016
B5UXP,0,645,645,v023
B5UXP,0,1273,1273,v008
B5UXP,0,1273,1273,v005
4JW8U,156,302,146,v007
4JW8U,0,739,739,v008
4JW8U,156,302,146,v012
4JW8U,518,739,221,v016
4JW8U,518,739,221,v016
UWPIZ,0,124,124,v012
UWPIZ,264,427,163,v016
UWPIZ,0,743,743,v019
UWPIZ,249,369,120,v001
UWPIZ,0,743,743,v008
UWPIZ,252,427,175,v016
UWPIZ,0,117,117,v023
UWPIZ,427,674,247,v019
UWPIZ,74,355,281,v009
UWPIZ,28,403,375,v031
3XDQC,0,362,362,v008
3XDQC,0,410,410,v023
3XDQC,0,103,103,v019
924QD,0,722,722,v008
924QD,511,722,211,v008
924QD,43,160,117,v008
924QD,446,571,125,v014
924QD,501,636,135,v017
IF7KE,0,517,517,v008
IF7KE,14,396,382,v008
IF7KE,280,417,137,v016
IF7KE,264,451,187,v005
FMZ4A,340,735,395,v003
FMZ4A,216,735,519,v008
FMZ4A,403,735,332,v026
FMZ4A,216,735,519,v023
CEKMS,19,218,199,v007
CEKMS,0,288,288,v023
CEKMS,220,401,181,v008
CEKMS,134,261,127,v029
CEKMS,0,288,288,v008
KMZHU,362,526,164,v008
KMZHU,0,429,429,v018
KMZHU,86,264,178,v015
KMZHU,312,470,158,v022
KMZHU,0,412,412,v032
GQZOR,242,352,110,v016
GQZOR,0,290,290,v032
GQZOR,213,726,513,v008
GQZOR,0,693,693,v018
GQZOR,0,624,624,v018
GQZOR,192,432,240,v005
GQZOR,340,616,276,v004
GQZOR,604,726,122,v022
GQZOR,228,520,292,v005
MAPVV,4,249,245,v008
MAPVV,100,417,317,v010
MAPVV,412,732,320,v016
MAPVV,0,139,139,v016
MAPVV,0,74,74,v023
MAPVV,36,165,129,v016
MAPVV,712,761,49,v010
MAPVV,712,761,49,v018
MAPVV,0,163,163,v008
1G90H,0,744,744,v010
1G90H,194,513,319,v008
1G90H,120,252,132,v023
1G90H,112,266,154,v023
FR4K2,314,532,218,v030
FR4K2,528,760,232,v008
FR4K2,0,208,208,v026
FR4K2,184,340,156,v001
FR4K2,0,338,338,v016
FR4K2,561,722,161,v012
FR4K2,108,295,187,v016
FR4K2,0,105,105,v031
Y2TNP,0,731,731,v008
Y2TNP,72,194,122,v018
Y2TNP,105,731,626,v018
Y2TNP,7,146,139,v027
Y2TNP,218,731,513,v032
Y2TNP,0,731,731,v008
Y2TNP,223,573,350,v031
41GXC,0,244,244,v004
41GXC,180,295,115,v016
41GXC,268,381,113,v016
41GXC,369,525,156,v022
41GXC,0,336,336,v008
41GXC,472,664,192,v012
41GXC,0,487,487,v018
41GXC,458,679,221,v012
41GXC,597,738,141,v008
41GXC,532,738,206,v023
41GXC,0,484,484,v018
41GXC,0,273,273,v023
8DSGI,261,753,492,v008
8DSGI,216,393,177,v023
8DSGI,57,240,183,v029
8DSGI,367,753,386,v018
8DSGI,230,391,161,v016
8DSGI,321,480,159,v012
8DSGI,321,753,432,v031
8DSGI,328,472,144,v018
8DSGI,31,266,235,v008
8DSGI,381,753,372,v001
8DSGI,139,261,122,v025
2ZBL5,0,712,712,v018
2ZBL5,511,712,201,v014
2ZBL5,499,614,115,v023
2ZBL5,0,712,712,v018
2ZBL5,0,513,513,v004
2ZBL5,499,712,213,v008
LAJ9K,21,216,195,v029
LAJ9K,19,451,432,v008
PQUF6,0,69,69,v008
PQUF6,64,177,113,v016
PQUF6,0,72,72,v023
PQUF6,348,458,110,v012
PQUF6,333,551,218,v031
PQUF6,100,336,236,v030
PQUF6,2,345,343,v030
SVPZT,0,91,91,v008
SVPZT,0,110,110,v028
SVPZT,621,1099,478,v022
SVPZT,1058,1387,329,v016
SVPZT,0,69,69,v018
SVPZT,410,626,216,v028
SVPZT,1135,1288,153,v016
SVPZT,501,710,209,v023
SVPZT,1003,1176,173,v023
SVPZT,1080,1197,117,v023
SVPZT,1142,1296,154,v016
SVPZT,7,237,230,v018
VDUO1,0,441,441,v011
VDUO1,532,854,322,v030
VDUO1,506,854,348,v008
VDUO1,0,453,453,v008
VDUO1,331,458,127,v016
VDUO1,499,624,125,v023
Y49WR,369,552,183,v013
Y49WR,105,571,466,v031
Y49WR,93,343,250,v003
Y49WR,96,268,172,v008
8Z5SJ,100,451,351,v001
8Z5SJ,189,506,317,v008
8Z5SJ,288,636,348,v016
8Z5SJ,153,456,303,v025
8Z5SJ,208,614,406,v028
8Z5SJ,50,160,110,v029
DUNVR,602,744,142,v001
DUNVR,0,744,744,v008
DUNVR,0,744,744,v008
DUNVR,0,676,676,v019
DUNVR,648,744,96,v017
DUNVR,0,744,744,v008
DUNVR,0,744,744,v009
7L3DI,0,273,273,v018
7L3DI,208,448,240,v006
7L3DI,369,657,288,v018
7L3DI,184,458,274,v018
7L3DI,0,295,295,v019
7L3DI,115,237,122,v009
7L3DI,168,468,300,v022
FGEJI,0,735,735,v008
FGEJI,139,400,261,v017
FGEJI,278,530,252,v008
FGEJI,386,532,146,v008
FGEJI,633,735,102,v004
68QO4,388,525,137,v023
68QO4,367,552,185,v023
68QO4,268,405,137,v001
68QO4,470,734,264,v005
68QO4,427,612,185,v005
68QO4,340,489,149,v016
68QO4,0,412,412,v008
68QO4,0,734,734,v018
68QO4,396,734,338,v008
68QO4,0,468,468,v031
68QO4,338,482,144,v016
JXKPA,0,295,295,v008
JXKPA,338,573,235,v015
JXKPA,0,618,618,v008
78SO8,33,242,209,v012
78SO8,146,285,139,v015
78SO8,412,597,185,v012
78SO8,477,604,127,v001
Y2DK5,0,379,379,v008
Y2DK5,410,621,211,v012
Y2DK5,506,676,170,v020
Y2DK5,288,686,398,v008
Y2DK5,374,698,324,v016
Y2DK5,266,698,432,v008
Y2DK5,0,376,376,v008
Y2DK5,230,405,175,v016
Y132T,211,641,430,v008
Y132T,98,316,218,v023
Y132T,108,307,199,v012
Y132T,199,364,165,v016
Y132T,60,417,357,v023
Y132T,0,345,345,v008
Y132T,60,350,290,v001
0QES3,74,355,281,v003
0QES3,316,484,168,v001
0QES3,0,129,129,v008
0QES3,4,134,130,v016
0QES3,324,482,158,v012
0QES3,2,134,132,v016
0QES3,0,129,129,v016
0QES3,309,520,211,v029
0QES3,48,355,307,v003
RSTVT,2,177,175,v017
RSTVT,127,244,117,v016
RSTVT,0,189,189,v005
RSTVT,415,520,105,v023
RSTVT,0,244,244,v008
MPX3X,0,446,446,v008
MPX3X,264,590,326,v015
MPX3X,600,723,123,v027
MPX3X,0,352,352,v005
MPX3X,0,360,360,v005
MPX3X,0,723,723,v022
3P8NL,0,74,74,v018
3P8NL,0,184,184,v012
3P8NL,177,513,336,v016
3P8NL,0,81,81,v018
3P8NL,0,247,247,v023
J2DBI,0,622,622,v008
J2DBI,276,622,346,v008
J2DBI,302,456,154,v012
J2DBI,424,622,198,v019
J2DBI,208,379,171,v023
J2DBI,420,622,202,v019
J2DBI,0,112,112,v021
J2DBI,0,622,622,v008
J2DBI,208,622,414,v031
5AE54,127,278,151,v008
5AE54,410,672,262,v026
5AE54,187,362,175,v025
5AE54,201,398,197,v010
5AE54,52,256,204,v023
5AE54,0,204,204,v017
5AE54,242,444,202,v023
5AE54,362,741,379,v030
5AE54,112,302,190,v018
5AE54,153,288,135,v016
5AE54,139,324,185,v029
5AE54,199,324,125,v018
5AE54,336,484,148,v030
5AE54,650,741,91,v016
ZYZWX,108,307,199,v008
ZYZWX,470,708,238,v016
ZYZWX,0,88,88,v012
ZYZWX,127,731,604,v026
ZYZWX,268,731,463,v008
ZYZWX,252,376,124,v016
R5O64,0,189,189,v008
R5O64,472,663,191,v005
R5O64,0,663,663,v008
R5O64,0,528,528,v016
R5O64,0,663,663,v008
R5O64,544,663,119,v005
R5O64,0,528,528,v016
R5O64,0,663,663,v008
R5O64,28,153,125,v016
R5O64,153,283,130,v016
G2NY6,0,369,369,v026
G2NY6,0,369,369,v008
G2NY6,0,369,369,v030
KN0TK,16,182,166,v012
KN0TK,0,722,722,v018
KN0TK,14,151,137,v007
970NN,280,559,279,v031
970NN,463,719,256,v031
970NN,460,585,125,v022
970NN,0,530,530,v018
970NN,0,127,127,v005
970NN,0,537,537,v008
970NN,43,470,427,v005
970NN,0,578,578,v018
970NN,0,530,530,v008
970NN,0,458,458,v008
970NN,124,559,435,v031
38TA9,0,444,444,v008
38TA9,151,451,300,v016
38TA9,0,76,76,v007
38TA9,0,115,115,v012
38TA9,0,100,100,v012
38TA9,48,429,381,v025
38TA9,48,429,381,v016
1FA5M,345,744,399,v031
1FA5M,0,744,744,v018
1FA5M,0,386,386,v004
1FA5M,345,744,399,v008
1FA5M,0,453,453,v008
1FA5M,331,456,125,v016
RRNDQ,0,100,100,v018
RRNDQ,340,456,116,v022
RRNDQ,0,122,122,v008
RRNDQ,372,765,393,v030
RRNDQ,117,345,228,v004
RRNDQ,456,727,271,v016
RRNDQ,0,136,136,v018
RRNDQ,0,345,345,v008
P76D1,0,400,400,v018
P76D1,304,460,156,v022
P76D1,326,482,156,v008
P76D1,0,386,386,v008
P76D1,0,468,468,v016
P76D1,0,472,472,v002
P76D1,312,489,177,v016
PU53O,0,74,74,v008
PU53O,0,103,103,v025
PU53O,439,727,288,v026
PU53O,88,232,144,v026
0CG15,619,795,176,v001
0CG15,24,314,290,v008
0CG15,266,652,386,v003
0CG15,547,712,165,v012
0CG15,218,343,125,v020
0CG15,472,597,125,v016
0CG15,110,386,276,v026
0CG15,266,640,374,v023
XKJAD,362,648,286,v032
XKJAD,0,139,139,v023
XKJAD,184,300,116,v016
XKJAD,283,420,137,v018
XKJAD,312,434,122,v016
XKJAD,276,420,144,v018
XKJAD,324,429,105,v008
XKJAD,0,184,184,v008
XKJAD,38,242,204,v023
XKJAD,192,360,168,v008
XKJAD,319,648,329,v018
XKJAD,204,352,148,v030
XKJAD,192,362,170,v023
XKJAD,192,362,170,v026
XKJAD,192,362,170,v016
XKJAD,0,360,360,v026
XKJAD,324,484,160,v023
5BTFZ,420,754,334,v031
5BTFZ,415,736,321,v020
5BTFZ,0,482,482,v019
5BTFZ,0,530,530,v009
5BTFZ,69,672,603,v018
5BTFZ,0,482,482,v021
5BTFZ,0,482,482,v018
CQPZU,326,739,413,v008
CQPZU,268,739,471,v023
CQPZU,374,492,118,v007
CQPZU,432,576,144,v017
CQPZU,285,506,221,v012
CQPZU,211,739,528,v023
CQPZU,192,739,547,v008
CQPZU,381,655,274,v029
5X039,0,738,738,v008
5X039,0,184,184,v023
5X039,0,738,738,v021
5X039,220,738,518,v019
5X039,0,738,738,v018
5X039,0,738,738,v008
5X039,0,738,738,v008
5X039,0,738,738,v008
49QXY,0,312,312,v008
49QXY,0,280,280,v019
49QXY,0,304,304,v031
49QXY,0,276,276,v019
49QXY,252,724,472,v028
49QXY,379,580,201,v025
49QXY,616,799,183,v016
49QXY,456,576,120,v016
49QXY,628,800,172,v023
0UBYY,0,756,756,v008
0UBYY,38,739,701,v031
0UBYY,420,768,348,v008
0UBYY,412,763,351,v024
NALYZ,631,807,176,v026
NALYZ,602,807,205,v018
NALYZ,0,408,408,v031
NALYZ,631,775,144,v012
NALYZ,432,628,196,v004
NALYZ,578,693,115,v022
NALYZ,0,674,674,v018
NALYZ,0,674,674,v018
NALYZ,0,374,374,v008
NALYZ,264,427,163,v001
NALYZ,117,283,166,v016
NALYZ,88,278,190,v023
RX6R8,0,735,735,v008
RX6R8,0,735,735,v014
RX6R8,0,735,735,v018
TSKZL,199,312,113,v008
TSKZL,141,290,149,v023
TSKZL,249,381,132,v012
TSKZL,324,501,177,v001
TSKZL,148,506,358,v016
TSKZL,338,484,146,v001
TSKZL,256,424,168,v012
QJH8I,0,876,876,v018
QJH8I,360,924,564,v004
QJH8I,0,400,400,v006
QJH8I,321,432,111,v023
QJH8I,818,926,108,v022
QJH8I,331,926,595,v008
UTLNI,14,242,228,v008
UTLNI,36,194,158,v002
UTLNI,213,506,293,v012
UTLNI,218,405,187,v012
UTLNI,0,129,129,v014
UTLNI,240,544,304,v001
UTLNI,9,297,288,v016
UTLNI,213,340,127,v016
WOWVL,4,714,710,v008
WOWVL,4,714,710,v031
WOWVL,172,714,542,v013
WOWVL,201,714,513,v008
WMPWW,0,773,773,v018
WMPWW,0,477,477,v008
WMPWW,0,480,480,v031
WMPWW,0,773,773,v020
WMPWW,0,91,91,v018
WMPWW,643,773,130,v022
WMPWW,24,410,386,v001
NDX21,504,636,132,v012
NDX21,206,803,597,v032
NDX21,0,261,261,v000
NDX21,0,803,803,v018
NDX21,439,803,364,v032
NDX21,235,518,283,v008
NDX21,0,803,803,v018
NDX21,0,552,552,v008
NDX21,444,552,108,v016
XG839,564,1145,581,v008
XG839,21,650,629,v023
XG839,600,1145,545,v004
XG839,765,1145,380,v019
XG839,266,424,158,v023
XG839,432,573,141,v016
XG839,415,660,245,v001
XG839,261,408,147,v012
XG839,2,213,211,v023
8UUUR,0,268,268,v008
8UUUR,0,324,324,v016
8UUUR,0,324,324,v016
8UUUR,0,153,153,v029
8UUUR,0,237,237,v018
IZCB0,52,292,240,v001
IZCB0,7,321,314,v012
IZCB0,285,701,416,v031
IZCB0,264,701,437,v016
IZCB0,12,345,333,v012
IZCB0,0,343,343,v001
K4XO7,204,568,364,v031
K4XO7,0,237,237,v010
K4XO7,309,741,432,v000
K4XO7,429,667,238,v022
K4XO7,945,992,47,v029
K4XO7,945,992,47,v008
K4XO7,945,992,47,v021
K4XO7,662,931,269,v029
K4XO7,434,624,190,v008
K4XO7,0,530,530,v021
GL38X,0,180,180,v020
GL38X,216,475,259,v031
GL38X,0,100,100,v029
651VO,578,735,157,v018
651VO,2,552,550,v016
651VO,0,511,511,v023
FCDXN,547,752,205,v029
FCDXN,0,386,386,v018
FCDXN,312,451,139,v016
FCDXN,252,400,148,v022
FCDXN,0,338,338,v028
L7JYQ,220,393,173,v028
L7JYQ,242,381,139,v025
L7JYQ,16,409,393,v017
L7JYQ,220,393,173,v023
L7JYQ,19,409,390,v008
L7JYQ,319,409,90,v029
29C6X,0,415,415,v025
29C6X,316,519,203,v016
29C6X,345,519,174,v025
29C6X,0,410,410,v028
29C6X,326,519,193,v025
29C6X,19,396,377,v028
29C6X,391,519,128,v025
QMWTF,0,752,752,v008
JIDHM,0,396,396,v031
JIDHM,0,801,801,v002
JIDHM,393,628,235,v019
Q435I,0,723,723,v008
Q435I,0,723,723,v008
Q435I,0,723,723,v010
Q435I,0,723,723,v031
Q435I,0,723,723,v021
Q435I,0,723,723,v014
RSJ0T,0,724,724,v008
RSJ0T,0,724,724,v016
RSJ0T,0,724,724,v026
RSJ0T,0,724,724,v026
HMSM8,343,595,252,v012
HMSM8,0,686,686,v008
HMSM8,0,636,636,v008
HMSM8,0,432,432,v008
IOMVF,434,585,151,v031
IOMVF,0,206,206,v010
IOMVF,144,300,156,v022
IOMVF,0,232,232,v010
IOMVF,64,240,176,v000
PWC0F,0,204,204,v000
PWC0F,0,204,204,v000
PWC0F,134,280,146,v017
PWC0F,199,635,436,v008
A2JV3,141,376,235,v016
A2JV3,0,266,266,v008
A2JV3,146,319,173,v016
A2JV3,247,475,228,v003
A2JV3,360,731,371,v008
A2JV3,602,731,129,v029
A2JV3,398,494,96,v001
A2JV3,384,487,103,v012
A2JV3,360,460,100,v023
C0GSN,242,513,271,v019
C0GSN,302,432,130,v031
C0GSN,0,746,746,v008
NPM0Z,266,580,314,v031
NPM0Z,400,537,137,v016
NPM0Z,283,496,213,v008
12N1H,0,804,804,v008
12N1H,0,804,804,v020
9KGOL,403,758,355,v004
9KGOL,403,592,189,v023
9KGOL,273,475,202,v016
9KGOL,0,480,480,v005
9KGOL,451,758,307,v008
9KGOL,0,422,422,v008
9KGOL,0,427,427,v005
KG2LF,314,444,130,v025
KG2LF,324,460,136,v025
KG2LF,0,319,319,v028
KG2LF,0,204,204,v029
KG2LF,566,693,127,v027
1L376,211,355,144,v003
1L376,468,645,177,v005
1L376,432,645,213,v008
1L376,429,645,216,v023
1L376,338,564,226,v015
ZS7X6,108,340,232,v008
ZS7X6,175,304,129,v023
ZS7X6,256,393,137,v031
ZS7X6,300,508,208,v030
ZS7X6,129,264,135,v012
ZS7X6,204,693,489,v008
ZS7X6,460,676,216,v019
ZS7X6,218,360,142,v025
ZS7X6,74,237,163,v023
ZS7X6,144,381,237,v023
ZS7X6,696,743,47,v019
ZS7X6,691,743,52,v023
ZS7X6,696,743,47,v023
4EM25,0,76,76,v008
4EM25,0,81,81,v014
4EM25,144,264,120,v008
4EM25,153,266,113,v025
4EM25,0,105,105,v019
4EM25,148,304,156,v023
Q3M8J,561,722,161,v018
Q3M8J,81,225,144,v012
Q3M8J,124,348,224,v016
Q3M8J,0,242,242,v008
Q3M8J,160,348,188,v023
Q3M8J,561,722,161,v018
Q3M8J,88,211,123,v016
Q3M8J,57,184,127,v016
Q3M8J,0,722,722,v016
Q3M8J,0,103,103,v023
Q3M8J,0,722,722,v008
Q3M8J,554,722,168,v005
Q3M8J,0,168,168,v008
WULQ2,588,684,96,v012
WULQ2,0,604,604,v003
WULQ2,0,600,600,v018
WULQ2,504,628,124,v022
WULQ2,616,684,68,v029
WULQ2,592,684,92,v007
ACJBD,693,835,142,v016
ACJBD,688,844,156,v016
ACJBD,292,568,276,v003
ACJBD,739,868,129,v016
ACJBD,768,880,112,v026
ACJBD,328,458,130,v023
G4AJK,64,1003,939,v018
G4AJK,247,981,734,v005
G4AJK,907,1015,108,v022
G4AJK,33,165,132,v018
G4AJK,844,976,132,v016
G4AJK,216,916,700,v005
G4AJK,88,967,879,v008
G4AJK,98,976,878,v023
G4AJK,0,67,67,v014
G4AJK,84,976,892,v008
G4AJK,84,976,892,v023
DT02O,0,120,120,v002
DT02O,0,100,100,v005
1E7VU,50,748,698,v008
1E7VU,84,196,112,v008
1E7VU,420,748,328,v020
1E7VU,40,448,408,v012
1E7VU,74,444,370,v016
1E7VU,288,444,156,v001
1E7VU,64,396,332,v023
EQ36U,230,627,397,v014
EQ36U,0,312,312,v025
EQ36U,278,627,349,v008
BVHA7,0,751,751,v008
BVHA7,489,751,262,v023
BVHA7,182,408,226,v029
BVHA7,0,360,360,v019
BVHA7,0,751,751,v026
BVHA7,252,751,499,v008
555RO,333,508,175,v001
555RO,424,732,308,v006
555RO,110,307,197,v016
555RO,64,187,123,v023
555RO,223,429,206,v018
555RO,160,285,125,v025
555RO,0,117,117,v029
555RO,333,528,195,v007
555RO,237,732,495,v018
555RO,146,340,194,v016
3TUUI,525,820,295,v008
3TUUI,530,820,290,v003
3TUUI,429,576,147,v022
3TUUI,405,535,130,v016
3TUUI,88,343,255,v018
3TUUI,280,496,216,v018
3TUUI,504,804,300,v003
N0KQ7,477,622,145,v003
N0KQ7,321,458,137,v023
N0KQ7,422,622,200,v018
N0KQ7,396,520,124,v018
N0KQ7,424,622,198,v018
N0KQ7,175,439,264,v026
30JQT,664,855,191,v015
30JQT,0,855,855,v018
30JQT,0,662,662,v031
BPH56,482,698,216,v027
BPH56,636,900,264,v030
BPH56,0,928,928,v008
BPH56,0,321,321,v009
BPH56,424,559,135,v029
BPH56,0,163,163,v023
BPH56,0,316,316,v019
38TF8,0,757,757,v004
38TF8,2,482,480,v003
38TF8,0,757,757,v005
38TF8,0,757,757,v008
38TF8,396,592,196,v026
38TF8,0,757,757,v018
38TF8,0,204,204,v016
38TF8,0,204,204,v008
38TF8,494,645,151,v023
EG1XK,333,530,197,v004
EG1XK,693,811,118,v001
EG1XK,568,789,221,v012
EG1XK,12,811,799,v008
EG1XK,652,811,159,v029
EG1XK,69,393,324,v015
R9F8L,324,489,165,v016
R9F8L,88,420,332,v008
R9F8L,187,420,233,v008
R9F8L,324,460,136,v018
R9F8L,364,1538,1174,v014
R9F8L,364,1852,1488,v018
R9F8L,364,1862,1498,v032
R9F8L,364,1862,1498,v018
X898O,561,743,182,v031
X898O,427,597,170,v016
X898O,0,686,686,v026
X898O,163,304,141,v016
RQVJK,379,684,305,v004
RQVJK,0,199,199,v020
RQVJK,110,735,625,v022
RQVJK,0,199,199,v018
RQVJK,153,669,516,v005
573OJ,0,741,741,v021
573OJ,0,741,741,v018
573OJ,218,362,144,v023
573OJ,638,741,103,v027
573OJ,319,619,300,v004
573OJ,0,410,410,v031
573OJ,0,741,741,v008
BHP7U,0,165,165,v004
BHP7U,0,613,613,v002
TF9NQ,0,324,324,v026
TF9NQ,0,324,324,v026
TF9NQ,249,386,137,v023
TF9NQ,280,648,368,v008
TF9NQ,348,648,300,v015
EOELV,295,633,338,v012
EOELV,0,314,314,v000
EOELV,110,297,187,v022
EOELV,535,657,122,v023
EOELV,0,285,285,v000
R3ZN9,237,376,139,v016
R3ZN9,43,189,146,v018
R3ZN9,105,324,219,v020
R3ZN9,636,763,127,v022
R3ZN9,81,739,658,v018
R3ZN9,343,456,113,v023
R3ZN9,237,364,127,v016
R3ZN9,81,321,240,v031
R3ZN9,360,458,98,v016
R3ZN9,81,763,682,v018
R3ZN9,50,379,329,v008
R3ZN9,355,724,369,v032
R3ZN9,328,720,392,v008
X4YHQ,700,1358,658,v026
X4YHQ,223,436,213,v018
X4YHQ,542,700,158,v022
X4YHQ,1000,1116,116,v001
X4YHQ,43,345,302,v008
X4YHQ,708,1005,297,v026
X4YHQ,950,1089,139,v016
X4YHQ,249,693,444,v018
MC25U,285,547,262,v012
MC25U,475,600,125,v017
F7OOB,456,655,199,v023
F7OOB,624,759,135,v023
F7OOB,506,759,253,v031
F7OOB,624,759,135,v013
F7OOB,417,759,342,v016
F7OOB,448,759,311,v008
LFPLP,379,544,165,v001
LFPLP,0,170,170,v002
LFPLP,235,388,153,v012
T8A9E,0,742,742,v021
T8A9E,0,742,742,v010
T8A9E,0,163,163,v008
T8A9E,0,742,742,v005
T8A9E,549,715,166,v019
S2GDP,0,703,703,v014
S2GDP,583,799,216,v008
S2GDP,583,799,216,v024
S2GDP,0,700,700,v018
S2GDP,0,688,688,v018
S2GDP,676,787,111,v007
S2GDP,588,712,124,v022
S2GDP,643,772,129,v029
XAHU4,0,263,263,v008
XAHU4,0,263,263,v008
XAHU4,0,263,263,v014
6TVXT,460,691,231,v026
6TVXT,264,429,165,v022
6TVXT,0,376,376,v010
6TVXT,458,691,233,v023
6TVXT,412,691,279,v032
6TVXT,0,300,300,v021
6TVXT,499,619,120,v023
6TVXT,122,256,134,v000
6TVXT,0,199,199,v021
481PN,38,280,242,v008
481PN,136,295,159,v016
481PN,189,728,539,v008
481PN,240,728,488,v014
481PN,122,314,192,v023
UT8ZM,177,489,312,v031
UT8ZM,240,489,249,v019
509W9,0,906,906,v008
509W9,283,609,326,v021
509W9,451,595,144,v019
509W9,789,906,117,v018
509W9,55,292,237,v018
509W9,0,62,62,v022
Q0G6L,0,431,431,v031
Q0G6L,4,297,293,v028
Q0G6L,124,240,116,v025
NXC5X,0,100,100,v029
NXC5X,12,746,734,v008
NXC5X,297,513,216,v005
NXC5X,297,746,449,v008
3DO3W,336,471,135,v016
3DO3W,350,468,118,v025
3DO3W,120,432,312,v008
V7T91,549,746,197,v008
V7T91,595,729,134,v012
V7T91,0,638,638,v008
V7T91,0,585,585,v026
V7T91,561,691,130,v023
V7T91,0,590,590,v026
V7T91,580,746,166,v008
K8DDR,0,782,782,v008
K8DDR,45,148,103,v004
K8DDR,0,782,782,v008
K8DDR,684,782,98,v016
K8DDR,0,772,772,v026
K8DDR,76,271,195,v019
5US4Z,0,763,763,v009
5US4Z,0,763,763,v018
5US4Z,0,763,763,v009
5US4Z,0,763,763,v031
FP5MM,0,374,374,v008
FP5MM,362,667,305,v030
FP5MM,242,369,127,v008
FP5MM,633,727,94,v016
FP5MM,362,660,298,v030
FP5MM,7,348,341,v030
FP5MM,376,640,264,v030
RTXE6,0,399,399,v008
RTXE6,0,399,399,v008
RTXE6,240,396,156,v009
RTXE6,0,136,136,v019
RTXE6,0,399,399,v008
RTXE6,0,399,399,v014
7CCM1,132,307,175,v016
7CCM1,151,326,175,v016
7CCM1,216,372,156,v018
7CCM1,64,422,358,v023
5JSGK,26,184,158,v008
5JSGK,0,156,156,v018
5JSGK,516,645,129,v022
5JSGK,91,232,141,v012
5JSGK,141,316,175,v031
5JSGK,549,676,127,v027
5JSGK,295,604,309,v032
5JSGK,74,648,574,v008
5JSGK,48,187,139,v023
5JSGK,230,405,175,v016
5JSGK,220,333,113,v023
5JSGK,237,369,132,v016
TZR9Q,0,252,252,v014
TZR9Q,297,418,121,v009
TZR9Q,0,418,418,v008
TZR9Q,189,418,229,v008
UDF8X,230,408,178,v012
UDF8X,0,749,749,v008
UDF8X,0,749,749,v024
UDF8X,444,749,305,v029
UDF8X,0,88,88,v019
9LF40,0,418,418,v018
9LF40,0,418,418,v008
9LF40,0,326,326,v025
9LF40,0,418,418,v005
VCZWV,0,532,532,v008
VCZWV,444,631,187,v020
VCZWV,0,540,540,v005
VCZWV,0,762,762,v018
VCZWV,0,762,762,v018
VCZWV,504,762,258,v008
C9VPX,180,774,594,v008
C9VPX,664,774,110,v008
C9VPX,0,194,194,v023
C9VPX,187,321,134,v023
C9VPX,98,225,127,v008
SAJ4D,0,124,124,v016
SAJ4D,0,124,124,v025
SAJ4D,0,124,124,v016
SAJ4D,0,100,100,v025
SAJ4D,40,124,84,v025
3VYGU,376,746,370,v004
3VYGU,362,746,384,v008
3VYGU,336,458,122,v023
3VYGU,0,424,424,v030
3VYGU,357,746,389,v008
94HXT,297,547,250,v019
94HXT,110,379,269,v026
94HXT,0,93,93,v023
P64DQ,0,158,158,v018
P64DQ,0,72,72,v031
06L9P,340,468,128,v016
06L9P,40,532,492,v005
06L9P,0,336,336,v004
06L9P,484,532,48,v008
06L9P,484,532,48,v016
06L9P,484,532,48,v016
06L9P,470,532,62,v029
06L9P,0,532,532,v008
06L9P,0,532,532,v008
HPAYB,124,304,180,v023
HPAYB,208,393,185,v023
HPAYB,134,319,185,v016
HPAYB,302,864,562,v030
HPAYB,691,880,189,v016
HPAYB,0,304,304,v008
HPAYB,199,890,691,v008
IQ4GU,297,444,147,v004
IQ4GU,122,760,638,v018
O9DOT,0,331,331,v014
O9DOT,312,719,407,v032
O9DOT,321,719,398,v016
O9DOT,0,388,388,v008
O9DOT,319,719,400,v008
O9DOT,307,719,412,v023
O9DOT,240,386,146,v016
UPWTC,0,470,470,v008
UPWTC,122,444,322,v021
UPWTC,355,470,115,v016
UPWTC,4,144,140,v022
UPWTC,0,108,108,v018
UPWTC,396,568,172,v023
UPWTC,283,468,185,v016
UPWTC,324,468,144,v025
UPWTC,0,141,141,v018
UPWTC,408,645,237,v003
UPWTC,705,808,103,v023
RTEWJ,0,132,132,v016
RTEWJ,0,134,134,v016
RTEWJ,52,235,183,v023
RTEWJ,0,84,84,v017
RTEWJ,194,366,172,v008
RTEWJ,0,76,76,v029
RTEWJ,67,201,134,v023
VXRPP,232,444,212,v001
VXRPP,0,741,741,v008
VXRPP,244,592,348,v001
VXRPP,204,741,537,v014
PJO9R,727,830,103,v012
PJO9R,590,799,209,v008
PJO9R,50,451,401,v026
PJO9R,710,830,120,v016
PJO9R,724,830,106,v016
7ARCD,21,102,81,v016
7ARCD,0,102,102,v008
7ARCD,9,102,93,v016
7ARCD,9,102,93,v016
CV20O,422,650,228,v008
CV20O,0,74,74,v005
CV20O,16,194,178,v012
CV20O,444,616,172,v001
CV20O,357,590,233,v023
CV20O,0,84,84,v029
CV20O,168,477,309,v026
USNP1,0,457,457,v010
USNP1,132,457,325,v008
USNP1,103,273,170,v023
USNP1,199,457,258,v014
BO62A,213,456,243,v012
BO62A,384,753,369,v008
BO62A,475,712,237,v022
BO62A,439,592,153,v016
BO62A,669,808,139,v029
WOVOX,835,1360,525,v031
WOVOX,182,441,259,v028
WOVOX,319,477,158,v016
WOVOX,285,441,156,v008
WOVOX,0,367,367,v009
WOVOX,0,96,96,v029
F800A,0,110,110,v004
F800A,0,412,412,v008
F800A,316,720,404,v026
9W681,0,305,305,v008
9W681,0,305,305,v008
9W681,184,305,121,v001
9W681,33,240,207,v012
9W681,148,305,157,v029
9W681,38,305,267,v007
AWAFY,74,261,187,v012
AWAFY,156,417,261,v026
AWAFY,403,542,139,v016
AWAFY,4,156,152,v029
AWAFY,117,352,235,v023
AWAFY,69,451,382,v008
AWAFY,79,470,391,v016
AWAFY,640,878,238,v008
AWAFY,93,578,485,v016
AWAFY,631,883,252,v023
AWAFY,93,578,485,v023
PV3KQ,369,816,447,v016
PV3KQ,300,460,160,v012
PV3KQ,369,816,447,v016
PV3KQ,100,242,142,v018
PV3KQ,139,360,221,v016
PV3KQ,64,842,778,v018
PV3KQ,108,264,156,v023
PV3KQ,151,451,300,v016
X4WWH,518,799,281,v013
X4WWH,0,400,400,v026
X4WWH,187,316,129,v012
X4WWH,304,504,200,v007
X4WWH,451,799,348,v008
X4WWH,235,372,137,v001
X4WWH,0,120,120,v012
X4WWH,451,566,115,v031
X4WWH,492,799,307,v014
X4WWH,168,391,223,v008
X4WWH,244,379,135,v001
X4WWH,0,280,280,v026
J18JX,297,494,197,v016
J18JX,2,585,583,v008
J18JX,302,494,192,v016
J18JX,0,266,266,v031
A2L8M,0,360,360,v026
A2L8M,273,408,135,v025
A2L8M,350,561,211,v008
A2L8M,0,855,855,v026
A2L8M,0,364,364,v008
A2L8M,350,561,211,v023
A2L8M,0,376,376,v016
A2L8M,352,556,204,v016
96GIQ,0,153,153,v025
96GIQ,168,667,499,v008
96GIQ,153,434,281,v012
96GIQ,451,645,194,v023
96GIQ,448,633,185,v023
3EYLH,297,506,209,v016
3EYLH,57,415,358,v004
3EYLH,312,453,141,v016
3EYLH,643,1267,624,v002
3EYLH,657,1320,663,v022
3EYLH,0,60,60,v018
3EYLH,0,62,62,v008
3EYLH,0,69,69,v023
3EYLH,696,888,192,v002
3EYLH,64,180,116,v018
3EYLH,4,175,171,v018
6KI0S,604,881,277,v008
6KI0S,0,64,64,v010
6KI0S,216,648,432,v021
6KI0S,489,708,219,v022
6KI0S,19,295,276,v028
6KI0S,0,568,568,v021
6KI0S,0,288,288,v016
6KI0S,0,72,72,v000
6KI0S,0,326,326,v018
6KI0S,501,881,380,v000
6KI0S,388,549,161,v008
6KI0S,194,648,454,v008
52QLH,175,554,379,v008
52QLH,388,549,161,v004
52QLH,88,242,154,v012
52QLH,326,734,408,v016
52QLH,0,110,110,v029
52QLH,14,136,122,v001
52QLH,429,729,300,v031
BOXK1,0,746,746,v004
BOXK1,374,746,372,v012
BOXK1,288,463,175,v023
BOXK1,280,746,466,v008
BOXK1,0,746,746,v018
57WXL,396,806,410,v008
57WXL,355,494,139,v023
57WXL,12,806,794,v008
57WXL,100,369,269,v020
57WXL,182,494,312,v021
57WXL,374,528,154,v023
57WXL,33,153,120,v023
57WXL,693,806,113,v016
UILMZ,12,374,362,v021
UILMZ,0,120,120,v023
UILMZ,24,345,321,v021
UILMZ,256,429,173,v016
UILMZ,7,403,396,v008
UILMZ,372,694,322,v008
46A6J,340,535,195,v023
46A6J,266,408,142,v007
46A6J,352,494,142,v001
46A6J,266,415,149,v012
46A6J,271,432,161,v012
46A6J,352,516,164,v001
6R7QW,0,362,362,v008
6R7QW,588,861,273,v005
6R7QW,141,280,139,v009
6R7QW,283,861,578,v008
6R7QW,369,861,492,v008
6R7QW,0,331,331,v014
6R7QW,408,556,148,v012
6R7QW,151,302,151,v019
6R7QW,288,434,146,v012
5V5EL,0,264,264,v008
5V5EL,88,264,176,v016
5V5EL,0,156,156,v013
5V5EL,177,421,244,v008
5V5EL,172,421,249,v023
CCCUJ,206,324,118,v027
CCCUJ,38,722,684,v008
CCCUJ,278,453,175,v001
CCCUJ,772,1451,679,v021
CCCUJ,235,417,182,v027
CCCUJ,590,772,182,v016
CCCUJ,648,1451,803,v008
CCCUJ,648,840,192,v023
CCCUJ,0,177,177,v022
CCCUJ,16,184,168,v029
CCCUJ,655,1451,796,v008
KQNOV,268,674,406,v026
KQNOV,595,783,188,v004
KQNOV,81,321,240,v028
KQNOV,223,357,134,v023
KQNOV,163,783,620,v008
KQNOV,386,592,206,v030
KQNOV,268,783,515,v008
0SE6A,0,523,523,v010
0SE6A,324,523,199,v001
0SE6A,192,405,213,v000
0SE6A,415,583,168,v022
0SE6A,0,518,518,v008
0SE6A,314,523,209,v008
40DSU,196,362,166,v004
40DSU,36,187,151,v008
40DSU,0,117,117,v012
40DSU,38,175,137,v029
HD38O,225,386,161,v005
HD38O,220,669,449,v005
HD38O,700,827,127,v022
HD38O,0,280,280,v014
HD38O,0,780,780,v018
HD38O,408,549,141,v008
HD38O,648,768,120,v005
HD38O,0,400,400,v008
HD38O,693,818,125,v016
HD38O,477,628,151,v015
HD38O,220,379,159,v023
HD38O,220,379,159,v008
HD38O,693,825,132,v016
HD38O,259,367,108,v016
HD38O,357,796,439,v008
HD38O,283,417,134,v016
HD38O,225,340,115,v023
HD38O,643,780,137,v004
HD38O,328,544,216,v023
HD38O,261,403,142,v016
FIZXP,280,506,226,v030
FIZXP,0,271,271,v008
FIZXP,273,506,233,v026
FIZXP,278,506,228,v030
FIZXP,117,268,151,v023
FIZXP,266,506,240,v008
FIZXP,408,506,98,v016
FIZXP,223,352,129,v016
FIZXP,0,242,242,v015
FIZXP,189,369,180,v023
FIZXP,0,302,302,v008
BLIW5,0,787,787,v026
BLIW5,0,67,67,v023
BLIW5,184,292,108,v016
BLIW5,547,787,240,v008
BLIW5,0,292,292,v008
JPVSV,386,542,156,v029
JPVSV,115,499,384,v009
JPVSV,499,633,134,v016
JPVSV,499,619,120,v008
JPVSV,499,728,229,v026
JPVSV,458,619,161,v023
BVCCX,105,436,331,v008
BVCCX,0,81,81,v031
BVCCX,26,189,163,v012
BVCCX,0,148,148,v014
BVCCX,33,235,202,v023
BVCCX,108,748,640,v032
BVCCX,0,748,748,v018
2Z8HO,175,376,201,v016
2Z8HO,271,739,468,v008
2Z8HO,266,739,473,v014
2Z8HO,266,415,149,v023
2Z8HO,0,307,307,v008
2Z8HO,194,376,182,v025
2Z8HO,0,96,96,v029
SC3ZS,0,746,746,v008
SC3ZS,0,746,746,v014
SC3ZS,0,746,746,v010
15OH5,559,876,317,v030
15OH5,151,900,749,v008
15OH5,559,900,341,v030
9KXJ1,0,741,741,v008
9KXJ1,12,482,470,v020
5AFC1,571,799,228,v005
5AFC1,518,662,144,v023
5AFC1,571,799,228,v005
5AFC1,518,662,144,v023
5AFC1,518,799,281,v008
5AFC1,0,470,470,v031
5AFC1,552,799,247,v008
VYD9P,9,732,723,v031
VYD9P,0,384,384,v004
VYD9P,348,472,124,v016
VYD9P,355,468,113,v016
VYD9P,0,732,732,v031
W9HYI,201,343,142,v023
W9HYI,0,757,757,v008
W9HYI,117,492,375,v005
W9HYI,50,480,430,v008
UPXBJ,144,357,213,v012
UPXBJ,0,189,189,v020
UPXBJ,369,812,443,v008
UPXBJ,374,812,438,v016
UPXBJ,374,812,438,v023
UPXBJ,580,812,232,v026
UPXBJ,585,812,227,v032
GC9I8,146,499,353,v016
GC9I8,158,489,331,v016
GC9I8,136,283,147,v023
GC9I8,151,280,129,v016
T1OQ2,117,528,411,v004
T1OQ2,424,530,106,v016
T1OQ2,0,163,163,v019
5DEHA,86,362,276,v000
5DEHA,180,328,148,v020
5DEHA,247,587,340,v018
5DEHA,36,350,314,v010
ZOTR8,0,127,127,v008
ZOTR8,160,360,200,v016
ZOTR8,295,489,194,v008
ZOTR8,244,448,204,v023
ZOTR8,278,477,199,v009
ZOTR8,343,758,415,v019
L9ANI,96,252,156,v008
L9ANI,175,309,134,v023
L9ANI,352,494,142,v030
L9ANI,0,98,98,v029
L9ANI,0,259,259,v016
L9ANI,156,758,602,v008
L9ANI,153,758,605,v026
L9ANI,333,758,425,v030
L9ANI,0,400,400,v016
5LE93,9,136,127,v008
5LE93,28,206,178,v004
5LE93,180,321,141,v019
Z5THW,703,812,109,v016
Z5THW,463,710,247,v020
Z5THW,0,768,768,v029
Z5THW,0,812,812,v008
ZPAM8,211,333,122,v016
ZPAM8,211,362,151,v018
ZPAM8,273,434,161,v004
ZPAM8,175,636,461,v008
ZPAM8,225,1434,1209,v018
ZPAM8,280,1434,1154,v004
ZPAM8,0,340,340,v016
ZPAM8,0,1434,1434,v008
ZPAM8,182,333,151,v018
ZPAM8,237,751,514,v018
ZPAM8,211,348,137,v016
ZPAM8,24,199,175,v029
U44OC,583,742,159,v008
U44OC,645,742,97,v014
U44OC,264,436,172,v020
U44OC,568,705,137,v023
D9YWY,410,588,178,v008
D9YWY,429,1032,603,v008
D9YWY,508,1156,648,v016
D9YWY,355,1156,801,v023
D9YWY,0,1237,1237,v016
D9YWY,355,1156,801,v008
D9YWY,477,1020,543,v023
D9YWY,904,1046,142,v016
CMFMH,0,192,192,v005
CMFMH,0,208,208,v008
CMFMH,417,762,345,v006
CMFMH,0,192,192,v005
CMFMH,43,762,719,v019
2Q5Y2,93,360,267,v016
2Q5Y2,0,103,103,v007
2Q5Y2,0,74,74,v012
2Q5Y2,0,350,350,v008
2Q5Y2,21,182,161,v029
2Q5Y2,0,105,105,v001
91VUF,0,712,712,v024
91VUF,0,712,712,v008
FB7MZ,554,738,184,v012
FB7MZ,0,273,273,v012
FB7MZ,571,720,149,v016
FB7MZ,206,715,509,v008
FB7MZ,40,307,267,v012
FB7MZ,124,295,171,v029
FB7MZ,343,441,98,v019
2S6V7,842,960,118,v012
2S6V7,540,722,182,v023
2S6V7,424,636,212,v009
2S6V7,424,636,212,v019
2S6V7,585,979,394,v008
2S6V7,888,1004,116,v016
2S6V7,856,974,118,v022
2S6V7,0,84,84,v018
2S6V7,0,952,952,v018
2S6V7,712,960,248,v031
F8JAV,0,610,610,v018
F8JAV,24,552,528,v020
F8JAV,0,610,610,v008
F8JAV,0,610,610,v008
3AU5K,0,736,736,v004
3AU5K,0,736,736,v014
3AU5K,0,736,736,v018
3AU5K,146,283,137,v023
3AU5K,0,736,736,v032
3AU5K,172,736,564,v008
02CYP,81,254,173,v016
02CYP,0,127,127,v004
02CYP,163,763,600,v022
02CYP,132,259,127,v008
02CYP,338,525,187,v022
02CYP,2,764,762,v031
02CYP,0,456,456,v018
02CYP,0,336,336,v023
02CYP,0,376,376,v018
02CYP,0,338,338,v016
02CYP,237,764,527,v008
PIJCA,0,696,696,v008
PIJCA,170,436,266,v028
PIJCA,0,93,93,v023
PIJCA,292,434,142,v025
PIJCA,0,264,264,v014
PIJCA,4,264,260,v013
PIJCA,319,444,125,v025
PIJCA,266,429,163,v008
HJOJ0,100,727,627,v031
HJOJ0,98,727,629,v018
HJOJ0,60,727,667,v008
HJOJ0,9,168,159,v017
HJOJ0,64,196,132,v018
HJOJ0,91,727,636,v018
HJOJ0,43,727,684,v008
HY45L,604,760,156,v008
HY45L,0,482,482,v031
HY45L,468,760,292,v022
HY45L,585,751,166,v023
HY45L,648,760,112,v014
HY45L,0,602,602,v008
6C2DJ,163,302,139,v016
6C2DJ,410,621,211,v016
6C2DJ,585,704,119,v023
6C2DJ,350,487,137,v018
6C2DJ,96,362,266,v008
6C2DJ,19,216,197,v022
6C2DJ,0,704,704,v031
6C2DJ,21,448,427,v018
KXIMH,0,720,720,v018
KXIMH,43,192,149,v012
KXIMH,55,720,665,v023
KXIMH,0,737,737,v018
KXIMH,247,737,490,v016
BI31D,199,419,220,v018
BI31D,177,321,144,v018
BI31D,340,419,79,v022
BI31D,33,228,195,v008
BI31D,124,242,118,v016
BI31D,28,160,132,v029
1UPHI,48,606,558,v008
1UPHI,0,112,112,v029
LEOL6,2,105,103,v016
LEOL6,192,151,-41,v008
LEOL6,192,151,-41,v008
LEOL6,31,151,120,v026
LEOL6,2,105,103,v016
EE502,96,195,99,v016
EE502,91,195,104,v031
EE502,0,117,117,v028
EE502,67,180,113,v022
EE502,9,141,132,v019
EE502,9,129,120,v031
EE502,9,129,120,v019
EE502,43,195,152,v016
EE502,38,168,130,v023
EE502,0,117,117,v023
EE502,0,141,141,v009
EE502,67,195,128,v026
KQL1P,0,756,756,v005
KQL1P,0,513,513,v008
KQL1P,0,756,756,v014
KQL1P,0,756,756,v005
KQL1P,0,756,756,v008
KQL1P,667,756,89,v001
KQL1P,333,496,163,v016
KQL1P,352,482,130,v016
KQL1P,0,516,516,v008
KQL1P,0,756,756,v012
44Q8A,0,693,693,v018
44Q8A,501,755,254,v016
44Q8A,501,755,254,v025
44Q8A,0,739,739,v018
44Q8A,552,667,115,v008
44Q8A,530,652,122,v023
44Q8A,460,609,149,v000
44Q8A,597,755,158,v022
44Q8A,451,628,177,v031
2M2O6,151,314,163,v004
2M2O6,55,168,113,v001
2M2O6,0,84,84,v012
2M2O6,134,713,579,v014
2M2O6,379,564,185,v004
2M2O6,0,713,713,v016
2M2O6,0,713,713,v008
3731F,0,379,379,v031
3731F,626,753,127,v001
3731F,417,566,149,v012
3731F,290,424,134,v022
3731F,0,400,400,v018
3731F,357,753,396,v023
3731F,660,753,93,v004
3731F,357,753,396,v008
3731F,374,552,178,v008
3731F,508,664,156,v015
3731F,0,374,374,v019
3731F,614,753,139,v001
3731F,0,384,384,v014
3731F,369,753,384,v016
3731F,374,525,151,v012
0MDYC,206,619,413,v008
0MDYC,439,595,156,v016
0MDYC,163,309,146,v016
0MDYC,50,280,230,v026
0MDYC,26,609,583,v008
Y9930,376,503,127,v025
Y9930,242,458,216,v012
Y9930,352,503,151,v029
Y9930,24,503,479,v016
Y9930,24,503,479,v008
5XAFE,60,218,158,v008
5XAFE,110,499,389,v016
5XAFE,177,628,451,v023
5XAFE,0,96,96,v025
5XAFE,643,740,97,v029
5XAFE,0,588,588,v030
5XAFE,513,740,227,v008
KN97F,0,804,804,v032
KN97F,0,804,804,v010
VPI6D,0,117,117,v012
VPI6D,168,307,139,v023
VPI6D,0,105,105,v007
VPI6D,180,731,551,v008
4LUQL,0,779,779,v008
4LUQL,288,779,491,v008
4LUQL,0,779,779,v026
4LUQL,288,779,491,v008
R5MFX,206,345,139,v016
R5MFX,312,643,331,v009
R5MFX,0,643,643,v018
R5MFX,0,343,343,v008
R5MFX,196,345,149,v016
R5MFX,0,643,643,v032
R5MFX,0,643,643,v018
R5MFX,350,643,293,v019
194WK,0,292,292,v008
194WK,218,506,288,v008
194WK,60,259,199,v009
194WK,158,300,142,v016
194WK,218,328,110,v019
194WK,271,448,177,v020
194WK,0,259,259,v031
194WK,0,581,581,v018
194WK,0,581,581,v018
194WK,93,254,161,v019
194WK,117,244,127,v001
194WK,451,581,130,v022
194WK,228,465,237,v031
TIEA9,0,739,739,v018
TIEA9,0,88,88,v019
TIEA9,309,484,175,v023
TIEA9,132,295,163,v009
TIEA9,376,739,363,v008
TIEA9,156,739,583,v031
C4SXE,146,232,86,v027
C4SXE,0,232,232,v018
ESTFR,436,862,426,v031
ESTFR,189,458,269,v028
ESTFR,0,862,862,v018
ESTFR,525,830,305,v008
ESTFR,232,405,173,v008
SA7GL,211,470,259,v026
SA7GL,266,475,209,v023
SA7GL,182,408,226,v001
SA7GL,0,163,163,v014
SA7GL,292,516,224,v025
SA7GL,0,741,741,v018
SA7GL,338,523,185,v008
SA7GL,0,408,408,v031
DSAF3,292,681,389,v026
DSAF3,307,684,377,v008
DSAF3,302,731,429,v016
DSAF3,33,158,125,v020
DSAF3,288,688,400,v016
DSAF3,278,703,425,v026
DSAF3,0,129,129,v029
FQGQS,112,285,173,v020
FQGQS,0,103,103,v012
FQGQS,7,144,137,v016
FQGQS,16,127,111,v025
FQGQS,0,120,120,v008
FQGQS,48,187,139,v001
LTC5Y,470,626,156,v018
LTC5Y,38,240,202,v008
LTC5Y,12,211,199,v023
LTC5Y,458,755,297,v031
LTC5Y,26,259,233,v016
LTC5Y,451,755,304,v018
LTC5Y,504,755,251,v018
LTC5Y,12,460,448,v026
LTC5Y,427,755,328,v008
LTC5Y,470,755,285,v008
LTC5Y,432,559,127,v023
LTC5Y,453,573,120,v023
897OI,460,744,284,v004
897OI,122,400,278,v008
897OI,309,554,245,v015
897OI,0,117,117,v009
CM9GX,0,753,753,v032
CM9GX,0,753,753,v018
CM9GX,4,688,684,v005
CM9GX,0,753,753,v008
CM9GX,0,688,688,v005
CM9GX,0,753,753,v018
CM9GX,0,753,753,v032
CM9GX,0,753,753,v008
CM9GX,0,753,753,v018
FZ6AD,364,706,342,v008
FZ6AD,417,706,289,v016
FZ6AD,415,706,291,v025
FZ6AD,0,453,453,v008
FZ6AD,321,468,147,v016
2O6RB,355,816,461,v002
2O6RB,52,319,267,v012
2O6RB,285,876,591,v008
2O6RB,496,624,128,v004
2O6RB,57,196,139,v012
2O6RB,676,794,118,v016
2O6RB,297,434,137,v023
EHAS4,67,1369,1302,v019
EHAS4,0,1369,1369,v010
EHAS4,48,158,110,v008
QHM66,0,141,141,v016
QHM66,314,506,192,v001
QHM66,201,369,168,v012
QHM66,228,424,196,v023
QHM66,415,619,204,v012
QHM66,278,482,204,v008
QHM66,180,417,237,v023
QHM66,278,552,274,v008
QHM66,628,777,149,v016
QHM66,448,576,128,v023
QHM66,0,256,256,v026
QHM66,172,777,605,v016
XLH1M,542,674,132,v008
XLH1M,566,674,108,v023
XLH1M,0,352,352,v002
XLH1M,549,674,125,v008
XLH1M,600,674,74,v016
GQ4ML,156,458,302,v016
GQ4ML,148,583,435,v026
GQ4ML,376,590,214,v016
GQ4ML,103,475,372,v026
GQ4ML,0,208,208,v008
K9MPN,180,324,144,v001
K9MPN,57,264,207,v012
K9MPN,316,443,127,v016
K9MPN,26,165,139,v007
K9MPN,0,443,443,v023
K9MPN,0,148,148,v017
K9MPN,0,443,443,v008
K9MPN,0,410,410,v021
DHFA6,655,912,257,v021
DHFA6,499,940,441,v018
DHFA6,355,590,235,v008
DHFA6,112,528,416,v008
DHFA6,480,600,120,v018
DHFA6,4,470,466,v008
DHFA6,360,542,182,v016
BOC1T,345,542,197,v022
BOC1T,0,441,441,v018
EIKUN,132,280,148,v016
EIKUN,120,273,153,v016
EIKUN,0,731,731,v016
EIKUN,0,487,487,v008
EIKUN,324,731,407,v016
EIKUN,343,731,388,v023
Z60TB,0,345,345,v014
Z60TB,127,259,132,v020
Z60TB,0,345,345,v008
Z60TB,0,345,345,v022
6J00B,427,571,144,v015
6J00B,595,774,179,v005
6J00B,0,420,420,v023
6J00B,537,774,237,v005
6J00B,540,774,234,v023
6J00B,602,774,172,v008
6J00B,544,679,135,v023
6J00B,0,393,393,v008
6J00B,247,393,146,v016
P1EK9,182,321,139,v023
P1EK9,499,622,123,v025
P1EK9,0,117,117,v012
P1EK9,232,588,356,v030
P1EK9,499,622,123,v025
P1EK9,182,622,440,v008
P1EK9,139,268,129,v012
P1EK9,180,312,132,v023
P1EK9,175,319,144,v023
P1EK9,21,213,192,v001
P1EK9,532,622,90,v025
7K7Z6,0,576,576,v006
7K7Z6,0,747,747,v008
7K7Z6,141,747,606,v004
7K7Z6,0,559,559,v008
7K7Z6,698,747,49,v022
5YAN1,655,769,114,v008
5YAN1,631,769,138,v026
AC3T4,530,650,120,v001
AC3T4,0,939,939,v008
AC3T4,220,355,135,v012
AC3T4,235,410,175,v031
WXC7V,1382,1747,365,v016
WXC7V,868,1538,670,v008
WXC7V,780,1792,1012,v023
WXC7V,0,1824,1824,v008
WXC7V,0,1764,1764,v008
WXC7V,0,1764,1764,v016
WXC7V,628,964,336,v005
WXC7V,1080,1327,247,v023
WXC7V,1531,1658,127,v016
5W0OC,0,738,738,v018
5W0OC,264,360,96,v016
5W0OC,288,738,450,v026
5W0OC,0,738,738,v026
5W0OC,0,376,376,v008
GRBUE,168,338,170,v001
GRBUE,0,432,432,v018
GRBUE,336,453,117,v027
GRBUE,98,223,125,v028
GRBUE,134,252,118,v025
GRBUE,132,252,120,v016
GRBUE,132,247,115,v025
X9R37,7,136,129,v001
X9R37,103,225,122,v027
X9R37,0,110,110,v007
DICXG,0,283,283,v008
DICXG,429,614,185,v031
DICXG,0,744,744,v008
DICXG,0,134,134,v001
DICXG,0,86,86,v029
DICXG,0,69,69,v012
DICXG,153,331,178,v016
3ZC4Y,412,597,185,v001
3ZC4Y,0,630,630,v002
3ZC4Y,362,520,158,v012
3ZC4Y,554,630,76,v008
3ZC4Y,0,405,405,v008
3ZC4Y,451,571,120,v025
452FV,0,144,144,v016
452FV,177,300,123,v008
452FV,0,144,144,v016
452FV,0,132,132,v016
8LPZ0,727,901,174,v010
8LPZ0,456,619,163,v022
8LPZ0,122,525,403,v031
8LPZ0,568,828,260,v023
8LPZ0,0,612,612,v018
8LPZ0,722,901,179,v016
8LPZ0,592,880,288,v008
2S0PU,124,225,101,v016
2S0PU,0,382,382,v018
2S0PU,0,382,382,v032
NOFSE,487,640,153,v021
NOFSE,472,640,168,v021
NOFSE,38,199,161,v004
NOFSE,249,396,147,v001
NOFSE,112,393,281,v023
NOFSE,112,393,281,v023
NOFSE,192,530,338,v008
NOFSE,192,612,420,v008
NOFSE,192,288,96,v023
NOFSE,192,288,96,v023
NOFSE,12,144,132,v012
NOFSE,410,640,230,v010
NOFSE,170,324,154,v016
V4CCY,122,266,144,v023
V4CCY,52,170,118,v023
V4CCY,153,304,151,v009
V4CCY,153,304,151,v019
V4CCY,48,304,256,v008
FEWUR,513,738,225,v028
FEWUR,508,738,230,v025
FEWUR,0,508,508,v014
FEWUR,386,547,161,v022
2O2LG,0,103,103,v004
2O2LG,0,721,721,v008
2O2LG,0,721,721,v008
2O2LG,0,721,721,v031
0RI7C,172,751,579,v006
0RI7C,60,180,120,v001
0RI7C,0,208,208,v008
0RI7C,0,168,168,v031
0RI7C,103,228,125,v016
0RI7C,516,662,146,v008
45P7D,314,453,139,v001
45P7D,0,412,412,v014
45P7D,0,490,490,v018
45P7D,369,490,121,v008
45P7D,417,490,73,v016
45P7D,0,398,398,v032
B71ZJ,136,628,492,v018
B71ZJ,158,367,209,v012
B71ZJ,312,460,148,v023
B71ZJ,88,254,166,v018
B71ZJ,148,340,192,v008
B71ZJ,247,360,113,v023
B71ZJ,254,408,154,v003
B71ZJ,96,196,100,v016
B71ZJ,319,460,141,v023
B71ZJ,343,480,137,v003
5T9CK,0,453,453,v008
5T9CK,571,843,272,v003
5T9CK,0,444,444,v026
5T9CK,364,643,279,v004
5T9CK,580,823,243,v008
0NCWX,0,132,132,v012
0NCWX,266,717,451,v004
0NCWX,55,757,702,v023
0NCWX,45,184,139,v023
0NCWX,55,757,702,v008
0NCWX,0,134,134,v012
ZJG67,0,513,513,v032
ZJG67,441,895,454,v031
ZJG67,0,513,513,v018
ZJG67,0,511,511,v031
Z97SD,0,379,379,v014
Z97SD,261,400,139,v022
Z97SD,434,578,144,v012
Z97SD,0,381,381,v018
Z97SD,602,736,134,v001
Z97SD,657,743,86,v005
Z97SD,364,482,118,v029
Z97SD,583,743,160,v008
Z97SD,0,400,400,v032
Z97SD,427,743,316,v023
P36OC,0,168,168,v008
P36OC,79,168,89,v020
P36OC,0,168,168,v023
RHWU6,434,666,232,v008
RHWU6,0,666,666,v008
RHWU6,0,666,666,v024
RHWU6,0,666,666,v009
TD2DR,192,412,220,v008
TD2DR,177,343,166,v023
TD2DR,0,302,302,v018
TD2DR,309,604,295,v013
TD2DR,206,728,522,v014
21MI8,184,321,137,v016
21MI8,93,242,149,v012
21MI8,110,751,641,v032
21MI8,117,751,634,v014
21MI8,0,156,156,v004
21MI8,196,314,118,v016
9OP4S,340,861,521,v008
9OP4S,288,436,148,v023
9OP4S,50,290,240,v031
9OP4S,415,861,446,v016
9OP4S,0,285,285,v008
9OP4S,417,861,444,v022
9OP4S,26,230,204,v019
9OP4S,216,372,156,v016
9OP4S,0,510,510,v018
O03Y4,276,376,100,v016
O03Y4,0,376,376,v008
O03Y4,0,376,376,v022
O03Y4,0,376,376,v008
O03Y4,300,376,76,v016
DNZD8,0,163,163,v004
DNZD8,84,319,235,v008
DNZD8,0,655,655,v008
DNZD8,326,504,178,v016
DNZD8,326,504,178,v016
DNZD8,326,436,110,v029
DNZD8,511,655,144,v031
5657O,386,744,358,v022
5657O,153,331,178,v016
5657O,0,321,321,v028
5657O,501,744,243,v013
5657O,0,744,744,v008
5657O,244,436,192,v028
5657O,501,744,243,v014
FLM1T,0,117,117,v008
FLM1T,400,728,328,v031
FLM1T,403,728,325,v014
FLM1T,0,728,728,v018
FLM1T,280,728,448,v008
FLM1T,340,482,142,v023
FLM1T,396,552,156,v005
FLM1T,357,492,135,v012
V6IIE,496,724,228,v018
V6IIE,0,506,506,v028
V6IIE,0,336,336,v019
V6IIE,0,568,568,v018
V6IIE,352,520,168,v028
V6IIE,372,724,352,v008
SQUX3,81,439,358,v021
SQUX3,852,1167,315,v026
SQUX3,823,960,137,v022
SQUX3,0,520,520,v010
SQUX3,441,919,478,v003
SQUX3,400,928,528,v018
SQUX3,873,1167,294,v026
SQUX3,873,1167,294,v008
CWM1T,172,324,152,v012
CWM1T,0,271,271,v002
CWM1T,199,372,173,v001
QEY8N,429,585,156,v018
QEY8N,343,688,345,v008
QEY8N,9,196,187,v008
QEY8N,444,688,244,v005
QEY8N,460,688,228,v005
QEY8N,40,444,404,v026
QEY8N,108,254,146,v016
QEY8N,9,160,151,v017
QEY8N,62,247,185,v029
QEY8N,127,537,410,v016
QEY8N,441,688,247,v008
QEY8N,93,561,468,v023
QEY8N,100,405,305,v026
QEY8N,393,540,147,v018
UCC1O,28,153,125,v012
UCC1O,31,148,117,v007
UCC1O,57,180,123,v025
UCC1O,64,235,171,v001
UCC1O,33,177,144,v016
UCC1O,28,172,144,v012
VXF18,847,1048,201,v004
VXF18,0,199,199,v008
VXF18,208,360,152,v005
VXF18,981,1104,123,v022
VXF18,52,177,125,v018
VXF18,81,266,185,v016
VXF18,81,312,231,v016
VXF18,36,182,146,v018
XIUJE,333,777,444,v016
XIUJE,43,343,300,v028
XIUJE,216,338,122,v025
XIUJE,38,259,221,v031
BMYMI,93,285,192,v016
BMYMI,62,184,122,v001
BMYMI,0,91,91,v012
BMYMI,84,218,134,v016
BMYMI,28,177,149,v008
X7M2C,0,737,737,v008
X7M2C,0,737,737,v008
X7M2C,0,737,737,v009
X7M2C,0,737,737,v019
4UT8K,523,865,342,v013
4UT8K,441,645,204,v008
4UT8K,420,588,168,v023
4UT8K,816,865,49,v029
4UT8K,816,865,49,v016
4UT8K,91,372,281,v026
4UT8K,384,506,122,v016
4UT8K,91,199,108,v023
HBUJ2,31,168,137,v025
HBUJ2,0,217,217,v024
HBUJ2,0,153,153,v008
HBUJ2,0,153,153,v025
HBUJ2,0,153,153,v008
1OF1O,4,129,125,v027
1OF1O,472,715,243,v016
1OF1O,472,813,341,v025
1OF1O,0,136,136,v029
1OF1O,472,794,322,v008
1OF1O,472,794,322,v023
9KYMU,225,657,432,v008
9KYMU,0,316,316,v017
9KYMU,405,573,168,v012
9KYMU,489,636,147,v023
UJT87,172,760,588,v008
UJT87,21,760,739,v008
UJT87,276,504,228,v019
6U082,0,568,568,v008
6U082,465,574,109,v017
6U082,0,124,124,v026
6U082,345,484,139,v023
MR3ON,0,381,381,v010
MR3ON,0,381,381,v006
MR3ON,0,381,381,v018
OZSB3,446,743,297,v008
OZSB3,446,667,221,v023
OZSB3,456,652,196,v008
OZSB3,494,612,118,v012
OZSB3,0,743,743,v018
OZSB3,0,496,496,v031
OZSB3,0,743,743,v018
OUH2U,199,400,201,v001
OUH2U,62,290,228,v008
OUH2U,124,448,324,v008
OUH2U,79,278,199,v029
82R7V,638,741,103,v008
82R7V,0,151,151,v019
82R7V,168,369,201,v004
82R7V,319,741,422,v018
82R7V,67,196,129,v023
82R7V,40,638,598,v023
82R7V,0,741,741,v023
82R7V,40,638,598,v008
82R7V,40,638,598,v008
MOQIU,324,480,156,v023
MOQIU,403,688,285,v024
MOQIU,0,496,496,v009
MOQIU,0,504,504,v031
MOQIU,117,453,336,v009
MOQIU,0,561,561,v018
MOQIU,0,417,417,v031
MOQIU,364,484,120,v022
MOQIU,0,472,472,v018
MOQIU,518,638,120,v029
JJZ1X,38,795,757,v008
JJZ1X,0,795,795,v005
JJZ1X,0,139,139,v008
JJZ1X,0,795,795,v018
XAW3U,40,177,137,v012
XAW3U,79,204,125,v031
XAW3U,0,76,76,v005
XAW3U,0,86,86,v008
38QA4,0,307,307,v028
38QA4,446,712,266,v023
38QA4,458,712,254,v008
38QA4,520,712,192,v008
38QA4,561,712,151,v029
38QA4,129,506,377,v023
38QA4,429,712,283,v008
WJL39,528,700,172,v012
WJL39,182,364,182,v031
WJL39,0,264,264,v003
FPWD0,2,187,185,v012
FPWD0,216,734,518,v018
FPWD0,312,734,422,v018
FPWD0,201,331,130,v001
FPWD0,374,511,137,v001
FPWD0,0,96,96,v029
FPWD0,403,559,156,v016
L1O0N,67,220,153,v008
L1O0N,151,281,130,v004
L1O0N,144,281,137,v008
L1O0N,0,141,141,v028
L1O0N,139,244,105,v023
L1O0N,127,249,122,v016
L1O0N,57,172,115,v023
OTLX9,168,749,581,v014
OTLX9,160,749,589,v032
OTLX9,0,749,749,v032
OTLX9,0,249,249,v003
OTLX9,0,749,749,v018
OTLX9,151,564,413,v031
OTLX9,528,643,115,v023
OTLX9,566,688,122,v004
OTLX9,612,734,122,v016
B4F0T,0,809,809,v008
B4F0T,408,578,170,v018
B4F0T,16,261,245,v008
B4F0T,69,415,346,v005
B4F0T,530,751,221,v022
B4F0T,448,686,238,v018
B4F0T,177,372,195,v004
B4F0T,0,796,796,v008
0L0KS,0,146,146,v008
0L0KS,230,475,245,v023
0L0KS,393,754,361,v024
0L0KS,367,754,387,v022
0L0KS,0,386,386,v018
F7AIA,64,445,381,v005
F7AIA,81,445,364,v005
F7AIA,0,445,445,v019
F7AIA,0,445,445,v018
F7AIA,2,445,443,v018
F7AIA,86,192,106,v019
F7AIA,0,88,88,v008
F7AIA,0,69,69,v009
B6LRC,439,743,304,v008
B6LRC,424,568,144,v023
B6LRC,499,720,221,v020
B6LRC,278,499,221,v026
LD011,724,853,129,v023
LD011,724,853,129,v023
LD011,0,727,727,v003
WPFKR,43,172,129,v028
WPFKR,367,520,153,v019
WPFKR,444,604,160,v012
WPFKR,444,657,213,v012
WO0OM,57,417,360,v009
WO0OM,463,756,293,v005
WO0OM,0,528,528,v008
WO0OM,444,585,141,v016
WO0OM,0,528,528,v014
WO0OM,0,756,756,v008
1AA6Z,290,485,195,v008
1AA6Z,196,391,195,v023
1AA6Z,0,184,184,v028
1AA6Z,333,463,130,v005
1AA6Z,436,485,49,v023
1AA6Z,199,384,185,v023
1AA6Z,307,424,117,v008
1AA6Z,110,237,127,v008
1AA6Z,136,259,123,v016
LV24Z,367,621,254,v008
LV24Z,384,644,260,v023
LV24Z,0,129,129,v020
8U3SS,0,595,595,v008
8U3SS,50,530,480,v019
8U3SS,93,472,379,v009
8U3SS,0,693,693,v008
7K2CS,422,723,301,v005
7K2CS,422,723,301,v008
7K2CS,0,134,134,v020
7K2CS,139,460,321,v028
7K2CS,0,134,134,v029
7K2CS,79,213,134,v007
7K2CS,429,723,294,v005
S2A89,96,259,163,v001
S2A89,105,261,156,v007
S2A89,307,464,157,v018
S2A89,36,175,139,v029
01O27,122,276,154,v001
01O27,12,158,146,v012
01O27,936,1107,171,v010
01O27,715,904,189,v031
2MJ72,264,408,144,v001
2MJ72,496,727,231,v026
2MJ72,14,201,187,v031
2MJ72,537,727,190,v008
PG1ID,0,771,771,v008
PG1ID,0,771,771,v031
PG1ID,0,771,771,v014
PG1ID,468,633,165,v023
PG1ID,492,734,242,v018
PG1ID,460,771,311,v008
