T3FJH,0,100,100,v004
T3FJH,292,446,154,v004
T3FJH,0,225,225,v029
T3FJH,0,743,743,v008
T3FJH,400,568,168,v019
T3FJH,0,743,743,v008
T3FJH,0,743,743,v008
T3FJH,0,393,393,v031
D1O6N,31,177,146,v031
D1O6N,460,703,243,v019
D1O6N,460,708,248,v009
D1O6N,432,614,182,v010
D1O6N,403,744,341,v008
D1O6N,403,744,341,v018
2C6ER,333,768,435,v001
2C6ER,333,768,435,v001
NPEA3,580,731,151,v006
NPEA3,0,194,194,v018
NPEA3,554,717,163,v001
NPEA3,0,160,160,v008
NPEA3,477,602,125,v016
NPEA3,295,525,230,v025
4986V,0,537,537,v031
4986V,0,747,747,v018
4986V,0,747,747,v032
4986V,0,747,747,v032
4986V,0,747,747,v031
4986V,400,724,324,v020
YAXGX,117,631,514,v012
YAXGX,160,352,192,v019
YAXGX,153,338,185,v019
YAXGX,153,379,226,v009
YAXGX,112,638,526,v031
YAXGX,528,700,172,v023
YAXGX,69,698,629,v008
YAXGX,508,638,130,v001
TAGC0,31,578,547,v008
TAGC0,31,578,547,v026
TAGC0,576,924,348,v008
TAGC0,487,672,185,v023
TAGC0,636,924,288,v024
TAGC0,36,588,552,v026
MLK57,472,614,142,v012
MLK57,0,415,415,v010
MLK57,453,631,178,v025
MLK57,480,631,151,v022
MLK57,110,271,161,v021
MLK57,309,453,144,v000
MLK57,504,631,127,v023
MLK57,324,559,235,v000
UNOW9,201,769,568,v008
UNOW9,213,405,192,v023
UNOW9,163,336,173,v016
UNOW9,0,552,552,v028
UNOW9,278,547,269,v028
UNOW9,194,314,120,v025
UNOW9,314,444,130,v025
UNOW9,194,314,120,v025
P9R08,292,782,490,v019
P9R08,345,768,423,v008
P9R08,331,530,199,v016
P9R08,228,465,237,v031
P9R08,374,549,175,v016
P9R08,312,432,120,v006
P9R08,345,492,147,v008
P9R08,561,698,137,v023
1LARL,55,168,113,v001
1LARL,40,160,120,v012
1LARL,105,732,627,v008
1LARL,86,244,158,v023
1LARL,117,453,336,v019
1LARL,362,484,122,v018
1LARL,84,206,122,v023
1LARL,91,732,641,v008
1LARL,388,732,344,v018
1LARL,163,348,185,v012
YFPHS,398,556,158,v012
YFPHS,0,731,731,v031
YFPHS,0,468,468,v026
YFPHS,194,321,127,v016
YFPHS,364,501,137,v016
X2Q00,628,867,239,v008
X2Q00,0,650,650,v031
X2Q00,33,230,197,v005
X2Q00,0,117,117,v008
X2Q00,0,122,122,v014
X2Q00,0,867,867,v018
X2Q00,580,741,161,v023
X2Q00,0,867,867,v008
X2Q00,568,811,243,v031
X2Q00,0,624,624,v014
MNJWH,0,331,331,v008
MNJWH,43,290,247,v008
MNJWH,105,235,130,v009
MNJWH,0,69,69,v022
MNJWH,595,731,136,v019
MNJWH,19,386,367,v019
71J7E,357,759,402,v026
71J7E,88,297,209,v008
71J7E,187,448,261,v016
71J7E,88,439,351,v023
SPJIE,14,648,634,v009
SPJIE,0,648,648,v008
SPJIE,0,648,648,v031
SPJIE,0,86,86,v004
SPJIE,0,648,648,v008
SPJIE,0,648,648,v009
SPJIE,0,648,648,v018
SPJIE,600,648,48,v031
EIK9W,7,292,285,v008
EIK9W,12,146,134,v008
EIK9W,12,163,151,v008
DDWK5,74,218,144,v001
DDWK5,0,96,96,v012
DDWK5,324,470,146,v023
DDWK5,391,542,151,v013
DDWK5,74,218,144,v001
DDWK5,2,146,144,v008
25YVM,264,638,374,v030
25YVM,40,172,132,v030
25YVM,0,655,655,v008
25YVM,0,235,235,v016
JIS2Q,7,139,132,v029
JIS2Q,153,288,135,v012
JIS2Q,48,177,129,v016
JIS2Q,0,199,199,v008
JIS2Q,148,266,118,v007
VUNSQ,33,810,777,v031
VUNSQ,0,810,810,v008
VUNSQ,206,810,604,v019
O6T0T,278,571,293,v008
O6T0T,0,129,129,v029
DDX0N,0,765,765,v008
DDX0N,484,765,281,v008
DDX0N,364,506,142,v029
H76DJ,0,612,612,v026
H76DJ,612,767,155,v023
H76DJ,655,767,112,v025
H76DJ,48,465,417,v026
KG20W,388,753,365,v008
KG20W,513,696,183,v029
KG20W,31,192,161,v012
XYTFC,72,249,177,v012
XYTFC,134,773,639,v008
XYTFC,115,302,187,v023
XYTFC,628,773,145,v025
XYTFC,364,686,322,v020
XYTFC,571,773,202,v016
XYTFC,643,773,130,v016
MMRRV,0,76,76,v027
MMRRV,456,600,144,v012
MMRRV,144,432,288,v021
MMRRV,0,134,134,v008
MMRRV,513,638,125,v001
MMRRV,156,429,273,v016
MMRRV,127,292,165,v023
MMRRV,0,196,196,v023
MMRRV,487,638,151,v029
TSBB8,62,254,192,v007
TSBB8,144,295,151,v027
TSBB8,384,544,160,v029
TSBB8,69,345,276,v014
TSBB8,0,550,550,v008
TSBB8,129,290,161,v020
YEHFQ,194,542,348,v008
YEHFQ,446,583,137,v016
YEHFQ,496,737,241,v005
YEHFQ,158,324,166,v029
0CQL8,0,695,695,v008
0CQL8,136,600,464,v016
0CQL8,7,232,225,v012
0CQL8,139,328,189,v023
0CQL8,648,695,47,v001
0CQL8,648,695,47,v023
0CQL8,648,695,47,v007
0CQL8,12,148,136,v012
0CQL8,216,556,340,v025
0CQL8,492,695,203,v001
R28EY,0,737,737,v008
R28EY,0,737,737,v008
R28EY,21,737,716,v005
R28EY,62,737,675,v031
R28EY,0,737,737,v025
R28EY,0,737,737,v008
R28EY,0,737,737,v008
TE5P7,16,141,125,v001
TE5P7,0,112,112,v012
TE5P7,12,412,400,v008
TE5P7,139,412,273,v023
TE5P7,160,331,171,v015
TE5P7,249,379,130,v004
TE5P7,297,403,106,v016
TE5P7,14,124,110,v023
HFWE9,0,703,703,v005
HFWE9,0,720,720,v008
HFWE9,0,74,74,v023
HFWE9,0,754,754,v031
HFWE9,0,748,748,v005
O3HAK,0,733,733,v018
O3HAK,552,733,181,v008
O3HAK,585,733,148,v014
8F17S,0,108,108,v004
8F17S,0,247,247,v005
8F17S,69,211,142,v019
8F17S,0,247,247,v005
8F17S,0,739,739,v018
8F17S,0,739,739,v008
8F17S,240,379,139,v012
8F17S,316,436,120,v001
8F17S,0,88,88,v008
8F17S,7,199,192,v026
8F17S,55,180,125,v031
D23WM,4,681,677,v019
D23WM,0,738,738,v008
D23WM,12,738,726,v009
D23WM,0,738,738,v002
D23WM,0,738,738,v014
9JZCC,0,355,355,v008
9JZCC,451,708,257,v010
9JZCC,307,444,137,v019
9JZCC,0,484,484,v014
9JZCC,412,559,147,v018
A1VTR,648,948,300,v008
A1VTR,715,948,233,v014
A1VTR,364,712,348,v028
A1VTR,0,446,446,v032
A1VTR,568,717,149,v016
PFTHZ,98,343,245,v001
PFTHZ,213,571,358,v008
PFTHZ,194,333,139,v023
PFTHZ,508,571,63,v005
PFTHZ,316,463,147,v029
866F1,0,243,243,v031
866F1,0,243,243,v008
866F1,0,165,165,v026
866F1,182,243,61,v019
866F1,0,122,122,v021
866F1,0,243,243,v008
41O3J,0,1000,1000,v008
41O3J,163,967,804,v031
41O3J,840,967,127,v022
41O3J,506,643,137,v018
41O3J,153,309,156,v028
41O3J,396,511,115,v025
41O3J,391,506,115,v008
41O3J,240,456,216,v016
41O3J,477,619,142,v018
41O3J,0,364,364,v008
41O3J,72,225,153,v012
41O3J,376,518,142,v025
41O3J,230,472,242,v025
FL7X4,50,232,182,v004
FL7X4,0,411,411,v008
FL7X4,160,336,176,v018
FL7X4,232,411,179,v008
FL7X4,204,411,207,v023
FL7X4,132,271,139,v006
FL7X4,204,411,207,v008
FL7X4,204,411,207,v023
SVA4D,0,578,578,v008
SVA4D,0,742,742,v026
SVA4D,0,742,742,v026
SVA4D,0,742,742,v008
SVA4D,463,590,127,v016
PCF14,0,153,153,v008
PCF14,180,302,122,v025
PCF14,180,302,122,v023
PCF14,180,302,122,v028
PCF14,98,302,204,v028
DFEG2,218,489,271,v018
DFEG2,343,489,146,v005
DFEG2,355,489,134,v008
DFEG2,302,489,187,v032
DFEG2,0,158,158,v028
DFEG2,249,367,118,v018
DFEG2,271,489,218,v018
DFEG2,91,290,199,v028
DFEG2,0,309,309,v016
DFEG2,259,441,182,v023
BI4PK,14,216,202,v008
BI4PK,98,271,173,v016
BI4PK,79,254,175,v023
BI4PK,81,350,269,v002
BI4PK,362,489,127,v002
BI4PK,127,261,134,v016
BI4PK,67,261,194,v008
BI4PK,67,261,194,v023
81G9S,0,74,74,v023
81G9S,271,446,175,v001
81G9S,0,750,750,v018
81G9S,0,206,206,v023
NB6F5,105,326,221,v005
NB6F5,48,254,206,v008
NB6F5,0,254,254,v018
NB6F5,67,280,213,v005
NB6F5,170,300,130,v022
NB6F5,273,352,79,v027
NB6F5,40,247,207,v008
NB6F5,0,160,160,v012
NB6F5,0,213,213,v008
0BLSL,132,489,357,v008
0BLSL,340,494,154,v016
0BLSL,103,254,151,v023
0BLSL,0,199,199,v002
B5R5B,91,754,663,v008
B5R5B,36,180,144,v023
B5R5B,105,754,649,v024
B5R5B,0,754,754,v008
B5R5B,0,146,146,v017
B5R5B,0,754,754,v008
B5R5B,626,754,128,v009
B5R5B,624,754,130,v019
B5R5B,38,754,716,v019
WTBB2,345,755,410,v006
WTBB2,0,755,755,v008
WTBB2,542,727,185,v031
WTBB2,72,755,683,v008
WTBB2,0,755,755,v008
WTBB2,45,755,710,v018
RJPOO,79,727,648,v004
RJPOO,50,691,641,v019
RJPOO,0,727,727,v031
RJPOO,0,727,727,v008
JP1KG,196,744,548,v031
JP1KG,0,326,326,v023
JP1KG,264,386,122,v006
JP1KG,0,744,744,v008
XHG13,0,606,606,v008
XHG13,0,554,554,v008
XHG13,345,489,144,v016
XHG13,0,268,268,v015
TF8NL,0,129,129,v029
TF8NL,180,492,312,v021
TF8NL,360,499,139,v000
TF8NL,408,499,91,v022
TF8NL,182,355,173,v010
TF8NL,350,499,149,v025
TF8NL,180,372,192,v021
T87QE,0,857,857,v018
T87QE,50,439,389,v004
T87QE,523,837,314,v028
T87QE,758,857,99,v019
T87QE,770,857,87,v008
T87QE,0,79,79,v008
T87QE,148,266,118,v008
T87QE,345,532,187,v016
I5Q2Z,0,132,132,v008
I5Q2Z,0,129,129,v015
I5Q2Z,302,403,101,v005
I5Q2Z,297,650,353,v015
I5Q2Z,0,738,738,v018
I5Q2Z,612,738,126,v008
I5Q2Z,0,738,738,v016
I5Q2Z,0,738,738,v018
I5Q2Z,0,738,738,v023
ZOMM2,530,734,204,v023
ZOMM2,302,755,453,v008
ZOMM2,578,755,177,v008
ZOMM2,578,755,177,v005
ZOMM2,626,755,129,v005
ZOMM2,578,755,177,v008
ZOMM2,441,564,123,v029
ZOMM2,499,696,197,v023
EM0B6,86,496,410,v004
EM0B6,422,707,285,v005
EM0B6,453,707,254,v005
EM0B6,0,707,707,v018
EM0B6,424,554,130,v008
EM0B6,424,554,130,v008
EM0B6,103,307,204,v023
EM0B6,386,556,170,v023
EM0B6,115,475,360,v008
EM0B6,405,540,135,v023
EM0B6,655,707,52,v016
EM0B6,357,475,118,v016
27JQL,108,225,117,v030
27JQL,160,285,125,v025
27JQL,424,578,154,v005
27JQL,556,700,144,v005
27JQL,153,285,132,v016
27JQL,0,743,743,v018
27JQL,163,278,115,v025
27JQL,0,743,743,v018
27JQL,350,743,393,v008
27JQL,405,743,338,v008
27JQL,72,290,218,v023
FNNTW,252,470,218,v008
FNNTW,624,768,144,v004
FNNTW,0,686,686,v014
FNNTW,612,777,165,v008
FNNTW,612,772,160,v023
FNNTW,316,484,168,v016
FNNTW,0,817,817,v008
AMIHY,252,518,266,v008
AMIHY,0,331,331,v005
AMIHY,216,379,163,v008
AMIHY,410,669,259,v005
AMIHY,453,703,250,v004
AMIHY,0,706,706,v018
AMIHY,69,324,255,v016
AMIHY,441,706,265,v023
AMIHY,0,331,331,v008
AMIHY,0,91,91,v023
AMIHY,0,706,706,v018
AMIHY,439,564,125,v008
5EFZ1,0,84,84,v008
5EFZ1,0,117,117,v016
5EFZ1,0,223,223,v020
5EFZ1,156,276,120,v023
5EFZ1,156,389,233,v023
AEJ4T,165,735,570,v008
AEJ4T,153,336,183,v012
AEJ4T,153,735,582,v031
AEJ4T,0,280,280,v008
AEJ4T,338,735,397,v032
AEJ4T,0,199,199,v031
AEJ4T,0,735,735,v018
8S9AF,477,607,130,v008
8S9AF,0,465,465,v030
8S9AF,386,499,113,v022
8S9AF,0,434,434,v030
8S9AF,0,504,504,v018
8S9AF,619,735,116,v029
8S9AF,0,520,520,v026
8S9AF,477,614,137,v016
8S9AF,0,496,496,v008
8S9AF,463,631,168,v016
WHVP2,0,220,220,v008
WHVP2,686,734,48,v008
WHVP2,7,172,165,v022
WHVP2,105,240,135,v023
WHVP2,0,734,734,v019
WHVP2,0,96,96,v016
WHVP2,228,338,110,v029
WHVP2,103,540,437,v008
WHVP2,0,144,144,v031
WHVP2,103,540,437,v023
WHVP2,168,312,144,v029
WHVP2,408,552,144,v016
8D464,0,694,694,v008
8D464,355,482,127,v027
8D464,276,415,139,v013
8D464,136,422,286,v013
8D464,0,177,177,v008
8D464,0,420,420,v014
8D464,549,686,137,v029
56ASU,324,809,485,v030
56ASU,110,220,110,v027
56ASU,4,165,161,v029
SHP4R,0,180,180,v012
SHP4R,151,549,398,v008
SHP4R,134,444,310,v005
SHP4R,139,256,117,v023
SHP4R,439,544,105,v023
SHP4R,144,290,146,v001
O2DXE,72,254,182,v016
O2DXE,4,163,159,v031
O2DXE,0,457,457,v010
VLYM4,626,892,266,v008
VLYM4,621,892,271,v005
VLYM4,554,736,182,v018
VLYM4,636,864,228,v005
VLYM4,540,859,319,v018
VLYM4,218,592,374,v008
VLYM4,160,280,120,v020
VLYM4,592,727,135,v018
VLYM4,0,134,134,v017
VLYM4,715,940,225,v023
VLYM4,660,811,151,v016
VLYM4,194,427,233,v026
MBGPJ,348,566,218,v004
MBGPJ,328,501,173,v023
MBGPJ,252,434,182,v012
MBGPJ,328,639,311,v008
MBGPJ,194,333,139,v022
MBGPJ,0,307,307,v018
MBGPJ,549,639,90,v001
MBGPJ,261,405,144,v001
K9KDK,0,750,750,v014
K9KDK,127,688,561,v002
K9KDK,0,220,220,v031
73X8Q,187,364,177,v008
73X8Q,196,352,156,v023
73X8Q,21,146,125,v008
73X8Q,108,254,146,v016
73X8Q,14,148,134,v023
73X8Q,316,535,219,v029
73X8Q,218,338,120,v001
73X8Q,0,728,728,v008
73X8Q,134,268,134,v004
XDFPV,103,733,630,v008
XDFPV,187,733,546,v014
XDFPV,112,444,332,v023
XDFPV,124,733,609,v029
XDFPV,0,208,208,v018
XDFPV,0,340,340,v018
XDFPV,0,244,244,v018
XDFPV,120,271,151,v022
PQBGG,482,607,125,v018
PQBGG,564,971,407,v028
PQBGG,0,242,242,v008
PQBGG,0,760,760,v008
PQBGG,640,971,331,v018
PQBGG,98,242,144,v031
56XKK,103,295,192,v016
56XKK,645,917,272,v021
56XKK,580,847,267,v018
56XKK,86,434,348,v012
56XKK,292,499,207,v012
56XKK,554,917,363,v008
56XKK,0,278,278,v008
56XKK,0,199,199,v001
56XKK,168,333,165,v016
56XKK,117,300,183,v016
56XKK,631,917,286,v010
56XKK,103,343,240,v016
56XKK,626,917,291,v031
56XKK,268,429,161,v029
56XKK,0,917,917,v008
2FL0X,67,230,163,v012
2FL0X,67,225,158,v007
2FL0X,24,163,139,v017
2FL0X,74,213,139,v029
TLJRV,105,278,173,v012
TLJRV,55,223,168,v022
TLJRV,187,566,379,v023
TLJRV,91,734,643,v023
TLJRV,199,662,463,v018
TLJRV,352,960,608,v012
TLJRV,264,823,559,v016
TLJRV,132,350,218,v016
TLJRV,204,484,280,v016
TLJRV,561,823,262,v018
TLJRV,316,556,240,v016
TLJRV,357,796,439,v009
TLJRV,331,1026,695,v031
TLJRV,208,484,276,v008
TLJRV,340,1026,686,v008
TLJRV,326,472,146,v023
TLJRV,192,422,230,v023
TLJRV,638,1026,388,v018
G2WHU,0,279,279,v018
G2WHU,0,279,279,v008
293PC,420,607,187,v008
293PC,352,518,166,v012
2G59W,158,302,144,v008
2G59W,141,302,161,v026
2G59W,0,189,189,v008
2G59W,0,194,194,v014
2G59W,91,206,115,v016
2G59W,0,302,302,v018
2G59W,151,290,139,v023
92QGQ,0,273,273,v008
92QGQ,175,719,544,v008
92QGQ,542,719,177,v018
92QGQ,0,302,302,v023
92QGQ,513,696,183,v018
92QGQ,81,309,228,v016
92QGQ,292,496,204,v029
92QGQ,199,328,129,v025
92QGQ,38,144,106,v029
92QGQ,650,719,69,v021
PAXNL,14,530,516,v018
PAXNL,616,664,48,v008
PAXNL,614,664,50,v018
PAXNL,616,664,48,v005
PAXNL,616,664,48,v022
X4CZH,256,838,582,v006
X4CZH,0,144,144,v031
X4CZH,86,247,161,v027
X4CZH,0,141,141,v012
X4CZH,141,288,147,v027
41SB2,48,264,216,v022
41SB2,264,384,120,v001
41SB2,360,552,192,v026
41SB2,72,240,168,v006
41SB2,256,403,147,v012
41SB2,316,563,247,v026
41SB2,28,266,238,v022
2QXXW,201,829,628,v012
2QXXW,254,829,575,v007
2QXXW,0,829,829,v008
2QXXW,321,799,478,v029
2QXXW,0,829,829,v008
WNYV6,309,448,139,v001
WNYV6,254,374,120,v012
WNYV6,146,309,163,v001
WNYV6,103,235,132,v012
WNYV6,276,391,115,v016
WNYV6,309,448,139,v001
WNYV6,0,396,396,v008
WNYV6,115,316,201,v031
WNYV6,271,441,170,v016
G3K2N,0,729,729,v018
G3K2N,0,729,729,v008
G3K2N,0,729,729,v008
FABO7,0,752,752,v008
FABO7,0,752,752,v024
FABO7,201,752,551,v031
FABO7,621,752,131,v019
8EU89,45,182,137,v012
8EU89,324,676,352,v028
8EU89,139,276,137,v018
8EU89,139,276,137,v018
8EU89,578,710,132,v025
8EU89,0,192,192,v008
8EU89,57,196,139,v029
5IVO1,0,350,350,v031
5IVO1,0,410,410,v018
5IVO1,290,754,464,v003
5IVO1,0,175,175,v023
5IVO1,0,352,352,v008
5IVO1,223,345,122,v001
5IVO1,662,754,92,v017
5IVO1,110,237,127,v012
5IVO1,237,364,127,v016
5IVO1,300,754,454,v022
MYB7P,0,278,278,v008
MYB7P,96,240,144,v013
MYB7P,206,360,154,v005
MYB7P,295,412,117,v008
MYB7P,146,367,221,v013
MYB7P,254,376,122,v008
MYB7P,297,417,120,v005
MYB7P,0,471,471,v008
MYB7P,136,471,335,v005
MYB7P,0,218,218,v014
TD3HC,0,146,146,v016
TD3HC,0,141,141,v025
TD3HC,211,422,211,v012
TD3HC,0,120,120,v016
DK59J,295,609,314,v012
DK59J,295,616,321,v031
DK59J,506,703,197,v020
DK59J,477,604,127,v001
DK59J,0,729,729,v008
DK59J,614,729,115,v006
DK59J,108,429,321,v019
DK59J,0,729,729,v008
WFD5Z,156,280,124,v001
WFD5Z,0,240,240,v031
WFD5Z,602,753,151,v020
WFD5Z,0,753,753,v018
WFD5Z,0,753,753,v018
WFD5Z,261,446,185,v008
WFD5Z,218,379,161,v023
WFD5Z,295,652,357,v005
WFD5Z,295,652,357,v005
WFD5Z,0,252,252,v014
WFD5Z,0,252,252,v032
WFD5Z,338,460,122,v016
WFD5Z,271,444,173,v008
WFD5Z,218,451,233,v023
WFD5Z,237,434,197,v016
WFD5Z,230,379,149,v023
69EK6,648,825,177,v016
69EK6,0,765,765,v024
69EK6,660,813,153,v016
69EK6,739,875,136,v012
69EK6,777,875,98,v029
69EK6,0,816,816,v023
42E9I,0,800,800,v021
42E9I,744,800,56,v001
42E9I,744,800,56,v001
42E9I,408,556,148,v004
SVO89,384,508,124,v008
SVO89,352,508,156,v023
SVO89,456,614,158,v001
SVO89,422,556,134,v012
SVO89,458,585,127,v007
SVO89,434,602,168,v029
SVO89,362,544,182,v008
SVO89,0,434,434,v014
9207X,228,384,156,v012
9207X,26,187,161,v008
9207X,434,502,68,v001
9207X,117,247,130,v016
9207X,208,345,137,v018
MDG2T,331,489,158,v025
MDG2T,136,297,161,v016
MDG2T,220,470,250,v008
MDG2T,199,338,139,v023
MDG2T,0,249,249,v004
MDG2T,597,734,137,v026
MDG2T,0,386,386,v008
MDG2T,0,146,146,v023
MDG2T,355,595,240,v016
MDG2T,360,573,213,v025
MDG2T,0,386,386,v018
MDG2T,0,357,357,v018
MDG2T,144,256,112,v016
MDG2T,0,264,264,v008
MDG2T,144,256,112,v016
MDG2T,153,283,130,v022
3DLKC,324,638,314,v006
3DLKC,0,134,134,v012
3DLKC,0,791,791,v032
3DLKC,103,225,122,v025
3DLKC,0,791,791,v032
3DLKC,0,791,791,v018
3DLKC,0,132,132,v029
3DLKC,264,424,160,v023
3DLKC,0,791,791,v018
3DLKC,67,201,134,v008
WZ351,0,784,784,v008
WZ351,9,388,379,v019
CY2J2,319,1017,698,v006
CY2J2,158,1024,866,v008
CY2J2,26,249,223,v018
CY2J2,1080,1221,141,v022
CY2J2,0,1221,1221,v018
CY2J2,38,1140,1102,v018
WBBTU,314,748,434,v002
WBBTU,24,288,264,v012
WBBTU,74,187,113,v001
WBBTU,139,518,379,v008
WBBTU,134,604,470,v005
WBBTU,206,309,103,v023
YXJBA,0,211,211,v031
YXJBA,153,962,809,v008
YXJBA,48,259,211,v016
YXJBA,0,230,230,v008
YXJBA,0,962,962,v021
YXJBA,220,962,742,v005
YXJBA,100,259,159,v016
YXJBA,494,628,134,v004
YXJBA,177,962,785,v008
YXJBA,172,312,140,v023
YXJBA,163,350,187,v023
YXJBA,0,962,962,v008
AVA41,585,768,183,v012
AVA41,367,523,156,v012
AVA41,216,408,192,v022
AVA41,216,432,216,v031
AVA41,727,774,47,v007
AVA41,727,774,47,v005
AVA41,727,774,47,v029
AVA41,36,223,187,v001
AVA41,446,705,259,v008
AVA41,482,612,130,v001
P4UXI,480,765,285,v015
P4UXI,0,1448,1448,v024
P4UXI,0,1448,1448,v018
P4UXI,386,532,146,v018
P4UXI,184,367,183,v029
ESAIY,0,856,856,v018
ESAIY,0,117,117,v008
ESAIY,136,355,219,v004
ESAIY,0,266,266,v008
ESAIY,415,708,293,v006
ESAIY,16,278,262,v005
M8I61,21,736,715,v008
M8I61,374,684,310,v020
M8I61,21,475,454,v008
M8I61,21,475,454,v008
QYF31,184,269,85,v014
QYF31,0,112,112,v028
QYF31,163,269,106,v008
QYF31,117,249,132,v025
U32ZC,153,304,151,v016
U32ZC,0,285,285,v008
U32ZC,0,256,256,v023
JELL2,0,396,396,v031
JELL2,290,605,315,v005
JELL2,276,605,329,v008
JELL2,271,605,334,v023
JELL2,0,220,220,v009
JELL2,0,268,268,v019
JELL2,300,605,305,v005
JELL2,283,396,113,v008
JELL2,252,386,134,v023
06R14,184,497,313,v020
06R14,0,497,497,v010
IHSRC,0,96,96,v012
IHSRC,626,750,124,v009
IHSRC,408,750,342,v031
IHSRC,626,750,124,v019
IHSRC,26,300,274,v003
IHSRC,432,667,235,v023
IHSRC,626,750,124,v009
IHSRC,0,103,103,v023
VUSFK,0,417,417,v021
VUSFK,376,549,173,v008
VUSFK,0,578,578,v008
ES10S,400,535,135,v027
ES10S,0,506,506,v018
ES10S,0,453,453,v008
ES10S,352,504,152,v016
ES10S,384,518,134,v022
ES10S,192,384,192,v009
7WIRG,98,369,271,v008
7WIRG,187,369,182,v008
7WIRG,177,372,195,v023
7WIRG,98,288,190,v023
SJJ35,0,134,134,v004
SJJ35,0,177,177,v008
SJJ35,0,601,601,v018
SJJ35,0,601,601,v031
SJJ35,247,369,122,v005
SJJ35,0,601,601,v018
SJJ35,0,211,211,v008
SJJ35,0,141,141,v015
SJJ35,43,211,168,v016
SJJ35,127,601,474,v008
SJJ35,151,601,450,v008
SJJ35,50,192,142,v016
X28IF,184,420,236,v016
X28IF,331,622,291,v014
X28IF,0,622,622,v018
X28IF,201,350,149,v015
X28IF,0,622,622,v018
X28IF,0,240,240,v031
X28IF,160,412,252,v026
X28IF,340,622,282,v031
X28IF,165,417,252,v023
X28IF,372,622,250,v032
X28IF,0,187,187,v000
X28IF,163,420,257,v016
X28IF,180,429,249,v023
X28IF,180,405,225,v008
EWH3D,0,91,91,v018
EWH3D,619,756,137,v022
EWH3D,2,693,691,v008
EWH3D,0,732,732,v018
EWH3D,2,696,694,v016
EWH3D,0,64,64,v031
EWH3D,2,696,694,v026
K21RO,218,705,487,v023
K21RO,648,717,69,v001
K21RO,333,537,204,v008
K21RO,508,698,190,v016
K21RO,602,717,115,v031
K21RO,602,717,115,v001
K21RO,141,309,168,v012
K21RO,297,686,389,v008
K21RO,0,120,120,v029
953I1,151,324,173,v015
953I1,103,264,161,v023
953I1,153,398,245,v004
953I1,156,436,280,v008
953I1,336,506,170,v016
953I1,336,484,148,v016
0AYPZ,247,566,319,v008
0AYPZ,247,566,319,v026
0AYPZ,213,566,353,v031
PPKP0,285,535,250,v004
PPKP0,0,242,242,v008
PPKP0,273,693,420,v018
PPKP0,201,367,166,v018
PPKP0,0,242,242,v008
PPKP0,139,292,153,v016
95M38,494,626,132,v016
95M38,160,343,183,v004
95M38,554,695,141,v020
95M38,492,626,134,v016
95M38,0,695,695,v018
95M38,0,604,604,v008
QXEWB,0,88,88,v025
QXEWB,0,271,271,v017
6HWQJ,0,592,592,v008
6HWQJ,0,506,506,v020
6HWQJ,0,580,580,v008
VEHER,67,237,170,v008
VEHER,336,448,112,v029
VEHER,81,237,156,v008
VEHER,43,235,192,v023
VEHER,79,247,168,v017
VEHER,48,249,201,v023
VEHER,436,483,47,v008
VEHER,436,483,47,v023
LW1W2,235,434,199,v004
LW1W2,194,384,190,v008
LW1W2,386,535,149,v008
LW1W2,386,602,216,v025
LW1W2,391,568,177,v008
LW1W2,0,738,738,v008
LW1W2,136,357,221,v023
AFAXI,220,463,243,v000
AFAXI,424,583,159,v020
AFAXI,0,400,400,v010
AFAXI,376,648,272,v018
AFAXI,309,499,190,v000
D95PM,0,643,643,v008
D95PM,0,643,643,v008
5O281,0,297,297,v014
5O281,189,326,137,v023
5O281,0,742,742,v018
5O281,0,742,742,v032
5O281,184,742,558,v008
84893,348,501,153,v025
84893,326,472,146,v008
84893,16,381,365,v016
84893,0,84,84,v031
84893,364,492,128,v025
84893,326,460,134,v008
84893,28,367,339,v026
84893,208,374,166,v025
84893,319,472,153,v029
84893,187,367,180,v026
NL0QB,400,612,212,v012
NL0QB,285,408,123,v001
NL0QB,0,328,328,v014
NL0QB,0,372,372,v032
J5CAN,7,163,156,v000
J5CAN,84,206,122,v001
J5CAN,9,158,149,v000
J5CAN,158,288,130,v022
J5CAN,252,345,93,v001
J5CAN,127,256,129,v018
J5CAN,108,242,134,v016
J5CAN,55,230,175,v008
J5CAN,0,201,201,v010
J5CAN,57,223,166,v031
XGL67,0,348,348,v026
XGL67,0,400,400,v016
XGL67,0,393,393,v023
XGL67,0,148,148,v016
XGL67,540,753,213,v026
XGL67,388,753,365,v008
XGL67,0,156,156,v023
ACJR6,0,336,336,v008
ACJR6,223,360,137,v025
ACJR6,0,648,648,v018
ACJR6,0,648,648,v006
S47DI,259,554,295,v023
S47DI,583,729,146,v001
S47DI,0,180,180,v012
S47DI,0,172,172,v012
S47DI,578,729,151,v001
S47DI,429,554,125,v016
S47DI,408,520,112,v023
S47DI,232,492,260,v016
TCN06,252,520,268,v023
TCN06,240,520,280,v026
TCN06,0,165,165,v029
TCN06,295,451,156,v026
TCN06,326,655,329,v008
TCN06,0,648,648,v008
XX7ZJ,0,545,545,v008
XX7ZJ,288,408,120,v019
XX7ZJ,2,545,543,v008
FS3SY,0,736,736,v008
FS3SY,0,736,736,v005
FS3SY,0,736,736,v005
FS3SY,0,736,736,v018
FS3SY,0,736,736,v008
3Z7KH,422,532,110,v001
3Z7KH,0,528,528,v008
3Z7KH,0,756,756,v018
3Z7KH,300,489,189,v020
3Z7KH,410,600,190,v016
3Z7KH,0,420,420,v031
3Z7KH,708,756,48,v019
3Z7KH,708,756,48,v032
3Z7KH,708,756,48,v018
3Z7KH,708,756,48,v020
3Z7KH,708,756,48,v016
3Z7KH,708,756,48,v031
55V6Z,52,264,212,v016
55V6Z,422,590,168,v001
55V6Z,482,723,241,v008
55V6Z,446,710,264,v009
55V6Z,396,723,327,v031
55V6Z,28,484,456,v016
55V6Z,674,723,49,v008
55V6Z,674,723,49,v023
55V6Z,672,723,51,v012
55V6Z,674,723,49,v023
1K4ZT,0,307,307,v026
1K4ZT,362,739,377,v023
1K4ZT,0,259,259,v026
1K4ZT,369,739,370,v008
1K4ZT,0,158,158,v026
1K4ZT,295,436,141,v029
TZ27E,216,336,120,v023
TZ27E,122,259,137,v016
TZ27E,259,422,163,v008
TZ27E,326,436,110,v016
TZ27E,216,340,124,v023
22ROE,232,376,144,v016
22ROE,280,444,164,v023
22ROE,2,141,139,v023
22ROE,232,372,140,v016
22ROE,348,487,139,v008
22ROE,523,669,146,v001
22ROE,336,508,172,v012
22ROE,544,739,195,v016
8N7NZ,487,676,189,v016
8N7NZ,0,367,367,v021
8N7NZ,129,280,151,v022
8N7NZ,0,240,240,v018
8N7NZ,0,626,626,v008
8N7NZ,475,636,161,v016
8N7NZ,542,752,210,v001
8N7NZ,396,573,177,v012
PPUOO,148,400,252,v016
PPUOO,153,405,252,v025
PPUOO,295,477,182,v007
PPUOO,290,475,185,v001
PPUOO,235,417,182,v008
PPUOO,204,415,211,v023
PPUOO,292,468,176,v026
PPUOO,0,108,108,v012
PPUOO,187,331,144,v012
PPUOO,52,218,166,v005
L8N31,0,307,307,v031
L8N31,508,645,137,v027
L8N31,0,540,540,v018
L8N31,628,752,124,v001
L8N31,0,566,566,v014
L8N31,453,583,130,v022
L8N31,0,552,552,v018
L8N31,588,752,164,v029
L8N31,0,559,559,v032
L8N31,0,499,499,v031
HD57S,326,782,456,v008
HD57S,31,348,317,v016
HD57S,0,782,782,v008
HD57S,7,391,384,v008
HD57S,312,758,446,v026
HD57S,300,739,439,v026
HD57S,648,782,134,v023
TAGEG,196,408,212,v026
TAGEG,0,268,268,v026
TAGEG,340,457,117,v016
TAGEG,216,457,241,v008
TAGEG,362,457,95,v026
TAGEG,208,316,108,v023
TAGEG,319,457,138,v016
TAGEG,367,457,90,v001
TAGEG,316,427,111,v012
MTZ0T,177,376,199,v015
SWIQN,110,381,271,v023
SWIQN,0,168,168,v008
SWIQN,307,470,163,v008
SWIQN,384,554,170,v008
SWIQN,72,184,112,v016
SWIQN,72,184,112,v025
KXCSL,0,156,156,v023
KXCSL,290,722,432,v018
KXCSL,0,88,88,v012
KXCSL,172,386,214,v018
KXCSL,0,177,177,v023
KXCSL,0,177,177,v008
KXCSL,74,228,154,v001
KXCSL,38,175,137,v016
U0ACD,504,679,175,v005
U0ACD,583,685,102,v022
U0ACD,9,237,228,v008
U0ACD,0,261,261,v026
U0ACD,0,669,669,v018
Q7YXN,302,523,221,v016
Q7YXN,0,523,523,v026
Q7YXN,295,730,435,v016
Q7YXN,302,730,428,v025
Q7YXN,0,386,386,v008
Q7YXN,309,511,202,v008
Q7YXN,309,518,209,v023
Q7YXN,297,652,355,v030
Q7YXN,0,391,391,v026
2YXJO,213,621,408,v008
2YXJO,204,621,417,v008
2YXJO,448,616,168,v028
2YXJO,100,417,317,v028
2YXJO,182,333,151,v017
2YXJO,312,468,156,v016
DJVZQ,578,818,240,v015
DJVZQ,19,626,607,v023
DJVZQ,556,840,284,v008
DJVZQ,585,847,262,v016
DJVZQ,33,648,615,v008
DJVZQ,57,657,600,v005
DJVZQ,67,698,631,v008
DJVZQ,0,74,74,v029
DJVZQ,583,703,120,v016
DJVZQ,57,189,132,v023
RT07R,0,739,739,v008
WTGVG,0,218,218,v008
WTGVG,667,756,89,v001
WTGVG,153,278,125,v016
WTGVG,4,115,111,v012
WTGVG,129,304,175,v016
WTGVG,472,736,264,v026
9UDMH,235,583,348,v008
9UDMH,72,1243,1171,v018
9UDMH,600,1185,585,v031
9UDMH,1104,1236,132,v022
9UDMH,60,230,170,v018
9UDMH,45,180,135,v022
9UDMH,254,564,310,v004
9UDMH,242,463,221,v023
9UDMH,204,552,348,v031
9UDMH,273,564,291,v016
9UDMH,933,1041,108,v016
9UDMH,1104,1231,127,v016
9UDMH,518,676,158,v023
9UDMH,580,1231,651,v008
5XA4R,33,211,178,v018
5XA4R,0,211,211,v018
5XA4R,115,616,501,v008
5XA4R,156,576,420,v031
5XA4R,456,602,146,v022
WV9FZ,0,687,687,v018
WV9FZ,0,687,687,v008
WV9FZ,81,213,132,v008
WV9FZ,72,196,124,v023
WV9FZ,105,268,163,v005
WV9FZ,0,343,343,v018
WV9FZ,552,687,135,v018
WV9FZ,0,687,687,v014
WV9FZ,0,687,687,v018
T38JM,0,369,369,v008
T38JM,220,367,147,v016
T38JM,36,343,307,v026
T38JM,343,556,213,v009
T38JM,33,360,327,v026
UQJ58,74,249,175,v012
UQJ58,0,144,144,v031
UQJ58,614,777,163,v001
UQJ58,187,703,516,v009
3LUUF,242,451,209,v023
WPRJD,446,742,296,v004
WPRJD,0,583,583,v025
WPRJD,0,585,585,v026
WPRJD,429,631,202,v023
WPRJD,427,742,315,v008
WPRJD,0,518,518,v023
WPRJD,0,518,518,v026
WPRJD,0,518,518,v016
WPRJD,201,312,111,v016
WPRJD,0,307,307,v008
WPRJD,201,312,111,v025
WPRJD,244,511,267,v008
WPRJD,0,290,290,v026
S027B,81,336,255,v008
S027B,81,415,334,v023
S027B,235,405,170,v016
S027B,237,396,159,v016
YXSI7,38,182,144,v029
YXSI7,314,496,182,v020
YXSI7,21,146,125,v012
YXSI7,244,559,315,v018
YXSI7,216,345,129,v018
YXSI7,55,196,141,v001
YXSI7,244,559,315,v018
YXSI7,31,199,168,v007
E51QT,0,760,760,v010
E51QT,324,636,312,v019
E51QT,206,393,187,v018
E51QT,312,621,309,v019
E51QT,0,760,760,v031
E51QT,129,264,135,v016
35C4E,180,650,470,v018
35C4E,141,340,199,v018
35C4E,518,739,221,v012
35C4E,338,568,230,v022
35C4E,504,921,417,v029
35C4E,811,925,114,v023
UGWOG,256,482,226,v027
UGWOG,950,1188,238,v008
UGWOG,1060,1221,161,v025
UGWOG,1195,1293,98,v001
UGWOG,249,489,240,v027
UGWOG,1248,1293,45,v016
UGWOG,1248,1293,45,v016
UGWOG,1248,1293,45,v023
SIUU5,177,728,551,v008
SIUU5,158,292,134,v027
SIUU5,14,172,158,v012
SIUU5,60,201,141,v029
SIUU5,199,728,529,v008
78XRT,0,732,732,v018
78XRT,189,408,219,v025
78XRT,153,290,137,v020
78XRT,0,732,732,v018
78XRT,0,732,732,v018
78XRT,223,732,509,v009
78XRT,0,732,732,v018
GP5CT,357,730,373,v008
GP5CT,0,403,403,v008
GP5CT,0,403,403,v026
GP5CT,2,730,728,v019
GP5CT,0,403,403,v026
GP5CT,379,730,351,v004
GP5CT,307,427,120,v016
GP5CT,295,417,122,v009
UWV5O,0,762,762,v008
UWV5O,0,762,762,v005
UWV5O,0,762,762,v008
UWV5O,0,762,762,v005
UWV5O,0,762,762,v008
XZGIR,0,739,739,v008
XZGIR,180,739,559,v008
XZGIR,0,103,103,v018
XZGIR,0,715,715,v018
XZGIR,604,739,135,v022
JRSPH,0,340,340,v018
JRSPH,206,360,154,v022
JRSPH,276,547,271,v029
JRSPH,0,290,290,v028
JRSPH,276,424,148,v012
OEUGC,811,869,58,v005
OEUGC,0,396,396,v008
OEUGC,338,724,386,v003
OEUGC,165,300,135,v020
OEUGC,811,869,58,v004
OEUGC,278,439,161,v016
OEUGC,0,151,151,v023
OEUGC,672,820,148,v023
OEUGC,0,417,417,v014
OEUGC,343,482,139,v023
OEUGC,672,869,197,v008
OEUGC,295,408,113,v001
4PCSC,96,360,264,v004
4PCSC,0,168,168,v015
4PCSC,360,552,192,v000
4PCSC,0,432,432,v010
4PCSC,408,523,115,v025
4PCSC,0,647,647,v008
4PCSC,0,513,513,v008
4PCSC,369,501,132,v008
4PCSC,408,547,139,v025
4PCSC,482,647,165,v018
HTGZV,0,619,619,v018
HTGZV,0,619,619,v008
HTGZV,0,619,619,v020
HTGZV,0,619,619,v018
FI2DL,285,493,208,v008
FI2DL,285,493,208,v023
FI2DL,132,266,134,v001
FI2DL,177,374,197,v017
FI2DL,38,225,187,v012
FI2DL,432,493,61,v026
A8T8V,422,784,362,v014
A8T8V,180,331,151,v018
A8T8V,0,110,110,v029
A8T8V,156,388,232,v030
A8T8V,508,705,197,v030
A8T8V,124,784,660,v008
A8T8V,117,235,118,v023
A8T8V,396,784,388,v008
AAS9S,0,439,439,v026
AAS9S,0,439,439,v008
AAS9S,465,715,250,v016
AAS9S,453,614,161,v023
AAS9S,465,686,221,v008
J8JOQ,115,295,180,v018
J8JOQ,636,746,110,v016
J8JOQ,307,645,338,v024
J8JOQ,240,746,506,v018
J8JOQ,24,127,103,v023
J8JOQ,24,746,722,v008
J8JOQ,698,746,48,v016
J8JOQ,0,110,110,v029
PPXPA,12,398,386,v008
PPXPA,81,220,139,v012
PPXPA,144,376,232,v016
PPXPA,12,756,744,v018
PPXPA,43,252,209,v023
PPXPA,31,204,173,v020
PPXPA,24,756,732,v031
PPXPA,0,756,756,v018
TS880,0,177,177,v029
TS880,316,564,248,v016
TS880,487,924,437,v003
TS880,0,506,506,v008
TS880,472,628,156,v023
Q8HQM,0,280,280,v031
Q8HQM,189,319,130,v019
Q8HQM,79,254,175,v020
TJBNP,0,916,916,v021
TJBNP,0,982,982,v018
TJBNP,0,982,982,v008
K0Z9V,120,264,144,v016
K0Z9V,336,456,120,v012
K0Z9V,328,487,159,v029
K0Z9V,194,379,185,v020
K0Z9V,0,132,132,v002
K0Z9V,379,496,117,v001
K0Z9V,0,110,110,v023
K0Z9V,314,472,158,v007
FQA3W,141,506,365,v007
FQA3W,441,514,73,v022
FQA3W,0,514,514,v018
FQA3W,0,247,247,v008
FQA3W,0,156,156,v023
FQA3W,2,506,504,v003
FQA3W,0,514,514,v003
MY7NU,213,324,111,v008
MY7NU,182,316,134,v023
MY7NU,309,506,197,v026
MY7NU,117,235,118,v025
MY7NU,249,705,456,v026
MY7NU,0,220,220,v008
MY7NU,117,237,120,v025
0GYRH,451,578,127,v012
0GYRH,542,705,163,v008
0GYRH,4,513,509,v031
0GYRH,0,124,124,v012
0GYRH,0,768,768,v008
0GYRH,388,513,125,v001
WIOCA,146,743,597,v008
WIOCA,285,468,183,v024
WIOCA,40,743,703,v019
WIOCA,4,196,192,v009
2ZG3U,631,755,124,v015
2ZG3U,0,307,307,v010
2ZG3U,220,355,135,v022
2ZG3U,384,516,132,v012
2ZG3U,0,302,302,v031
P2JL6,0,158,158,v031
P2JL6,43,264,221,v008
P2JL6,7,165,158,v013
P2JL6,7,165,158,v014
1SCAZ,0,300,300,v026
1SCAZ,232,733,501,v031
1SCAZ,0,733,733,v008
1SCAZ,0,175,175,v030
KFHLP,0,105,105,v016
KFHLP,0,108,108,v016
KFHLP,0,127,127,v016
KFHLP,60,184,124,v001
KFHLP,0,93,93,v017
KFHLP,0,427,427,v008
KFHLP,129,259,130,v018
KFHLP,0,96,96,v008
KFHLP,189,424,235,v014
06NUT,364,508,144,v016
06NUT,0,487,487,v008
06NUT,28,588,560,v020
06NUT,388,511,123,v016
2JYRQ,369,571,202,v030
2JYRQ,232,357,125,v022
2JYRQ,0,321,321,v026
2JYRQ,0,348,348,v018
VD6P1,0,610,610,v019
VD6P1,0,180,180,v012
VD6P1,0,610,610,v019
VD6P1,168,314,146,v006
VD6P1,0,610,610,v031
SAT9P,0,225,225,v031
SAT9P,468,684,216,v008
SAT9P,489,619,130,v023
SAT9P,295,684,389,v021
SAT9P,146,367,221,v018
SAT9P,489,684,195,v012
SAT9P,417,684,267,v031
SAT9P,271,528,257,v023
SAT9P,170,684,514,v018
SAT9P,216,523,307,v003
8AKRP,0,165,165,v004
8AKRP,278,451,173,v016
8AKRP,256,381,125,v022
8AKRP,379,479,100,v020
8AKRP,0,446,446,v008
55BOW,276,420,144,v023
55BOW,295,448,153,v022
55BOW,0,391,391,v018
55BOW,578,705,127,v029
55BOW,0,400,400,v018
55BOW,393,554,161,v016
55BOW,0,249,249,v004
55BOW,412,566,154,v008
55BOW,314,480,166,v008
55BOW,384,698,314,v023
SOI68,218,420,202,v016
SOI68,609,762,153,v008
SOI68,276,398,122,v016
SOI68,12,146,134,v023
SOI68,261,386,125,v029
JT6DX,0,778,778,v008
JT6DX,302,778,476,v008
JT6DX,367,778,411,v019
JT6DX,314,778,464,v031
HPEE5,206,552,346,v029
HPEE5,19,582,563,v008
HPEE5,302,513,211,v012
HPEE5,0,582,582,v016
HPEE5,0,582,582,v023
HPEE5,0,582,582,v008
HPEE5,487,582,95,v001
TXQWJ,0,204,204,v004
TXQWJ,127,264,137,v016
TXQWJ,182,300,118,v012
TXQWJ,189,422,233,v023
TXQWJ,189,422,233,v016
1DGC9,163,578,415,v008
1DGC9,91,225,134,v023
1DGC9,492,578,86,v012
1DGC9,218,338,120,v022
1DGC9,0,355,355,v021
1DGC9,340,578,238,v008
1DGC9,446,578,132,v001
1DGC9,0,187,187,v000
1DGC9,463,578,115,v029
1DGC9,343,504,161,v023
1DGC9,0,139,139,v010
ZZ89F,0,230,230,v029
ZZ89F,326,494,168,v001
ZZ89F,177,336,159,v012
ZZ89F,177,324,147,v012
ZZ89F,532,832,300,v015
ZZ89F,511,636,125,v008
OO2SF,0,122,122,v012
OO2SF,633,740,107,v008
OO2SF,21,688,667,v028
OO2SF,669,740,71,v029
OO2SF,628,740,112,v023
OO2SF,552,674,122,v016
LX54K,0,767,767,v008
LX54K,400,767,367,v019
LX54K,446,631,185,v023
LX54K,357,528,171,v023
LX54K,477,767,290,v008
4JKLQ,607,835,228,v008
4JKLQ,9,364,355,v008
4JKLQ,244,470,226,v023
4JKLQ,520,650,130,v022
4JKLQ,36,199,163,v012
4JKLQ,573,835,262,v023
4JKLQ,120,441,321,v016
4JKLQ,393,595,202,v001
4JKLQ,573,835,262,v026
4JKLQ,144,602,458,v026
4JKLQ,578,835,257,v026
4JKLQ,153,441,288,v016
4JKLQ,148,616,468,v016
PB7PQ,223,712,489,v008
PB7PQ,19,256,237,v031
PB7PQ,345,676,331,v007
PB7PQ,201,600,399,v031
PB7PQ,352,511,159,v012
PB7PQ,19,247,228,v006
PB7PQ,208,705,497,v008
PB7PQ,499,664,165,v001
PB7PQ,590,715,125,v016
PB7PQ,175,324,149,v023
WF3NY,384,552,168,v012
WF3NY,0,434,434,v008
WF3NY,331,477,146,v016
WF3NY,0,156,156,v008
WF3NY,0,458,458,v026
WF3NY,436,604,168,v023
WF3NY,182,458,276,v026
TBPLW,0,744,744,v008
TBPLW,429,744,315,v030
TBPLW,0,744,744,v029
JY6TC,254,393,139,v023
JY6TC,0,163,163,v000
JY6TC,199,388,189,v022
JY6TC,0,96,96,v010
JY6TC,240,484,244,v016
JY6TC,259,484,225,v008
JY6TC,19,232,213,v018
JY6TC,177,338,161,v031
JY6TC,355,484,129,v029
TMTAC,55,213,158,v008
TMTAC,216,520,304,v008
TMTAC,108,232,124,v016
TMTAC,163,273,110,v012
TMTAC,187,321,134,v023
KJNME,76,403,327,v008
KJNME,74,304,230,v031
0CESB,0,547,547,v031
0CESB,511,740,229,v008
0CESB,559,740,181,v026
0CESB,480,648,168,v023
V2JOF,62,211,149,v027
V2JOF,0,532,532,v008
V2JOF,369,636,267,v016
V2JOF,276,636,360,v016
V2JOF,276,636,360,v016
O7NI6,36,264,228,v016
O7NI6,216,543,327,v008
O7NI6,0,103,103,v012
O7NI6,48,324,276,v018
O7NI6,213,543,330,v018
O7NI6,264,543,279,v021
O7NI6,0,117,117,v029
O7NI6,36,321,285,v025
O7NI6,36,321,285,v025
O7NI6,0,295,295,v008
O7NI6,0,110,110,v007
O7NI6,0,261,261,v016
O7NI6,235,543,308,v008
O7NI6,0,256,256,v025
O7NI6,0,256,256,v016
O7NI6,62,297,235,v026
LVGX3,326,747,421,v008
LVGX3,0,187,187,v002
LVGX3,213,364,151,v028
LVGX3,376,633,257,v023
LVGX3,518,645,127,v025
LVGX3,576,720,144,v025
LVGX3,381,559,178,v026
7HEWH,0,408,408,v008
7HEWH,0,384,384,v004
7HEWH,288,448,160,v016
7HEWH,0,470,470,v018
7HEWH,446,585,139,v023
7HEWH,0,391,391,v008
7HEWH,350,518,168,v022
7HEWH,420,736,316,v030
7HEWH,295,448,153,v016
7HEWH,295,448,153,v016
4X2JC,468,748,280,v008
4X2JC,0,748,748,v021
4X2JC,482,748,266,v005
4X2JC,0,604,604,v010
4X2JC,540,748,208,v023
4X2JC,475,748,273,v018
CEM0H,0,458,458,v008
CEM0H,374,626,252,v004
CEM0H,0,733,733,v031
CEM0H,436,708,272,v016
CEM0H,684,733,49,v016
CEM0H,684,733,49,v008
AWCQN,499,676,177,v012
AWCQN,432,571,139,v022
AWCQN,218,388,170,v023
AWCQN,218,388,170,v016
AWCQN,261,388,127,v016
AWCQN,292,549,257,v026
AWCQN,307,492,185,v008
AWCQN,156,292,136,v007
AWCQN,513,664,151,v016
AWCQN,549,738,189,v001
QLKSV,0,732,732,v018
QLKSV,556,688,132,v005
QLKSV,0,230,230,v005
QLKSV,0,228,228,v008
QLKSV,0,120,120,v012
QLKSV,0,732,732,v021
QLKSV,0,732,732,v018
QLKSV,266,384,118,v004
7KA3L,0,769,769,v021
7KA3L,0,769,769,v008
7KA3L,336,769,433,v019
7KA3L,0,769,769,v008
VE52Z,105,256,151,v005
VE52Z,736,852,116,v025
VE52Z,561,696,135,v005
VE52Z,0,852,852,v008
VE52Z,96,708,612,v031
VE52Z,624,852,228,v025
VE52Z,0,134,134,v029
VE52Z,0,852,852,v018
VE52Z,0,852,852,v008
9YRHF,0,216,216,v008
9YRHF,112,240,128,v025
9YRHF,204,565,361,v004
9YRHF,0,565,565,v008
9YRHF,112,237,125,v025
9YRHF,0,127,127,v020
9YRHF,81,252,171,v025
Q3QC8,141,566,425,v019
Q3QC8,24,201,177,v016
Q3QC8,144,566,422,v019
Q3QC8,0,189,189,v008
RS4ZC,249,482,233,v013
RS4ZC,0,184,184,v008
RS4ZC,0,96,96,v005
RS4ZC,453,628,175,v017
RS4ZC,434,612,178,v029
RS4ZC,170,530,360,v008
RS4ZC,170,535,365,v014
3WD4E,2,132,130,v022
3WD4E,14,314,300,v016
3WD4E,28,170,142,v016
3WD4E,151,268,117,v016
3WD4E,532,847,315,v008
3WD4E,0,429,429,v026
3WD4E,252,379,127,v023
3WD4E,732,847,115,v016
3WD4E,283,429,146,v016
Z6HEA,0,158,158,v016
Z6HEA,0,393,393,v018
Z6HEA,62,273,211,v030
Z6HEA,405,743,338,v008
Z6HEA,0,163,163,v008
Z6HEA,384,523,139,v023
Z6HEA,218,388,170,v018
Z6HEA,439,583,144,v004
Z6HEA,489,645,156,v005
Z6HEA,184,319,135,v029
Z6HEA,0,333,333,v018
Z6HEA,384,743,359,v008
Z6HEA,398,743,345,v005
WWCQE,0,604,604,v003
WWCQE,494,633,139,v022
WWCQE,657,732,75,v029
WWCQE,0,151,151,v008
WWCQE,528,667,139,v031
WWCQE,530,662,132,v006
WWCQE,600,717,117,v023
WWCQE,588,732,144,v008
CEZ0A,264,432,168,v031
CEZ0A,0,564,564,v024
CEZ0A,0,564,564,v023
287ST,103,244,141,v012
287ST,463,633,170,v012
287ST,652,838,186,v031
287ST,74,470,396,v016
287ST,648,784,136,v022
287ST,484,756,272,v008
287ST,501,715,214,v019
287ST,0,417,417,v026
287ST,194,391,197,v026
287ST,391,777,386,v018
DC4XY,0,736,736,v008
DC4XY,237,748,511,v018
DC4XY,117,273,156,v020
DC4XY,199,343,144,v018
DC4XY,508,732,224,v006
DC4XY,252,732,480,v031
HETLN,28,213,185,v008
HETLN,134,408,274,v004
HETLN,158,410,252,v008
HETLN,132,312,180,v019
HETLN,0,199,199,v008
HETLN,96,225,129,v016
HETLN,9,175,166,v023
U9LKA,350,513,163,v012
U9LKA,0,307,307,v032
U9LKA,232,585,353,v022
U9LKA,0,256,256,v014
U9LKA,0,256,256,v031
U9LKA,0,72,72,v018
U9LKA,0,319,319,v018
U9LKA,0,321,321,v018
U9LKA,348,482,134,v007
U9LKA,444,576,132,v029
10AEA,153,386,233,v016
10AEA,0,84,84,v023
10AEA,117,729,612,v026
10AEA,192,729,537,v016
10AEA,14,144,130,v025
10AEA,0,115,115,v008
77SCM,0,74,74,v001
77SCM,4,134,130,v008
77SCM,33,156,123,v029
BYSQ7,14,357,343,v004
BYSQ7,592,886,294,v008
BYSQ7,0,136,136,v018
BYSQ7,0,110,110,v018
BYSQ7,340,652,312,v022
BYSQ7,655,823,168,v028
BYSQ7,28,129,101,v023
BYSQ7,338,441,103,v016
81DW6,160,432,272,v008
81DW6,0,507,507,v012
81DW6,314,456,142,v022
PZ2W1,444,888,444,v014
PZ2W1,50,220,170,v004
PZ2W1,223,888,665,v018
PZ2W1,441,559,118,v023
PZ2W1,448,888,440,v008
ZFQNZ,213,331,118,v001
ZFQNZ,316,439,123,v016
ZFQNZ,276,415,139,v016
ZFQNZ,336,554,218,v002
ZFQNZ,36,187,151,v012
ZFQNZ,235,439,204,v008
ZFQNZ,237,367,130,v023
WQSYC,324,504,180,v004
WQSYC,120,307,187,v032
WQSYC,4,700,696,v018
WQSYC,74,300,226,v031
WQSYC,0,331,331,v008
WQSYC,64,170,106,v012
WQSYC,21,700,679,v010
WQSYC,640,700,60,v001
0DJ6R,64,398,334,v014
0DJ6R,48,405,357,v008
7QQJ1,0,735,735,v018
7QQJ1,0,735,735,v021
7QQJ1,0,735,735,v008
7QQJ1,0,735,735,v008
7QQJ1,0,735,735,v019
RE1M6,31,242,211,v008
RE1M6,244,540,296,v032
RE1M6,244,552,308,v032
RE1M6,518,626,108,v027
RE1M6,552,650,98,v029
RE1M6,0,544,544,v023
RE1M6,0,544,544,v016
NVKDC,168,316,148,v008
NVKDC,211,336,125,v016
NVKDC,244,367,123,v020
NVKDC,204,338,134,v016
TKRIZ,549,755,206,v008
TKRIZ,662,755,93,v016
TKRIZ,0,614,614,v003
TKRIZ,532,667,135,v029
TKRIZ,81,504,423,v016
TKRIZ,544,755,211,v016
TKRIZ,525,645,120,v023
HYRBL,0,427,427,v004
HYRBL,444,722,278,v025
HYRBL,0,724,724,v018
HYRBL,0,391,391,v008
HYRBL,249,384,135,v016
HYRBL,458,643,185,v016
PZQIN,369,542,173,v001
PZQIN,0,564,564,v008
PZQIN,0,81,81,v012
PZQIN,0,542,542,v008
06CKN,206,611,405,v012
06CKN,422,611,189,v001
06CKN,300,465,165,v016
06CKN,172,350,178,v012
06CKN,321,441,120,v025
06CKN,0,256,256,v008
06CKN,297,441,144,v016
06CKN,364,611,247,v001
YPTHX,0,376,376,v008
YPTHX,103,424,321,v008
YPTHX,468,887,419,v004
YPTHX,0,247,247,v012
YPTHX,160,434,274,v016
YPTHX,379,887,508,v008
YPTHX,0,256,256,v016
YPTHX,165,424,259,v023
YPTHX,139,288,149,v016
YPTHX,45,297,252,v023
7XJLH,405,578,173,v004
7XJLH,31,477,446,v002
7XJLH,470,595,125,v016
7XJLH,396,535,139,v023
VYMZC,105,285,180,v027
VYMZC,372,544,172,v023
VYMZC,403,657,254,v008
K8AUX,0,254,254,v004
K8AUX,492,710,218,v023
K8AUX,0,710,710,v008
K8AUX,151,379,228,v009
K8AUX,537,710,173,v029
K8AUX,0,710,710,v023
K8AUX,530,648,118,v023
K8AUX,432,556,124,v023
K8AUX,364,480,116,v016
FYP5L,444,751,307,v008
FYP5L,0,220,220,v017
FYP5L,417,751,334,v023
FYP5L,86,285,199,v029
C6B3T,0,750,750,v031
C6B3T,91,259,168,v004
C6B3T,350,501,151,v019
C6B3T,578,696,118,v009
C6B3T,0,750,750,v018
C6B3T,0,122,122,v014
C6B3T,0,750,750,v018
NB42S,26,730,704,v012
NB42S,0,242,242,v016
NB42S,0,256,256,v016
NB42S,0,480,480,v016
0HD0T,448,607,159,v023
0HD0T,285,456,171,v029
0HD0T,554,676,122,v025
0HD0T,410,559,149,v012
0HD0T,0,681,681,v030
0HD0T,0,703,703,v008
0HD0T,0,703,703,v030
9CDB6,0,268,268,v008
9CDB6,55,369,314,v025
9CDB6,321,542,221,v026
9CDB6,379,691,312,v017
9CDB6,48,333,285,v026
LT13Z,14,739,725,v006
LT13Z,115,672,557,v031
LT13Z,242,508,266,v028
LT13Z,199,336,137,v006
LT13Z,590,739,149,v023
LT13Z,364,739,375,v008
LT13Z,0,739,739,v007
2WX2Z,100,266,166,v026
2WX2Z,182,304,122,v019
2WX2Z,67,312,245,v023
2WX2Z,52,266,214,v012
2WX2Z,52,266,214,v008
2WX2Z,55,206,151,v012
2WX2Z,141,280,139,v001
2WX2Z,146,271,125,v001
1ROX7,0,321,321,v005
1ROX7,0,867,867,v018
1ROX7,0,867,867,v018
1ROX7,278,583,305,v030
SYUNE,0,449,449,v008
SYUNE,0,110,110,v023
SYUNE,74,340,266,v028
SYUNE,345,449,104,v016
SYUNE,345,449,104,v016
SYUNE,278,422,144,v016
SYUNE,199,396,197,v008
Z1DBB,544,1065,521,v025
Z1DBB,307,576,269,v005
Z1DBB,297,564,267,v005
Z1DBB,631,943,312,v023
Z1DBB,432,607,175,v016
Z1DBB,276,585,309,v008
6FYXS,177,412,235,v021
6FYXS,122,300,178,v023
6FYXS,264,444,180,v008
6FYXS,192,331,139,v001
6FYXS,156,444,288,v008
6FYXS,38,189,151,v012
6FYXS,26,208,182,v012
6FYXS,249,367,118,v023
6FYXS,187,333,146,v001
UNKXB,0,569,569,v005
UNKXB,0,569,569,v005
UNKXB,0,569,569,v002
UNKXB,0,569,569,v008
GMSTS,21,559,538,v003
GMSTS,705,823,118,v023
GMSTS,0,237,237,v008
T84EQ,405,585,180,v021
T84EQ,103,405,302,v004
T84EQ,0,115,115,v010
T84EQ,19,168,149,v000
T84EQ,319,434,115,v016
T84EQ,96,206,110,v023
T84EQ,372,595,223,v021
T84EQ,348,496,148,v008
WGJ8T,0,144,144,v003
WGJ8T,0,781,781,v031
WGJ8T,537,781,244,v019
WGJ8T,139,252,113,v022
ZP6LO,0,709,709,v021
ZP6LO,16,696,680,v031
ZP6LO,0,172,172,v004
ZP6LO,211,384,173,v004
ZP6LO,0,709,709,v008
ZP6LO,0,709,709,v008
LPHVE,0,759,759,v005
LPHVE,0,759,759,v005
LPHVE,0,759,759,v008
16S3C,0,350,350,v005
16S3C,448,672,224,v031
16S3C,345,530,185,v008
16S3C,0,448,448,v005
16S3C,160,427,267,v031
16S3C,0,732,732,v008
16S3C,0,732,732,v008
16S3C,192,732,540,v014
16S3C,475,676,201,v013
3XM7Q,403,616,213,v016
3XM7Q,487,628,141,v016
3XM7Q,254,410,156,v016
3XM7Q,405,612,207,v008
3XM7Q,501,612,111,v025
YLEK5,453,648,195,v016
YLEK5,271,612,341,v008
YLEK5,0,348,348,v003
YLEK5,448,655,207,v016
YLEK5,249,658,409,v016
YLEK5,254,658,404,v026
YLEK5,259,518,259,v026
DFPOJ,288,650,362,v016
DFPOJ,0,731,731,v008
DFPOJ,189,460,271,v028
DFPOJ,93,288,195,v023
DFPOJ,681,731,50,v008
DFPOJ,681,731,50,v011
DFPOJ,681,731,50,v032
DFPOJ,681,731,50,v031
0RJ18,232,374,142,v016
0RJ18,0,376,376,v008
0RJ18,232,379,147,v016
HL5OP,345,520,175,v025
HL5OP,684,842,158,v023
HL5OP,693,876,183,v026
HL5OP,398,535,137,v012
HL5OP,482,648,166,v008
HL5OP,350,489,139,v009
HL5OP,0,508,508,v008
HL5OP,456,669,213,v023
HL5OP,201,516,315,v025
HL5OP,465,849,384,v016
W3I8W,0,271,271,v016
W3I8W,172,367,195,v010
W3I8W,0,122,122,v023
W3I8W,496,652,156,v027
W3I8W,127,292,165,v018
W3I8W,216,732,516,v031
W3I8W,0,249,249,v016
VGTX8,240,508,268,v001
VGTX8,540,720,180,v008
VGTX8,288,441,153,v012
VGTX8,703,821,118,v001
VGTX8,530,700,170,v023
Q4UO4,352,554,202,v012
Q4UO4,0,199,199,v002
Q4UO4,595,729,134,v023
Q4UO4,172,326,154,v030
Q4UO4,537,734,197,v008
Q4UO4,657,734,77,v001
Q4UO4,537,734,197,v023
Q4UO4,388,544,156,v012
Q4UO4,676,734,58,v016
Q4UO4,672,734,62,v016
T7TV9,153,436,283,v009
T7TV9,0,679,679,v008
T7TV9,0,679,679,v018
T7TV9,160,408,248,v019
T7TV9,0,679,679,v008
PMG3A,81,230,149,v016
PMG3A,7,158,151,v016
PMG3A,412,648,236,v023
PMG3A,0,648,648,v008
PMG3A,0,184,184,v023
PMG3A,0,648,648,v023
PMG3A,0,648,648,v018
PMG3A,0,648,648,v031
PMG3A,28,388,360,v016
PMG3A,0,158,158,v008
PMG3A,33,588,555,v026
PMG3A,0,648,648,v008
PMG3A,33,566,533,v008
CPF9H,0,833,833,v008
CPF9H,76,833,757,v019
CPF9H,0,833,833,v031
CPF9H,81,833,752,v019
CPF9H,0,833,833,v018
CPF9H,93,235,142,v009
K1X2C,0,273,273,v008
K1X2C,120,273,153,v031
K1X2C,0,76,76,v018
K1X2C,189,273,84,v013
K1X2C,184,273,89,v014
K1X2C,0,273,273,v018
K1X2C,0,273,273,v014
8YZ8X,523,739,216,v016
8YZ8X,57,568,511,v010
8YZ8X,0,1001,1001,v018
8YZ8X,633,837,204,v018
8YZ8X,441,588,147,v022
8YZ8X,547,657,110,v023
8YZ8X,566,679,113,v025
8YZ8X,612,717,105,v027
BZD0Q,357,743,386,v008
BZD0Q,271,415,144,v016
BZD0Q,0,379,379,v004
BZD0Q,88,244,156,v029
BZD0Q,309,547,238,v023
BZD0Q,0,427,427,v008
FUT86,151,290,139,v016
FUT86,0,266,266,v008
FUT86,420,566,146,v012
FUT86,631,866,235,v005
FUT86,612,818,206,v023
FUT86,525,648,123,v016
FUT86,0,297,297,v018
FUT86,110,266,156,v016
FUT86,525,652,127,v016
FUT86,590,835,245,v005
FUT86,0,139,139,v012
FUT86,0,321,321,v018
FUT86,374,645,271,v008
FUT86,511,640,129,v016
FUT86,585,732,147,v023
FUT86,0,290,290,v014
FUT86,393,910,517,v008
FUT86,393,910,517,v016
42UH8,98,268,170,v004
42UH8,216,528,312,v005
42UH8,211,424,213,v008
42UH8,0,622,622,v008
HC62A,0,117,117,v018
HC62A,199,350,151,v012
HC62A,0,117,117,v018
HC62A,153,759,606,v008
HC62A,153,759,606,v008
HC62A,266,759,493,v005
HC62A,0,759,759,v031
HC62A,132,292,160,v023
APQSV,396,590,194,v016
APQSV,55,453,398,v008
APQSV,336,516,180,v016
APQSV,355,518,163,v026
APQSV,86,331,245,v001
APQSV,62,232,170,v012
APQSV,252,566,314,v012
APQSV,319,542,223,v016
8RFDF,21,134,113,v001
8RFDF,74,148,74,v016
8RFDF,84,148,64,v018
8RFDF,48,148,100,v022
8RFDF,0,105,105,v018
8RFDF,0,105,105,v018
8RFDF,36,148,112,v023
YM213,141,280,139,v029
YM213,0,713,713,v008
YM213,0,86,86,v001
YM213,4,127,123,v012
YM213,127,280,153,v007
51J43,165,336,171,v029
51J43,122,254,132,v017
51J43,266,737,471,v028
51J43,120,312,192,v008
51J43,334,737,403,v026
79YH2,0,744,744,v008
79YH2,247,535,288,v019
79YH2,0,708,708,v031
79YH2,499,744,245,v012
79YH2,0,513,513,v031
Z70KK,0,192,192,v026
Z70KK,192,360,168,v030
Z70KK,504,744,240,v008
Z70KK,504,624,120,v023
Z70KK,552,744,192,v026
Z70KK,518,744,226,v026
Z70KK,276,556,280,v008
Z70KK,0,184,184,v016
Z70KK,189,312,123,v016
Z70KK,242,364,122,v030
813XE,24,144,120,v016
813XE,0,96,96,v012
813XE,72,192,120,v022
813XE,144,264,120,v012
813XE,0,151,151,v008
813XE,60,182,122,v001
813XE,184,323,139,v029
813XE,141,323,182,v007
813XE,194,323,129,v001
H1XBH,0,163,163,v008
H1XBH,93,446,353,v018
H1XBH,199,352,153,v005
H1XBH,345,482,137,v022
H1XBH,148,304,156,v023
H1XBH,28,172,144,v016
H1XBH,422,658,236,v026
H1XBH,38,201,163,v018
H1XBH,132,415,283,v008
H1XBH,146,278,132,v012
H1XBH,434,571,137,v023
H1XBH,513,658,145,v026
H1XBH,93,412,319,v023
H1XBH,148,415,267,v008
OAHDH,0,422,422,v002
OAHDH,333,494,161,v016
OAHDH,314,499,185,v008
OAHDH,410,527,117,v030
MNGT1,256,403,147,v001
MNGT1,40,343,303,v014
MNGT1,312,477,165,v016
MNGT1,386,532,146,v023
MNGT1,398,809,411,v008
MNGT1,672,809,137,v016
MNGT1,0,715,715,v008
MNGT1,559,674,115,v012
MNGT1,0,112,112,v012
5H1P1,0,225,225,v031
5H1P1,456,619,163,v026
5H1P1,0,273,273,v009
5H1P1,252,741,489,v030
5H1P1,256,741,485,v023
5H1P1,259,741,482,v008
BD0S7,0,76,76,v008
BD0S7,0,115,115,v010
BD0S7,0,81,81,v013
BD0S7,0,355,355,v026
HIJBX,316,580,264,v008
HIJBX,309,580,271,v016
HIJBX,0,747,747,v007
HIJBX,0,405,405,v026
HIJBX,336,747,411,v016
HIJBX,0,405,405,v008
HIJBX,0,405,405,v016
MHUSZ,0,660,660,v008
MHUSZ,0,756,756,v008
MHUSZ,0,756,756,v013
UG6NT,0,211,211,v019
UG6NT,0,738,738,v008
UG6NT,26,199,173,v025
UG6NT,0,100,100,v008
UG6NT,0,738,738,v013
UG6NT,0,738,738,v014
S2KYK,132,419,287,v031
S2KYK,0,419,419,v018
S2KYK,0,419,419,v021
S2KYK,144,419,275,v009
S2KYK,153,376,223,v019
YY5D1,0,725,725,v010
KHWG2,16,520,504,v004
KHWG2,50,223,173,v004
KHWG2,0,667,667,v008
KHWG2,571,712,141,v016
KHWG2,0,727,727,v008
SVQL5,463,572,109,v025
SVQL5,463,572,109,v025
SVQL5,0,572,572,v010
SVQL5,0,572,572,v021
SVQL5,0,572,572,v000
CX5ZM,208,384,176,v016
CX5ZM,4,340,336,v026
CX5ZM,384,590,206,v002
CX5ZM,367,501,134,v016
CX5ZM,12,333,321,v026
GQCUO,0,386,386,v008
GQCUO,388,758,370,v026
GQCUO,676,758,82,v022
VSR11,0,758,758,v008
VSR11,0,758,758,v026
VSR11,0,758,758,v026
BB5DY,0,528,528,v032
BB5DY,518,866,348,v021
BB5DY,362,501,139,v016
BB5DY,0,866,866,v018
BB5DY,4,463,459,v008
BB5DY,360,477,117,v016
BB5DY,441,619,178,v023
BB5DY,393,564,171,v022
BB5DY,4,165,161,v018
0FJSU,72,312,240,v030
0FJSU,72,312,240,v026
0FJSU,72,312,240,v030
0FJSU,19,403,384,v008
3KWFT,134,720,586,v026
3KWFT,55,165,110,v008
3KWFT,0,151,151,v016
3KWFT,595,731,136,v020
3KWFT,429,624,195,v001
3KWFT,360,508,148,v012
1TW98,48,211,163,v008
1TW98,297,516,219,v001
1TW98,0,384,384,v008
1TW98,0,100,100,v023
1TW98,0,98,98,v023
1TW98,292,528,236,v001
9JI9W,0,1080,1080,v008
9JI9W,660,873,213,v020
9JI9W,1065,1114,49,v016
9JI9W,0,717,717,v008
9JI9W,921,1114,193,v016
9JI9W,0,751,751,v019
NFXPI,237,516,279,v026
NFXPI,518,720,202,v030
NFXPI,417,585,168,v008
NFXPI,0,98,98,v029
NFXPI,532,720,188,v030
CPZZ1,98,235,137,v031
CPZZ1,381,1096,715,v008
CPZZ1,746,926,180,v006
CPZZ1,295,432,137,v001
CPZZ1,148,278,130,v012
CPZZ1,48,172,124,v017
CPZZ1,36,160,124,v029
7WIKW,64,266,202,v015
7WIKW,540,710,170,v016
7WIKW,348,544,196,v021
7WIKW,314,444,130,v023
7WIKW,928,1058,130,v022
7WIKW,196,384,188,v016
7WIKW,880,1003,123,v016
7WIKW,465,662,197,v018
7WIKW,458,962,504,v018
7WIKW,492,650,158,v012
7WIKW,976,1068,92,v029
PT0L3,0,844,844,v008
PT0L3,0,844,844,v014
IFTEQ,0,766,766,v031
IFTEQ,0,766,766,v018
IFTEQ,0,280,280,v014
Y4P3C,532,943,411,v008
Y4P3C,432,576,144,v022
Y4P3C,117,528,411,v018
Y4P3C,9,110,101,v004
Y4P3C,4,105,101,v023
Y4P3C,0,67,67,v018
Y4P3C,0,100,100,v018
Y4P3C,0,968,968,v024
Y4P3C,0,968,968,v008
Y4P3C,861,968,107,v016
Y4P3C,861,968,107,v016
NSEZ8,72,172,100,v012
NSEZ8,48,168,120,v018
NSEZ8,48,168,120,v018
NSEZ8,0,115,115,v016
WER6W,772,909,137,v020
WER6W,772,1029,257,v014
WER6W,496,1087,591,v001
06OKE,0,120,120,v016
06OKE,336,480,144,v004
06OKE,168,288,120,v018
06OKE,168,288,120,v018
06OKE,220,556,336,v008
06OKE,67,242,175,v019
06OKE,235,747,512,v018
06OKE,194,328,134,v016
I4OFW,163,290,127,v001
I4OFW,0,254,254,v026
I4OFW,0,290,290,v008
0ISSH,0,735,735,v021
0ISSH,0,735,735,v021
0ISSH,0,735,735,v010
V9DQI,0,314,314,v005
V9DQI,247,537,290,v020
V9DQI,0,758,758,v018
V9DQI,453,741,288,v031
V9DQI,0,758,758,v008
V9DQI,456,602,146,v031
CWV2Y,650,746,96,v016
CWV2Y,0,693,693,v014
IAC2W,0,445,445,v008
IAC2W,0,445,445,v008
IAC2W,0,445,445,v008
ME4D5,0,554,554,v018
ME4D5,484,554,70,v008
ME4D5,0,554,554,v018
ME4D5,180,352,172,v020
ME4D5,0,268,268,v009
2Z2CS,0,734,734,v014
2Z2CS,0,734,734,v008
YX3W8,2,182,180,v016
YX3W8,0,237,237,v018
YX3W8,0,103,103,v023
YX3W8,74,182,108,v025
YX3W8,206,571,365,v006
YX3W8,508,667,159,v022
YX3W8,151,307,156,v010
YX3W8,67,182,115,v025
YX3W8,0,115,115,v023
YX3W8,12,172,160,v008
YX3W8,84,187,103,v016
YX3W8,170,614,444,v018
5L09N,9,156,147,v028
5L09N,360,947,587,v008
5L09N,326,475,149,v023
5L09N,0,947,947,v018
5L09N,117,290,173,v028
5L09N,794,947,153,v013
5L09N,170,340,170,v016
5L09N,340,947,607,v014
HC5JH,396,528,132,v012
HC5JH,74,535,461,v008
HC5JH,0,611,611,v008
HC5JH,504,611,107,v001
HC5JH,96,432,336,v013
HC5JH,290,604,314,v023
HC5JH,0,611,611,v024
HC5JH,376,597,221,v029
HC5JH,376,597,221,v007
4WMDU,21,767,746,v008
4WMDU,213,547,334,v016
4WMDU,475,732,257,v008
4WMDU,470,628,158,v023
4WMDU,79,194,115,v016
4WMDU,170,343,173,v023
4WMDU,105,304,199,v012
4WMDU,194,340,146,v008
4WMDU,4,187,183,v004
4WMDU,62,189,127,v016
4WMDU,220,374,154,v016
JFXG8,117,273,156,v001
JFXG8,228,674,446,v002
JFXG8,0,98,98,v012
JFXG8,146,338,192,v016
JFXG8,112,333,221,v008
JFXG8,91,232,141,v023
PFOD8,0,336,336,v008
PFOD8,24,235,211,v005
PFOD8,288,336,48,v004
PFOD8,288,336,48,v015
PFOD8,288,336,48,v005
5311V,105,302,197,v019
5311V,50,307,257,v031
5311V,230,336,106,v023
5311V,105,302,197,v019
5311V,0,148,148,v029
Y2LH1,2,199,197,v004
Y2LH1,158,720,562,v008
Y2LH1,165,674,509,v014
Y2LH1,156,254,98,v023
NHTSB,14,662,648,v024
NHTSB,566,778,212,v027
NHTSB,0,700,700,v008
NHTSB,0,679,679,v019
S2TC7,0,456,456,v008
S2TC7,405,722,317,v020
S2TC7,57,465,408,v016
S2TC7,0,472,472,v016
S2TC7,259,408,149,v016
S2TC7,0,508,508,v016
BAXWA,0,742,742,v026
BAXWA,0,742,742,v026
BAXWA,0,742,742,v008
BAXWA,552,715,163,v016
BAXWA,400,542,142,v023
BAXWA,396,667,271,v008
BAXWA,393,667,274,v016
MGDO2,0,456,456,v010
MGDO2,273,564,291,v022
MGDO2,595,670,75,v001
MGDO2,504,633,129,v029
MGDO2,458,670,212,v007
1SLTT,0,360,360,v008
1SLTT,216,364,148,v016
1SLTT,216,364,148,v016
1SLTT,108,208,100,v004
T7449,0,652,652,v008
T7449,0,652,652,v008
T7449,0,652,652,v021
T7449,7,652,645,v009
T7449,0,652,652,v008
VVJE0,0,216,216,v001
VVJE0,144,312,168,v012
VVJE0,528,672,144,v025
VVJE0,52,470,418,v023
VVJE0,134,264,130,v025
VVJE0,211,352,141,v025
VVJE0,362,484,122,v025
VVJE0,0,240,240,v008
VVJE0,175,374,199,v008
VVJE0,144,254,110,v016
VVJE0,240,369,129,v016
VVJE0,163,278,115,v023
VVJE0,415,566,151,v026
VVJE0,0,240,240,v023
VVJE0,504,633,129,v025
FW1L0,48,204,156,v005
FW1L0,0,595,595,v022
ZS66D,235,410,175,v016
ZS66D,0,620,620,v018
ZS66D,0,144,144,v023
ZS66D,369,578,209,v004
ZS66D,0,216,216,v009
ZS66D,300,620,320,v008
ZS66D,0,422,422,v019
ZS66D,256,384,128,v016
ZS66D,280,439,159,v023
ZS66D,0,379,379,v008
38BDO,537,679,142,v001
38BDO,619,803,184,v016
38BDO,499,703,204,v022
38BDO,0,204,204,v018
38BDO,487,803,316,v016
38BDO,0,571,571,v014
38BDO,643,780,137,v012
38BDO,108,350,242,v023
38BDO,672,803,131,v016
38BDO,499,655,156,v008
38BDO,525,657,132,v012
38BDO,129,338,209,v004
1US0H,302,717,415,v031
1US0H,139,369,230,v020
1US0H,177,362,185,v008
1US0H,372,674,302,v006
1US0H,235,360,125,v025
1US0H,141,362,221,v008
V00AL,0,177,177,v024
V00AL,146,288,142,v009
V00AL,328,465,137,v019
V00AL,0,497,497,v018
NDWYP,76,388,312,v008
NDWYP,388,556,168,v007
NDWYP,55,206,151,v023
Q5ZIL,0,160,160,v020
Q5ZIL,208,590,382,v008
Q5ZIL,640,782,142,v005
Q5ZIL,0,782,782,v018
Z0KN7,108,742,634,v008
Z0KN7,0,626,626,v018
Z0KN7,0,170,170,v031
Z0KN7,540,657,117,v022
Z0KN7,669,742,73,v001
Z0KN7,650,742,92,v012
57QQ7,57,316,259,v019
57QQ7,79,223,144,v009
57QQ7,319,540,221,v015
57QQ7,468,580,112,v016
57QQ7,33,316,283,v019
57QQ7,309,580,271,v008
57QQ7,213,331,118,v012
57QQ7,0,340,340,v031
57QQ7,0,352,352,v008
57QQ7,0,580,580,v018
57QQ7,228,336,108,v001
57QQ7,240,352,112,v016
ZWVO3,0,273,273,v019
KFI7N,0,127,127,v029
KFI7N,12,273,261,v008
KFI7N,132,240,108,v025
KFI7N,108,237,129,v025
87EXS,631,755,124,v001
87EXS,0,93,93,v012
87EXS,0,755,755,v008
87EXS,50,331,281,v011
CO4AU,24,204,180,v004
CO4AU,0,93,93,v008
CO4AU,146,292,146,v020
CO4AU,52,292,240,v008
CO4AU,0,292,292,v018
CO4AU,0,292,292,v018
CO4AU,28,292,264,v008
CO4AU,0,292,292,v008
FMOKR,4,890,886,v003
FMOKR,0,88,88,v023
1M8EE,542,657,115,v009
1M8EE,79,213,134,v018
1M8EE,626,746,120,v022
1M8EE,7,705,698,v031
1M8EE,105,722,617,v018
W70PA,24,753,729,v010
W70PA,0,753,753,v008
W70PA,91,360,269,v019
W70PA,0,753,753,v008
NJZR7,72,192,120,v016
NJZR7,72,192,120,v016
NJZR7,0,216,216,v008
NJZR7,122,247,125,v012
UBDB5,26,148,122,v025
UBDB5,86,511,425,v003
UBDB5,74,465,391,v018
UBDB5,0,144,144,v016
ZPNW7,780,1264,484,v008
ZPNW7,636,792,156,v023
ZPNW7,568,691,123,v029
ZPNW7,1269,1653,384,v030
ZPNW7,1228,1341,113,v023
ZPNW7,736,859,123,v016
ZPNW7,669,852,183,v008
ZPNW7,736,859,123,v016
ZPNW7,772,1281,509,v021
4ZDSO,0,397,397,v008
4ZDSO,0,397,397,v026
OR3G4,0,556,556,v008
OR3G4,0,223,223,v016
OR3G4,0,220,220,v023
OR3G4,139,556,417,v002
OR3G4,0,196,196,v008
FXBGY,0,738,738,v008
FXBGY,12,163,151,v009
FXBGY,0,738,738,v020
FXBGY,0,738,738,v018
HA02S,31,859,828,v008
HA02S,753,880,127,v016
HA02S,784,880,96,v001
HA02S,0,127,127,v012
HA02S,21,168,147,v029
1NVWD,232,376,144,v016
1NVWD,0,105,105,v012
1NVWD,0,72,72,v023
1NVWD,0,158,158,v030
1NVWD,0,151,151,v030
1NVWD,319,540,221,v017
1NVWD,415,540,125,v029
1NVWD,0,319,319,v026
1NVWD,225,355,130,v016
1NVWD,192,333,141,v016
1NVWD,0,326,326,v008
GD1LA,434,830,396,v008
GD1LA,0,787,787,v008
GD1LA,724,830,106,v010
GD1LA,0,789,789,v021
GD1LA,326,830,504,v014
V31YX,168,571,403,v005
V31YX,168,405,237,v005
V31YX,124,259,135,v023
V31YX,0,655,655,v008
V31YX,0,237,237,v008
WZA37,0,139,139,v008
WZA37,0,498,498,v008
WZA37,201,355,154,v005
WZA37,0,498,498,v008
WZA37,0,498,498,v024
16UNJ,146,336,190,v023
16UNJ,0,151,151,v029
16UNJ,156,611,455,v008
QRM8K,16,766,750,v008
QRM8K,388,576,188,v023
QRM8K,345,614,269,v023
QRM8K,50,350,300,v016
QRM8K,360,739,379,v008
QRM8K,360,748,388,v004
QRM8K,0,766,766,v005
QRM8K,0,766,766,v010
QRM8K,81,292,211,v005
QRM8K,24,177,153,v023
QRM8K,559,729,170,v016
QRM8K,24,475,451,v008
QRM8K,549,732,183,v016
QRM8K,74,268,194,v008
MX4FM,38,218,180,v023
MX4FM,492,818,326,v018
MX4FM,307,499,192,v020
MX4FM,470,607,137,v018
MX4FM,700,823,123,v022
MX4FM,465,808,343,v018
SUI1X,40,247,207,v012
SUI1X,0,662,662,v018
SUI1X,194,463,269,v016
SUI1X,561,662,101,v022
SUI1X,0,633,633,v008
POLVK,81,494,413,v008
POLVK,180,420,240,v020
POLVK,74,268,194,v023
POLVK,0,115,115,v012
POLVK,302,597,295,v016
POLVK,139,288,149,v019
POLVK,67,499,432,v008
POLVK,60,199,139,v023
0RP6B,307,864,557,v008
0RP6B,340,540,200,v012
0RP6B,324,864,540,v018
0RP6B,420,667,247,v026
0RP6B,302,468,166,v018
0RP6B,552,674,122,v016
0RP6B,496,640,144,v031
0RP6B,571,684,113,v001
0RP6B,626,864,238,v031
0RP6B,228,864,636,v016
0RP6B,228,864,636,v023
W2NHA,480,740,260,v008
W2NHA,0,230,230,v009
W2NHA,496,740,244,v026
W2NHA,504,740,236,v026
W2NHA,0,480,480,v031
W2NHA,0,252,252,v009
W2NHA,33,463,430,v019
TEQU4,24,216,192,v008
TEQU4,0,100,100,v018
TEQU4,79,631,552,v005
TEQU4,79,631,552,v005
TEQU4,0,100,100,v018
TEQU4,0,631,631,v008
TEQU4,33,631,598,v014
5E8IN,21,550,529,v008
5E8IN,21,218,197,v017
5E8IN,28,550,522,v008
5E8IN,28,550,522,v023
8J5S4,105,670,565,v008
8J5S4,465,595,130,v027
8J5S4,36,369,333,v005
8J5S4,0,670,670,v008
8J5S4,0,670,670,v008
0M2DO,117,285,168,v012
0M2DO,434,650,216,v029
0M2DO,355,616,261,v025
0M2DO,319,489,170,v008
0M2DO,100,355,255,v023
W8WRK,0,237,237,v002
W8WRK,218,793,575,v008
W8WRK,705,793,88,v016
W8WRK,220,357,137,v023
W8WRK,0,703,703,v025
W8WRK,225,480,255,v008
W8WRK,400,540,140,v008
W8WRK,225,352,127,v025
W8WRK,292,456,164,v025
W8WRK,518,636,118,v025
W8WRK,230,793,563,v008
W8WRK,712,793,81,v016
W8WRK,218,369,151,v023
W8WRK,312,793,481,v025
8M1TG,0,412,412,v026
8M1TG,429,537,108,v019
8M1TG,434,564,130,v001
8M1TG,571,736,165,v026
8M1TG,0,489,489,v008
8M1TG,580,736,156,v007
8M1TG,345,494,149,v016
VP3WN,360,528,168,v004
VP3WN,0,120,120,v000
VP3WN,0,120,120,v012
VP3WN,110,273,163,v008
VP3WN,0,96,96,v018
VP3WN,45,754,709,v018
VP3WN,177,576,399,v005
VP3WN,566,754,188,v016
VP3WN,216,376,160,v023
VP3WN,230,754,524,v008
BCO3C,0,727,727,v008
BCO3C,278,727,449,v004
BCO3C,0,643,643,v005
BCO3C,240,727,487,v008
BCO3C,240,360,120,v023
BCO3C,657,727,70,v016
BCO3C,268,727,459,v008
BCO3C,2,727,725,v005
BCO3C,0,727,727,v008
BCO3C,0,88,88,v023
BCO3C,0,88,88,v023
BCO3C,235,374,139,v023
IME5D,376,609,233,v016
IME5D,2,636,634,v023
IME5D,38,566,528,v008
5OLVC,554,715,161,v012
5OLVC,434,561,127,v004
5OLVC,115,592,477,v008
5OLVC,465,592,127,v016
5OLVC,115,268,153,v023
5OLVC,172,475,303,v015
5OLVC,650,758,108,v001
5OLVC,110,235,125,v023
5OLVC,170,470,300,v030
5OLVC,472,592,120,v016
9AFSH,84,256,172,v025
9AFSH,0,285,285,v018
9AFSH,280,528,248,v017
9AFSH,0,153,153,v008
9AFSH,0,252,252,v018
9AFSH,57,172,115,v016
RO429,4,177,173,v016
RO429,0,153,153,v012
RO429,124,271,147,v001
RO429,223,746,523,v002
RO429,0,134,134,v016
RO429,19,201,182,v016
3X52E,0,771,771,v016
3X52E,408,568,160,v016
3X52E,376,573,197,v026
3X52E,0,91,91,v008
3X52E,0,88,88,v023
3X52E,0,74,74,v008
3X52E,0,74,74,v026
3X52E,0,69,69,v028
3X52E,0,91,91,v025
3X52E,0,79,79,v016
3X52E,9,271,262,v023
3X52E,350,475,125,v025
DBT6E,523,760,237,v012
DBT6E,259,760,501,v018
DBT6E,158,362,204,v008
DBT6E,324,561,237,v012
DBT6E,264,386,122,v018
DBT6E,206,362,156,v016
JDG40,0,664,664,v026
JDG40,388,655,267,v020
JDG40,0,648,648,v032
JDG40,537,684,147,v022
JDG40,0,688,688,v018
N7243,218,417,199,v016
N7243,372,737,365,v004
N7243,331,590,259,v008
N7243,184,357,173,v012
N7243,132,283,151,v016
N7243,163,336,173,v022
N7243,0,249,249,v018
N7243,0,232,232,v031
N7243,0,434,434,v008
NI4JV,0,760,760,v031
NI4JV,0,760,760,v008
NI4JV,614,760,146,v019
HPFF1,523,737,214,v019
HPFF1,146,276,130,v023
HPFF1,165,523,358,v008
HPFF1,432,549,117,v016
HPFF1,187,516,329,v030
TON6G,316,446,130,v001
TON6G,4,412,408,v008
TON6G,424,614,190,v017
TON6G,446,590,144,v012
TON6G,444,561,117,v007
TON6G,0,446,446,v014
TON6G,463,604,141,v029
TON6G,0,417,417,v031
C4E9X,225,398,173,v004
C4E9X,0,266,266,v015
C4E9X,405,571,166,v012
C4E9X,0,518,518,v008
C4E9X,324,516,192,v016
NH3LX,19,688,669,v024
NH3LX,69,232,163,v018
NH3LX,866,993,127,v022
NH3LX,799,926,127,v016
NH3LX,24,744,720,v008
NH3LX,643,760,117,v023
NH3LX,117,967,850,v018
NH3LX,691,873,182,v004
NH3LX,777,940,163,v016
4JOAD,0,81,81,v008
4JOAD,0,139,139,v016
4JOAD,355,513,158,v016
4JOAD,230,422,192,v030
4JOAD,98,218,120,v008
4JOAD,67,187,120,v026
4JOAD,60,499,439,v008
4JOAD,60,499,439,v026
4JOAD,0,117,117,v016
4JOAD,50,168,118,v023
5U70R,182,614,432,v008
5U70R,619,791,172,v001
5U70R,0,791,791,v008
5U70R,660,791,131,v014
5U70R,0,261,261,v031
WT59C,343,535,192,v008
WT59C,129,268,139,v012
WT59C,422,554,132,v025
WT59C,0,738,738,v008
WJT09,187,336,149,v001
WJT09,141,271,130,v012
WJT09,160,413,253,v008
WJT09,170,302,132,v029
WJT09,220,328,108,v007
BIW43,0,155,155,v024
BIW43,0,155,155,v014
BIW43,0,155,155,v008
BIW43,0,155,155,v010
BIW43,48,155,107,v009
BIW43,0,155,155,v018
BIW43,48,155,107,v019
BJO5X,38,717,679,v022
BJO5X,127,578,451,v005
BJO5X,50,727,677,v008
FXC28,21,218,197,v032
FXC28,110,304,194,v010
FXC28,343,621,278,v016
FXC28,261,528,267,v016
FXC28,0,228,228,v008
FXC28,273,480,207,v016
FXC28,439,722,283,v025
FXC28,612,722,110,v025
1H6PS,0,163,163,v005
1H6PS,0,610,610,v008
1H6PS,0,610,610,v008
1H6PS,67,602,535,v020
1H6PS,0,163,163,v005
1H6PS,484,610,126,v029
16CWY,211,340,129,v008
16CWY,194,309,115,v023
16CWY,0,153,153,v019
16CWY,0,139,139,v009
16CWY,206,758,552,v003
16CWY,0,321,321,v009
16CWY,0,758,758,v018
16CWY,0,758,758,v031
16CWY,0,758,758,v018
HDP39,321,819,498,v026
HDP39,0,396,396,v032
HDP39,0,819,819,v022
HDP39,0,384,384,v018
HDP39,0,360,360,v016
HDP39,0,312,312,v004
HDP39,0,384,384,v018
HDP39,0,819,819,v008
HDP39,38,388,350,v031
DY9AE,309,634,325,v008
DY9AE,285,453,168,v023
DY9AE,0,324,324,v008
DY9AE,338,634,296,v009
DY9AE,9,264,255,v005
DY9AE,177,376,199,v020
DY9AE,0,634,634,v018
DY9AE,0,312,312,v008
DY9AE,0,228,228,v005
DY9AE,331,634,303,v019
GN4SJ,57,196,139,v008
GN4SJ,0,158,158,v005
GN4SJ,439,786,347,v008
GN4SJ,67,336,269,v016
GN4SJ,482,652,170,v008
GN4SJ,340,607,267,v023
GN4SJ,129,516,387,v016
GN4SJ,384,508,124,v023
GN4SJ,216,336,120,v031
KPXQ0,326,715,389,v008
KPXQ0,288,451,163,v023
KPXQ0,412,585,173,v020
KPXQ0,0,127,127,v029
KPXQ0,566,722,156,v016
XKGMC,74,301,227,v017
5M17J,96,568,472,v012
5M17J,208,446,238,v012
5M17J,458,777,319,v016
5M17J,340,638,298,v012
5M17J,0,874,874,v008
5M17J,122,874,752,v023
5M17J,110,254,144,v026
5M17J,91,232,141,v016
5M17J,96,228,132,v016
78LXZ,0,228,228,v008
78LXZ,0,389,389,v008
78LXZ,340,389,49,v023
78LXZ,340,389,49,v029
78LXZ,340,389,49,v023
CL29C,0,731,731,v008
CL29C,0,731,731,v018
CL29C,0,731,731,v024
CL29C,0,731,731,v018
G7GVD,136,573,437,v014
G7GVD,525,664,139,v028
G7GVD,96,232,136,v016
G7GVD,532,1130,598,v019
G7GVD,64,216,152,v014
G7GVD,0,1195,1195,v018
G7GVD,0,1195,1195,v018
G7GVD,477,604,127,v009
RECCV,120,818,698,v008
RECCV,0,818,818,v010
VOBBG,26,518,492,v008
VOBBG,0,523,523,v014
VOBBG,0,451,451,v008
VOBBG,2,468,466,v005
VOBBG,400,585,185,v022
VOBBG,403,669,266,v023
VOBBG,400,672,272,v023
VOBBG,0,544,544,v018
VOBBG,117,350,233,v013
VOBBG,403,530,127,v016
VOBBG,525,679,154,v016
VOBBG,422,616,194,v008
JUCOK,441,693,252,v001
JUCOK,0,516,516,v005
JUCOK,0,511,511,v008
JUCOK,405,540,135,v016
AH32F,410,791,381,v008
AH32F,417,530,113,v016
AH32F,0,86,86,v029
AH32F,415,688,273,v026
AH32F,470,791,321,v023
3AEF5,67,201,134,v001
3AEF5,496,713,217,v016
3AEF5,0,151,151,v016
3AEF5,662,713,51,v025
3AEF5,664,713,49,v008
3AEF5,664,713,49,v023
3AEF5,0,98,98,v008
3AEF5,172,713,541,v016
3AEF5,386,713,327,v022
JYG8P,0,463,463,v030
JYG8P,0,733,733,v031
JYG8P,134,733,599,v008
JYG8P,124,733,609,v030
JYG8P,0,733,733,v026
ZP8AL,134,386,252,v008
ZP8AL,141,271,130,v029
ZP8AL,312,456,144,v017
ZP8AL,256,393,137,v025
ZP8AL,256,393,137,v025
KZPBC,340,948,608,v010
KZPBC,268,446,178,v012
KZPBC,199,948,749,v008
KZPBC,350,948,598,v031
KZPBC,340,811,471,v019
E3UZP,0,763,763,v026
E3UZP,0,235,235,v026
E3UZP,0,763,763,v008
KNIZK,655,808,153,v023
KNIZK,0,819,819,v018
KNIZK,542,744,202,v000
KNIZK,696,819,123,v008
KNIZK,700,819,119,v004
KNIZK,0,819,819,v008
US6P9,0,516,516,v031
US6P9,487,580,93,v024
US6P9,36,184,148,v027
US6P9,408,547,139,v016
US6P9,441,580,139,v008
US6P9,0,549,549,v008
US6P9,412,556,144,v023
CR5G1,0,408,408,v008
CR5G1,0,391,391,v024
CR5G1,573,772,199,v021
CR5G1,314,446,132,v023
CR5G1,211,357,146,v018
CR5G1,261,645,384,v018
CR5G1,283,772,489,v010
CR5G1,326,650,324,v008
VS5IY,86,372,286,v026
VS5IY,24,180,156,v016
VS5IY,45,175,130,v016
VS5IY,338,624,286,v003
VS5IY,297,434,137,v023
VS5IY,564,712,148,v023
VS5IY,328,487,159,v008
VS5IY,590,752,162,v008
VS5IY,103,244,141,v016
VS5IY,225,364,139,v016
A2XH1,0,777,777,v005
A2XH1,0,777,777,v008
A2XH1,57,777,720,v005
A2XH1,290,475,185,v018
A2XH1,705,777,72,v019
A2XH1,724,777,53,v009
A2XH1,0,777,777,v008
A2XH1,0,165,165,v023
A2XH1,343,777,434,v018
A2XH1,0,777,777,v008
74DPG,136,379,243,v018
74DPG,180,921,741,v021
74DPG,189,921,732,v018
74DPG,0,971,971,v008
74DPG,117,295,178,v023
74DPG,830,960,130,v016
74DPG,0,971,971,v008
74DPG,256,465,209,v015
74DPG,830,969,139,v022
74DPG,117,945,828,v008
74DPG,496,878,382,v004
74DPG,379,528,149,v016
74DPG,170,314,144,v018
74DPG,117,518,401,v008
SXDG5,24,340,316,v027
SXDG5,331,544,213,v019
SXDG5,333,501,168,v018
SXDG5,376,942,566,v018
SXDG5,357,942,585,v018
SXDG5,391,942,551,v032
SXDG5,376,942,566,v009
SXDG5,405,942,537,v032
SXDG5,468,942,474,v031
SXDG5,0,355,355,v008
YJ888,0,309,309,v012
YJ888,249,379,130,v005
YJ888,0,805,805,v018
YJ888,16,805,789,v008
W4W97,333,518,185,v004
W4W97,50,230,180,v025
W4W97,60,220,160,v025
W4W97,55,218,163,v026
W4W97,324,532,208,v008
W4W97,319,535,216,v023
W4W97,316,439,123,v019
W4W97,316,525,209,v016
W4W97,122,225,103,v025
W4W97,48,225,177,v026
W4W97,115,218,103,v026
VTAX3,0,391,391,v008
VTAX3,0,391,391,v021
VTAX3,0,391,391,v010
VTAX3,98,391,293,v025
VTAX3,307,391,84,v009
VTAX3,110,391,281,v019
RHYAJ,0,405,405,v008
RHYAJ,348,696,348,v021
RHYAJ,302,420,118,v016
RHYAJ,252,364,112,v016
RHYAJ,441,696,255,v021
RHYAJ,0,393,393,v012
RHYAJ,0,398,398,v008
RHYAJ,324,434,110,v025
RHYAJ,0,696,696,v010
9NV2G,0,796,796,v010
9NV2G,264,480,216,v004
9NV2G,170,501,331,v008
9NV2G,343,554,211,v016
9NV2G,0,796,796,v021
9NV2G,60,242,182,v000
57QKQ,24,300,276,v031
57QKQ,218,391,173,v025
57QKQ,79,261,182,v012
57QKQ,288,398,110,v025
LUYWY,0,302,302,v008
LUYWY,396,532,136,v012
LUYWY,0,302,302,v031
LUYWY,0,733,733,v018
LUYWY,259,733,474,v013
LUYWY,458,643,185,v008
LUYWY,175,302,127,v001
LUYWY,194,733,539,v014
LUYWY,0,331,331,v016
Y5826,0,100,100,v002
Y5826,64,657,593,v002
Y5826,259,805,546,v025
Y5826,573,805,232,v025
IZ978,0,376,376,v023
IZ978,628,768,140,v022
IZ978,585,720,135,v008
IZ978,0,415,415,v008
IZ978,324,686,362,v028
IZ978,710,861,151,v013
ORD96,283,730,447,v030
ORD96,0,295,295,v008
ORD96,316,730,414,v008
ORD96,199,314,115,v025
ORD96,204,350,146,v025
ORD96,338,730,392,v023
ORD96,0,314,314,v008
CALKE,288,662,374,v003
CALKE,189,314,125,v018
CALKE,434,645,211,v003
CALKE,672,1132,460,v019
CALKE,684,1070,386,v016
CALKE,237,379,142,v018
CALKE,916,1156,240,v008
CALKE,916,1156,240,v030
CALKE,259,681,422,v023
CALKE,643,1140,497,v026
CALKE,643,1140,497,v030
W6TFQ,470,773,303,v012
W6TFQ,0,773,773,v008
W6TFQ,343,528,185,v016
W6TFQ,0,496,496,v005
W6TFQ,540,657,117,v012
AOMNM,19,715,696,v016
AOMNM,0,122,122,v017
AOMNM,643,715,72,v026
AOMNM,117,715,598,v026
4FXUI,840,1015,175,v001
4FXUI,0,909,909,v031
4FXUI,0,988,988,v018
4FXUI,840,1005,165,v022
4FXUI,0,988,988,v014
4FXUI,0,984,984,v018
UPCQK,24,446,422,v008
UPCQK,16,134,118,v023
UPCQK,384,696,312,v008
UPCQK,379,518,139,v023
UPCQK,314,472,158,v016
UPCQK,24,468,444,v026
UPCQK,487,710,223,v016
UPCQK,48,453,405,v026
UPCQK,0,141,141,v017
UPCQK,571,684,113,v016
UPCQK,420,590,170,v023
UPCQK,523,710,187,v016
EVU9O,0,737,737,v018
EVU9O,0,737,737,v021
EVU9O,384,607,223,v020
EVU9O,487,640,153,v023
EVU9O,0,480,480,v021
C1LVJ,0,441,441,v008
C1LVJ,4,434,430,v025
C1LVJ,352,480,128,v022
C1LVJ,331,446,115,v016
C1LVJ,0,103,103,v023
C1LVJ,0,136,136,v019
FPJKR,98,350,252,v008
FPJKR,252,372,120,v017
FPJKR,264,400,136,v029
FPJKR,100,225,125,v023
JJ47B,302,463,161,v023
JJ47B,0,669,669,v018
JJ47B,252,506,254,v012
JJ47B,340,669,329,v008
JJ47B,427,669,242,v014
XLXJ3,0,378,378,v008
XLXJ3,52,184,132,v025
XLXJ3,132,378,246,v009
XLXJ3,64,177,113,v025
XLXJ3,0,378,378,v019
XLXJ3,62,170,108,v025
7KAVM,225,607,382,v008
7KAVM,273,415,142,v012
7KAVM,400,612,212,v016
7KAVM,247,612,365,v023
7KAVM,213,432,219,v029
7KAVM,0,735,735,v018
7KAVM,0,328,328,v008
7KAVM,309,508,199,v008
7KAVM,446,600,154,v008
7KAVM,218,328,110,v004
7KAVM,247,376,129,v026
VMOBC,156,492,336,v005
VMOBC,489,640,151,v029
VMOBC,453,624,171,v012
VMOBC,156,516,360,v005
VMOBC,93,785,692,v008
VMOBC,93,785,692,v008
VMOBC,453,657,204,v007
TVCQF,288,408,120,v012
TVCQF,144,288,144,v032
TVCQF,0,96,96,v029
TVCQF,213,360,147,v022
TVCQF,112,256,144,v004
TVCQF,295,588,293,v001
TVCQF,156,333,177,v018
M8MP0,542,751,209,v008
M8MP0,0,619,619,v006
M8MP0,542,739,197,v022
M8MP0,561,751,190,v023
V4H5D,319,719,400,v008
V4H5D,170,403,233,v031
V4H5D,0,374,374,v003
5GG5W,170,427,257,v008
5GG5W,129,362,233,v022
5GG5W,0,196,196,v012
5GG5W,55,240,185,v018
5GG5W,0,192,192,v012
5GG5W,129,667,538,v023
5GG5W,564,694,130,v001
6QW3Y,127,523,396,v023
6QW3Y,0,84,84,v025
6QW3Y,12,211,199,v029
6QW3Y,0,60,60,v025
6QW3Y,410,602,192,v008
ACAK4,405,713,308,v008
ACAK4,360,655,295,v030
ACAK4,0,316,316,v014
ACAK4,0,713,713,v018
ACAK4,309,451,142,v023
ACAK4,326,530,204,v023
ACAK4,69,194,125,v031
ACAK4,448,590,142,v020
ACAK4,0,713,713,v018
ACAK4,297,713,416,v008
X0FW6,55,266,211,v028
X0FW6,0,115,115,v017
X0FW6,170,302,132,v022
X0FW6,252,303,51,v007
X0FW6,108,261,153,v025
X0FW6,24,136,112,v018
X0FW6,28,139,111,v018
X0FW6,251,303,52,v012
A5PL0,422,744,322,v012
A5PL0,0,489,489,v008
XLQ6X,172,314,142,v008
XLQ6X,415,556,141,v001
XLQ6X,194,319,125,v008
XLQ6X,312,432,120,v025
XLQ6X,376,506,130,v029
XLQ6X,247,376,129,v025
XLQ6X,578,708,130,v012
XLQ6X,244,436,192,v016
9HIE0,0,204,204,v002
9HIE0,213,456,243,v029
9HIE0,21,232,211,v008
9HIE0,400,616,216,v019
E8C24,12,213,201,v008
E8C24,79,220,141,v016
E8C24,4,160,156,v017
E8C24,120,501,381,v002
OG1LT,108,220,112,v023
OG1LT,62,194,132,v012
OG1LT,136,220,84,v001
YD8BF,0,292,292,v018
YD8BF,0,297,297,v008
YD8BF,43,223,180,v016
YD8BF,0,158,158,v000
YD8BF,163,307,144,v022
YD8BF,0,288,288,v018
YD8BF,0,139,139,v021
YD8BF,96,280,184,v019
YD8BF,0,288,288,v018
YD8BF,93,297,204,v016
83J53,0,436,436,v006
83J53,268,520,252,v008
83J53,0,484,484,v007
DSGVL,357,513,156,v012
DSGVL,338,504,166,v018
DSGVL,338,504,166,v018
DSGVL,352,721,369,v014
DSGVL,338,721,383,v032
DSGVL,218,410,192,v016
DSGVL,0,391,391,v026
DSGVL,386,721,335,v018
DSGVL,218,391,173,v016
DSGVL,0,297,297,v008
DSGVL,0,463,463,v008
DSGVL,393,721,328,v031
DSGVL,0,62,62,v023
RTEO8,88,218,130,v025
RTEO8,302,535,233,v008
RTEO8,93,223,130,v025
RTEO8,268,420,152,v023
69TAU,0,823,823,v008
69TAU,136,273,137,v025
FRC6O,105,343,238,v012
FRC6O,0,165,165,v018
FRC6O,408,544,136,v022
FRC6O,0,206,206,v018
FRC6O,112,492,380,v031
FRC6O,175,458,283,v008
FRC6O,360,501,141,v016
FRC6O,60,523,463,v018
FRC6O,74,268,194,v023
V6M35,0,336,336,v010
V6M35,684,886,202,v008
V6M35,398,660,262,v004
V6M35,398,717,319,v008
V6M35,254,886,632,v000
LLOGB,14,216,202,v008
LLOGB,225,727,502,v008
LLOGB,208,338,130,v023
LLOGB,45,244,199,v016
LLOGB,220,727,507,v014
LLOGB,328,727,399,v010
LLOGB,0,160,160,v029
KXO5Q,0,384,384,v021
KXO5Q,314,739,425,v008
1WI77,21,235,214,v012
1WI77,0,148,148,v007
1WI77,115,482,367,v023
1WI77,0,695,695,v014
1WI77,0,695,695,v008
Y3C08,48,136,88,v016
Y3C08,0,100,100,v016
Y3C08,0,91,91,v016
D2ORL,489,961,472,v008
D2ORL,43,961,918,v024
D2ORL,739,961,222,v009
D2ORL,532,700,168,v018
D2ORL,571,961,390,v018
D2ORL,494,619,125,v023
D2ORL,0,961,961,v008
D2ORL,537,676,139,v018
A0CZE,350,516,166,v001
A0CZE,278,444,166,v012
A0CZE,0,388,388,v008
A0CZE,50,309,259,v024
A0CZE,45,194,149,v029
A0CZE,384,530,146,v023
A0CZE,28,345,317,v014
A0CZE,441,655,214,v004
A0CZE,403,726,323,v008
YXBXH,84,343,259,v014
YXBXH,0,211,211,v004
YXBXH,129,333,204,v008
YXBXH,0,648,648,v018
YXBXH,0,648,648,v008
TEPWB,432,597,165,v004
TEPWB,84,386,302,v016
TEPWB,247,391,144,v016
TEPWB,74,379,305,v008
6ALEL,0,352,352,v008
6ALEL,254,398,144,v025
6ALEL,484,622,138,v008
6ALEL,496,622,126,v005
6ALEL,232,393,161,v003
6ALEL,264,400,136,v025
6ALEL,278,405,127,v016
6ALEL,0,412,412,v003
6ALEL,448,580,132,v023
6ALEL,525,622,97,v005
6ALEL,487,622,135,v008
6ALEL,463,583,120,v023
6ALEL,388,528,140,v029
NOSZ3,0,213,213,v006
NOSZ3,0,213,213,v008
NOSZ3,4,213,209,v004
NOSZ3,0,213,213,v008
NOSZ3,0,213,213,v022
NOSZ3,0,115,115,v023
2O5NR,0,433,433,v008
2O5NR,0,433,433,v010
2O5NR,0,433,433,v013
2O5NR,0,433,433,v014
3Z223,93,762,669,v008
3Z223,88,762,674,v031
3Z223,321,762,441,v019
3Z223,151,249,98,v019
3Z223,151,432,281,v009
3Z223,328,470,142,v009
3Z223,81,762,681,v018
SU8PN,139,343,204,v025
SU8PN,0,144,144,v025
SU8PN,343,518,175,v019
SU8PN,0,657,657,v016
SU8PN,0,657,657,v008
SU8PN,0,657,657,v023
SU8PN,0,657,657,v008
SU8PN,14,278,264,v023
SU8PN,0,652,652,v018
SU8PN,288,616,328,v001
6WWB3,393,712,319,v008
6WWB3,76,712,636,v008
6WWB3,400,535,135,v008
6WWB3,148,386,238,v001
6WWB3,55,237,182,v029
5M9JX,0,657,657,v008
5M9JX,0,129,129,v004
5M9JX,60,211,151,v005
5M9JX,57,216,159,v005
5M9JX,0,657,657,v008
5M9JX,0,657,657,v008
5M9JX,0,657,657,v008
W2DAK,561,715,154,v025
W2DAK,645,883,238,v026
W2DAK,228,417,189,v012
W2DAK,640,897,257,v026
W2DAK,50,465,415,v008
W2DAK,261,470,209,v023
CSYES,57,357,300,v016
CSYES,0,319,319,v008
CSYES,230,408,178,v016
CSYES,230,420,190,v016
CSYES,249,731,482,v008
CSYES,256,408,152,v023
CSYES,261,731,470,v014
CSYES,0,326,326,v026
CSYES,0,326,326,v026
A2771,28,743,715,v030
A2771,480,743,263,v008
A2771,472,743,271,v023
A2771,28,743,715,v008
A2771,67,743,676,v030
BZ171,352,501,149,v016
BZ171,439,697,258,v008
BZ171,475,697,222,v031
BZ171,0,232,232,v000
BZ171,0,261,261,v010
BZ171,259,403,144,v025
BZ171,499,697,198,v014
BZ171,331,496,165,v026
BZ171,439,619,180,v023
BZ171,475,697,222,v018
BZ171,0,228,228,v000
BZ171,355,508,153,v016
NV4FC,480,643,163,v008
NV4FC,470,619,149,v023
NV4FC,0,74,74,v018
NV4FC,0,196,196,v028
NV4FC,537,660,123,v001
NV4FC,523,643,120,v012
NV4FC,300,458,158,v008
NV4FC,376,511,135,v025
NV4FC,434,559,125,v022
NV4FC,583,727,144,v012
NV4FC,624,747,123,v029
NV4FC,132,249,117,v016
NV4FC,516,626,110,v023
XFRYR,129,364,235,v023
XFRYR,0,410,410,v022
XFRYR,163,343,180,v023
XFRYR,211,388,177,v001
XFRYR,213,405,192,v008
UB2EJ,117,266,149,v023
UB2EJ,0,249,249,v008
UB2EJ,0,115,115,v003
UB2EJ,0,115,115,v016
UB2EJ,19,218,199,v004
OWLRQ,0,273,273,v031
OWLRQ,304,441,137,v008
OWLRQ,571,751,180,v020
OWLRQ,0,751,751,v018
OWLRQ,422,552,130,v013
OWLRQ,204,321,117,v016
OWLRQ,304,559,255,v014
OWLRQ,482,621,139,v016
OWLRQ,180,280,100,v001
OWLRQ,244,367,123,v023
OWLRQ,0,134,134,v012
OWLRQ,0,314,314,v008
JQG43,458,836,378,v019
JQG43,136,436,300,v012
JQG43,48,187,139,v018
JQG43,352,504,152,v022
JQG43,453,836,383,v006
JQG43,64,441,377,v018
JQG43,458,836,378,v031
JQG43,136,448,312,v018
1AC4H,55,715,660,v018
1AC4H,103,715,612,v032
1AC4H,0,163,163,v018
1AC4H,16,715,699,v018
1AC4H,168,715,547,v004
1AC4H,124,715,591,v023
1AC4H,124,715,591,v008
1AC4H,26,715,689,v032
6W82I,340,695,355,v008
6W82I,338,520,182,v023
6W82I,0,695,695,v022
3ZH9Z,0,240,240,v018
3ZH9Z,0,232,232,v005
3ZH9Z,144,268,124,v022
3ZH9Z,156,640,484,v016
3ZH9Z,148,638,490,v008
3ZH9Z,391,499,108,v029
3ZH9Z,0,91,91,v023
3ZH9Z,144,487,343,v023
3ZH9Z,0,314,314,v031
3ZH9Z,0,259,259,v018
XC8DF,384,501,117,v023
XC8DF,220,403,183,v019
XC8DF,388,549,161,v008
XC8DF,388,549,161,v008
XC8DF,24,175,151,v026
XC8DF,388,549,161,v023
5DJ3S,338,610,272,v008
5DJ3S,391,610,219,v021
5DJ3S,134,268,134,v004
5DJ3S,45,328,283,v008
5DJ3S,0,610,610,v018
5DJ3S,0,141,141,v018
5DJ3S,312,610,298,v023
5DJ3S,405,610,205,v019
5DJ3S,0,105,105,v018
5DJ3S,146,333,187,v016
5DJ3S,175,432,257,v031
AMQ2W,0,596,596,v024
AMQ2W,292,596,304,v007
AMQ2W,0,596,596,v008
HY9LW,0,811,811,v008
HY9LW,511,746,235,v019
HY9LW,0,811,811,v008
AJTDO,208,607,399,v008
AJTDO,499,607,108,v025
AJTDO,0,273,273,v016
AJTDO,216,444,228,v016
AJTDO,0,184,184,v008
AJTDO,0,184,184,v008
Q0XQX,271,554,283,v030
Q0XQX,0,343,343,v026
Q0XQX,0,348,348,v016
Q0XQX,408,554,146,v008
Q0XQX,218,352,134,v001
Q0XQX,393,554,161,v030
Q0XQX,220,352,132,v001
Q0XQX,21,331,310,v026
Q0XQX,230,554,324,v031
V73YI,388,524,136,v025
V73YI,0,422,422,v018
V73YI,326,453,127,v022
1ESKX,158,604,446,v031
1ESKX,348,794,446,v008
1ESKX,463,794,331,v013
1ESKX,477,920,443,v023
X7TIA,0,464,464,v008
X7TIA,0,464,464,v024
X7TIA,0,464,464,v005
X7TIA,45,405,360,v009
X7TIA,50,410,360,v019
X7TIA,0,464,464,v008
P73UC,31,228,197,v000
P73UC,31,228,197,v000
P73UC,237,453,216,v026
P73UC,381,720,339,v023
P73UC,422,723,301,v016
P73UC,0,105,105,v010
P73UC,158,290,132,v022
P73UC,422,723,301,v013
P73UC,410,723,313,v008
P73UC,410,723,313,v014
KFM5Q,319,667,348,v008
KFM5Q,2,352,350,v008
KFM5Q,0,391,391,v023
KFM5Q,0,667,667,v018
KFM5Q,357,667,310,v023
KFM5Q,14,424,410,v021
KFM5Q,43,405,362,v021
KFM5Q,2,667,665,v008
KFM5Q,9,141,132,v016
KFM5Q,357,667,310,v014
1KJI0,0,235,235,v002
1KJI0,158,316,158,v012
1KJI0,180,316,136,v012
1KJI0,278,709,431,v008
1KJI0,439,609,170,v015
SXX9L,0,758,758,v021
SXX9L,0,256,256,v009
SXX9L,0,758,758,v005
SXX9L,0,758,758,v008
SXX9L,0,758,758,v008
DN6QU,182,667,485,v008
DN6QU,415,544,129,v013
DN6QU,0,165,165,v008
DN6QU,115,228,113,v016
DN6QU,0,187,187,v014
8VSV6,0,256,256,v010
8VSV6,225,377,152,v018
8VSV6,110,273,163,v022
8VSV6,220,377,157,v018
8VSV6,0,194,194,v000
L8XSB,259,400,141,v016
L8XSB,199,376,177,v008
6EHR7,288,441,153,v000
6EHR7,456,604,148,v022
6EHR7,504,864,360,v003
6EHR7,110,422,312,v010
DEQ73,0,60,60,v008
DEQ73,192,288,96,v023
DEQ73,0,148,148,v026
DEQ73,0,148,148,v026
DEQ73,0,1123,1123,v008
FP7N3,122,249,127,v001
FP7N3,122,256,134,v001
FP7N3,446,650,204,v008
FP7N3,501,667,166,v016
FP7N3,38,252,214,v012
FP7N3,93,628,535,v008
FP7N3,93,628,535,v023
FP7N3,93,628,535,v016
FP7N3,254,540,286,v015
I80TD,458,580,122,v016
I80TD,0,580,580,v008
I80TD,451,576,125,v016
I80TD,355,532,177,v012
I80TD,0,151,151,v029
UIHDF,180,331,151,v012
UIHDF,0,103,103,v019
UIHDF,180,326,146,v012
UIHDF,26,261,235,v008
UIHDF,230,379,149,v001
IJZ4F,19,139,120,v008
IJZ4F,0,115,115,v023
IJZ4F,88,228,140,v001
IJZ4F,0,93,93,v012
IJZ4F,165,442,277,v002
IJZ4F,0,235,235,v016
TM9I6,0,583,583,v002
TM9I6,602,733,131,v023
TM9I6,602,733,131,v008
TM9I6,518,662,144,v019
TM9I6,595,733,138,v008
TM9I6,2,177,175,v008
ZD5YK,0,743,743,v008
ZD5YK,0,504,504,v014
ZD5YK,0,556,556,v008
ZD5YK,420,568,148,v025
ZD5YK,446,568,122,v016
ZD5YK,0,564,564,v008
IEZFM,33,199,166,v027
IEZFM,96,393,297,v001
IEZFM,448,719,271,v012
IEZFM,480,719,239,v014
IEZFM,415,631,216,v018
IEZFM,609,719,110,v031
IEZFM,508,719,211,v018
DHR5F,331,730,399,v014
DHR5F,0,180,180,v012
DHR5F,199,343,144,v027
DHR5F,288,405,117,v023
DHR5F,50,244,194,v029
DHR5F,309,730,421,v008
DHR5F,321,470,149,v023
DHR5F,93,259,166,v007
75MO8,271,616,345,v004
75MO8,4,655,651,v008
75MO8,0,213,213,v017
75MO8,12,391,379,v005
75MO8,24,148,124,v023
75MO8,472,609,137,v016
75MO8,456,612,156,v016
75MO8,33,566,533,v023
75MO8,19,597,578,v016
75MO8,52,244,192,v005
75MO8,19,597,578,v008
Z2DEZ,0,196,196,v016
Z2DEZ,134,338,204,v018
Z2DEZ,374,741,367,v003
Z2DEZ,312,448,136,v023
Z2DEZ,379,532,153,v023
Z2DEZ,0,240,240,v023
Z2DEZ,4,204,200,v022
Z2DEZ,518,741,223,v016
Z2DEZ,21,192,171,v025
Z2DEZ,0,141,141,v008
Z2DEZ,0,196,196,v026
7XR13,0,571,571,v008
7XR13,451,597,146,v016
7XR13,283,678,395,v008
7XR13,559,678,119,v016
7XR13,307,468,161,v023
7XR13,600,678,78,v016
7XR13,9,105,96,v012
7XR13,9,105,96,v012
7XR13,0,96,96,v007
MUVB8,0,451,451,v010
MUVB8,432,549,117,v027
MUVB8,0,432,432,v000
MUVB8,0,588,588,v018
MUVB8,321,588,267,v031
F64IO,124,237,113,v016
F64IO,2,220,218,v005
F64IO,0,60,60,v016
F64IO,0,64,64,v008
F64IO,0,64,64,v016
F64IO,0,199,199,v005
LY2GQ,0,676,676,v008
LY2GQ,0,691,691,v026
LY2GQ,475,631,156,v016
LY2GQ,482,621,139,v025
LY2GQ,182,621,439,v026
LY2GQ,0,648,648,v023
9VBJ5,0,436,436,v008
9VBJ5,391,691,300,v004
9VBJ5,0,441,441,v005
9VBJ5,609,947,338,v030
9VBJ5,146,266,120,v023
9VBJ5,396,947,551,v008
9VBJ5,720,947,227,v030
O1YWR,0,276,276,v028
O1YWR,506,667,161,v012
O1YWR,0,268,268,v023
O1YWR,115,679,564,v008
O1YWR,631,759,128,v026
O1YWR,494,753,259,v016
XYGU1,0,69,69,v008
XYGU1,0,69,69,v016
XYGU1,0,69,69,v016
XYGU1,240,336,96,v028
XYGU1,0,67,67,v008
XYGU1,283,492,209,v012
XYGU1,345,751,406,v031
XYGU1,112,751,639,v018
XYGU1,350,501,151,v004
XYGU1,72,225,153,v018
XYGU1,72,751,679,v032
WJ1E7,446,777,331,v032
WJ1E7,364,518,154,v018
WJ1E7,9,362,353,v008
WJ1E7,364,777,413,v018
WJ1E7,417,777,360,v032
WJ1E7,208,338,130,v016
WJ1E7,436,777,341,v008
WJ1E7,410,777,367,v018
XFT37,213,403,190,v012
XFT37,307,553,246,v023
XFT37,163,297,134,v022
XFT37,295,553,258,v008
XFT37,309,487,178,v001
XFT37,0,280,280,v010
XFT37,506,553,47,v008
XFT37,506,553,47,v001
XFT37,506,553,47,v010
JIOD0,379,492,113,v008
JIOD0,127,465,338,v026
JIOD0,182,340,158,v022
JIOD0,36,302,266,v018
JIOD0,465,600,135,v007
JIOD0,0,136,136,v018
JIOD0,645,734,89,v001
JIOD0,69,511,442,v016
JIOD0,456,628,172,v012
JIOD0,69,511,442,v023
JIOD0,492,708,216,v029
JIOD0,403,513,110,v025
JIOD0,0,184,184,v026
IWMW1,292,619,327,v026
IWMW1,520,660,140,v008
IWMW1,156,295,139,v004
IWMW1,0,660,660,v029
TVS1P,513,620,107,v027
TVS1P,0,592,592,v021
TVS1P,408,566,158,v022
K5IAK,223,559,336,v023
K5IAK,254,410,156,v008
K5IAK,240,732,492,v026
K5IAK,739,786,47,v031
K5IAK,739,786,47,v012
K5IAK,739,786,47,v008
K5IAK,0,696,696,v026
K5IAK,0,220,220,v029
K5IAK,580,786,206,v023
U7Z37,96,228,132,v001
U7Z37,153,704,551,v002
WIQ2O,96,244,148,v004
WIQ2O,0,184,184,v008
WIQ2O,0,621,621,v018
WIQ2O,525,667,142,v022
WIQ2O,0,192,192,v019
ZLH9E,0,736,736,v018
ZLH9E,117,261,144,v025
ZLH9E,12,261,249,v008
ZLH9E,206,525,319,v008
ZLH9E,0,103,103,v023
ZLH9E,177,290,113,v023
WDB4S,628,765,137,v016
WDB4S,379,693,314,v026
WDB4S,592,765,173,v016
WDB4S,84,736,652,v008
V3LMY,576,742,166,v016
V3LMY,189,573,384,v008
V3LMY,0,304,304,v018
V3LMY,0,271,271,v008
V3LMY,62,232,170,v004
V3LMY,0,184,184,v023
V3LMY,160,396,236,v022
V3LMY,0,297,297,v018
V3LMY,693,742,49,v030
0L07S,0,636,636,v024
0L07S,0,645,645,v018
0L07S,0,645,645,v008
0L07S,0,645,645,v031
LTQS9,86,393,307,v026
LTQS9,309,525,216,v026
LTQS9,410,648,238,v018
LTQS9,163,369,206,v022
LTQS9,259,768,509,v026
LTQS9,0,336,336,v018
QUGSS,360,571,211,v031
QUGSS,50,268,218,v005
QUGSS,45,268,223,v005
QUGSS,31,170,139,v008
QUGSS,204,314,110,v019
QUGSS,0,786,786,v008
QUGSS,0,170,170,v004
QUGSS,0,786,786,v008
CGNBJ,739,916,177,v005
CGNBJ,0,424,424,v016
CGNBJ,396,813,417,v026
CGNBJ,340,520,180,v012
CGNBJ,415,561,146,v025
CGNBJ,676,916,240,v008
CGNBJ,410,588,178,v025
CGNBJ,405,729,324,v026
CGNBJ,676,818,142,v023
P6S89,578,768,190,v029
P6S89,211,648,437,v005
P6S89,0,283,283,v030
P6S89,206,314,108,v016
P6S89,0,283,283,v031
SPJVR,0,441,441,v008
SPJVR,333,463,130,v025
SPJVR,31,403,372,v026
SPJVR,324,463,139,v025
SPJVR,595,727,132,v019
S0LA8,331,484,153,v007
S0LA8,0,292,292,v008
S0LA8,0,280,280,v031
S0LA8,580,766,186,v029
S0LA8,388,518,130,v012
S0LA8,177,292,115,v025
S0LA8,530,633,103,v027
S0LA8,177,292,115,v025
S0LA8,0,292,292,v008
S0LA8,331,463,132,v001
QFVMA,504,626,122,v016
QFVMA,268,600,332,v008
QFVMA,268,381,113,v023
QFVMA,559,782,223,v031
QFVMA,0,638,638,v032
QFVMA,312,439,127,v019
QFVMA,0,276,276,v031
QFVMA,307,439,132,v031
QFVMA,348,528,180,v031
279W6,81,259,178,v021
279W6,62,755,693,v018
279W6,38,160,122,v018
PT2Z0,0,328,328,v030
PT2Z0,264,449,185,v025
PT2Z0,64,333,269,v030
XWQ1D,0,420,420,v026
XWQ1D,0,110,110,v023
XWQ1D,0,458,458,v026
XWQ1D,362,672,310,v030
XWQ1D,590,700,110,v023
RHAJX,0,160,160,v000
RHAJX,484,705,221,v023
RHAJX,273,422,149,v022
RHAJX,0,146,146,v000
RHAJX,108,379,271,v016
RHAJX,0,177,177,v010
RHAJX,88,400,312,v018
RHAJX,124,379,255,v003
RHAJX,518,705,187,v031
9O0HH,367,874,507,v008
9O0HH,436,612,176,v005
9O0HH,777,874,97,v002
9O0HH,0,160,160,v023
9O0HH,36,153,117,v001
9O0HH,0,86,86,v012
9O0HH,554,729,175,v016
WFJJE,0,746,746,v008
WFJJE,146,285,139,v016
WFJJE,0,746,746,v011
WFJJE,0,746,746,v024
QN42P,0,732,732,v008
QN42P,0,732,732,v018
QN42P,170,732,562,v031
QN42P,0,732,732,v008
QN42P,7,151,144,v023
QN42P,487,628,141,v023
QN42P,0,732,732,v005
QN42P,0,732,732,v018
EOA7I,0,434,434,v014
EOA7I,0,417,417,v010
EOA7I,290,439,149,v022
EOA7I,405,604,199,v007
EOA7I,410,616,206,v012
FYH25,0,112,112,v001
FYH25,799,878,79,v004
FYH25,724,878,154,v005
FYH25,259,852,593,v008
7ICIA,16,302,286,v016
7ICIA,376,655,279,v016
7ICIA,211,396,185,v001
7ICIA,276,655,379,v008
7ICIA,0,350,350,v016
7ICIA,120,415,295,v012
7ICIA,14,264,250,v008
3QGLU,232,777,545,v008
3QGLU,693,804,111,v016
3QGLU,705,805,100,v001
3QGLU,69,232,163,v012
3QGLU,249,765,516,v014
TC015,172,735,563,v026
TC015,0,158,158,v008
TC015,57,216,159,v016
TC015,33,225,192,v016
TC015,158,735,577,v026
AY5CS,0,778,778,v010
AY5CS,204,778,574,v031
AY5CS,213,372,159,v019
BD4P9,0,590,590,v018
BD4P9,427,583,156,v022
BD4P9,520,681,161,v027
BD4P9,0,523,523,v018
CRJGZ,9,247,238,v012
CRJGZ,396,561,165,v018
CRJGZ,242,436,194,v016
CRJGZ,168,324,156,v001
CRJGZ,422,621,199,v018
CRJGZ,520,643,123,v022
CRJGZ,14,206,192,v029
CRJGZ,57,187,130,v007
CRJGZ,292,434,142,v016
RGIZ7,338,487,149,v012
RGIZ7,369,600,231,v031
RGIZ7,220,391,171,v001
RGIZ7,0,314,314,v031
RGIZ7,0,314,314,v014
RGIZ7,0,737,737,v018
RGIZ7,516,633,117,v009
RGIZ7,0,737,737,v018
IBIWF,0,348,348,v014
IBIWF,252,374,122,v016
IBIWF,554,679,125,v008
IBIWF,561,698,137,v016
IBIWF,0,278,278,v008
IBIWF,218,381,163,v016
IBIWF,163,290,127,v016
23QFL,345,676,331,v031
23QFL,0,566,566,v008
23QFL,100,304,204,v020
23QFL,14,168,154,v018
23QFL,588,724,136,v022
23QFL,60,684,624,v018
94HB1,0,751,751,v032
94HB1,0,777,777,v018
94HB1,0,223,223,v032
94HB1,129,285,156,v012
94HB1,643,777,134,v012
06X2V,364,542,178,v023
06X2V,2,254,252,v019
06X2V,403,573,170,v023
06X2V,146,657,511,v008
06X2V,0,184,184,v019
06X2V,244,448,204,v031
06X2V,201,422,221,v009
06X2V,0,477,477,v014
06X2V,544,667,123,v030
06X2V,412,684,272,v008
WTFOC,441,523,82,v012
WTFOC,276,482,206,v026
WTFOC,441,523,82,v029
J3V1D,0,640,640,v018
J3V1D,544,652,108,v022
J3V1D,470,614,144,v028
J3V1D,0,535,535,v004
J3V1D,0,745,745,v008
YBXCT,74,663,589,v023
YBXCT,45,201,156,v012
YBXCT,105,254,149,v001
YBXCT,84,220,136,v016
YBXCT,160,360,200,v008
YBXCT,45,201,156,v012
4J8YT,0,247,247,v026
4J8YT,0,432,432,v008
4J8YT,0,432,432,v026
GLIC0,0,715,715,v008
GLIC0,0,196,196,v012
GLIC0,93,499,406,v028
GLIC0,156,585,429,v023
GLIC0,506,640,134,v016
GLIC0,532,688,156,v016
GLIC0,410,636,226,v008
AZO8U,0,669,669,v030
AZO8U,79,669,590,v008
AZO8U,794,942,148,v026
AZO8U,304,942,638,v008
AZO8U,31,362,331,v030
OW9LO,228,460,232,v026
OW9LO,220,487,267,v004
OW9LO,472,720,248,v005
OW9LO,362,738,376,v008
OW9LO,0,122,122,v008
K9HPB,156,236,80,v008
K9HPB,120,236,116,v016
K9HPB,0,236,236,v026
K9HPB,24,236,212,v023
K9HPB,148,236,88,v014
K9HPB,0,236,236,v008
E7Q3R,232,448,216,v028
E7Q3R,91,235,144,v018
E7Q3R,124,297,173,v016
E7Q3R,446,561,115,v022
E7Q3R,124,297,173,v016
E7Q3R,72,290,218,v008
E7Q3R,460,573,113,v017
E7Q3R,69,290,221,v008
E7Q3R,0,67,67,v008
E7Q3R,0,552,552,v018
E7Q3R,0,62,62,v017
E7Q3R,96,554,458,v018
E7Q3R,0,67,67,v008
2CDOS,352,482,130,v008
2CDOS,249,532,283,v016
2CDOS,237,496,259,v025
2CDOS,57,480,423,v028
2CDOS,254,496,242,v025
OKYYQ,0,302,302,v031
OKYYQ,585,652,67,v001
OKYYQ,189,374,185,v012
OKYYQ,264,652,388,v026
OKYYQ,134,290,156,v022
OKYYQ,568,652,84,v019
OKYYQ,216,652,436,v026
OKYYQ,0,240,240,v008
OKYYQ,60,204,144,v001
OKYYQ,55,247,192,v016
FACX2,0,732,732,v010
FACX2,0,732,732,v014
FACX2,0,732,732,v008
M149H,0,538,538,v018
M149H,0,538,538,v016
M149H,26,434,408,v019
M149H,0,538,538,v018
M149H,153,283,130,v008
M149H,112,232,120,v023
M149H,338,468,130,v026
M149H,268,367,99,v016
FIJ3D,463,716,253,v008
FIJ3D,417,564,147,v023
FIJ3D,391,513,122,v001
FIJ3D,33,266,233,v012
FIJ3D,0,127,127,v023
FIJ3D,456,640,184,v012
FIJ3D,566,716,150,v014
FIJ3D,12,544,532,v008
FIJ3D,434,549,115,v016
FIJ3D,112,501,389,v031
FIJ3D,530,716,186,v031
IKYVB,0,64,64,v008
IKYVB,0,196,196,v016
IKYVB,0,180,180,v016
IKYVB,182,597,415,v018
IKYVB,240,568,328,v018
IKYVB,595,646,51,v029
IKYVB,595,646,51,v026
N7130,134,324,190,v016
N7130,276,742,466,v018
N7130,300,742,442,v018
N7130,120,252,132,v008
N7130,0,134,134,v012
N7130,38,184,146,v029
N7130,309,742,433,v021
N7130,304,742,438,v010
NWNUY,355,489,134,v008
NWNUY,444,619,175,v016
NWNUY,266,415,149,v023
NWNUY,237,649,412,v016
NWNUY,14,122,108,v008
NWNUY,273,649,376,v016
UISBN,273,759,486,v019
UISBN,0,759,759,v018
QJ389,189,410,221,v008
QJ389,103,336,233,v023
QJ389,0,410,410,v031
QJ389,242,362,120,v012
QJ389,266,410,144,v031
QJ389,0,410,410,v018
QJ389,33,410,377,v012
129SP,660,745,85,v001
129SP,444,667,223,v031
129SP,0,528,528,v003
129SP,607,745,138,v012
129SP,439,669,230,v031
129SP,645,745,100,v029
129SP,619,745,126,v007
TK00O,0,608,608,v006
TK00O,530,608,78,v022
H6OA2,0,763,763,v008
H6OA2,100,763,663,v031
H6OA2,211,763,552,v006
LZ8Z0,96,825,729,v008
LZ8Z0,715,825,110,v016
LZ8Z0,86,220,134,v023
QAJQC,0,302,302,v008
QAJQC,48,168,120,v027
QAJQC,112,314,202,v016
QAJQC,266,432,166,v027
QAJQC,472,631,159,v016
QAJQC,592,685,93,v001
QAJQC,14,141,127,v029
QAJQC,86,247,161,v012
QAJQC,225,393,168,v001
TRUIW,456,700,244,v012
TRUIW,31,324,293,v005
TRUIW,0,468,468,v031
TRUIW,600,724,124,v029
TRUIW,9,182,173,v008
V25IB,388,710,322,v008
V25IB,396,648,252,v014
V25IB,76,475,399,v024
V25IB,0,117,117,v020
V25IB,0,735,735,v018
UO5PM,0,115,115,v027
UO5PM,0,88,88,v029
UO5PM,144,288,144,v023
UO5PM,144,735,591,v008
9UU4H,326,816,490,v028
9UU4H,0,379,379,v016
9UU4H,4,136,132,v008
9UU4H,74,211,137,v008
9UU4H,4,134,130,v025
9UU4H,103,223,120,v025
9UU4H,0,117,117,v023
9UU4H,74,192,118,v023
JEDTE,112,873,761,v008
JEDTE,117,849,732,v008
JEDTE,297,921,624,v008
JEDTE,446,607,161,v005
JEDTE,98,947,849,v021
JEDTE,88,947,859,v021
JEDTE,316,888,572,v008
JEDTE,261,417,156,v026
JEDTE,261,422,161,v023
NV70C,0,731,731,v018
NV70C,0,731,731,v032
NV70C,0,731,731,v008
NV70C,0,731,731,v018
DP5S8,0,712,712,v008
DP5S8,112,312,200,v028
DP5S8,218,333,115,v025
DP5S8,0,175,175,v014
EZCPC,148,429,281,v008
EZCPC,148,249,101,v023
EZCPC,88,858,770,v002
EZCPC,148,249,101,v023
EZCPC,326,477,151,v016
EZCPC,127,727,600,v008
EZCPC,252,804,552,v008
EZCPC,153,489,336,v016
EZCPC,168,427,259,v012
PLGZM,98,338,240,v008
PLGZM,60,194,134,v023
PLGZM,0,117,117,v022
PLGZM,0,76,76,v031
PLGZM,84,737,653,v014
D24XF,343,753,410,v008
D24XF,554,698,144,v020
D24XF,417,672,255,v030
D24XF,328,463,135,v023
D24XF,340,518,178,v026
2G6A8,0,482,482,v008
2G6A8,384,501,117,v027
2G6A8,403,573,170,v017
2G6A8,432,571,139,v029
2G6A8,0,470,470,v014
47ZXN,468,722,254,v006
47ZXN,444,753,309,v022
47ZXN,444,758,314,v022
47ZXN,0,249,249,v026
47ZXN,0,194,194,v026
47ZXN,180,331,151,v027
47ZXN,240,386,146,v027
G5IHT,0,778,778,v008
G5IHT,38,778,740,v016
G5IHT,45,778,733,v025
G5IHT,0,778,778,v018
G5IHT,28,778,750,v023
G5IHT,0,778,778,v008
G3TEA,926,999,73,v027
G3TEA,40,412,372,v026
G3TEA,0,112,112,v030
G3TEA,312,441,129,v001
G3TEA,21,132,111,v012
G3TEA,40,412,372,v026
G3TEA,192,362,170,v008
306S9,60,535,475,v005
306S9,0,122,122,v018
306S9,396,571,175,v022
306S9,0,213,213,v008
306S9,31,525,494,v018
306S9,103,225,122,v016
306S9,206,345,139,v016
306S9,684,751,67,v019
IABNL,134,427,293,v016
IABNL,172,716,544,v006
IABNL,242,624,382,v016
DAGXP,0,176,176,v008
DAGXP,0,176,176,v017
DAGXP,0,124,124,v029
DAGXP,0,176,176,v008
C93HZ,549,732,183,v008
C93HZ,0,626,626,v018
C93HZ,40,422,382,v004
C93HZ,0,583,583,v008
C93HZ,472,592,120,v016
C93HZ,0,112,112,v018
C93HZ,542,722,180,v023
C93HZ,516,633,117,v022
2X7F6,0,627,627,v008
2X7F6,0,484,484,v031
2X7F6,434,612,178,v005
2X7F6,0,627,627,v018
2OY8R,48,172,124,v005
2OY8R,76,738,662,v008
2OY8R,0,738,738,v008
2OY8R,0,738,738,v031
2OY8R,62,180,118,v005
2OY8R,19,738,719,v008
2OY8R,105,405,300,v014
2OY8R,0,156,156,v029
HKLB1,0,396,396,v031
HKLB1,432,792,360,v008
HKLB1,127,436,309,v028
HKLB1,348,480,132,v012
HKLB1,240,415,175,v007
HKLB1,364,542,178,v023
IJTWU,0,755,755,v018
IJTWU,0,187,187,v005
IJTWU,0,741,741,v008
IJTWU,132,331,199,v020
IJTWU,9,134,125,v005
IJTWU,0,755,755,v026
IJTWU,0,755,755,v021
758T4,273,445,172,v023
758T4,225,369,144,v023
758T4,223,432,209,v008
758T4,300,432,132,v029
XCR15,0,472,472,v013
XCR15,0,472,472,v008
XCR15,0,472,472,v014
XCR15,0,472,472,v018
XJFMW,650,748,98,v008
XJFMW,523,638,115,v016
XJFMW,590,748,158,v018
XJFMW,542,703,161,v018
XJFMW,513,624,111,v008
XJFMW,576,748,172,v018
XJFMW,516,669,153,v016
RZLAZ,0,199,199,v017
RZLAZ,184,357,173,v016
RZLAZ,184,357,173,v012
RZLAZ,0,357,357,v008
7EYIL,307,458,151,v012
7EYIL,81,398,317,v017
7EYIL,91,206,115,v029
7EYIL,141,259,118,v029
7EYIL,187,300,113,v029
7EYIL,415,549,134,v023
7EYIL,381,622,241,v008
7EYIL,384,622,238,v023
7EYIL,386,622,236,v008
AICB5,0,559,559,v008
AICB5,50,780,730,v002
OIRPJ,256,532,276,v008
OIRPJ,0,134,134,v012
OIRPJ,72,350,278,v028
OIRPJ,283,753,470,v023
OIRPJ,184,304,120,v016
OIRPJ,0,153,153,v029
ZYGYS,36,587,551,v008
ZYGYS,26,578,552,v017
ZYGYS,247,379,132,v012
ZYGYS,43,201,158,v008
ZYGYS,43,201,158,v008
ZYGYS,283,429,146,v029
ZYGYS,316,446,130,v001
TNOBD,216,333,117,v016
TNOBD,0,319,319,v026
TNOBD,357,723,366,v014
TNOBD,328,470,142,v018
TNOBD,496,723,227,v005
TNOBD,393,723,330,v008
TNOBD,194,417,223,v029
TNOBD,393,723,330,v008
TNOBD,331,723,392,v008
TNOBD,338,723,385,v018
6S7M9,223,466,243,v018
6S7M9,43,466,423,v008
6S7M9,223,424,201,v018
6S7M9,360,466,106,v004
6S7M9,33,182,149,v017
4EBCO,0,624,624,v031
4EBCO,511,676,165,v022
4EBCO,0,638,638,v014
4EBCO,0,645,645,v018
JJB0A,674,816,142,v008
JJB0A,604,811,207,v029
JJB0A,50,314,264,v026
JJB0A,616,887,271,v008
XPWYQ,384,549,165,v016
XPWYQ,343,470,127,v016
XPWYQ,0,470,470,v008
XPWYQ,343,470,127,v016
XPWYQ,475,591,116,v008
5AM4C,0,110,110,v016
5AM4C,0,211,211,v016
5AM4C,72,204,132,v008
5AM4C,0,110,110,v008
5AM4C,36,158,122,v016
5AM4C,0,110,110,v025
5AM4C,40,168,128,v023
DUHWU,223,405,182,v012
DUHWU,0,196,196,v017
DUHWU,547,691,144,v018
DUHWU,494,612,118,v022
DUHWU,561,723,162,v019
DUHWU,429,655,226,v029
DUHWU,160,314,154,v007
DUHWU,271,723,452,v018
7U43Y,280,728,448,v008
7U43Y,268,583,315,v023
7U43Y,283,482,199,v008
7U43Y,492,728,236,v016
7U43Y,247,391,144,v023
7U43Y,345,728,383,v015
7U43Y,170,336,166,v016
OIXA4,360,511,151,v016
OIXA4,0,729,729,v018
OIXA4,345,511,166,v016
OIXA4,0,729,729,v018
9UTFJ,0,110,110,v029
9UTFJ,0,108,108,v027
9UTFJ,100,189,89,v016
9UTFJ,136,189,53,v001
9UTFJ,64,172,108,v012
WN38A,228,350,122,v001
WN38A,326,448,122,v016
WN38A,0,93,93,v012
WN38A,249,405,156,v029
WN38A,0,403,403,v008
WN38A,319,448,129,v016
WN38A,2,124,122,v023
WN38A,208,515,307,v030
WN38A,0,333,333,v012
UDGRS,494,662,168,v001
UDGRS,0,444,444,v008
UDGRS,398,621,223,v014
UDGRS,477,619,142,v016
UDGRS,475,643,168,v016
UDGRS,511,708,197,v016
UDGRS,398,715,317,v026
UDGRS,504,722,218,v023
UDGRS,518,691,173,v008
UDGRS,410,619,209,v008
UDGRS,396,513,117,v023
UL65N,36,695,659,v018
UL65N,81,266,185,v023
UL65N,268,427,159,v016
UL65N,19,146,127,v018
UL65N,232,412,180,v016
BT8WU,0,552,552,v008
BT8WU,0,465,465,v014
BT8WU,628,753,125,v005
BT8WU,415,715,300,v026
BT8WU,0,465,465,v018
BT8WU,357,480,123,v022
BT8WU,549,736,187,v023
BT8WU,444,631,187,v023
BT8WU,441,753,312,v008
U2V5A,0,722,722,v008
U2V5A,0,722,722,v008
PAYYN,0,189,189,v007
PAYYN,86,204,118,v012
PAYYN,261,552,291,v014
PAYYN,554,689,135,v001
PAYYN,504,681,177,v029
PAYYN,189,333,144,v022
PAYYN,213,540,327,v016
III9I,211,520,309,v007
III9I,38,177,139,v001
III9I,0,76,76,v012
III9I,52,165,113,v001
III9I,24,165,141,v001
OWOCT,304,544,240,v008
OWOCT,268,415,147,v023
OWOCT,216,364,148,v023
OWOCT,576,705,129,v000
OWOCT,297,566,269,v016
OWOCT,254,705,451,v008
OWOCT,439,571,132,v016
OWOCT,0,110,110,v029
J8781,348,480,132,v001
J8781,93,220,127,v008
J8781,93,220,127,v023
J8781,110,244,134,v018
J8781,232,348,116,v022
J8781,0,144,144,v003
J8781,108,338,230,v018
J8781,280,446,166,v012
J8781,81,242,161,v016
J8781,249,480,231,v003
J8781,0,144,144,v016
J8781,345,480,135,v029
1VUWS,0,652,652,v026
Y063A,144,700,556,v006
Y063A,468,624,156,v020
Y063A,583,722,139,v022
Y063A,283,708,425,v008
RVLLF,0,412,412,v008
RVLLF,276,441,165,v016
RVLLF,276,448,172,v016
RVLLF,216,355,139,v029
RVLLF,268,472,204,v016
RVLLF,0,439,439,v008
CAW41,0,573,573,v008
CAW41,0,573,573,v023
CAW41,0,573,573,v021
CAW41,165,573,408,v005
CAW41,0,573,573,v010
CAW41,0,573,573,v026
CAW41,307,456,149,v016
5UNDJ,1701,4665,2964,v008
5UNDJ,2354,4293,1939,v005
5UNDJ,1725,4339,2614,v008
5UNDJ,2191,3849,1658,v023
5UNDJ,1701,2241,540,v029
5UNDJ,3544,3780,236,v016
5UNDJ,3568,3828,260,v016
AJ5YQ,67,369,302,v008
AJ5YQ,60,218,158,v023
AJ5YQ,278,548,270,v005
AJ5YQ,81,548,467,v014
AJ5YQ,242,548,306,v008
AJ5YQ,242,548,306,v008
AJ5YQ,271,381,110,v016
AJ5YQ,264,548,284,v013
AEA8P,0,328,328,v005
AEA8P,232,553,321,v008
AEA8P,0,213,213,v019
AEA8P,0,553,553,v018
AEA8P,0,553,553,v008
AEA8P,0,96,96,v005
AEA8P,0,553,553,v018
QAHJG,40,208,168,v012
QAHJG,112,745,633,v031
QAHJG,0,108,108,v016
QAHJG,0,285,285,v032
JFR2I,0,580,580,v026
JFR2I,566,700,134,v023
JFR2I,472,638,166,v022
JFR2I,592,778,186,v015
JFR2I,0,616,616,v018
JFR2I,0,624,624,v018
JFR2I,585,778,193,v008
JFR2I,0,381,381,v016
JFR2I,0,484,484,v008
JFR2I,434,580,146,v016
JQJSB,0,189,189,v006
JQJSB,542,672,130,v007
JQJSB,504,693,189,v006
JQJSB,211,350,139,v022
CM0F0,0,559,559,v026
CM0F0,520,676,156,v016
CM0F0,0,530,530,v016
CM0F0,38,158,120,v016
CM0F0,76,223,147,v016
CM0F0,225,511,286,v026
AEHBG,0,364,364,v031
AEHBG,664,907,243,v005
0RDVJ,0,954,954,v008
0RDVJ,0,954,954,v008
0RDVJ,0,954,954,v008
NCLD1,0,110,110,v025
NCLD1,0,84,84,v004
NCLD1,0,98,98,v008
NCLD1,74,256,182,v008
NCLD1,223,465,242,v008
NCLD1,55,182,127,v023
NCLD1,211,343,132,v023
NCLD1,424,556,132,v023
NCLD1,0,789,789,v008
NCLD1,741,789,48,v008
NCLD1,741,789,48,v023
NCLD1,741,789,48,v008
86X97,43,897,854,v008
86X97,163,892,729,v031
86X97,816,960,144,v016
86X97,158,902,744,v012
86X97,33,182,149,v023
86X97,43,268,225,v031
86X97,240,446,206,v031
GH3D1,2,153,151,v016
GH3D1,0,122,122,v023
GH3D1,201,547,346,v031
GH3D1,189,319,130,v005
GH3D1,55,271,216,v002
GH3D1,0,292,292,v008
GH3D1,271,535,264,v006
44HW5,228,744,516,v008
44HW5,412,744,332,v014
44HW5,228,400,172,v017
44HW5,220,744,524,v008
44HW5,220,367,147,v029
EI17N,0,727,727,v008
EI17N,0,727,727,v024
EI17N,67,230,163,v019
EI17N,0,727,727,v018
0LDP7,0,648,648,v002
0LDP7,0,631,631,v032
7CBNR,0,626,626,v008
7CBNR,386,494,108,v020
K1UTX,14,220,206,v008
K1UTX,134,739,605,v024
8PSXZ,504,669,165,v008
8PSXZ,508,693,185,v016
8PSXZ,496,688,192,v023
8PSXZ,0,777,777,v002
8PSXZ,571,688,117,v016
8PSXZ,511,626,115,v023
EF5XT,328,645,317,v008
EF5XT,187,472,285,v015
EF5XT,115,645,530,v019
EF5XT,100,645,545,v009
EF5XT,0,645,645,v008
AXM6J,554,796,242,v008
AXM6J,19,556,537,v026
HB8QW,12,499,487,v008
HB8QW,62,446,384,v018
HB8QW,328,460,132,v022
HB8QW,60,446,386,v018
HB8QW,264,396,132,v016
C3ZJU,98,213,115,v031
C3ZJU,48,710,662,v008
C3ZJU,168,710,542,v005
C3ZJU,26,710,684,v018
C3ZJU,180,434,254,v005
C3ZJU,146,621,475,v028
C3ZJU,352,710,358,v016
C3ZJU,36,710,674,v008
C3ZJU,187,446,259,v023
C3ZJU,84,232,148,v020
C3ZJU,43,374,331,v008
W2QG1,292,446,154,v025
W2QG1,0,321,321,v010
W2QG1,96,331,235,v000
W2QG1,261,439,178,v016
W2QG1,0,502,502,v000
P3JMV,415,633,218,v008
P3JMV,436,633,197,v016
P3JMV,396,564,168,v022
P3JMV,0,360,360,v003
P3JMV,0,268,268,v023
P3JMV,465,648,183,v026
P3JMV,0,297,297,v008
P3JMV,0,477,477,v018
87T5P,55,540,485,v008
87T5P,566,712,146,v018
87T5P,614,739,125,v018
87T5P,568,739,171,v031
87T5P,40,552,512,v026
87T5P,602,739,137,v018
FNJ2G,0,775,775,v008
FNJ2G,115,775,660,v024
FNJ2G,0,288,288,v020
FNJ2G,192,775,583,v009
3MWAY,129,276,147,v016
3MWAY,100,259,159,v029
3MWAY,424,566,142,v001
3MWAY,187,343,156,v012
3MWAY,0,201,201,v020
3MWAY,0,276,276,v008
3MWAY,321,508,187,v023
3MWAY,391,829,438,v008
3MWAY,506,770,264,v015
3OQ81,0,158,158,v016
3OQ81,0,165,165,v016
3OQ81,55,348,293,v023
3OQ81,36,153,117,v016
3OQ81,132,465,333,v005
3OQ81,0,153,153,v008
3OQ81,93,465,372,v008
JVJZX,309,441,132,v001
JVJZX,343,496,153,v023
JVJZX,336,615,279,v008
TFCNM,0,746,746,v019
TFCNM,0,62,62,v009
TFCNM,0,751,751,v012
TFCNM,26,182,156,v012
M8PXK,0,723,723,v018
M8PXK,36,225,189,v023
M8PXK,88,723,635,v026
M8PXK,0,723,723,v005
M8PXK,194,403,209,v026
M8PXK,345,723,378,v026
M8PXK,0,723,723,v008
M8PXK,60,196,136,v022
ITXRK,1029,1214,185,v023
ITXRK,1152,1310,158,v016
ITXRK,772,1228,456,v028
ITXRK,1166,1322,156,v022
ITXRK,1152,1322,170,v016
ITXRK,230,957,727,v023
ITXRK,1248,1357,109,v008
ITXRK,48,252,204,v010
DZ0SB,523,674,151,v012
DZ0SB,64,772,708,v008
DZ0SB,124,746,622,v032
DZ0SB,715,861,146,v014
DZ0SB,765,890,125,v022
DZ0SB,748,849,101,v001
DZ0SB,612,712,100,v016
DZ0SB,607,751,144,v016
DZ0SB,96,717,621,v031
DZ0SB,93,871,778,v018
DZ0SB,0,722,722,v023
S9KOH,0,193,193,v008
S9KOH,0,60,60,v012
S9KOH,24,193,169,v016
9QVWC,360,778,418,v026
9QVWC,472,778,306,v020
9QVWC,0,304,304,v006
9QVWC,396,778,382,v026
9QVWC,0,175,175,v031
9QVWC,336,778,442,v008
BZ4K7,144,288,144,v004
BZ4K7,312,580,268,v009
BZ4K7,0,580,580,v018
BZ4K7,0,580,580,v021
BZ4K7,0,580,580,v016
BZ4K7,0,580,580,v018
BZ4K7,0,580,580,v019
MFXZD,0,765,765,v008
MFXZD,0,772,772,v018
MFXZD,28,753,725,v024
MFXZD,0,772,772,v021
MFXZD,0,748,748,v008
UPWM5,0,549,549,v008
UPWM5,434,636,202,v016
UPWM5,576,760,184,v008
UPWM5,585,758,173,v023
7FQ5Q,0,69,69,v008
7FQ5Q,0,81,81,v012
7FQ5Q,0,69,69,v016
7FQ5Q,0,69,69,v016
7WOTM,0,518,518,v008
7WOTM,0,518,518,v005
7WOTM,0,518,518,v017
7WOTM,0,518,518,v009
7WOTM,0,518,518,v023
7WOTM,0,518,518,v008
7WOTM,0,518,518,v005
7WOTM,0,220,220,v019
7WOTM,0,518,518,v008
M7BD4,484,628,144,v001
M7BD4,0,680,680,v008
M7BD4,410,564,154,v012
M7BD4,432,564,132,v012
M7BD4,333,470,137,v016
M7BD4,328,458,130,v016
M7BD4,67,261,194,v026
ZS9IX,124,518,394,v008
ZS9IX,367,520,153,v016
ZS9IX,436,739,303,v028
ZS9IX,218,381,163,v028
ZS9IX,84,288,204,v029
ZS9IX,100,369,269,v007
ZS9IX,444,739,295,v016
ZS9IX,141,261,120,v012
6QPNW,0,737,737,v008
6QPNW,324,513,189,v019
6QPNW,0,737,737,v018
6QPNW,0,737,737,v009
6QPNW,0,737,737,v013
R1X8P,144,321,177,v008
R1X8P,254,496,242,v008
R1X8P,271,496,225,v014
R1X8P,182,364,182,v023
R1X8P,0,88,88,v012
R1X8P,285,496,211,v019
GPUFH,216,436,220,v008
GPUFH,266,463,197,v016
GPUFH,180,321,141,v023
GPUFH,158,348,190,v026
GPUFH,326,477,151,v030
GPUFH,352,520,168,v016
GPUFH,453,719,266,v026
0HVVN,0,626,626,v014
0HVVN,0,679,679,v018
0HVVN,0,583,583,v008
0HVVN,405,592,187,v016
0HVVN,516,742,226,v008
0HVVN,487,648,161,v022
0HVVN,496,742,246,v023
28D7L,446,762,316,v008
28D7L,0,532,532,v004
28D7L,336,528,192,v016
28D7L,501,708,207,v009
28D7L,523,762,239,v019
28D7L,264,417,153,v016
28D7L,386,762,376,v008
28D7L,386,532,146,v023
JK4Q2,0,134,134,v027
JK4Q2,14,232,218,v008
JK4Q2,134,360,226,v030
JK4Q2,45,225,180,v029
JK4Q2,561,724,163,v023
JK4Q2,535,652,117,v016
JK4Q2,631,743,112,v005
JK4Q2,604,705,101,v008
JK4Q2,468,602,134,v030
JK4Q2,115,271,156,v019
JK4Q2,115,319,204,v031
DV6U8,0,290,290,v030
DV6U8,309,465,156,v012
DV6U8,384,708,324,v008
DV6U8,609,747,138,v017
DV6U8,636,746,110,v029
DV6U8,376,506,130,v023
DV6U8,232,391,159,v008
DV6U8,0,295,295,v026
GZQ0V,0,436,436,v008
GZQ0V,326,463,137,v016
GZQ0V,0,338,338,v031
GZQ0V,0,441,441,v008
GZQ0V,465,583,118,v029
3V7X2,384,516,132,v023
3V7X2,0,436,436,v019
3V7X2,0,436,436,v019
3V7X2,0,429,429,v031
3V7X2,417,749,332,v008
RHV11,0,628,628,v016
RHV11,254,643,389,v025
RHV11,76,727,651,v031
RHV11,0,132,132,v023
RHV11,0,633,633,v026
RHV11,0,614,614,v008
2T4AO,0,590,590,v008
0AMBV,0,410,410,v008
0AMBV,168,331,163,v005
0AMBV,0,427,427,v008
0AMBV,321,439,118,v025
ZKIBW,0,705,705,v008
ZKIBW,0,710,710,v014
ZKIBW,0,715,715,v008
ZKIBW,0,192,192,v012
ZKIBW,580,715,135,v023
ZKIBW,564,703,139,v023
OCSJP,64,621,557,v027
OCSJP,232,501,269,v002
OCSJP,254,890,636,v002
R0OLR,376,597,221,v025
R0OLR,472,645,173,v017
R0OLR,0,223,223,v023
R0OLR,139,297,158,v008
R0OLR,475,614,139,v016
R0OLR,273,465,192,v020
R0OLR,535,724,189,v029
R0OLR,475,612,137,v025
R0OLR,448,592,144,v016
R0OLR,482,600,118,v008
QT4W0,184,545,361,v018
QT4W0,120,266,146,v017
QT4W0,184,545,361,v018
QT4W0,240,545,305,v016
QT4W0,345,545,200,v003
QT4W0,168,302,134,v018
UAWXI,4,747,743,v008
UAWXI,0,228,228,v017
UAWXI,0,747,747,v019
UAWXI,0,170,170,v029
CSRZM,345,511,166,v008
CSRZM,316,794,478,v008
CSRZM,364,775,411,v005
CSRZM,127,794,667,v008
CSRZM,321,480,159,v012
CSRZM,388,520,132,v005
CSRZM,388,516,128,v023
0ER4S,0,806,806,v008
0ER4S,0,806,806,v008
0ER4S,0,806,806,v014
469E8,189,441,252,v031
469E8,180,326,146,v022
469E8,355,501,146,v012
469E8,396,583,187,v016
469E8,0,302,302,v004
469E8,415,559,144,v016
469E8,386,518,132,v007
469E8,372,518,146,v029
QM4AD,0,562,562,v008
QM4AD,0,562,562,v031
QM4AD,424,561,137,v016
QM4AD,40,470,430,v030
QM4AD,0,561,561,v008
QM4AD,0,562,562,v008
EV4HN,0,542,542,v031
EV4HN,0,549,549,v018
EV4HN,458,597,139,v022
EV4HN,0,554,554,v014
EV4HN,496,619,123,v017
EV4HN,0,556,556,v018
XMJTG,43,199,156,v012
XMJTG,424,561,137,v012
XMJTG,576,736,160,v012
XMJTG,134,302,168,v001
XMJTG,458,672,214,v023
XMJTG,549,756,207,v008
6L2J7,436,739,303,v019
6L2J7,0,501,501,v018
6L2J7,0,506,506,v032
6L2J7,0,506,506,v018
6L2J7,518,739,221,v019
6L2J7,444,576,132,v031
6L2J7,384,506,122,v001
6L2J7,381,511,130,v022
6L2J7,0,465,465,v031
SGU6F,0,640,640,v008
SGU6F,0,640,640,v013
SGU6F,684,727,43,v014
9NWSD,21,670,649,v008
9NWSD,127,616,489,v022
9NWSD,576,670,94,v016
9NWSD,19,146,127,v023
UDRZ6,384,504,120,v023
UDRZ6,384,504,120,v023
UDRZ6,120,360,240,v009
UDRZ6,444,554,110,v022
UDRZ6,0,405,405,v019
UDRZ6,417,746,329,v008
K9V2R,0,463,463,v014
K9V2R,180,333,153,v008
K9V2R,184,470,286,v016
K9V2R,417,583,166,v016
K9V2R,482,824,342,v019
K9V2R,782,824,42,v023
K9V2R,782,824,42,v013
K9V2R,782,824,42,v016
K9V2R,782,824,42,v008
C6LDA,400,739,339,v018
C6LDA,0,244,244,v031
C6LDA,381,499,118,v018
C6LDA,0,218,218,v006
C6LDA,170,326,156,v029
C6LDA,691,739,48,v018
C6LDA,691,739,48,v006
C6LDA,691,739,48,v029
C6LDA,691,739,48,v022
MQ4YR,295,602,307,v029
MQ4YR,453,602,149,v008
MQ4YR,429,597,168,v023
MQ4YR,0,309,309,v000
MQ4YR,225,403,178,v022
MQ4YR,0,362,362,v010
MQ4YR,0,338,338,v000
KPAS0,182,381,199,v028
KPAS0,336,480,144,v012
KPAS0,396,766,370,v031
KPAS0,112,254,142,v029
KPAS0,108,290,182,v001
KPAS0,0,81,81,v029
KPAS0,74,182,108,v001
KPAS0,355,766,411,v008
KPAS0,324,451,127,v023
UZN0J,0,741,741,v008
UZN0J,72,480,408,v014
UZN0J,432,741,309,v019
UZN0J,144,528,384,v009
UZN0J,0,741,741,v018
IV1U5,31,156,125,v001
IV1U5,79,937,858,v008
IV1U5,820,937,117,v008
IV1U5,196,907,711,v013
IV1U5,110,924,814,v014
LVNAU,189,969,780,v031
LVNAU,172,319,147,v018
LVNAU,852,1022,170,v022
LVNAU,172,984,812,v018
AB166,0,362,362,v021
AB166,0,362,362,v010
AB166,276,362,86,v000
H4ZD8,345,523,178,v008
H4ZD8,124,235,111,v019
H4ZD8,340,456,116,v023
H4ZD8,105,276,171,v031
H4ZD8,146,266,120,v016
H4ZD8,0,146,146,v008
H4ZD8,192,360,168,v028
H4ZD8,96,240,144,v013
H4ZD8,192,384,192,v016
H4ZD8,96,244,148,v023
H4ZD8,386,525,139,v019
H4ZD8,199,432,233,v003
XJOJL,705,842,137,v016
XJOJL,187,573,386,v005
XJOJL,187,580,393,v005
XJOJL,67,544,477,v023
XJOJL,540,700,160,v023
XJOJL,540,700,160,v016
XJOJL,540,700,160,v008
XJOJL,1094,1143,49,v021
XJOJL,1094,1143,49,v008
XJOJL,1094,1143,49,v016
XJOJL,1094,1143,49,v026
7FCAW,45,261,216,v008
7FCAW,103,753,650,v009
7FCAW,175,499,324,v028
7FCAW,16,180,164,v023
7FCAW,158,278,120,v016
7FCAW,508,643,135,v016
7FCAW,674,753,79,v023
3O6KD,72,504,432,v008
3O6KD,146,501,355,v018
3O6KD,129,247,118,v022
3O6KD,400,722,322,v018
3O6KD,393,722,329,v031
3O6KD,386,722,336,v014
3O6KD,0,240,240,v018
43UDQ,31,376,345,v005
43UDQ,0,665,665,v024
43UDQ,31,374,343,v005
S46UA,0,123,123,v008
S46UA,0,123,123,v008
S46UA,0,123,123,v019
S46UA,0,112,112,v009
JOPGB,667,782,115,v025
JOPGB,9,196,187,v018
JOPGB,0,105,105,v018
JOPGB,62,537,475,v018
JOPGB,21,172,151,v028
JOPGB,57,204,147,v016
JOPGB,0,782,782,v008
JOPGB,0,192,192,v023
JOPGB,50,295,245,v019
JOPGB,0,782,782,v008
JOPGB,31,165,134,v022
JOPGB,40,547,507,v008
JOPGB,0,782,782,v015
BMYDX,434,775,341,v026
BMYDX,388,525,137,v023
BMYDX,434,796,362,v030
BMYDX,403,801,398,v008
BMYDX,696,835,139,v016
9777C,206,704,498,v005
9777C,206,704,498,v008
9777C,0,86,86,v029
9777C,163,704,541,v010
G54NU,333,793,460,v014
G54NU,285,441,156,v025
G54NU,14,400,386,v018
G54NU,62,388,326,v008
G54NU,336,465,129,v031
G54NU,336,793,457,v018
G54NU,336,793,457,v032
MZJ9D,0,163,163,v032
MZJ9D,12,307,295,v001
MZJ9D,0,211,211,v008
MZJ9D,0,177,177,v012
MZJ9D,0,237,237,v018
MZJ9D,0,699,699,v014
NXSMH,0,760,760,v008
NXSMH,350,492,142,v008
NXSMH,340,496,156,v023
NXSMH,108,230,122,v016
NXSMH,0,760,760,v026
NXSMH,96,230,134,v008
NXSMH,340,576,236,v008
MQXAJ,0,103,103,v012
MQXAJ,0,158,158,v008
MQXAJ,0,158,158,v008
MQXAJ,21,158,137,v019
MQXAJ,64,158,94,v001
MQXAJ,0,158,158,v008
MQXAJ,0,158,158,v005
1ZBM9,31,268,237,v008
1ZBM9,156,300,144,v025
1ZBM9,0,669,669,v018
1ZBM9,285,415,130,v012
1ZBM9,225,379,154,v023
1ZBM9,360,566,206,v016
EG0IU,307,681,374,v021
EG0IU,43,314,271,v030
EG0IU,0,91,91,v019
EG0IU,259,386,127,v027
HXWI9,0,734,734,v016
HXWI9,0,734,734,v026
HXWI9,439,684,245,v008
HXWI9,513,686,173,v017
HXWI9,446,684,238,v008
47D1Y,7,151,144,v012
47D1Y,55,408,353,v026
47D1Y,588,790,202,v020
KVONB,0,216,216,v012
KVONB,182,636,454,v028
KVONB,516,648,132,v016
RIEG6,0,134,134,v022
RIEG6,240,482,242,v004
RIEG6,0,614,614,v008
RIEG6,0,141,141,v018
E1VFZ,72,318,246,v020
E1VFZ,12,139,127,v016
E1VFZ,170,312,142,v016
E1VFZ,12,144,132,v016
E1VFZ,0,134,134,v008
38T9C,72,511,439,v008
38T9C,172,331,159,v005
38T9C,175,312,137,v005
38T9C,211,340,129,v016
38T9C,74,528,454,v008
38T9C,211,340,129,v016
8Z02S,0,280,280,v008
8Z02S,362,719,357,v008
8Z02S,0,252,252,v031
8Z02S,336,568,232,v023
8Z02S,518,719,201,v029
8Z02S,357,516,159,v008
8Z02S,357,508,151,v023
D4RH8,0,699,699,v005
D4RH8,0,699,699,v008
D4RH8,0,699,699,v008
D4RH8,0,699,699,v018
D4RH8,0,699,699,v008
D4RH8,0,583,583,v014
D4RH8,0,699,699,v031
D4RH8,518,699,181,v005
D4RH8,328,699,371,v019
D4RH8,328,699,371,v019
O4Q1L,0,295,295,v008
O4Q1L,26,280,254,v031
UZMKC,0,723,723,v008
UZMKC,0,117,117,v012
UZMKC,72,648,576,v019
UZMKC,0,723,723,v031
UZMKC,52,723,671,v009
UZMKC,0,723,723,v008
UZMKC,31,723,692,v019
SLDVU,0,765,765,v018
SLDVU,331,765,434,v003
SLDVU,0,460,460,v018
SLDVU,307,765,458,v018
SLDVU,0,441,441,v014
SLDVU,350,765,415,v016
SLDVU,345,765,420,v003
SLDVU,0,427,427,v031
LPPFL,55,235,180,v004
LPPFL,0,735,735,v032
LPPFL,0,735,735,v014
LPPFL,0,735,735,v018
LPPFL,0,735,735,v032
AZ7YC,0,75,75,v008
AZ7YC,0,75,75,v008
AZ7YC,0,75,75,v029
AZ7YC,24,75,51,v019
AZ7YC,0,75,75,v008
6PQZE,0,441,441,v008
6PQZE,345,705,360,v008
6PQZE,602,724,122,v016
6PQZE,650,764,114,v018
6PQZE,372,660,288,v025
6PQZE,146,764,618,v019
6PQZE,676,764,88,v018
6PQZE,0,518,518,v024
6PQZE,120,240,120,v029
6PQZE,352,472,120,v023
6PQZE,566,669,103,v025
0ETKN,0,254,254,v008
0ETKN,105,260,155,v016
0ETKN,0,260,260,v008
0ETKN,124,223,99,v012
0ETKN,0,260,260,v008
0ETKN,105,260,155,v016
65IQ0,0,872,872,v018
65IQ0,110,501,391,v025
9JIOI,316,395,79,v001
9JIOI,0,136,136,v012
9JIOI,170,338,168,v002
9JIOI,16,148,132,v023
9JIOI,24,285,261,v008
974TA,672,749,77,v012
974TA,0,722,722,v020
MBYRJ,0,307,307,v009
MBYRJ,0,424,424,v018
MBYRJ,0,156,156,v016
XZLNT,268,513,245,v023
XZLNT,0,242,242,v031
XZLNT,487,686,199,v022
XZLNT,295,506,211,v023
XZLNT,0,256,256,v018
XZLNT,0,398,398,v008
V9W9C,700,866,166,v004
V9W9C,676,1229,553,v008
V9W9C,338,657,319,v000
V9W9C,1082,1221,139,v022
V9W9C,0,1197,1197,v018
V9W9C,664,1229,565,v023
V9W9C,0,1197,1197,v018
V9W9C,763,888,125,v026
9C5PT,268,764,496,v008
9C5PT,266,764,498,v023
9C5PT,415,590,175,v020
9C5PT,223,472,249,v028
9C5PT,376,513,137,v023
9C5PT,456,764,308,v008
9C5PT,480,764,284,v023
9C5PT,571,720,149,v029
9C5PT,688,764,76,v016
GNPSK,333,761,428,v030
GNPSK,288,417,129,v022
GNPSK,333,761,428,v030
GNPSK,0,393,393,v018
GNPSK,0,196,196,v008
GNPSK,0,549,549,v008
GNPSK,0,100,100,v005
9632M,132,741,609,v005
9632M,55,336,281,v029
9632M,117,767,650,v008
9632M,336,767,431,v019
9632M,657,767,110,v008
9632M,638,767,129,v023
A3U9M,0,750,750,v008
A3U9M,177,352,175,v020
A3U9M,0,750,750,v031
FYJHS,566,740,174,v012
FYJHS,88,362,274,v016
FYJHS,451,684,233,v006
FYJHS,184,340,156,v016
FYJHS,292,740,448,v006
FYJHS,36,343,307,v008
FYJHS,384,676,292,v007
FYJHS,244,369,125,v016
FYJHS,355,740,385,v018
O5TU5,285,441,156,v000
O5TU5,655,931,276,v022
O5TU5,144,499,355,v010
O5TU5,537,696,159,v023
O5TU5,628,878,250,v016
X7J7H,28,410,382,v005
X7J7H,0,396,396,v018
X7J7H,0,232,232,v005
X7J7H,206,364,158,v022
X7J7H,280,427,147,v008
X7J7H,331,439,108,v025
X7J7H,208,408,200,v010
4LDRK,57,405,348,v012
4LDRK,38,540,502,v008
4LDRK,451,786,335,v008
4LDRK,537,786,249,v015
4LDRK,0,172,172,v029
4LDRK,710,786,76,v019
CF1OQ,108,636,528,v018
CF1OQ,0,208,208,v017
CF1OQ,98,237,139,v018
CF1OQ,163,662,499,v004
CF1OQ,547,745,198,v019
CF1OQ,86,745,659,v003
CF1OQ,115,745,630,v003
CF1OQ,105,745,640,v018
CF1OQ,0,67,67,v029
CF1OQ,93,211,118,v016
GAN05,0,742,742,v018
GAN05,0,742,742,v018
GAN05,429,556,127,v009
GAN05,0,742,742,v031
GAN05,427,556,129,v009
N3CUK,432,914,482,v008
N3CUK,0,134,134,v016
N3CUK,84,300,216,v023
N3CUK,362,568,206,v012
N3CUK,213,422,209,v018
N3CUK,0,120,120,v008
N3CUK,175,914,739,v008
N3CUK,316,914,598,v032
N3CUK,153,314,161,v023
N3CUK,12,108,96,v016
N3CUK,72,914,842,v008
N3CUK,400,914,514,v031
N3CUK,271,914,643,v018
S1QOX,0,741,741,v008
S1QOX,184,741,557,v013
S1QOX,0,741,741,v018
S1QOX,0,741,741,v014
HBPZJ,0,381,381,v014
HBPZJ,324,452,128,v020
HBPZJ,285,412,127,v023
HBPZJ,0,352,352,v031
HBPZJ,0,452,452,v018
HBPZJ,288,452,164,v008
HBPZJ,0,357,357,v032
HBPZJ,0,452,452,v018
UDGP2,367,496,129,v016
UDGP2,619,747,128,v002
UDGP2,91,475,384,v023
UDGP2,300,460,160,v022
UDGP2,0,163,163,v012
UDGP2,31,410,379,v018
UDGP2,160,501,341,v008
UDGP2,160,504,344,v008
6OROW,312,511,199,v018
6OROW,0,506,506,v031
6OROW,451,758,307,v004
6OROW,451,578,127,v023
6OROW,460,758,298,v016
6OROW,460,758,298,v008
6OROW,0,758,758,v008
6OROW,460,758,298,v008
6OROW,0,556,556,v032
ZHZST,0,177,177,v004
ZHZST,0,292,292,v008
ZHZST,163,292,129,v016
670G1,0,127,127,v012
670G1,0,160,160,v012
670G1,417,636,219,v026
4JXAK,307,518,211,v030
4JXAK,7,300,293,v002
4JXAK,268,518,250,v008
4JXAK,19,144,125,v016
4JXAK,43,148,105,v008
4JXAK,26,134,108,v023
CTPR2,484,621,137,v008
CTPR2,0,398,398,v026
CTPR2,0,364,364,v018
IRBPD,170,422,252,v004
IRBPD,146,692,546,v008
IRBPD,0,206,206,v015
IRBPD,427,691,264,v004
HZXXN,192,357,165,v016
HZXXN,196,340,144,v008
HZXXN,132,266,134,v012
HZXXN,50,211,161,v020
HZXXN,681,731,50,v001
HZXXN,681,731,50,v016
HZXXN,681,731,50,v023
HZXXN,681,731,50,v016
HZXXN,681,731,50,v023
1K0GV,266,484,218,v004
1K0GV,292,673,381,v031
1K0GV,0,348,348,v008
1K0GV,242,355,113,v025
1K0GV,242,355,113,v025
1K0GV,259,372,113,v023
3R7NX,0,199,199,v008
3R7NX,626,732,106,v012
3R7NX,636,732,96,v012
O2VP8,429,647,218,v008
O2VP8,472,647,175,v014
O2VP8,0,647,647,v008
O2VP8,424,540,116,v023
O2VP8,0,480,480,v030
NMRF0,326,542,216,v013
NMRF0,662,751,89,v019
NMRF0,244,746,502,v008
NMRF0,290,708,418,v014
U91SO,540,734,194,v001
U91SO,0,540,540,v008
U91SO,0,525,525,v031
14JPP,398,762,364,v031
14JPP,504,762,258,v028
14JPP,465,597,132,v018
14JPP,9,496,487,v010
14JPP,386,762,376,v018
YPERJ,0,652,652,v008
YPERJ,0,728,728,v026
KKGLB,0,300,300,v010
KKGLB,441,636,195,v008
KKGLB,290,453,163,v020
KKGLB,0,386,386,v031
KKGLB,0,300,300,v031
KKGLB,429,547,118,v023
KKGLB,204,636,432,v018
CYM3V,388,735,347,v005
CYM3V,264,441,177,v018
CYM3V,388,735,347,v005
CYM3V,326,735,409,v018
CYM3V,0,451,451,v008
CYM3V,0,735,735,v008
CYM3V,0,434,434,v023
CYM3V,360,735,375,v008
NVDEM,136,305,169,v018
NVDEM,158,305,147,v031
NVDEM,72,230,158,v018
SQ3C9,7,268,261,v008
SQ3C9,0,115,115,v012
SQ3C9,316,612,296,v008
SQ3C9,369,614,245,v014
NKTWF,36,189,153,v008
NKTWF,36,189,153,v016
NKTWF,134,483,349,v008
NKTWF,170,483,313,v021
NKTWF,136,273,137,v018
NKTWF,136,273,137,v018
NKTWF,153,483,330,v018
EMF9Q,398,549,151,v016
EMF9Q,559,698,139,v001
EMF9Q,103,568,465,v015
EMF9Q,520,724,204,v012
CB42N,484,686,202,v004
CB42N,0,732,732,v014
CB42N,444,732,288,v008
CB42N,398,576,178,v023
CB42N,0,732,732,v008
CB42N,328,480,152,v020
CB42N,0,444,444,v031
0PSL4,244,484,240,v008
0PSL4,122,470,348,v008
0PSL4,192,340,148,v023
0PSL4,105,220,115,v023
PQMTB,0,168,168,v008
PQMTB,0,144,144,v020
PQMTB,0,276,276,v018
PQMTB,0,172,172,v008
PQMTB,0,276,276,v018
YNCFL,516,628,112,v004
YNCFL,163,727,564,v008
YNCFL,0,727,727,v009
YNCFL,158,727,569,v008
YNCFL,134,727,593,v019
YNCFL,129,727,598,v019
YNCFL,120,300,180,v023
JSLW5,0,153,153,v012
JSLW5,0,153,153,v012
JSLW5,21,309,288,v009
JSLW5,132,343,211,v017
JSLW5,112,288,176,v022
2K5GR,535,702,167,v016
2K5GR,384,616,232,v004
2K5GR,513,628,115,v016
2K5GR,609,702,93,v025
2K5GR,612,702,90,v025
2K5GR,21,393,372,v001
NGWRE,0,220,220,v008
NGWRE,67,319,252,v008
NGWRE,300,470,170,v016
NGWRE,0,139,139,v010
NGWRE,343,494,151,v025
NGWRE,0,352,352,v014
NGWRE,0,705,705,v008
NGWRE,7,374,367,v010
D69VI,0,93,93,v025
D69VI,0,93,93,v025
D69VI,0,81,81,v029
EWES1,542,688,146,v018
EWES1,588,763,175,v005
EWES1,542,688,146,v018
EWES1,588,763,175,v005
EWES1,0,684,684,v026
EWES1,0,763,763,v016
EWES1,0,684,684,v030
EWES1,196,319,123,v016
EWES1,482,664,182,v023
EWES1,619,763,144,v008
EWES1,568,763,195,v018
EWES1,170,398,228,v016
EWES1,0,619,619,v030
XFHYX,0,504,504,v008
XFHYX,0,484,484,v026
XFHYX,129,285,156,v020
XFHYX,283,460,177,v022
XFHYX,16,405,389,v018
XFHYX,7,391,384,v026
XFHYX,432,669,237,v004
0JB3D,129,280,151,v001
0JB3D,528,700,172,v008
0JB3D,508,676,168,v023
0JB3D,0,148,148,v012
0JB3D,96,588,492,v008
0JB3D,535,698,163,v008
0JB3D,465,609,144,v016
0JB3D,540,698,158,v023
0JB3D,556,691,135,v008
0JB3D,158,379,221,v004
0JB3D,532,652,120,v023
0JB3D,74,252,178,v023
HRR0X,225,396,171,v008
HRR0X,338,499,161,v027
HRR0X,516,621,105,v005
HRR0X,520,621,101,v018
HRR0X,184,331,147,v022
HRR0X,0,271,271,v018
HRR0X,316,446,130,v027
HRR0X,0,292,292,v018
HRR0X,480,602,122,v023
HRR0X,223,350,127,v023
F3O37,165,350,185,v008
F3O37,108,276,168,v023
F3O37,0,156,156,v008
F3O37,139,252,113,v016
F3O37,139,252,113,v025
F3O37,144,254,110,v016
F3O37,0,252,252,v008
IVXKL,0,687,687,v008
IVXKL,0,687,687,v005
IVXKL,0,687,687,v008
OG07V,283,542,259,v016
OG07V,0,728,728,v026
OG07V,0,728,728,v008
OG07V,86,728,642,v016
OG07V,0,578,578,v023
OG07V,9,117,108,v026
0IISQ,0,736,736,v021
0IISQ,343,487,144,v016
0SXRS,636,755,119,v026
0SXRS,285,422,137,v008
0SXRS,636,755,119,v030
0SXRS,340,652,312,v026
0SXRS,352,755,403,v030
0SXRS,235,422,187,v023
0SXRS,506,638,132,v022
0SXRS,0,753,753,v023
0SXRS,0,755,755,v022
FKGY7,158,297,139,v023
FKGY7,76,216,140,v019
FKGY7,158,297,139,v023
FKGY7,0,228,228,v028
FKGY7,129,252,123,v016
FKGY7,132,244,112,v025
FKGY7,242,297,55,v025
SSVYY,81,726,645,v008
SSVYY,148,726,578,v008
SSVYY,201,726,525,v019
GNUZK,0,136,136,v006
GNUZK,307,624,317,v004
GNUZK,264,422,158,v005
KMWCM,182,355,173,v009
KMWCM,672,868,196,v005
KMWCM,0,1181,1181,v008
KMWCM,0,1181,1181,v031
KMWCM,0,1181,1181,v008
KMWCM,0,1181,1181,v009
KMWCM,0,1181,1181,v018
U43FI,326,421,95,v023
U43FI,340,421,81,v023
U43FI,0,421,421,v018
U43FI,0,421,421,v018
U43FI,352,421,69,v016
U43FI,0,421,421,v016
U43FI,0,421,421,v026
YK5A4,160,515,355,v014
YK5A4,136,515,379,v018
YK5A4,120,247,127,v018
YK5A4,259,515,256,v019
YK5A4,112,515,403,v008
32MUM,127,283,156,v016
32MUM,0,415,415,v026
32MUM,350,501,151,v008
32MUM,312,451,139,v023
32MUM,326,733,407,v016
RSRZ0,0,237,237,v008
RSRZ0,64,372,308,v012
RSRZ0,0,771,771,v018
RSRZ0,0,771,771,v031
RSRZ0,7,460,453,v016
RSRZ0,0,771,771,v018
RSRZ0,465,672,207,v012
HHAM7,0,733,733,v008
HHAM7,441,552,111,v001
HHAM7,201,391,190,v012
HHAM7,364,619,255,v023
HHAM7,206,345,139,v007
HHAM7,199,374,175,v012
HHAM7,422,602,180,v001
1IJ7V,429,559,130,v016
1IJ7V,417,554,137,v016
1IJ7V,0,520,520,v008
1IJ7V,40,528,488,v008
1IJ7V,432,528,96,v016
2JOTF,24,539,515,v008
2JOTF,0,141,141,v023
YMWUS,220,933,713,v003
YMWUS,79,338,259,v023
YMWUS,175,309,134,v008
YMWUS,787,940,153,v018
YMWUS,1180,1305,125,v008
TFQNW,0,283,283,v031
TFQNW,328,489,161,v017
TFQNW,168,309,141,v022
TFQNW,264,489,225,v031
TFQNW,0,300,300,v018
RJ27X,408,547,139,v016
RJ27X,259,525,266,v008
RJ27X,412,535,123,v016
RJ27X,242,352,110,v023
RJ27X,0,144,144,v002
RJ27X,360,456,96,v029
RJ27X,432,528,96,v016
RJ27X,0,548,548,v002
LBT7P,64,388,324,v008
LBT7P,127,300,173,v025
LBT7P,400,518,118,v029
PV1WX,0,266,266,v026
PV1WX,268,1150,882,v008
PV1WX,285,1065,780,v026
I34L6,0,757,757,v008
I34L6,422,532,110,v019
I34L6,50,757,707,v014
1X4SD,0,543,543,v023
1X4SD,0,153,153,v023
1X4SD,57,271,214,v016
1X4SD,14,148,134,v016
1X4SD,177,543,366,v008
BSU86,0,735,735,v008
BSU86,0,735,735,v008
BSU86,376,504,128,v020
70PUI,256,400,144,v023
70PUI,0,163,163,v003
70PUI,256,400,144,v023
70PUI,237,583,346,v016
SU2UY,0,721,721,v018
SU2UY,0,721,721,v014
SU2UY,2,146,144,v004
SU2UY,266,405,139,v004
1NYKM,492,703,211,v008
1NYKM,720,835,115,v010
1NYKM,369,504,135,v022
1NYKM,0,477,477,v018
1NYKM,741,835,94,v031
1NYKM,470,715,245,v026
1NYKM,0,427,427,v031
1NYKM,0,460,460,v010
1NYKM,391,532,141,v016
1NYKM,0,477,477,v018
L9YK1,201,475,274,v026
L9YK1,0,362,362,v017
OURYR,0,739,739,v004
OURYR,0,739,739,v008
OURYR,0,739,739,v005
OURYR,0,739,739,v008
OURYR,0,739,739,v018
OURYR,0,739,739,v005
GL7ER,194,393,199,v023
GL7ER,492,744,252,v005
GL7ER,0,818,818,v002
GL7ER,681,818,137,v001
GL7ER,628,787,159,v016
GL7ER,120,398,278,v023
GL7ER,0,69,69,v016
GL7ER,199,328,129,v012
GL7ER,38,201,163,v016
TXNDA,0,313,313,v018
TXNDA,57,208,151,v031
TXNDA,192,302,110,v009
TXNDA,0,313,313,v008
TXNDA,0,313,313,v008
TXNDA,0,313,313,v018
TXNDA,204,313,109,v016
TXNDA,0,211,211,v004
TXNDA,201,313,112,v016
CTFYL,67,465,398,v016
CTFYL,398,739,341,v023
CTFYL,62,256,194,v016
CTFYL,55,424,369,v016
CTFYL,398,715,317,v016
CTFYL,400,744,344,v023
CTFYL,40,460,420,v026
CTFYL,40,460,420,v026
KBPDM,74,448,374,v008
KBPDM,0,266,266,v000
KBPDM,170,326,156,v020
KBPDM,376,838,462,v005
KBPDM,0,249,249,v008
KBPDM,436,838,402,v005
KBPDM,352,499,147,v023
ZM3X3,0,803,803,v013
ZM3X3,0,803,803,v008
ZM3X3,0,496,496,v014
268ET,0,388,388,v008
268ET,328,674,346,v008
268ET,0,232,232,v012
268ET,266,405,139,v016
268ET,170,388,218,v016
41II2,0,544,544,v003
41II2,645,758,113,v022
41II2,271,412,141,v005
41II2,297,422,125,v023
41II2,218,753,535,v018
41II2,494,727,233,v019
41II2,0,583,583,v018
41II2,494,727,233,v009
SNK5Z,55,208,153,v006
SNK5Z,355,468,113,v008
SNK5Z,362,501,139,v005
SNK5Z,0,439,439,v018
SNK5Z,417,573,156,v016
SNK5Z,316,477,161,v023
8J5O9,400,731,331,v008
8J5O9,0,504,504,v008
8J5O9,408,731,323,v005
8J5O9,0,731,731,v018
8J5O9,384,487,103,v016
8J5O9,427,731,304,v008
8J5O9,484,595,111,v023
8J5O9,427,537,110,v023
BTW1H,62,244,182,v008
BTW1H,360,696,336,v031
BTW1H,67,256,189,v023
BTW1H,182,451,269,v017
115MY,0,364,364,v018
115MY,172,340,168,v027
115MY,199,343,144,v000
115MY,280,397,117,v022
115MY,256,397,141,v018
115MY,67,204,137,v029
115MY,0,397,397,v031
77UTO,604,764,160,v030
77UTO,612,764,152,v030
77UTO,182,681,499,v004
77UTO,0,259,259,v015
77UTO,0,669,669,v008
77UTO,564,764,200,v008
77UTO,475,693,218,v022
77UTO,0,648,648,v032
77UTO,165,628,463,v005
77UTO,0,640,640,v018
77UTO,621,764,143,v026
77UTO,715,764,49,v026
77UTO,0,640,640,v018
77UTO,592,764,172,v026
QRSP8,0,391,391,v008
QRSP8,362,470,108,v027
QRSP8,326,458,132,v022
QRSP8,0,223,223,v012
QRSP8,0,429,429,v018
QRSP8,268,429,161,v016
QRSP8,0,103,103,v023
97PX8,940,1135,195,v008
97PX8,0,1032,1032,v030
97PX8,0,1036,1036,v030
97PX8,597,768,171,v016
XZ2QQ,0,321,321,v008
XZ2QQ,213,326,113,v016
XZ2QQ,261,381,120,v012
XZ2QQ,283,487,204,v031
XZ2QQ,24,352,328,v019
XZ2QQ,0,271,271,v014
XZ2QQ,194,343,149,v008
XZ2QQ,211,412,201,v023
XZ2QQ,12,288,276,v009
BZMLV,0,268,268,v008
BZMLV,216,391,175,v008
BZMLV,326,516,190,v005
BZMLV,36,182,146,v027
BZMLV,0,151,151,v024
BZMLV,36,230,194,v022
BZMLV,24,216,192,v029
BZMLV,340,494,154,v004
QH3FK,501,738,237,v004
QH3FK,0,592,592,v008
QH3FK,0,592,592,v023
QH3FK,0,688,688,v005
QH3FK,26,604,578,v005
QH3FK,468,592,124,v016
QH3FK,0,738,738,v018
QH3FK,0,592,592,v008
QH3FK,578,722,144,v023
QH3FK,228,602,374,v008
2X7OY,88,736,648,v026
2X7OY,0,736,736,v026
2X7OY,456,736,280,v019
I491F,0,721,721,v018
I491F,0,721,721,v008
OB9H3,0,609,609,v008
OB9H3,0,530,530,v014
OB9H3,50,333,283,v014
OB9H3,244,427,183,v020
OB9H3,422,561,139,v022
L1U23,0,400,400,v004
L1U23,0,412,412,v018
L1U23,304,441,137,v022
L1U23,0,93,93,v008
L1U23,204,420,216,v008
HJ5TL,278,696,418,v026
HJ5TL,0,254,254,v016
HJ5TL,391,672,281,v026
HJ5TL,48,242,194,v016
VWN13,52,187,135,v012
VWN13,180,318,138,v001
VWN13,43,151,108,v007
VWN13,0,318,318,v008
VWN13,163,318,155,v001
VWN13,43,199,156,v012
DZDD2,0,280,280,v012
DZDD2,26,777,751,v018
DZDD2,0,777,777,v018
DZDD2,14,777,763,v026
BMPEV,201,396,195,v012
BMPEV,220,446,226,v008
BMPEV,398,604,206,v027
BMPEV,204,403,199,v020
BMPEV,432,571,139,v001
BMPEV,156,408,252,v016
BMPEV,156,408,252,v023
BMPEV,156,408,252,v016
BMPEV,156,408,252,v016
1IIS5,285,735,450,v026
1IIS5,96,235,139,v012
1IIS5,0,187,187,v023
1IIS5,278,735,457,v026
1IIS5,0,132,132,v029
1IIS5,290,735,445,v008
1IIS5,136,309,173,v001
1IIS5,0,735,735,v008
9RSGO,355,739,384,v031
9RSGO,19,432,413,v014
9RSGO,0,156,156,v022
9RSGO,369,739,370,v019
9RSGO,523,676,153,v006
9RSGO,0,117,117,v023
9RSGO,7,424,417,v008
RPMXE,0,331,331,v008
RPMXE,235,504,269,v028
RPMXE,240,504,264,v023
RPMXE,0,98,98,v026
3GNH7,0,372,372,v002
3GNH7,0,240,240,v023
3GNH7,0,242,242,v008
3GNH7,168,340,172,v023
3GNH7,0,242,242,v016
3GNH7,170,372,202,v023
3GNH7,187,372,185,v008
NX5EW,79,208,129,v016
NX5EW,74,194,120,v008
NX5EW,79,208,129,v025
NX5EW,112,256,144,v019
NX5EW,100,220,120,v025
K14NJ,0,312,312,v008
K14NJ,631,768,137,v023
K14NJ,276,429,153,v018
K14NJ,333,616,283,v018
K14NJ,230,400,170,v016
K14NJ,307,772,465,v031
K14NJ,451,736,285,v022
K14NJ,0,148,148,v029
2MNJT,0,751,751,v014
2MNJT,33,751,718,v003
2MNJT,184,321,137,v016
2MNJT,415,535,120,v008
2MNJT,364,494,130,v023
S3TZ1,62,297,235,v023
S3TZ1,256,408,152,v012
S3TZ1,7,151,144,v012
S3TZ1,117,352,235,v016
S3TZ1,141,312,171,v001
S3TZ1,765,1197,432,v002
S3TZ1,129,324,195,v008
54XD1,0,607,607,v008
54XD1,667,723,56,v027
54XD1,513,652,139,v017
54XD1,422,592,170,v022
54XD1,648,723,75,v029
55687,585,700,115,v007
55687,660,737,77,v029
55687,393,535,142,v016
55687,0,259,259,v031
55687,0,624,624,v008
55687,0,564,564,v031
55687,412,616,204,v016
55687,136,549,413,v008
55687,158,561,403,v030
55687,576,737,161,v012
55687,417,631,214,v016
PM9HG,0,208,208,v012
PM9HG,285,412,127,v016
PM9HG,9,158,149,v029
PM9HG,732,822,90,v005
PM9HG,518,638,120,v023
PM9HG,0,376,376,v008
PM9HG,0,117,117,v007
PM9HG,350,808,458,v008
PM9HG,268,412,144,v016
Q2KCQ,0,752,752,v008
Q2KCQ,0,752,752,v008
Q2KCQ,0,752,752,v008
Q2KCQ,0,607,607,v032
W4BZX,331,799,468,v014
W4BZX,26,218,192,v008
W4BZX,744,880,136,v022
W4BZX,225,369,144,v012
W4BZX,40,184,144,v018
W4BZX,696,835,139,v001
W4BZX,278,412,134,v023
W4BZX,9,880,871,v008
W4BZX,4,276,272,v022
W4BZX,194,506,312,v012
97JCX,21,194,173,v004
97JCX,48,391,343,v027
97JCX,144,328,184,v004
97JCX,254,641,387,v023
97JCX,55,391,336,v031
97JCX,93,297,204,v003
97JCX,324,595,271,v003
97JCX,74,499,425,v003
97JCX,170,403,233,v016
97JCX,504,628,124,v016
97JCX,451,600,149,v008
52FNN,688,775,87,v029
52FNN,57,163,106,v016
52FNN,57,163,106,v016
52FNN,67,223,156,v022
52FNN,0,112,112,v008
52FNN,242,525,283,v015
52FNN,40,163,123,v016
52FNN,590,717,127,v008
SJQVM,333,480,147,v008
SJQVM,0,292,292,v021
SJQVM,350,477,127,v016
SJQVM,376,633,257,v004
SJQVM,0,670,670,v008
SJQVM,0,261,261,v010
SJQVM,264,427,163,v015
SJQVM,211,670,459,v018
KUO3N,50,638,588,v016
KUO3N,0,292,292,v008
KUO3N,184,343,159,v016
KUO3N,384,535,151,v001
KUO3N,45,528,483,v008
KUO3N,0,496,496,v016
WEJRX,201,393,192,v012
WEJRX,45,261,216,v009
WEJRX,0,521,521,v019
WEJRX,228,410,182,v029
U8I40,0,720,720,v008
U8I40,0,720,720,v008
5ECJ4,112,256,144,v009
5ECJ4,0,634,634,v018
5ECJ4,0,634,634,v008
5ECJ4,0,634,634,v031
5ECJ4,0,634,634,v008
5ECJ4,0,206,206,v019
TODWV,0,316,316,v000
TODWV,336,482,146,v022
TODWV,288,468,180,v016
TODWV,518,737,219,v003
TODWV,0,367,367,v010
TODWV,0,456,456,v000
TODWV,528,737,209,v031
3EJQW,110,635,525,v026
3EJQW,0,146,146,v018
3EJQW,112,635,523,v026
3EJQW,28,163,135,v022
3EJQW,0,120,120,v031
3EJQW,0,127,127,v018
5AW54,0,254,254,v008
5AW54,60,242,182,v016
5AW54,0,634,634,v009
5AW54,81,384,303,v019
10ND1,0,134,134,v016
10ND1,415,686,271,v008
10ND1,676,814,138,v016
10ND1,722,814,92,v002
10ND1,33,141,108,v016
10ND1,93,362,269,v023
OWXLM,0,333,333,v001
OWXLM,112,256,144,v016
OWXLM,331,742,411,v018
OWXLM,256,504,248,v018
OWXLM,326,624,298,v026
OWXLM,0,742,742,v032
OWXLM,208,742,534,v022
OWXLM,0,314,314,v008
OWXLM,218,453,235,v014
OWXLM,0,742,742,v016
J26CF,0,895,895,v008
J26CF,0,895,895,v031
J26CF,0,724,724,v031
J26CF,50,724,674,v014
J26CF,0,895,895,v018
J26CF,0,895,895,v018
58Z9R,0,736,736,v026
58Z9R,0,206,206,v012
58Z9R,518,736,218,v020
58Z9R,0,614,614,v026
58Z9R,0,736,736,v008
13AUQ,0,468,468,v005
13AUQ,0,468,468,v008
13AUQ,132,516,384,v008
13AUQ,348,513,165,v016
13AUQ,0,468,468,v005
13AUQ,108,367,259,v007
13AUQ,108,367,259,v012
13AUQ,0,610,610,v011
13AUQ,108,367,259,v016
13AUQ,108,367,259,v029
5LAQN,252,608,356,v005
5LAQN,0,218,218,v004
5LAQN,79,218,139,v016
5LAQN,124,608,484,v005
5LAQN,0,216,216,v008
5LAQN,108,484,376,v008
5LAQN,136,324,188,v029
67DPO,55,160,105,v008
67DPO,0,160,160,v022
67DPO,12,124,112,v012
67DPO,43,160,117,v023
JSS05,43,723,680,v005
JSS05,146,451,305,v008
JSS05,132,304,172,v008
ZOL0R,249,537,288,v025
ZOL0R,2,175,173,v007
ZOL0R,146,388,242,v008
ZOL0R,228,355,127,v025
ZOL0R,0,765,765,v022
ZOL0R,88,249,161,v012
ZOL0R,364,492,128,v016
0FVYR,477,600,123,v018
0FVYR,532,660,128,v004
0FVYR,357,525,168,v018
0FVYR,441,547,106,v018
0FVYR,244,384,140,v012
0FVYR,302,417,115,v012
0FVYR,252,448,196,v001
0FVYR,0,136,136,v007
IG1YT,499,645,146,v027
IG1YT,129,283,154,v022
IG1YT,386,518,132,v016
IG1YT,0,268,268,v018
IG1YT,326,487,161,v028
IG1YT,0,266,266,v031
IG1YT,0,266,266,v018
IG1YT,256,388,132,v025
IG1YT,328,475,147,v023
IG1YT,384,504,120,v025
DEY6U,0,805,805,v032
DEY6U,0,805,805,v018
DEY6U,0,805,805,v018
DEY6U,290,451,161,v025
DEY6U,0,805,805,v032
DEY6U,0,805,805,v018
KQLIJ,261,398,137,v016
KQLIJ,0,199,199,v008
KQLIJ,264,398,134,v025
KQLIJ,0,208,208,v013
KQLIJ,223,420,197,v013
KQLIJ,105,372,267,v032
KQLIJ,0,206,206,v014
KQLIJ,158,427,269,v014
1VMZM,117,343,226,v008
1VMZM,292,559,267,v025
1VMZM,547,677,130,v017
1VMZM,134,249,115,v029
1VMZM,292,501,209,v016
1VMZM,134,472,338,v008
1VMZM,19,211,192,v012
3A400,33,180,147,v008
3A400,74,199,125,v012
3A400,0,146,146,v017
3A400,64,611,547,v031
3A400,52,611,559,v008
3A400,0,115,115,v029
3A400,525,611,86,v001
VSYFA,84,747,663,v008
VSYFA,0,93,93,v028
VSYFA,93,747,654,v008
VSYFA,432,747,315,v029
VSYFA,0,122,122,v005
VSYFA,0,64,64,v018
VSYFA,0,67,67,v018
VSYFA,0,288,288,v028
VSYFA,60,172,112,v023
GIQEO,0,189,189,v012
GIQEO,88,302,214,v008
GIQEO,345,652,307,v008
GIQEO,348,655,307,v023
GIQEO,345,631,286,v013
GIQEO,396,669,273,v031
GIQEO,283,427,144,v016
GIQEO,537,689,152,v016
GIQEO,88,340,252,v004
GIQEO,9,192,183,v029
GIQEO,0,165,165,v007
UMUBT,0,252,252,v026
UMUBT,216,784,568,v026
UMUBT,285,787,502,v026
1PILH,708,855,147,v026
1PILH,0,660,660,v030
1PILH,568,748,180,v022
1PILH,705,855,150,v026
1PILH,684,855,171,v008
OK2AF,324,508,184,v001
OK2AF,621,744,123,v016
OK2AF,0,338,338,v031
OK2AF,0,67,67,v031
OK2AF,216,480,264,v012
OK2AF,552,720,168,v023
OK2AF,254,408,154,v029
OK2AF,0,580,580,v018
0QMGP,568,735,167,v030
0QMGP,0,374,374,v008
0QMGP,230,408,178,v016
0QMGP,223,408,185,v016
0QMGP,386,511,125,v029
GBZAK,0,276,276,v008
GBZAK,0,348,348,v032
GBZAK,312,528,216,v008
GBZAK,372,576,204,v016
GBZAK,547,681,134,v021
GBZAK,0,468,468,v008
GBZAK,0,640,640,v018
GBZAK,585,681,96,v010
O8FBU,511,787,276,v021
O8FBU,31,588,557,v003
O8FBU,110,386,276,v008
O8FBU,542,787,245,v008
O8FBU,535,657,122,v023
W3Y5Q,223,367,144,v023
W3Y5Q,496,609,113,v012
W3Y5Q,523,643,120,v029
W3Y5Q,247,684,437,v008
9SKPI,408,624,216,v016
9SKPI,0,432,432,v026
9SKPI,600,888,288,v008
9SKPI,302,417,115,v023
9SKPI,0,422,422,v026
9SKPI,432,590,158,v016
FVMVY,0,312,312,v016
FVMVY,830,878,48,v008
FVMVY,830,878,48,v030
FVMVY,830,878,48,v015
FVMVY,830,878,48,v018
FVMVY,830,878,48,v018
JAAVR,542,729,187,v004
JAAVR,0,129,129,v010
JAAVR,33,295,262,v022
JAAVR,276,638,362,v005
JAAVR,194,328,134,v029
6ZJAL,336,578,242,v008
6ZJAL,607,802,195,v005
6ZJAL,220,400,180,v008
6ZJAL,280,388,108,v025
6ZJAL,276,396,120,v025
6ZJAL,189,412,223,v018
6ZJAL,340,638,298,v018
6ZJAL,268,537,269,v018
6ZJAL,441,739,298,v012
6ZJAL,364,650,286,v031
DVM8I,0,324,324,v026
DVM8I,220,338,118,v007
DVM8I,393,554,161,v001
DVM8I,218,355,137,v012
DVM8I,319,441,122,v025
DVM8I,220,350,130,v012
WE2PF,79,292,213,v012
WE2PF,216,544,328,v005
WE2PF,0,742,742,v018
WE2PF,398,657,259,v020
WE2PF,182,542,360,v005
WE2PF,0,742,742,v018
WE2PF,74,463,389,v008
WE2PF,0,278,278,v008
WE2PF,0,742,742,v031
WE2PF,48,742,694,v008
PSSJ8,530,712,182,v027
PSSJ8,0,494,494,v008
PSSJ8,151,352,201,v001
PSSJ8,360,494,134,v016
PSSJ8,122,259,137,v017
PSSJ8,0,472,472,v008
PSSJ8,362,501,139,v016
9I034,0,614,614,v002
7E6AB,192,333,141,v023
7E6AB,16,156,140,v012
7E6AB,110,261,151,v019
7E6AB,252,382,130,v001
4FAWP,0,643,643,v026
4FAWP,0,583,583,v030
4FAWP,468,744,276,v013
4FAWP,129,528,399,v030
4FAWP,506,616,110,v023
4FAWP,216,340,124,v016
4FAWP,480,744,264,v008
X5E6E,136,276,140,v004
X5E6E,254,621,367,v016
X5E6E,204,621,417,v026
X5E6E,254,621,367,v008
X5E6E,254,621,367,v012
X5E6E,194,604,410,v008
X5E6E,232,381,149,v023
X5E6E,184,312,128,v023
R00L7,367,592,225,v031
R00L7,0,726,726,v002
R00L7,312,494,182,v019
R00L7,86,211,125,v016
R00L7,0,726,726,v019
LXJ86,374,960,586,v012
LXJ86,924,1067,143,v016
LXJ86,628,986,358,v031
LXJ86,38,1067,1029,v008
LXJ86,916,1067,151,v023
EAWW4,72,225,153,v012
EAWW4,182,360,178,v016
EAWW4,168,352,184,v016
EAWW4,60,223,163,v012
EAWW4,0,117,117,v023
KLZN8,0,667,667,v018
KLZN8,0,676,676,v008
KLZN8,0,681,681,v014
WWL0M,0,701,701,v018
WWL0M,211,701,490,v008
WWL0M,256,701,445,v027
WWL0M,0,160,160,v004
EBHC9,96,477,381,v026
EBHC9,0,307,307,v008
EBHC9,280,506,226,v008
EBHC9,266,484,218,v023
EBHC9,336,484,148,v016
QY75H,0,518,518,v008
QY75H,21,295,274,v012
QY75H,26,348,322,v014
QY75H,578,772,194,v004
QY75H,235,525,290,v015
QY75H,31,156,125,v008
QY75H,31,204,173,v016
QY75H,585,708,123,v008
QY75H,0,213,213,v031
QY75H,261,489,228,v023
QY75H,602,736,134,v008
QY75H,571,736,165,v023
QY75H,556,760,204,v016
08KKF,0,160,160,v010
08KKF,0,833,833,v008
08KKF,0,833,833,v008
UEP20,448,688,240,v005
UEP20,429,544,115,v023
UEP20,0,374,374,v008
UEP20,283,446,163,v012
UEP20,458,735,277,v008
UEP20,278,460,182,v016
UEP20,283,475,192,v016
UEP20,393,735,342,v005
UEP20,302,518,216,v016
UEP20,350,554,204,v010
UEP20,110,374,264,v031
UEP20,448,600,152,v001
UEP20,0,136,136,v029
UEP20,98,345,247,v012
UEP20,247,374,127,v001
IR31O,134,309,175,v004
IR31O,0,744,744,v008
IR31O,31,184,153,v012
IR31O,0,744,744,v031
IR31O,0,744,744,v018
FD9A5,739,892,153,v004
FD9A5,705,1047,342,v008
FD9A5,292,456,164,v015
FD9A5,895,1047,152,v023
FD9A5,350,513,163,v016
TBXFO,1243,1359,116,v008
TBXFO,739,986,247,v027
TBXFO,372,578,206,v028
TBXFO,170,400,230,v029
TBXFO,976,1161,185,v015
TBXFO,223,367,144,v012
TBXFO,916,1216,300,v008
TBXFO,1147,1305,158,v004
TBXFO,1243,1359,116,v023
TBXFO,924,1053,129,v016
TBXFO,924,1060,136,v016
TBXFO,1269,1359,90,v023
GIKHC,0,614,614,v008
GIKHC,0,614,614,v008
GIKHC,283,429,146,v020
JMCRT,0,175,175,v002
JMCRT,93,434,341,v001
JMCRT,0,206,206,v012
JMCRT,463,703,240,v024
JMCRT,204,307,103,v016
P5ANU,501,650,149,v015
P5ANU,211,679,468,v020
P5ANU,19,268,249,v015
P5ANU,0,681,681,v031
P5ANU,0,681,681,v008
P5ANU,571,681,110,v016
2Z60J,79,549,470,v018
2Z60J,52,561,509,v008
2Z60J,38,192,154,v018
2Z60J,91,556,465,v018
2Z60J,436,554,118,v022
5S1SL,194,391,197,v016
5S1SL,26,273,247,v016
5S1SL,259,429,170,v012
5X5DT,254,571,317,v001
5X5DT,0,283,283,v008
5X5DT,0,290,290,v031
5X5DT,223,468,245,v008
5X5DT,340,468,128,v023
5X5DT,0,692,692,v018
5X5DT,350,692,342,v016
S4D1O,410,576,166,v031
S4D1O,0,357,357,v031
S4D1O,0,76,76,v006
S4D1O,64,261,197,v006
Y6R7T,511,707,196,v008
Y6R7T,499,707,208,v014
Y6R7T,79,707,628,v008
Y6R7T,175,415,240,v015
Y6R7T,72,247,175,v029
UQ93G,516,697,181,v007
UQ93G,91,592,501,v031
UQ93G,96,592,496,v028
UQ93G,24,697,673,v022
UQ93G,508,697,189,v012
UQ93G,540,697,157,v016
UQ93G,216,697,481,v008
UQ93G,216,340,124,v023
UQ93G,319,585,266,v026
UQ93G,544,693,149,v029
4KOBZ,328,576,248,v004
4KOBZ,0,156,156,v005
4KOBZ,0,144,144,v005
4KOBZ,489,619,130,v016
4KOBZ,300,415,115,v023
4KOBZ,0,718,718,v018
4KOBZ,0,718,718,v031
4KOBZ,516,640,124,v016
4KOBZ,0,718,718,v008
BVS2Z,0,144,144,v020
92NRK,0,731,731,v008
92NRK,50,172,122,v023
92NRK,76,731,655,v005
92NRK,0,731,731,v018
92NRK,0,731,731,v031
92NRK,0,731,731,v008
JYBGS,60,218,158,v008
JYBGS,74,220,146,v021
JYBGS,33,187,154,v029
JYBGS,36,184,148,v008
JYBGS,153,319,166,v017
I005F,218,369,151,v008
I005F,120,314,194,v012
I005F,0,230,230,v002
I005F,292,436,144,v005
I005F,0,240,240,v016
I005F,139,360,221,v023
I329H,112,889,777,v008
I329H,124,889,765,v016
I329H,129,889,760,v023
I329H,0,889,889,v008
I329H,0,213,213,v012
I329H,156,889,733,v005
I329H,139,889,750,v023
CWMSY,297,769,472,v026
CWMSY,0,264,264,v016
CWMSY,0,769,769,v008
CWMSY,722,769,47,v008
CWMSY,722,769,47,v023
CWMSY,717,769,52,v008
583F7,242,525,283,v012
583F7,0,832,832,v008
583F7,326,832,506,v005
583F7,0,280,280,v023
583F7,0,240,240,v008
583F7,0,247,247,v023
583F7,230,832,602,v018
583F7,177,326,149,v018
583F7,196,832,636,v008
583F7,0,832,832,v016
583F7,0,832,832,v016
583F7,213,832,619,v018
Y4X8J,40,211,171,v008
Y4X8J,0,549,549,v032
Y4X8J,556,762,206,v012
Y4X8J,0,580,580,v010
Y4X8J,492,650,158,v022
081WM,374,728,354,v004
081WM,91,728,637,v031
081WM,86,728,642,v014
081WM,14,728,714,v031
3TV9E,0,244,244,v016
3TV9E,48,177,129,v020
3TV9E,158,244,86,v004
3TV9E,74,208,134,v023
3TV9E,93,244,151,v008
3TV9E,0,228,228,v008
3TV9E,0,192,192,v030
3TV9E,9,237,228,v023
ZCPG6,79,343,264,v032
ZCPG6,0,177,177,v031
ZCPG6,0,343,343,v018
ZCPG6,0,172,172,v014
ZCPG6,79,343,264,v018
ZCPG6,0,184,184,v032
ZCPG6,0,189,189,v018
417RA,0,256,256,v010
417RA,199,728,529,v018
417RA,381,728,347,v004
417RA,393,728,335,v008
417RA,0,273,273,v000
417RA,360,511,151,v023
417RA,38,316,278,v000
DBN7R,74,628,554,v016
DBN7R,0,738,738,v024
DBN7R,0,100,100,v019
DBN7R,602,738,136,v010
DBN7R,0,669,669,v018
D9V53,98,244,146,v004
D9V53,36,676,640,v018
D9V53,26,701,675,v008
D9V53,600,701,101,v029
D9V53,4,139,135,v018
VKXLL,748,1598,850,v008
VKXLL,883,1574,691,v023
VKXLL,93,324,231,v018
VKXLL,211,1641,1430,v018
VKXLL,681,868,187,v016
VKXLL,1068,1214,146,v016
VKXLL,1233,1389,156,v016
VKXLL,530,686,156,v012
VKXLL,405,525,120,v016
VKXLL,76,240,164,v016
VKXLL,36,148,112,v008
VKXLL,1536,1665,129,v022
VKXLL,36,148,112,v023
VKXLL,631,768,137,v006
8XXZZ,132,410,278,v003
8XXZZ,364,696,332,v014
8XXZZ,0,228,228,v017
8XXZZ,340,719,379,v008
8XXZZ,328,501,173,v023
KU25F,0,726,726,v008
KU25F,0,726,726,v008
KU25F,0,696,696,v016
M1SRW,0,650,650,v008
M1SRW,506,650,144,v016
M1SRW,540,650,110,v016
M1SRW,0,609,609,v014
UFVO8,182,316,134,v001
UFVO8,72,235,163,v012
UFVO8,0,259,259,v008
UFVO8,129,264,135,v016
UFVO8,76,261,185,v012
UFVO8,182,333,151,v001
MZAN6,396,559,163,v001
MZAN6,307,441,134,v012
MZAN6,384,501,117,v027
MZAN6,0,302,302,v006
MZAN6,333,482,149,v029
MZAN6,141,338,197,v031
USM36,4,124,120,v005
USM36,0,62,62,v012
USM36,19,124,105,v004
USM36,242,790,548,v018
USM36,72,331,259,v031
USM36,144,343,199,v032
USM36,127,278,151,v014
USM36,0,338,338,v018
GOWDG,67,230,163,v016
GOWDG,0,290,290,v008
GOWDG,206,489,283,v016
GOWDG,0,156,156,v012
GOWDG,288,619,331,v019
GOWDG,261,460,199,v026
GOWDG,64,331,267,v029
GOWDG,218,396,178,v009
GOWDG,45,211,166,v007
MPFSX,595,744,149,v029
MPFSX,216,744,528,v030
MPFSX,595,744,149,v008
MPFSX,0,110,110,v022
MPFSX,0,76,76,v018
1BVUA,340,720,380,v031
1BVUA,650,720,70,v000
1BVUA,0,720,720,v010
1BVUA,640,720,80,v022
1BVUA,139,441,302,v000
JDDD8,283,543,260,v022
JDDD8,12,180,168,v023
JDDD8,240,345,105,v016
JDDD8,0,180,180,v026
JDDD8,175,543,368,v026
JDDD8,4,280,276,v008
JDDD8,132,283,151,v016
JDDD8,163,283,120,v025
6IIV9,0,814,814,v008
6IIV9,0,814,814,v021
6IIV9,0,814,814,v019
6IIV9,0,814,814,v031
6IIV9,0,814,814,v009
6IIV9,0,814,814,v019
6IIV9,0,814,814,v008
V9RT3,0,69,69,v024
V9RT3,0,444,444,v018
V9RT3,355,482,127,v022
V9RT3,0,424,424,v014
V9RT3,0,424,424,v018
V9RT3,0,355,355,v008
V9RT3,408,516,108,v016
V9RT3,0,451,451,v032
Q3XBQ,50,463,413,v032
Q3XBQ,489,746,257,v008
Q3XBQ,386,523,137,v016
Q3XBQ,199,405,206,v020
Q3XBQ,0,158,158,v018
Q3XBQ,74,280,206,v004
Q3XBQ,285,544,259,v015
Q3XBQ,436,765,329,v025
Q3XBQ,201,504,303,v022
Q3XBQ,309,720,411,v025
Q3XBQ,456,597,141,v023
Q3XBQ,43,746,703,v018
Q3XBQ,588,729,141,v016
Q3XBQ,386,516,130,v026
Q3XBQ,600,720,120,v016
Q3XBQ,28,302,274,v032
1BPX5,122,793,671,v008
1BPX5,684,793,109,v008
1BPX5,458,640,182,v021
1BPX5,609,787,178,v021
1BPX5,28,588,560,v010
UNQD7,516,768,252,v008
UNQD7,7,156,149,v001
UNQD7,7,182,175,v001
LURSW,0,224,224,v004
LURSW,0,224,224,v008
Q8UJ8,199,463,264,v004
Q8UJ8,14,697,683,v018
Q8UJ8,21,141,120,v012
Q8UJ8,0,76,76,v018
Q8UJ8,0,697,697,v018
0Z57Y,405,769,364,v008
0Z57Y,520,769,249,v026
0Z57Y,348,501,153,v029
0Z57Y,532,769,237,v031
Q6ZD9,38,427,389,v008
Q6ZD9,38,427,389,v016
Q6ZD9,254,427,173,v026
Q6ZD9,391,556,165,v020
Q6ZD9,48,592,544,v026
U386F,218,749,531,v008
U386F,0,749,749,v010
U386F,297,749,452,v024
U386F,0,749,749,v018
U386F,144,324,180,v020
U386F,0,749,749,v031
U386F,184,309,125,v023
E67EF,244,470,226,v023
7BL9D,100,276,176,v005
7BL9D,146,268,122,v008
7BL9D,146,268,122,v008
7BL9D,254,746,492,v026
7BL9D,100,276,176,v005
43OXO,62,590,528,v010
43OXO,477,590,113,v008
43OXO,312,480,168,v016
43OXO,105,590,485,v026
43OXO,475,590,115,v023
43OXO,52,189,137,v018
43OXO,93,276,183,v016
43OXO,52,189,137,v018
43OXO,484,590,106,v022
43OXO,271,492,221,v026
43OXO,0,112,112,v000
43OXO,165,362,197,v016
43OXO,165,362,197,v016
SOR8E,0,665,665,v008
SOR8E,134,665,531,v009
SOR8E,110,254,144,v001
SOR8E,31,177,146,v012
SOR8E,0,184,184,v008
SOR8E,424,665,241,v019
SOR8E,81,665,584,v016
BWHUX,112,242,130,v016
BWHUX,0,352,352,v008
BWHUX,0,220,220,v009
BWHUX,280,352,72,v029
BWHUX,0,352,352,v014
V45U8,0,764,764,v032
V45U8,662,764,102,v023
V45U8,681,764,83,v008
V45U8,321,436,115,v032
V45U8,456,590,134,v016
88TCK,592,753,161,v005
88TCK,604,753,149,v023
88TCK,0,614,614,v026
88TCK,72,607,535,v023
88TCK,616,753,137,v016
88TCK,72,607,535,v008
88TCK,72,607,535,v016
WZCPT,348,504,156,v016
WZCPT,81,252,171,v012
WZCPT,278,444,166,v023
WZCPT,249,436,187,v001
G70CT,0,84,84,v027
G70CT,492,735,243,v008
G70CT,69,213,144,v029
G70CT,0,434,434,v008
G70CT,88,343,255,v026
G70CT,98,350,252,v026
9WE7L,0,748,748,v008
9WE7L,352,703,351,v026
9WE7L,50,242,192,v018
9WE7L,261,475,214,v022
9WE7L,360,578,218,v026
SOTQ1,156,757,601,v008
SOTQ1,134,448,314,v031
SOTQ1,451,604,153,v019
SOTQ1,621,751,130,v009
8V9OD,0,201,201,v019
8V9OD,0,192,192,v008
8V9OD,16,360,344,v019
8V9OD,0,538,538,v008
8V9OD,0,538,538,v031
8V9OD,0,538,538,v021
3VRTT,4,285,281,v008
3VRTT,0,235,235,v026
3VRTT,153,264,111,v029
3VRTT,105,300,195,v016
3VRTT,141,288,147,v017
3VRTT,136,283,147,v023
F9YMU,0,218,218,v001
F9YMU,223,742,519,v018
F9YMU,194,742,548,v018
F9YMU,285,396,111,v023
F9YMU,194,338,144,v031
F9YMU,242,372,130,v018
F9YMU,300,741,441,v008
7QH3I,232,747,515,v008
7QH3I,604,746,142,v009
7QH3I,415,747,332,v024
7QH3I,0,480,480,v023
7QH3I,0,439,439,v008
7QH3I,182,458,276,v018
7QH3I,408,747,339,v023
4DY90,0,165,165,v029
4DY90,324,709,385,v030
4DY90,338,709,371,v026
4DY90,256,566,310,v018
P9B13,40,792,752,v032
P9B13,0,792,792,v018
P9B13,432,768,336,v023
XZ9C0,0,247,247,v010
XZ9C0,333,542,209,v023
XZ9C0,208,357,149,v023
XZ9C0,129,304,175,v022
XZ9C0,348,554,206,v008
XZ9C0,0,208,208,v010
XZ9C0,0,204,204,v000
2UXXB,367,743,376,v014
2UXXB,338,489,151,v016
2UXXB,81,259,178,v023
2UXXB,264,412,148,v018
2UXXB,316,743,427,v018
2UXXB,177,743,566,v008
XJ4T3,120,273,153,v012
XJ4T3,0,112,112,v007
XJ4T3,396,584,188,v030
XJ4T3,0,115,115,v012
XJ4T3,537,584,47,v016
XJ4T3,537,584,47,v001
XJ4T3,537,584,47,v023
XJ4T3,537,584,47,v008
XJ4T3,21,180,159,v023
XJ4T3,0,122,122,v012
XJ4T3,62,463,401,v008
XJ4T3,218,328,110,v023
Z8HPQ,715,852,137,v001
Z8HPQ,76,225,149,v016
Z8HPQ,189,338,149,v012
Z8HPQ,724,852,128,v001
Z8HPQ,516,638,122,v009
Z8HPQ,189,338,149,v012
FMJZQ,0,460,460,v008
FMJZQ,0,283,283,v031
FMJZQ,187,460,273,v026
FMJZQ,16,230,214,v009
FMJZQ,182,290,108,v001
TA23R,112,643,531,v014
TA23R,528,643,115,v008
TA23R,384,508,124,v023
TA23R,523,640,117,v023
TA23R,434,566,132,v001
TA23R,163,331,168,v012
TA23R,122,643,521,v008
TA23R,388,528,140,v023
7ODVS,74,240,166,v009
7ODVS,0,247,247,v008
7ODVS,180,247,67,v016
7ODVS,69,247,178,v019
7ODVS,0,247,247,v014
7ODVS,0,74,74,v023
FL3CG,33,216,183,v019
FL3CG,482,653,171,v026
FL3CG,196,643,447,v016
FL3CG,201,653,452,v026
G6BFY,115,566,451,v005
G6BFY,288,403,115,v019
G6BFY,602,727,125,v031
G6BFY,592,717,125,v019
G6BFY,552,686,134,v009
G6BFY,0,242,242,v008
G6BFY,0,254,254,v008
G6BFY,132,254,122,v016
G6BFY,132,247,115,v016
G6BFY,410,540,130,v023
D3EY0,7,445,438,v008
D3EY0,14,445,431,v008
D3EY0,175,432,257,v017
D3EY0,333,445,112,v001
D3EY0,302,429,127,v012
D3EY0,26,165,139,v029
6RPUS,242,733,491,v030
6RPUS,0,283,283,v002
6RPUS,187,297,110,v023
6RPUS,201,733,532,v008
PBGYV,0,112,112,v012
PBGYV,240,759,519,v031
PBGYV,283,619,336,v013
PBGYV,100,759,659,v008
PBGYV,134,759,625,v019
PBGYV,168,759,591,v014
4X5P6,0,187,187,v029
4X5P6,0,132,132,v012
4X5P6,31,729,698,v031
4X5P6,84,252,168,v028
4X5P6,36,153,117,v001
4X5P6,160,729,569,v008
YTV2H,686,781,95,v027
YTV2H,268,379,111,v016
YTV2H,259,420,161,v016
YTV2H,0,422,422,v008
YTV2H,0,391,391,v004
YTV2H,439,696,257,v020
YTV2H,206,552,346,v016
YTV2H,19,528,509,v008
YTV2H,0,345,345,v023
38I4G,0,608,608,v008
38I4G,0,608,608,v008
38I4G,0,232,232,v014
38I4G,122,608,486,v005
38I4G,120,240,120,v023
38I4G,216,362,146,v023
38I4G,0,608,608,v008
97U3W,0,182,182,v008
97U3W,72,186,114,v016
97U3W,0,168,168,v008
97U3W,93,186,93,v020
9FEV7,199,602,403,v030
9FEV7,0,309,309,v003
9FEV7,0,141,141,v023
9FEV7,480,705,225,v008
9FEV7,643,740,97,v012
9FEV7,662,740,78,v029
9FEV7,0,177,177,v008
1XFDY,508,752,244,v023
1XFDY,511,752,241,v023
1XFDY,45,240,195,v018
1XFDY,458,604,146,v022
1XFDY,0,752,752,v008
1XFDY,0,752,752,v008
1XFDY,693,752,59,v029
1XFDY,0,752,752,v008
4CSXJ,0,240,240,v008
4CSXJ,136,261,125,v025
4CSXJ,204,405,201,v008
4CSXJ,208,326,118,v025
4CSXJ,300,424,124,v025
N1DAP,0,338,338,v031
N1DAP,64,336,272,v020
N1DAP,261,381,120,v023
LY10X,578,758,180,v005
LY10X,0,393,393,v030
LY10X,372,793,421,v008
LY10X,348,496,148,v012
LY10X,72,357,285,v008
LY10X,60,357,297,v016
7H0JK,352,556,204,v016
7H0JK,465,592,127,v005
7H0JK,278,743,465,v026
7H0JK,120,252,132,v023
7H0JK,0,170,170,v029
7H0JK,427,743,316,v026
X1XZA,0,422,422,v008
X1XZA,0,417,417,v008
EYP8H,0,762,762,v008
EYP8H,93,331,238,v023
EYP8H,0,762,762,v008
EYP8H,184,345,161,v022
EYP8H,580,762,182,v029
3XKBC,252,600,348,v028
3XKBC,163,412,249,v025
3XKBC,451,674,223,v012
3XKBC,350,614,264,v018
3XKBC,453,592,139,v016
3XKBC,285,398,113,v016
3XKBC,470,592,122,v018
3XKBC,475,592,117,v018
WPNEM,0,492,492,v002
WPNEM,196,453,257,v005
WPNEM,376,546,170,v019
9X6DL,0,156,156,v031
9X6DL,360,631,271,v008
9X6DL,360,631,271,v023
9X6DL,300,434,134,v016
9X6DL,0,631,631,v008
9X6DL,372,631,259,v004
9X6DL,540,631,91,v016
9X6DL,60,429,369,v008
9X6DL,64,204,140,v023
GSCNG,254,685,431,v008
GSCNG,297,685,388,v014
GSCNG,0,280,280,v030
Q2GBA,321,451,130,v008
Q2GBA,100,400,300,v023
Q2GBA,45,259,214,v023
Q2GBA,333,460,127,v029
8WPPG,722,837,115,v016
8WPPG,0,172,172,v023
8WPPG,429,616,187,v026
8WPPG,302,513,211,v026
8WPPG,290,837,547,v008
8WPPG,722,837,115,v025
8WPPG,0,206,206,v008
8WPPG,513,645,132,v029
8WPPG,600,724,124,v029
8WPPG,0,216,216,v025
8WPPG,0,86,86,v023
8WPPG,396,813,417,v016
8WPPG,0,273,273,v025
8WPPG,316,835,519,v008
8WPPG,290,403,113,v026
8WPPG,0,837,837,v022
8WPPG,271,650,379,v025
A81AV,0,175,175,v008
A81AV,172,513,341,v003
A81AV,43,177,134,v018
A81AV,537,723,186,v004
A81AV,100,228,128,v018
A81AV,0,132,132,v029
A81AV,151,300,149,v023
A81AV,204,477,273,v016
A81AV,204,348,144,v022
OEE36,506,698,192,v016
OEE36,775,964,189,v016
OEE36,472,746,274,v016
OEE36,621,876,255,v001
OEE36,770,912,142,v008
OEE36,799,960,161,v025
OEE36,916,965,49,v023
OEE36,916,965,49,v008
OEE36,916,965,49,v012
DWEHS,0,391,391,v008
DWEHS,0,336,336,v019
DWEHS,0,336,336,v031
DWEHS,314,506,192,v019
DWEHS,319,883,564,v031
DWEHS,314,472,158,v012
DWEHS,0,883,883,v008
R5K2K,403,528,125,v016
R5K2K,158,528,370,v026
R5K2K,76,734,658,v018
R5K2K,321,520,199,v016
R5K2K,151,621,470,v026
R5K2K,0,74,74,v029
R5K2K,43,177,134,v019
R5K2K,321,520,199,v025
R5K2K,0,96,96,v027
R5K2K,153,518,365,v008
RRBM5,0,148,148,v010
RRBM5,0,232,232,v021
RRBM5,177,506,329,v026
RRBM5,307,470,163,v023
DTJ6B,184,613,429,v018
DTJ6B,50,189,139,v016
DTJ6B,0,136,136,v029
DTJ6B,0,613,613,v005
DTJ6B,0,613,613,v005
DTJ6B,156,312,156,v018
DTJ6B,0,194,194,v021
DTJ6B,48,192,144,v025
DTJ6B,0,613,613,v008
DTJ6B,0,613,613,v008
DTJ6B,0,182,182,v008
3UWW0,0,108,108,v008
3UWW0,0,158,158,v005
3UWW0,350,559,209,v004
KKGJ8,88,254,166,v012
KKGJ8,0,122,122,v018
KKGJ8,513,739,226,v031
KKGJ8,0,124,124,v022
KKGJ8,67,259,192,v029
Q24OC,571,707,136,v016
Q24OC,0,707,707,v008
Q24OC,568,707,139,v016
Q24OC,288,696,408,v023
Q24OC,271,388,117,v023
Q24OC,564,693,129,v016
Q24OC,355,532,177,v008
POXTH,0,129,129,v022
POXTH,14,165,151,v009
POXTH,0,134,134,v008
POXTH,33,204,171,v016
POXTH,0,129,129,v019
POXTH,36,187,151,v025
POXTH,256,439,183,v023
OXCLE,4,896,892,v026
OXCLE,0,896,896,v008
OXCLE,14,896,882,v026
5HSKK,0,496,496,v008
5HSKK,127,748,621,v020
5HSKK,0,748,748,v008
5HSKK,367,489,122,v025
5HSKK,0,141,141,v029
5HSKK,355,484,129,v025
5HSKK,372,501,129,v016
8ZF5S,266,720,454,v002
8ZF5S,0,302,302,v030
8ZF5S,0,302,302,v030
8ZF5S,0,264,264,v026
F1VEE,504,667,163,v008
F1VEE,724,786,62,v001
F1VEE,50,528,478,v003
F1VEE,362,571,209,v003
F1VEE,0,177,177,v023
F1VEE,408,552,144,v031
F1VEE,576,720,144,v007
F1VEE,648,768,120,v012
F1VEE,72,432,360,v016
F1VEE,360,504,144,v016
F1VEE,578,786,208,v029
F1VEE,460,676,216,v023
WNKL6,0,655,655,v008
WNKL6,499,655,156,v005
WNKL6,0,256,256,v009
WNKL6,0,110,110,v016
WNKL6,0,453,453,v019
WNKL6,300,547,247,v019
WNKL6,0,655,655,v008
WNKL6,0,655,655,v008
WNKL6,0,655,655,v016
WNKL6,0,655,655,v014
WNKL6,0,655,655,v012
0GH5O,0,117,117,v029
0GH5O,21,208,187,v023
0GH5O,271,424,153,v019
0GH5O,168,328,160,v012
0GH5O,50,199,149,v023
0GH5O,175,333,158,v007
0GH5O,350,487,137,v001
0GH5O,50,460,410,v008
0GH5O,55,460,405,v008
538JV,165,321,156,v004
538JV,69,417,348,v008
538JV,0,417,417,v008
538JV,0,180,180,v014
538JV,333,417,84,v025
538JV,108,417,309,v028
MP6JQ,220,381,161,v001
MP6JQ,0,160,160,v031
MP6JQ,2,261,259,v018
MP6JQ,264,403,139,v023
MP6JQ,264,446,182,v008
MP6JQ,0,268,268,v019
MP6JQ,302,446,144,v026
XXU6H,0,151,151,v029
XXU6H,2,160,158,v008
XXU6H,45,297,252,v018
XXU6H,182,403,221,v022
XXU6H,0,148,148,v012
XXU6H,45,235,190,v010
XXU6H,100,417,317,v009
Q6M0X,0,804,804,v018
Q6M0X,160,362,202,v023
Q6M0X,350,475,125,v023
Q6M0X,168,292,124,v016
Q6M0X,232,357,125,v016
Q6M0X,422,542,120,v016
Q6M0X,0,804,804,v018
Q6M0X,45,156,111,v016
Q6M0X,184,290,106,v016
GZMJK,650,768,118,v005
GZMJK,0,79,79,v008
GZMJK,16,362,346,v020
GZMJK,321,475,154,v019
GZMJK,650,768,118,v005
GZMJK,0,768,768,v008
GZMJK,120,264,144,v008
EC695,0,744,744,v021
EC695,264,744,480,v008
EC695,0,744,744,v010
EC695,494,744,250,v017
EC695,319,446,127,v023
1333C,319,633,314,v002
1333C,117,367,250,v025
1333C,475,640,165,v016
1333C,192,314,122,v023
1333C,206,636,430,v008
1333C,24,228,204,v008
DRT60,52,369,317,v030
DRT60,316,470,154,v008
DRT60,307,453,146,v023
DRT60,535,643,108,v030
DRT60,33,643,610,v024
DRT60,571,643,72,v009
DRT60,350,470,120,v025
DRT60,292,487,195,v019
DRT60,374,480,106,v025
DRT60,26,643,617,v008
DRT60,542,643,101,v026
0Y19Q,336,1180,844,v031
0Y19Q,206,523,317,v004
0Y19Q,43,1272,1229,v008
0Y19Q,439,576,137,v016
ZU00I,0,544,544,v008
ZU00I,0,172,172,v023
ZU00I,453,856,403,v008
ZU00I,501,681,180,v004
ZU00I,482,604,122,v023
ZU00I,40,532,492,v003
ZU00I,710,856,146,v030
JSOLV,376,624,248,v008
JSOLV,16,204,188,v018
JSOLV,0,724,724,v008
JSOLV,24,708,684,v032
JSOLV,2,724,722,v018
JSOLV,0,696,696,v008
JSOLV,600,724,124,v025
ZM61T,266,713,447,v004
ZM61T,55,713,658,v008
ZM61T,2,141,139,v023
ZM61T,12,276,264,v026
ZM61T,12,170,158,v023
ZM61T,26,713,687,v008
LUPRO,0,542,542,v018
LUPRO,223,403,180,v029
LUPRO,362,499,137,v018
LUPRO,218,516,298,v008
LUPRO,0,480,480,v005
LUPRO,0,516,516,v031
LUPRO,0,571,571,v008
LUPRO,0,571,571,v008
983K8,0,755,755,v018
983K8,0,755,755,v005
983K8,36,755,719,v008
983K8,0,755,755,v005
983K8,64,300,236,v023
983K8,0,755,755,v008
983K8,636,755,119,v016
RTIP8,432,662,230,v019
RTIP8,45,187,142,v018
RTIP8,0,728,728,v008
RTIP8,578,728,150,v016
RTIP8,52,728,676,v018
RTIP8,84,700,616,v031
9XW1K,0,592,592,v032
9XW1K,564,686,122,v004
9XW1K,688,737,49,v022
9XW1K,688,737,49,v018
OSCS2,0,304,304,v008
OSCS2,0,314,314,v000
OSCS2,204,753,549,v022
OSCS2,0,297,297,v010
OSCS2,208,763,555,v003
OSCS2,760,855,95,v008
OSCS2,213,376,163,v023
OSCS2,739,855,116,v031
OSCS2,290,434,144,v008
OSCS2,2,300,298,v000
QM7Q3,211,388,177,v019
QM7Q3,211,742,531,v009
QM7Q3,211,388,177,v019
QM7Q3,38,196,158,v013
QM7Q3,0,742,742,v008
QM7Q3,0,742,742,v014
QM7Q3,0,742,742,v008
QM7Q3,0,252,252,v031
NL26D,4,244,240,v016
NL26D,0,738,738,v008
NL26D,0,738,738,v023
NL26D,0,738,738,v026
NL26D,0,108,108,v029
NL26D,388,738,350,v026
8QTVQ,708,1142,434,v026
8QTVQ,516,895,379,v016
8QTVQ,0,475,475,v008
A1PEO,213,781,568,v008
A1PEO,276,712,436,v026
A1PEO,194,781,587,v008
A1PEO,45,199,154,v001
A1PEO,218,360,142,v012
A1PEO,0,96,96,v012
A1PEO,268,684,416,v016
A1PEO,52,235,183,v007
A1PEO,244,396,152,v023
A1PEO,300,439,139,v023
A1PEO,343,566,223,v023
A1PEO,0,110,110,v029
A1PEO,168,345,177,v023
SZYJO,432,717,285,v016
SZYJO,0,146,146,v014
SZYJO,626,733,107,v016
SZYJO,120,314,194,v020
SZYJO,348,516,168,v023
SZYJO,424,624,200,v023
SZYJO,420,722,302,v008
SZYJO,0,733,733,v018
SZYJO,0,422,422,v032
SZYJO,0,733,733,v018
78FJX,0,139,139,v012
78FJX,484,607,123,v012
78FJX,631,750,119,v019
78FJX,213,750,537,v031
78FJX,213,750,537,v008
78FJX,626,750,124,v019
78FJX,369,540,171,v001
78FJX,196,427,231,v023
ZGUTC,460,614,154,v012
ZGUTC,127,453,326,v016
ZGUTC,600,746,146,v008
ZGUTC,727,859,132,v001
ZGUTC,132,290,158,v008
ZGUTC,261,427,166,v016
U7RVS,0,189,189,v004
U7RVS,0,338,338,v008
U7RVS,172,333,161,v016
U7RVS,76,196,120,v023
U7RVS,0,565,565,v031
U7RVS,0,565,565,v014
U7RVS,0,565,565,v018
2M9YL,256,446,190,v005
2M9YL,216,453,237,v008
2M9YL,410,559,149,v016
2M9YL,549,744,195,v012
2M9YL,480,645,165,v019
2M9YL,264,429,165,v008
2M9YL,278,417,139,v005
2M9YL,252,376,124,v023
2M9YL,57,556,499,v008
2M9YL,566,705,139,v007
2M9YL,436,552,116,v016
2M9YL,261,376,115,v023
2M9YL,52,177,125,v023
2M9YL,427,559,132,v016
LHU7D,0,630,630,v008
LHU7D,216,630,414,v008
LHU7D,76,630,554,v023
VEIIK,0,492,492,v031
VEIIK,14,492,478,v008
VEIIK,14,492,478,v026
VEIIK,0,492,492,v008
VEIIK,0,492,492,v014
VEIIK,21,189,168,v023
VEIIK,105,492,387,v026
VEIIK,38,170,132,v022
3K6HO,470,595,125,v001
3K6HO,472,595,123,v029
3K6HO,40,180,140,v025
3K6HO,460,595,135,v012
3K6HO,475,595,120,v007
VOXNH,170,386,216,v008
VOXNH,0,386,386,v024
8ENLP,144,307,163,v016
8ENLP,0,750,750,v018
8ENLP,451,750,299,v028
8ENLP,266,513,247,v028
8ENLP,132,302,170,v008
8ENLP,0,750,750,v008
8ENLP,146,321,175,v023
8ENLP,0,750,750,v021
8ENLP,196,750,554,v021
P9D7P,388,655,267,v031
P9D7P,103,636,533,v014
P9D7P,0,739,739,v008
IU8YI,38,180,142,v026
IU8YI,273,756,483,v031
IU8YI,0,756,756,v008
IU8YI,0,756,756,v026
16D5O,36,218,182,v025
16D5O,86,204,118,v016
16D5O,86,204,118,v016
16D5O,0,156,156,v008
S1FYN,60,448,388,v018
S1FYN,48,542,494,v008
S1FYN,43,542,499,v021
S1FYN,352,525,173,v022
S1FYN,55,506,451,v031
S1FYN,50,290,240,v023
S1FYN,36,158,122,v018
S1FYN,28,153,125,v018
DLIAR,0,611,611,v024
BGX4T,223,384,161,v001
BGX4T,0,563,563,v008
BGX4T,0,563,563,v029
UGJSB,381,544,163,v001
UGJSB,9,516,507,v031
UGJSB,0,628,628,v008
UGJSB,487,657,170,v027
UGJSB,0,105,105,v012
HQ7WC,0,715,715,v026
HQ7WC,0,715,715,v026
SKLEN,115,360,245,v016
SKLEN,314,513,199,v026
SKLEN,115,506,391,v008
SKLEN,441,740,299,v016
SKLEN,225,573,348,v030
SKLEN,0,451,451,v006
SKLEN,0,602,602,v008
J7TT5,0,278,278,v005
J7TT5,0,278,278,v005
J7TT5,0,674,674,v008
J7TT5,0,674,674,v018
J7TT5,0,674,674,v008
J7TT5,391,532,141,v025
5LTLL,0,752,752,v018
5LTLL,24,165,141,v018
5LTLL,316,472,156,v016
5LTLL,316,472,156,v008
5LTLL,633,752,119,v016
5LTLL,408,752,344,v008
5LTLL,64,312,248,v019
5LTLL,252,412,160,v019
Z6U1X,31,439,408,v007
Z6U1X,0,273,273,v008
Z6U1X,292,499,207,v012
Z6U1X,537,696,159,v029
Z6U1X,381,504,123,v023
Z6U1X,146,285,139,v016
CNS9B,386,667,281,v023
CNS9B,12,247,235,v009
PP2FF,561,751,190,v031
PP2FF,0,148,148,v005
PP2FF,396,511,115,v022
PP2FF,0,494,494,v018
PP2FF,199,367,168,v016
PP2FF,0,451,451,v008
PP2FF,0,487,487,v008
PP2FF,0,751,751,v023
3SAO5,57,319,262,v008
3SAO5,537,736,199,v001
3SAO5,369,819,450,v018
3SAO5,280,655,375,v022
3SAO5,0,182,182,v018
3SAO5,583,789,206,v023
3SAO5,468,592,124,v012
3SAO5,21,424,403,v031
3SAO5,9,396,387,v012
3SAO5,0,124,124,v023
3SAO5,576,787,211,v008
EHCUE,0,626,626,v032
EHCUE,252,638,386,v018
EHCUE,0,655,655,v018
EHCUE,0,655,655,v014
ADCTG,0,223,223,v016
ADCTG,396,513,117,v007
ADCTG,400,763,363,v020
ADCTG,225,831,606,v008
ADCTG,0,336,336,v023
ADCTG,0,139,139,v012
BUXV4,360,765,405,v008
BUXV4,388,561,173,v019
BUXV4,28,194,166,v016
BUXV4,422,775,353,v014
BUXV4,741,856,115,v029
BUXV4,0,391,391,v008
BUXV4,0,175,175,v008
BUXV4,336,456,120,v023
0BH84,96,403,307,v024
0BH84,388,624,236,v028
0BH84,300,456,156,v016
0BH84,295,465,170,v016
0BH84,189,343,154,v029
1TWH6,24,144,120,v012
1TWH6,120,240,120,v023
1TWH6,432,723,291,v031
1TWH6,120,240,120,v023
1TWH6,132,723,591,v008
1TWH6,24,280,256,v008
IL0LY,0,470,470,v008
IL0LY,0,652,652,v018
IL0LY,388,592,204,v012
IL0LY,523,652,129,v001
IL0LY,0,506,506,v008
IL0LY,0,652,652,v018
PWO7A,139,316,177,v007
PWO7A,0,444,444,v008
PWO7A,285,459,174,v001
PWO7A,136,343,207,v012
PWO7A,148,393,245,v029
TF95Y,0,348,348,v002
TF95Y,163,350,187,v020
TF95Y,249,370,121,v012
TF95Y,24,144,120,v016
M0DAY,0,597,597,v008
M0DAY,0,597,597,v017
L9J5I,573,734,161,v022
L9J5I,0,84,84,v016
L9J5I,0,712,712,v018
L9J5I,7,268,261,v005
L9J5I,0,268,268,v016
L9J5I,220,400,180,v023
L9J5I,0,295,295,v008
L9J5I,278,628,350,v008
SQKE4,211,321,110,v023
SQKE4,0,228,228,v008
SQKE4,132,264,132,v022
SQKE4,156,271,115,v031
SQKE4,0,216,216,v018
SQKE4,232,556,324,v026
SQKE4,96,223,127,v016
SQKE4,232,556,324,v026
SQKE4,0,192,192,v031
KZW3K,367,631,264,v008
KZW3K,360,631,271,v023
KZW3K,33,424,391,v031
KZW3K,292,429,137,v016
KZW3K,302,427,125,v016
KZW3K,26,408,382,v008
5MRPU,571,871,300,v008
5MRPU,648,825,177,v013
5MRPU,384,556,172,v022
5MRPU,739,883,144,v016
5MRPU,537,703,166,v023
5MRPU,379,556,177,v018
5MRPU,566,871,305,v014
5MRPU,100,475,375,v021
5MRPU,57,511,454,v010
4KWJ4,0,738,738,v031
4KWJ4,0,738,738,v014
4KWJ4,0,738,738,v018
4KWJ4,0,738,738,v032
RTGML,103,268,165,v008
RTGML,50,180,130,v023
RTGML,96,280,184,v031
FZJTT,460,748,288,v008
FZJTT,26,285,259,v000
FZJTT,0,285,285,v021
FZJTT,168,518,350,v003
FZJTT,480,768,288,v014
FZJTT,0,768,768,v010
FZJTT,384,576,192,v023
FZJTT,0,194,194,v021
PZD7Z,388,665,277,v008
PZD7Z,0,400,400,v008
PZD7Z,2,168,166,v019
PZD7Z,0,117,117,v018
PZD7Z,0,170,170,v018
PZD7Z,36,194,158,v022
PZD7Z,108,665,557,v026
PZD7Z,355,542,187,v023
PZD7Z,228,422,194,v016
PZD7Z,0,297,297,v026
PZD7Z,266,444,178,v023
MVIKS,0,722,722,v031
VAAXH,105,703,598,v004
VAAXH,98,748,650,v008
VAAXH,595,748,153,v016
VAAXH,57,240,183,v023
VAAXH,592,748,156,v016
ZI3ED,196,740,544,v012
ZI3ED,76,232,156,v016
ZI3ED,0,132,132,v017
ZI3ED,0,240,240,v008
ZI3ED,0,93,93,v029
ZI3ED,129,252,123,v025
9OVST,0,153,153,v008
9OVST,57,199,142,v025
9OVST,146,256,110,v018
CMC93,38,321,283,v001
CMC93,602,816,214,v007
CMC93,307,760,453,v003
CMC93,900,1178,278,v022
CMC93,240,472,232,v016
CMC93,364,710,346,v023
CMC93,1125,1248,123,v012
CMC93,276,484,208,v018
CMC93,264,547,283,v018
CMC93,232,453,221,v003
CMC93,384,660,276,v003
CMC93,182,403,221,v028
QEZX9,4,748,744,v008
QEZX9,0,748,748,v014
QEZX9,264,386,122,v027
QEZX9,4,748,744,v031
891C5,0,725,725,v008
891C5,7,660,653,v030
7VMDP,0,647,647,v031
7VMDP,244,386,142,v016
7VMDP,199,379,180,v008
7VMDP,242,384,142,v016
7VMDP,0,647,647,v028
7VMDP,211,331,120,v016
7VMDP,223,338,115,v029
7VMDP,252,369,117,v016
YT43U,72,820,748,v026
YT43U,72,820,748,v016
YT43U,72,1168,1096,v026
BV53G,0,516,516,v012
BV53G,52,719,667,v023
BV53G,86,213,127,v022
BV53G,67,719,652,v008
DRIWX,0,906,906,v016
DRIWX,0,98,98,v023
DRIWX,52,189,137,v023
DRIWX,319,436,117,v023
DRIWX,0,906,906,v030
D7M6N,0,412,412,v016
D7M6N,0,122,122,v012
D7M6N,501,754,253,v020
D7M6N,350,525,175,v001
D7M6N,124,264,140,v025
D7M6N,264,439,175,v012
D7M6N,0,201,201,v023
D7M6N,0,108,108,v016
D7M6N,0,213,213,v016
D7M6N,189,307,118,v023
8VQBR,307,733,426,v008
8VQBR,0,733,733,v008
8VQBR,489,733,244,v016
LSY08,228,405,177,v029
LSY08,432,609,177,v016
LSY08,4,621,617,v008
LSY08,208,427,219,v012
LSY08,0,88,88,v023
OZCGO,55,172,117,v025
OZCGO,170,860,690,v009
OZCGO,86,860,774,v023
OZCGO,105,216,111,v016
OZCGO,576,796,220,v019
OZCGO,0,199,199,v025
V4C0P,26,177,151,v007
V4C0P,240,444,204,v025
V4C0P,362,741,379,v031
V4C0P,259,381,122,v026
RJ8WY,31,170,139,v027
RJ8WY,175,348,173,v016
RJ8WY,314,472,158,v004
RJ8WY,312,525,213,v008
RJ8WY,247,412,165,v023
TBCJA,405,556,151,v001
TBCJA,537,669,132,v007
TBCJA,480,607,127,v027
TBCJA,535,710,175,v001
C61BE,144,288,144,v008
C61BE,120,240,120,v023
C61BE,0,192,192,v005
C61BE,0,288,288,v008
C61BE,120,240,120,v026
C61BE,0,192,192,v005
C61BE,0,285,285,v008
C61BE,0,290,290,v008
LTJEO,0,196,196,v019
LTJEO,40,273,233,v023
LTJEO,456,742,286,v003
LTJEO,268,456,188,v023
LTJEO,0,300,300,v016
FQAQL,511,736,225,v026
FQAQL,0,338,338,v008
FQAQL,312,453,141,v008
FQAQL,288,736,448,v016
FQAQL,0,736,736,v026
I6PBQ,0,469,469,v031
I6PBQ,76,469,393,v024
I6PBQ,0,158,158,v020
3CA1X,468,755,287,v008
3CA1X,0,516,516,v008
3CA1X,0,508,508,v026
3CA1X,556,755,199,v005
3CA1X,0,504,504,v026
EAKL5,463,684,221,v016
EAKL5,216,552,336,v023
EAKL5,295,595,300,v016
EAKL5,213,643,430,v026
EAKL5,429,676,247,v008
EAKL5,28,235,207,v026
GBGI9,0,223,223,v008
GBGI9,129,625,496,v026
GBGI9,168,625,457,v030
GBGI9,393,625,232,v026
CAND1,0,542,542,v030
CAND1,664,914,250,v026
CAND1,170,573,403,v030
CAND1,645,914,269,v008
CAND1,0,914,914,v022
CAND1,0,230,230,v012
CAND1,650,914,264,v026
CAND1,650,914,264,v026
CAND1,57,254,197,v031
0MJHH,0,916,916,v008
0MJHH,0,916,916,v021
OJ6SX,364,751,387,v008
OJ6SX,324,751,427,v031
OJ6SX,343,751,408,v018
OJ6SX,0,386,386,v007
OJ6SX,67,422,355,v012
OJ6SX,326,751,425,v018
OJ6SX,232,480,248,v029
OJ6SX,376,499,123,v004
OJ6SX,376,751,375,v008
6LUM5,24,422,398,v008
6LUM5,43,240,197,v018
6LUM5,81,369,288,v031
6LUM5,343,722,379,v004
6LUM5,127,391,264,v022
6LUM5,201,345,144,v001
6LUM5,24,153,129,v012
6LUM5,24,211,187,v023
6LUM5,148,295,147,v014
6LUM5,100,362,262,v018
6LUM5,393,708,315,v008
6LUM5,259,465,206,v022
6LUM5,328,472,144,v023
4MGUQ,240,379,139,v031
4MGUQ,0,194,194,v030
4MGUQ,273,432,159,v004
4MGUQ,0,216,216,v018
4MGUQ,232,420,188,v016
4MGUQ,216,746,530,v022
4MGUQ,432,746,314,v019
4MGUQ,276,746,470,v008
4MGUQ,0,264,264,v008
4MGUQ,194,316,122,v023
4MGUQ,331,746,415,v009
FU7HP,0,556,556,v008
FU7HP,264,376,112,v001
FU7HP,0,93,93,v012
FU7HP,266,379,113,v001
FU7HP,67,259,192,v008
FU7HP,43,158,115,v023
FU7HP,364,492,128,v016
FU7HP,199,333,134,v016
JZB97,321,771,450,v031
JZB97,0,357,357,v008
JZB97,0,316,316,v026
JZB97,0,122,122,v023
JZB97,396,768,372,v014
JZB97,45,268,223,v016
JZB97,48,268,220,v025
JZB97,530,765,235,v009
JZB97,348,771,423,v018
JZB97,36,175,139,v016
JZB97,0,170,170,v008
JZB97,357,771,414,v018
L52DA,21,544,523,v030
L52DA,511,654,143,v008
L52DA,530,654,124,v008
L52DA,511,621,110,v023
L52DA,0,654,654,v008
ZSHV8,324,748,424,v016
ZSHV8,340,477,137,v008
ZSHV8,324,748,424,v023
ZSHV8,710,865,155,v029
ZSHV8,0,806,806,v026
ZSHV8,516,801,285,v016
ZSHV8,74,789,715,v026
P4AEF,74,703,629,v031
P4AEF,0,703,703,v021
P4AEF,0,703,703,v021
P4AEF,4,204,200,v000
P4AEF,0,703,703,v010
P4AEF,0,249,249,v000
P4AEF,177,348,171,v019
P4AEF,506,703,197,v009
YIM12,369,590,221,v012
YIM12,0,734,734,v008
YIM12,597,734,137,v019
YIM12,453,686,233,v029
2WN4P,0,736,736,v008
2WN4P,0,736,736,v021
2WN4P,0,736,736,v009
2WN4P,0,736,736,v008
2WN4P,0,736,736,v008
2WN4P,0,530,530,v019
7TJ60,0,740,740,v008
7TJ60,108,261,153,v025
6UZLM,0,739,739,v022
6UZLM,0,739,739,v031
6UZLM,0,158,158,v023
6UZLM,40,739,699,v016
6UZLM,0,739,739,v008
WTU0I,892,1137,245,v018
WTU0I,0,1094,1094,v008
WTU0I,984,1108,124,v016
WTU0I,0,84,84,v023
WTU0I,969,1152,183,v022
WTU0I,907,1123,216,v001
WTU0I,0,168,168,v012
WTU0I,451,868,417,v019
WTU0I,98,1116,1018,v031
WTU0I,0,1032,1032,v018
6TNP4,0,235,235,v012
6TNP4,0,1071,1071,v008
6TNP4,4,1071,1067,v016
6TNP4,96,1071,975,v023
6TNP4,69,1071,1002,v008
6TNP4,91,1071,980,v015
6TNP4,0,1071,1071,v018
J2J3Q,240,542,302,v020
J2J3Q,0,117,117,v008
J2J3Q,69,220,151,v008
J2J3Q,468,592,124,v029
CBPJF,290,804,514,v014
CBPJF,0,355,355,v014
CBPJF,235,403,168,v016
CBPJF,108,352,244,v019
CBPJF,0,386,386,v008
VAPVR,0,477,477,v026
VAPVR,376,729,353,v031
VAPVR,14,180,166,v026
VAPVR,0,110,110,v026
V8GK6,0,767,767,v010
V8GK6,0,767,767,v014
V8GK6,595,767,172,v027
V8GK6,0,767,767,v008
EMV0A,240,448,208,v018
EMV0A,0,132,132,v020
EMV0A,0,189,189,v002
EMV0A,211,417,206,v018
EMV0A,309,728,419,v018
3APWC,0,679,679,v032
3APWC,628,756,128,v025
3APWC,592,756,164,v008
3APWC,0,756,756,v018
0DAO5,415,676,261,v028
0DAO5,48,232,184,v012
0DAO5,72,314,242,v008
0DAO5,213,352,139,v016
0DAO5,348,501,153,v018
0DAO5,57,228,171,v007
0DAO5,160,333,173,v016
IGQJP,96,429,333,v018
IGQJP,91,208,117,v018
IGQJP,304,441,137,v022
IGQJP,559,984,425,v031
IGQJP,182,376,194,v032
IGQJP,79,216,137,v018
34OT4,590,794,204,v016
34OT4,0,429,429,v014
34OT4,388,739,351,v008
34OT4,0,770,770,v008
34OT4,388,729,341,v004
34OT4,0,784,784,v018
34OT4,0,899,899,v018
H7BTV,0,753,753,v031
H7BTV,0,753,753,v018
H7BTV,0,753,753,v031
H7BTV,0,753,753,v008
5AYUN,494,938,444,v022
5AYUN,621,897,276,v031
5AYUN,837,984,147,v017
57WV7,201,350,149,v018
57WV7,273,1027,754,v008
57WV7,218,357,139,v018
57WV7,888,1008,120,v022
57WV7,144,264,120,v018
57WV7,24,285,261,v007
57WV7,40,177,137,v012
57WV7,177,1027,850,v014
MA15X,393,600,207,v018
MA15X,55,1665,1610,v021
MA15X,420,1656,1236,v004
MA15X,1459,1672,213,v018
MA15X,540,1605,1065,v008
MA15X,206,439,233,v016
MA15X,523,1442,919,v016
MA15X,1346,1672,326,v022
MA15X,1576,1702,126,v025
MA15X,55,1536,1481,v008
MA15X,504,1137,633,v023
MA15X,436,1588,1152,v018
MA15X,122,1622,1500,v016
MA15X,45,235,190,v023
O6V4U,314,727,413,v016
O6V4U,0,348,348,v003
O6V4U,319,712,393,v008
O6V4U,576,720,144,v025
O6V4U,312,436,124,v023
Y4MW3,379,854,475,v014
Y4MW3,326,475,149,v023
Y4MW3,446,768,322,v004
Y4MW3,410,876,466,v008
Y4MW3,405,900,495,v023
Y4MW3,218,434,216,v031
Y4MW3,146,278,132,v008
Y4MW3,748,895,147,v016
Y4MW3,367,876,509,v008
Y4MW3,753,900,147,v016
FVPMC,24,640,616,v001
FVPMC,604,772,168,v005
FVPMC,0,352,352,v008
FVPMC,604,751,147,v005
FVPMC,616,741,125,v008
FVPMC,0,148,148,v012
FVPMC,624,847,223,v008
FVPMC,350,535,185,v016
FVPMC,604,847,243,v016
FVPMC,0,664,664,v012
FVPMC,588,847,259,v023
FVPMC,0,847,847,v022
FVPMC,456,669,213,v001
FVPMC,316,501,185,v026
FVPMC,595,724,129,v023
FVPMC,50,645,595,v026
FVPMC,640,847,207,v008
FVPMC,307,564,257,v016
1MU5L,256,643,387,v010
1MU5L,76,225,149,v012
1MU5L,218,345,127,v018
1MU5L,249,638,389,v021
1MU5L,542,672,130,v022
W9XJX,213,583,370,v008
W9XJX,103,235,132,v016
W9XJX,302,434,132,v020
W9XJX,103,235,132,v016
W9XJX,244,592,348,v023
Y2NAO,211,374,163,v006
Y2NAO,72,517,445,v008
Y2NAO,0,256,256,v010
Y2NAO,0,232,232,v000
Y2NAO,362,517,155,v013
Y2NAO,0,517,517,v018
Y2NAO,276,517,241,v014
B55HG,0,160,160,v018
B55HG,16,729,713,v018
B55HG,36,729,693,v031
B55HG,0,211,211,v023
B55HG,0,134,134,v022
B55HG,55,379,324,v019
B55HG,2,729,727,v008
B55HG,72,729,657,v010
B55HG,76,218,142,v012
TC96C,0,824,824,v008
TC96C,0,667,667,v014
TC96C,612,744,132,v029
TC96C,0,633,633,v018
TC96C,532,650,118,v022
X4DG4,12,260,248,v008
X4DG4,4,124,120,v022
X4DG4,45,259,214,v030
X4DG4,45,259,214,v030
X4DG4,168,260,92,v016
EN0CD,444,787,343,v016
EN0CD,0,367,367,v017
EN0CD,456,770,314,v028
EN0CD,480,609,129,v016
HEZBG,532,816,284,v002
HEZBG,290,612,322,v004
HEZBG,0,386,386,v005
HEZBG,0,379,379,v008
HEZBG,218,408,190,v005
HEZBG,0,403,403,v008
LYXGZ,0,106,106,v008
LYXGZ,14,106,92,v025
AGSN7,415,740,325,v016
AGSN7,424,740,316,v025
AGSN7,388,573,185,v012
AGSN7,388,573,185,v016
AGSN7,362,595,233,v008
AGSN7,376,511,135,v023
AGSN7,151,561,410,v008
AGSN7,136,285,149,v029
AGSN7,436,585,149,v016
C93UU,0,398,398,v009
V54TI,468,688,220,v012
V54TI,290,504,214,v021
V54TI,0,230,230,v008
V54TI,446,624,178,v007
V54TI,0,415,415,v010
V54TI,288,728,440,v008
V54TI,240,436,196,v023
V54TI,333,525,192,v022
V54TI,0,420,420,v031
V54TI,189,338,149,v016
V54TI,640,728,88,v029
NQT1S,0,528,528,v008
NQT1S,0,520,520,v032
NQT1S,0,726,726,v018
NQT1S,439,726,287,v020
NQT1S,0,528,528,v008
NQT1S,0,726,726,v018
VZY0C,48,216,168,v017
VZY0C,216,462,246,v008
VZY0C,0,144,144,v031
VZY0C,84,194,110,v029
VZY0C,213,355,142,v023
VZY0C,249,420,171,v012
RR7AR,62,249,187,v008
RR7AR,532,864,332,v031
RR7AR,297,528,231,v028
RR7AR,187,729,542,v013
RR7AR,48,168,120,v023
RR7AR,72,696,624,v014
RR7AR,720,840,120,v025
K63HG,0,564,564,v008
K63HG,468,691,223,v025
K63HG,0,743,743,v026
MHQYD,244,458,214,v031
MHQYD,199,504,305,v019
MHQYD,199,504,305,v009
0BZAD,180,309,129,v012
0BZAD,578,744,166,v023
0BZAD,628,744,116,v005
0BZAD,141,744,603,v018
0BZAD,465,744,279,v008
0BZAD,100,242,142,v018
0BZAD,465,744,279,v008
0BZAD,160,561,401,v008
0BZAD,204,480,276,v032
I5MMK,136,686,550,v018
I5MMK,115,235,120,v018
I5MMK,208,336,128,v029
IGDIE,0,439,439,v003
IGDIE,544,796,252,v031
8XL11,0,120,120,v025
8XL11,38,148,110,v020
8XL11,0,148,148,v008
0EGNU,0,326,326,v008
0EGNU,180,1088,908,v018
0EGNU,343,1088,745,v008
0EGNU,338,1088,750,v031
0EGNU,16,216,200,v016
0EGNU,218,499,281,v023
0EGNU,470,662,192,v012
0EGNU,158,331,173,v018
0EGNU,50,177,127,v029
0EGNU,261,396,135,v023
0EGNU,638,1088,450,v032
0EGNU,604,1088,484,v008
0EGNU,321,439,118,v001
CJ58B,374,499,125,v012
CJ58B,348,477,129,v023
CJ58B,554,733,179,v005
CJ58B,0,733,733,v018
CJ58B,0,424,424,v031
CJ58B,453,657,204,v016
CJ58B,321,590,269,v023
CJ58B,487,609,122,v025
CJ58B,417,733,316,v008
CJ58B,362,631,269,v008
CJ58B,480,619,139,v025
X9Q1A,288,444,156,v016
X9Q1A,50,206,156,v016
X9Q1A,237,477,240,v008
X9Q1A,0,100,100,v029
X9Q1A,81,300,219,v026
X9Q1A,182,326,144,v001
X9Q1A,235,345,110,v023
X9Q1A,0,72,72,v023
ATJEO,0,768,768,v003
ATJEO,0,343,343,v008
ATJEO,0,768,768,v008
ATJEO,0,768,768,v026
GWZMQ,595,842,247,v008
GWZMQ,566,739,173,v023
GWZMQ,386,544,158,v022
GWZMQ,609,842,233,v016
GWZMQ,0,590,590,v008
GWZMQ,7,432,425,v004
GWZMQ,420,573,153,v016
GWZMQ,0,494,494,v018
B8PQL,19,139,120,v016
B8PQL,16,141,125,v016
B8PQL,103,249,146,v008
B8PQL,12,139,127,v016
B8PQL,290,499,209,v020
B8PQL,86,199,113,v001
B8PQL,175,290,115,v026
B8PQL,7,196,189,v026
B8PQL,50,165,115,v025
B8PQL,132,242,110,v023
B8PQL,0,88,88,v029
B8PQL,165,391,226,v030
B8PQL,0,134,134,v008
8WZRF,244,405,161,v027
8WZRF,88,249,161,v027
8WZRF,540,684,144,v016
8WZRF,144,278,134,v020
8WZRF,549,787,238,v023
8WZRF,0,136,136,v016
8WZRF,592,739,147,v004
8WZRF,494,796,302,v008
8WZRF,484,787,303,v016
8WZRF,225,453,228,v019
8K380,405,739,334,v008
8K380,0,480,480,v008
8K380,403,739,336,v020
8K380,0,472,472,v014
8K380,0,468,468,v022
1G9R7,0,496,496,v018
1G9R7,372,807,435,v026
1G9R7,0,172,172,v018
1G9R7,686,807,121,v022
1G9R7,64,302,238,v015
1G9R7,278,384,106,v004
1G9R7,0,516,516,v008
1G9R7,0,456,456,v016
1G9R7,384,804,420,v026
63GDX,228,439,211,v012
63GDX,0,703,703,v008
63GDX,607,710,103,v016
63GDX,674,755,81,v029
63GDX,360,477,117,v001
5IW8A,194,460,266,v016
5IW8A,360,769,409,v018
5IW8A,453,769,316,v004
5IW8A,386,540,154,v018
5IW8A,60,259,199,v026
MXBFE,0,751,751,v008
MXBFE,43,328,285,v031
XDJCC,0,759,759,v031
XDJCC,0,206,206,v019
XDJCC,0,759,759,v018
XDJCC,0,759,759,v018
2JP64,561,734,173,v032
2JP64,338,525,187,v005
2JP64,345,525,180,v005
2JP64,98,734,636,v016
2JP64,264,525,261,v023
2JP64,50,734,684,v032
2JP64,264,525,261,v016
2JP64,0,734,734,v018
2JP64,0,153,153,v021
2JP64,285,463,178,v008
2JP64,300,525,225,v008
2JP64,264,499,235,v023
2JP64,91,734,643,v008
2JP64,120,304,184,v023
2JP64,0,734,734,v018
2JP64,271,451,180,v008
1WJ6O,7,300,293,v022
1WJ6O,158,427,269,v031
1WJ6O,412,693,281,v018
1WJ6O,139,559,420,v001
1WJ6O,302,448,146,v008
1WJ6O,475,751,276,v029
1WJ6O,297,679,382,v016
1WJ6O,324,535,211,v018
1WJ6O,312,520,208,v022
1WJ6O,0,180,180,v012
1WJ6O,403,705,302,v023
1WJ6O,338,660,322,v018
1WJ6O,57,247,190,v016
1WJ6O,139,388,249,v017
1WJ6O,57,232,175,v008
1WJ6O,206,751,545,v008
1WJ6O,72,751,679,v008
1WJ6O,136,242,106,v025
7VP2U,40,259,219,v001
7VP2U,201,427,226,v031
7VP2U,43,427,384,v005
7VP2U,0,427,427,v008
7VP2U,0,357,357,v008
7VP2U,0,427,427,v023
7VP2U,194,350,156,v016
7VP2U,0,204,204,v031
7VP2U,0,427,427,v018
7VP2U,0,427,427,v008
7VP2U,127,374,247,v016
27SS2,0,343,343,v010
27SS2,592,728,136,v031
27SS2,468,626,158,v022
27SS2,268,525,257,v008
27SS2,0,631,631,v018
27SS2,254,415,161,v023
27SS2,374,525,151,v016
27SS2,297,463,166,v004
EUV3V,0,742,742,v008
EUV3V,0,410,410,v008
EUV3V,292,468,176,v016
LYDEA,266,434,168,v008
LYDEA,336,477,141,v026
LYDEA,199,372,173,v016
LYDEA,331,568,237,v016
LYDEA,184,374,190,v012
LYDEA,163,331,168,v008
LYDEA,388,564,176,v023
LYDEA,388,564,176,v016
0SK6H,0,757,757,v021
0SK6H,0,757,757,v004
0SK6H,0,757,757,v031
0SK6H,0,757,757,v008
0SK6H,0,757,757,v014
0SK6H,0,757,757,v018
IGVLE,595,760,165,v008
IGVLE,612,760,148,v014
IGVLE,278,650,372,v028
IGVLE,645,760,115,v013
IGVLE,573,698,125,v016
IGVLE,439,573,134,v016
IGVLE,667,760,93,v019
IGVLE,672,760,88,v023
F2NAW,405,523,118,v027
F2NAW,417,640,223,v001
F2NAW,424,600,176,v029
F2NAW,0,283,283,v003
F2NAW,511,655,144,v007
Z6LYG,871,995,124,v001
Z6LYG,160,650,490,v005
Z6LYG,259,744,485,v023
Z6LYG,45,196,151,v012
Z6LYG,732,979,247,v016
5QUSB,93,748,655,v018
5QUSB,0,748,748,v008
5QUSB,184,748,564,v019
5QUSB,144,748,604,v019
5QUSB,0,748,748,v008
5QUSB,0,74,74,v012
5QUSB,0,748,748,v031
5QUSB,31,220,189,v018
5QUSB,535,662,127,v031
5QUSB,300,429,129,v001
5QUSB,79,213,134,v026
M5XFI,0,894,894,v008
M5XFI,0,894,894,v018
M5XFI,444,588,144,v009
M5XFI,153,777,624,v019
M5XFI,0,894,894,v031
OHQOO,40,244,204,v031
OHQOO,163,292,129,v008
OHQOO,386,530,144,v009
OHQOO,386,530,144,v019
OHQOO,249,439,190,v008
OHQOO,242,400,158,v023
FIA2R,429,612,183,v012
FIA2R,0,172,172,v016
FIA2R,79,307,228,v016
FIA2R,424,728,304,v023
FIA2R,0,506,506,v008
6ZKZS,33,194,161,v004
6ZKZS,0,606,606,v018
6ZKZS,252,489,237,v005
6ZKZS,0,132,132,v015
6ZKZS,468,606,138,v020
6ZKZS,134,523,389,v008
A0PVR,12,259,247,v001
A0PVR,0,487,487,v031
NHSAW,0,182,182,v008
NHSAW,252,379,127,v022
NHSAW,189,328,139,v018
NHSAW,446,519,73,v001
NHSAW,19,153,134,v012
NHSAW,16,146,130,v029
NHSAW,386,506,120,v007
NHSAW,189,360,171,v018
B5UXP,0,1273,1273,v008
B5UXP,0,660,660,v016
B5UXP,0,645,645,v023
B5UXP,0,1273,1273,v008
B5UXP,0,1273,1273,v005
4JW8U,156,302,146,v007
4JW8U,0,739,739,v008
4JW8U,156,302,146,v012
4JW8U,518,739,221,v016
4JW8U,518,739,221,v016
UWPIZ,0,124,124,v012
UWPIZ,264,427,163,v016
UWPIZ,0,743,743,v019
UWPIZ,249,369,120,v001
UWPIZ,0,743,743,v008
UWPIZ,252,427,175,v016
UWPIZ,0,117,117,v023
UWPIZ,427,674,247,v019
UWPIZ,74,355,281,v009
UWPIZ,28,403,375,v031
3XDQC,0,362,362,v008
3XDQC,0,410,410,v023
3XDQC,0,103,103,v019
924QD,0,722,722,v008
924QD,511,722,211,v008
924QD,43,160,117,v008
924QD,446,571,125,v014
924QD,501,636,135,v017
IF7KE,0,517,517,v008
IF7KE,14,396,382,v008
IF7KE,280,417,137,v016
IF7KE,264,451,187,v005
FMZ4A,340,735,395,v003
FMZ4A,216,735,519,v008
FMZ4A,403,735,332,v026
FMZ4A,216,735,519,v023
CEKMS,19,218,199,v007
CEKMS,0,288,288,v023
CEKMS,220,401,181,v008
CEKMS,134,261,127,v029
CEKMS,0,288,288,v008
KMZHU,362,526,164,v008
KMZHU,0,429,429,v018
KMZHU,86,264,178,v015
KMZHU,312,470,158,v022
KMZHU,0,412,412,v032
GQZOR,242,352,110,v016
GQZOR,0,290,290,v032
GQZOR,213,726,513,v008
GQZOR,0,693,693,v018
GQZOR,0,624,624,v018
GQZOR,192,432,240,v005
GQZOR,340,616,276,v004
GQZOR,604,726,122,v022
GQZOR,228,520,292,v005
MAPVV,4,249,245,v008
MAPVV,100,417,317,v010
MAPVV,412,732,320,v016
MAPVV,0,139,139,v016
MAPVV,0,74,74,v023
MAPVV,36,165,129,v016
MAPVV,712,761,49,v010
MAPVV,712,761,49,v018
MAPVV,0,163,163,v008
1G90H,0,744,744,v010
1G90H,194,513,319,v008
1G90H,120,252,132,v023
1G90H,112,266,154,v023
FR4K2,314,532,218,v030
FR4K2,528,760,232,v008
FR4K2,0,208,208,v026
FR4K2,184,340,156,v001
FR4K2,0,338,338,v016
FR4K2,561,722,161,v012
FR4K2,108,295,187,v016
FR4K2,0,105,105,v031
Y2TNP,0,731,731,v008
Y2TNP,72,194,122,v018
Y2TNP,105,731,626,v018
Y2TNP,7,146,139,v027
Y2TNP,218,731,513,v032
Y2TNP,0,731,731,v008
Y2TNP,223,573,350,v031
41GXC,0,244,244,v004
41GXC,180,295,115,v016
41GXC,268,381,113,v016
41GXC,369,525,156,v022
41GXC,0,336,336,v008
41GXC,472,664,192,v012
41GXC,0,487,487,v018
41GXC,458,679,221,v012
41GXC,597,738,141,v008
41GXC,532,738,206,v023
41GXC,0,484,484,v018
41GXC,0,273,273,v023
8DSGI,261,753,492,v008
8DSGI,216,393,177,v023
8DSGI,57,240,183,v029
8DSGI,367,753,386,v018
8DSGI,230,391,161,v016
8DSGI,321,480,159,v012
8DSGI,321,753,432,v031
8DSGI,328,472,144,v018
8DSGI,31,266,235,v008
8DSGI,381,753,372,v001
8DSGI,139,261,122,v025
2ZBL5,0,712,712,v018
2ZBL5,511,712,201,v014
2ZBL5,499,614,115,v023
2ZBL5,0,712,712,v018
2ZBL5,0,513,513,v004
2ZBL5,499,712,213,v008
LAJ9K,21,216,195,v029
LAJ9K,19,451,432,v008
PQUF6,0,69,69,v008
PQUF6,64,177,113,v016
PQUF6,0,72,72,v023
PQUF6,348,458,110,v012
PQUF6,333,551,218,v031
PQUF6,100,336,236,v030
PQUF6,2,345,343,v030
SVPZT,0,91,91,v008
SVPZT,0,110,110,v028
SVPZT,621,1099,478,v022
SVPZT,1058,1387,329,v016
SVPZT,0,69,69,v018
SVPZT,410,626,216,v028
SVPZT,1135,1288,153,v016
SVPZT,501,710,209,v023
SVPZT,1003,1176,173,v023
SVPZT,1080,1197,117,v023
SVPZT,1142,1296,154,v016
SVPZT,7,237,230,v018
VDUO1,0,441,441,v011
VDUO1,532,854,322,v030
VDUO1,506,854,348,v008
VDUO1,0,453,453,v008
VDUO1,331,458,127,v016
VDUO1,499,624,125,v023
Y49WR,369,552,183,v013
Y49WR,105,571,466,v031
Y49WR,93,343,250,v003
Y49WR,96,268,172,v008
8Z5SJ,100,451,351,v001
8Z5SJ,189,506,317,v008
8Z5SJ,288,636,348,v016
8Z5SJ,153,456,303,v025
8Z5SJ,208,614,406,v028
8Z5SJ,50,160,110,v029
DUNVR,602,744,142,v001
DUNVR,0,744,744,v008
DUNVR,0,744,744,v008
DUNVR,0,676,676,v019
DUNVR,648,744,96,v017
DUNVR,0,744,744,v008
DUNVR,0,744,744,v009
7L3DI,0,273,273,v018
7L3DI,208,448,240,v006
7L3DI,369,657,288,v018
7L3DI,184,458,274,v018
7L3DI,0,295,295,v019
7L3DI,115,237,122,v009
7L3DI,168,468,300,v022
FGEJI,0,735,735,v008
FGEJI,139,400,261,v017
FGEJI,278,530,252,v008
FGEJI,386,532,146,v008
FGEJI,633,735,102,v004
68QO4,388,525,137,v023
68QO4,367,552,185,v023
68QO4,268,405,137,v001
68QO4,470,734,264,v005
68QO4,427,612,185,v005
68QO4,340,489,149,v016
68QO4,0,412,412,v008
68QO4,0,734,734,v018
68QO4,396,734,338,v008
68QO4,0,468,468,v031
68QO4,338,482,144,v016
JXKPA,0,295,295,v008
JXKPA,338,573,235,v015
JXKPA,0,618,618,v008
78SO8,33,242,209,v012
78SO8,146,285,139,v015
78SO8,412,597,185,v012
78SO8,477,604,127,v001
Y2DK5,0,379,379,v008
Y2DK5,410,621,211,v012
Y2DK5,506,676,170,v020
Y2DK5,288,686,398,v008
Y2DK5,374,698,324,v016
Y2DK5,266,698,432,v008
Y2DK5,0,376,376,v008
Y2DK5,230,405,175,v016
Y132T,211,641,430,v008
Y132T,98,316,218,v023
Y132T,108,307,199,v012
Y132T,199,364,165,v016
Y132T,60,417,357,v023
Y132T,0,345,345,v008
Y132T,60,350,290,v001
0QES3,74,355,281,v003
0QES3,316,484,168,v001
0QES3,0,129,129,v008
0QES3,4,134,130,v016
0QES3,324,482,158,v012
0QES3,2,134,132,v016
0QES3,0,129,129,v016
0QES3,309,520,211,v029
0QES3,48,355,307,v003
RSTVT,2,177,175,v017
RSTVT,127,244,117,v016
RSTVT,0,189,189,v005
RSTVT,415,520,105,v023
RSTVT,0,244,244,v008
MPX3X,0,446,446,v008
MPX3X,264,590,326,v015
MPX3X,600,723,123,v027
MPX3X,0,352,352,v005
MPX3X,0,360,360,v005
MPX3X,0,723,723,v022
3P8NL,0,74,74,v018
3P8NL,0,184,184,v012
3P8NL,177,513,336,v016
3P8NL,0,81,81,v018
3P8NL,0,247,247,v023
J2DBI,0,622,622,v008
J2DBI,276,622,346,v008
J2DBI,302,456,154,v012
J2DBI,424,622,198,v019
J2DBI,208,379,171,v023
J2DBI,420,622,202,v019
J2DBI,0,112,112,v021
J2DBI,0,622,622,v008
J2DBI,208,622,414,v031
5AE54,127,278,151,v008
5AE54,410,672,262,v026
5AE54,187,362,175,v025
5AE54,201,398,197,v010
5AE54,52,256,204,v023
5AE54,0,204,204,v017
5AE54,242,444,202,v023
5AE54,362,741,379,v030
5AE54,112,302,190,v018
5AE54,153,288,135,v016
5AE54,139,324,185,v029
5AE54,199,324,125,v018
5AE54,336,484,148,v030
5AE54,650,741,91,v016
ZYZWX,108,307,199,v008
ZYZWX,470,708,238,v016
ZYZWX,0,88,88,v012
ZYZWX,127,731,604,v026
ZYZWX,268,731,463,v008
ZYZWX,252,376,124,v016
R5O64,0,189,189,v008
R5O64,472,663,191,v005
R5O64,0,663,663,v008
R5O64,0,528,528,v016
R5O64,0,663,663,v008
R5O64,544,663,119,v005
R5O64,0,528,528,v016
R5O64,0,663,663,v008
R5O64,28,153,125,v016
R5O64,153,283,130,v016
G2NY6,0,369,369,v026
G2NY6,0,369,369,v008
G2NY6,0,369,369,v030
KN0TK,16,182,166,v012
KN0TK,0,722,722,v018
KN0TK,14,151,137,v007
970NN,280,559,279,v031
970NN,463,719,256,v031
970NN,460,585,125,v022
970NN,0,530,530,v018
970NN,0,127,127,v005
970NN,0,537,537,v008
970NN,43,470,427,v005
970NN,0,578,578,v018
970NN,0,530,530,v008
970NN,0,458,458,v008
970NN,124,559,435,v031
38TA9,0,444,444,v008
38TA9,151,451,300,v016
38TA9,0,76,76,v007
38TA9,0,115,115,v012
38TA9,0,100,100,v012
38TA9,48,429,381,v025
38TA9,48,429,381,v016
1FA5M,345,744,399,v031
1FA5M,0,744,744,v018
1FA5M,0,386,386,v004
1FA5M,345,744,399,v008
1FA5M,0,453,453,v008
1FA5M,331,456,125,v016
RRNDQ,0,100,100,v018
RRNDQ,340,456,116,v022
RRNDQ,0,122,122,v008
RRNDQ,372,765,393,v030
RRNDQ,117,345,228,v004
RRNDQ,456,727,271,v016
RRNDQ,0,136,136,v018
RRNDQ,0,345,345,v008
P76D1,0,400,400,v018
P76D1,304,460,156,v022
P76D1,326,482,156,v008
P76D1,0,386,386,v008
P76D1,0,468,468,v016
P76D1,0,472,472,v002
P76D1,312,489,177,v016
PU53O,0,74,74,v008
PU53O,0,103,103,v025
PU53O,439,727,288,v026
PU53O,88,232,144,v026
0CG15,619,795,176,v001
0CG15,24,314,290,v008
0CG15,266,652,386,v003
0CG15,547,712,165,v012
0CG15,218,343,125,v020
0CG15,472,597,125,v016
0CG15,110,386,276,v026
0CG15,266,640,374,v023
XKJAD,362,648,286,v032
XKJAD,0,139,139,v023
XKJAD,184,300,116,v016
XKJAD,283,420,137,v018
XKJAD,312,434,122,v016
XKJAD,276,420,144,v018
XKJAD,324,429,105,v008
XKJAD,0,184,184,v008
XKJAD,38,242,204,v023
XKJAD,192,360,168,v008
XKJAD,319,648,329,v018
XKJAD,204,352,148,v030
XKJAD,192,362,170,v023
XKJAD,192,362,170,v026
XKJAD,192,362,170,v016
XKJAD,0,360,360,v026
XKJAD,324,484,160,v023
5BTFZ,420,754,334,v031
5BTFZ,415,736,321,v020
5BTFZ,0,482,482,v019
5BTFZ,0,530,530,v009
5BTFZ,69,672,603,v018
5BTFZ,0,482,482,v021
5BTFZ,0,482,482,v018
CQPZU,326,739,413,v008
CQPZU,268,739,471,v023
CQPZU,374,492,118,v007
CQPZU,432,576,144,v017
CQPZU,285,506,221,v012
CQPZU,211,739,528,v023
CQPZU,192,739,547,v008
CQPZU,381,655,274,v029
5X039,0,738,738,v008
5X039,0,184,184,v023
5X039,0,738,738,v021
5X039,220,738,518,v019
5X039,0,738,738,v018
5X039,0,738,738,v008
5X039,0,738,738,v008
5X039,0,738,738,v008
49QXY,0,312,312,v008
49QXY,0,280,280,v019
49QXY,0,304,304,v031
49QXY,0,276,276,v019
49QXY,252,724,472,v028
49QXY,379,580,201,v025
49QXY,616,799,183,v016
49QXY,456,576,120,v016
49QXY,628,800,172,v023
0UBYY,0,756,756,v008
0UBYY,38,739,701,v031
0UBYY,420,768,348,v008
0UBYY,412,763,351,v024
NALYZ,631,807,176,v026
NALYZ,602,807,205,v018
NALYZ,0,408,408,v031
NALYZ,631,775,144,v012
NALYZ,432,628,196,v004
NALYZ,578,693,115,v022
NALYZ,0,674,674,v018
NALYZ,0,674,674,v018
NALYZ,0,374,374,v008
NALYZ,264,427,163,v001
NALYZ,117,283,166,v016
NALYZ,88,278,190,v023
RX6R8,0,735,735,v008
RX6R8,0,735,735,v014
RX6R8,0,735,735,v018
TSKZL,199,312,113,v008
TSKZL,141,290,149,v023
TSKZL,249,381,132,v012
TSKZL,324,501,177,v001
TSKZL,148,506,358,v016
TSKZL,338,484,146,v001
TSKZL,256,424,168,v012
QJH8I,0,876,876,v018
QJH8I,360,924,564,v004
QJH8I,0,400,400,v006
QJH8I,321,432,111,v023
QJH8I,818,926,108,v022
QJH8I,331,926,595,v008
UTLNI,14,242,228,v008
UTLNI,36,194,158,v002
UTLNI,213,506,293,v012
UTLNI,218,405,187,v012
UTLNI,0,129,129,v014
UTLNI,240,544,304,v001
UTLNI,9,297,288,v016
UTLNI,213,340,127,v016
WOWVL,4,714,710,v008
WOWVL,4,714,710,v031
WOWVL,172,714,542,v013
WOWVL,201,714,513,v008
WMPWW,0,773,773,v018
WMPWW,0,477,477,v008
WMPWW,0,480,480,v031
WMPWW,0,773,773,v020
WMPWW,0,91,91,v018
WMPWW,643,773,130,v022
WMPWW,24,410,386,v001
NDX21,504,636,132,v012
NDX21,206,803,597,v032
NDX21,0,261,261,v000
NDX21,0,803,803,v018
NDX21,439,803,364,v032
NDX21,235,518,283,v008
NDX21,0,803,803,v018
NDX21,0,552,552,v008
NDX21,444,552,108,v016
XG839,564,1145,581,v008
XG839,21,650,629,v023
XG839,600,1145,545,v004
XG839,765,1145,380,v019
XG839,266,424,158,v023
XG839,432,573,141,v016
XG839,415,660,245,v001
XG839,261,408,147,v012
XG839,2,213,211,v023
8UUUR,0,268,268,v008
8UUUR,0,324,324,v016
8UUUR,0,324,324,v016
8UUUR,0,153,153,v029
8UUUR,0,237,237,v018
IZCB0,52,292,240,v001
IZCB0,7,321,314,v012
IZCB0,285,701,416,v031
IZCB0,264,701,437,v016
IZCB0,12,345,333,v012
IZCB0,0,343,343,v001
K4XO7,204,568,364,v031
K4XO7,0,237,237,v010
K4XO7,309,741,432,v000
K4XO7,429,667,238,v022
K4XO7,945,992,47,v029
K4XO7,945,992,47,v008
K4XO7,945,992,47,v021
K4XO7,662,931,269,v029
K4XO7,434,624,190,v008
K4XO7,0,530,530,v021
GL38X,0,180,180,v020
GL38X,216,475,259,v031
GL38X,0,100,100,v029
651VO,578,735,157,v018
651VO,2,552,550,v016
651VO,0,511,511,v023
FCDXN,547,752,205,v029
FCDXN,0,386,386,v018
FCDXN,312,451,139,v016
FCDXN,252,400,148,v022
FCDXN,0,338,338,v028
L7JYQ,220,393,173,v028
L7JYQ,242,381,139,v025
L7JYQ,16,409,393,v017
L7JYQ,220,393,173,v023
L7JYQ,19,409,390,v008
L7JYQ,319,409,90,v029
29C6X,0,415,415,v025
29C6X,316,519,203,v016
29C6X,345,519,174,v025
29C6X,0,410,410,v028
29C6X,326,519,193,v025
29C6X,19,396,377,v028
29C6X,391,519,128,v025
QMWTF,0,752,752,v008
JIDHM,0,396,396,v031
JIDHM,0,801,801,v002
JIDHM,393,628,235,v019
Q435I,0,723,723,v008
Q435I,0,723,723,v008
Q435I,0,723,723,v010
Q435I,0,723,723,v031
Q435I,0,723,723,v021
Q435I,0,723,723,v014
RSJ0T,0,724,724,v008
RSJ0T,0,724,724,v016
RSJ0T,0,724,724,v026
RSJ0T,0,724,724,v026
HMSM8,343,595,252,v012
HMSM8,0,686,686,v008
HMSM8,0,636,636,v008
HMSM8,0,432,432,v008
IOMVF,434,585,151,v031
IOMVF,0,206,206,v010
IOMVF,144,300,156,v022
IOMVF,0,232,232,v010
IOMVF,64,240,176,v000
PWC0F,0,204,204,v000
PWC0F,0,204,204,v000
PWC0F,134,280,146,v017
PWC0F,199,635,436,v008
A2JV3,141,376,235,v016
A2JV3,0,266,266,v008
A2JV3,146,319,173,v016
A2JV3,247,475,228,v003
A2JV3,360,731,371,v008
A2JV3,602,731,129,v029
A2JV3,398,494,96,v001
A2JV3,384,487,103,v012
A2JV3,360,460,100,v023
C0GSN,242,513,271,v019
C0GSN,302,432,130,v031
C0GSN,0,746,746,v008
NPM0Z,266,580,314,v031
NPM0Z,400,537,137,v016
NPM0Z,283,496,213,v008
12N1H,0,804,804,v008
12N1H,0,804,804,v020
9KGOL,403,758,355,v004
9KGOL,403,592,189,v023
9KGOL,273,475,202,v016
9KGOL,0,480,480,v005
9KGOL,451,758,307,v008
9KGOL,0,422,422,v008
9KGOL,0,427,427,v005
KG2LF,314,444,130,v025
KG2LF,324,460,136,v025
KG2LF,0,319,319,v028
KG2LF,0,204,204,v029
KG2LF,566,693,127,v027
1L376,211,355,144,v003
1L376,468,645,177,v005
1L376,432,645,213,v008
1L376,429,645,216,v023
1L376,338,564,226,v015
ZS7X6,108,340,232,v008
ZS7X6,175,304,129,v023
ZS7X6,256,393,137,v031
ZS7X6,300,508,208,v030
ZS7X6,129,264,135,v012
ZS7X6,204,693,489,v008
ZS7X6,460,676,216,v019
ZS7X6,218,360,142,v025
ZS7X6,74,237,163,v023
ZS7X6,144,381,237,v023
ZS7X6,696,743,47,v019
ZS7X6,691,743,52,v023
ZS7X6,696,743,47,v023
4EM25,0,76,76,v008
4EM25,0,81,81,v014
4EM25,144,264,120,v008
4EM25,153,266,113,v025
4EM25,0,105,105,v019
4EM25,148,304,156,v023
Q3M8J,561,722,161,v018
Q3M8J,81,225,144,v012
Q3M8J,124,348,224,v016
Q3M8J,0,242,242,v008
Q3M8J,160,348,188,v023
Q3M8J,561,722,161,v018
Q3M8J,88,211,123,v016
Q3M8J,57,184,127,v016
Q3M8J,0,722,722,v016
Q3M8J,0,103,103,v023
Q3M8J,0,722,722,v008
Q3M8J,554,722,168,v005
Q3M8J,0,168,168,v008
WULQ2,588,684,96,v012
WULQ2,0,604,604,v003
WULQ2,0,600,600,v018
WULQ2,504,628,124,v022
WULQ2,616,684,68,v029
WULQ2,592,684,92,v007
ACJBD,693,835,142,v016
ACJBD,688,844,156,v016
ACJBD,292,568,276,v003
ACJBD,739,868,129,v016
ACJBD,768,880,112,v026
ACJBD,328,458,130,v023
G4AJK,64,1003,939,v018
G4AJK,247,981,734,v005
G4AJK,907,1015,108,v022
G4AJK,33,165,132,v018
G4AJK,844,976,132,v016
G4AJK,216,916,700,v005
G4AJK,88,967,879,v008
G4AJK,98,976,878,v023
G4AJK,0,67,67,v014
G4AJK,84,976,892,v008
G4AJK,84,976,892,v023
DT02O,0,120,120,v002
DT02O,0,100,100,v005
1E7VU,50,748,698,v008
1E7VU,84,196,112,v008
1E7VU,420,748,328,v020
1E7VU,40,448,408,v012
1E7VU,74,444,370,v016
1E7VU,288,444,156,v001
1E7VU,64,396,332,v023
EQ36U,230,627,397,v014
EQ36U,0,312,312,v025
EQ36U,278,627,349,v008
BVHA7,0,751,751,v008
BVHA7,489,751,262,v023
BVHA7,182,408,226,v029
BVHA7,0,360,360,v019
BVHA7,0,751,751,v026
BVHA7,252,751,499,v008
555RO,333,508,175,v001
555RO,424,732,308,v006
555RO,110,307,197,v016
555RO,64,187,123,v023
555RO,223,429,206,v018
555RO,160,285,125,v025
555RO,0,117,117,v029
555RO,333,528,195,v007
555RO,237,732,495,v018
555RO,146,340,194,v016
3TUUI,525,820,295,v008
3TUUI,530,820,290,v003
3TUUI,429,576,147,v022
3TUUI,405,535,130,v016
3TUUI,88,343,255,v018
3TUUI,280,496,216,v018
3TUUI,504,804,300,v003
N0KQ7,477,622,145,v003
N0KQ7,321,458,137,v023
N0KQ7,422,622,200,v018
N0KQ7,396,520,124,v018
N0KQ7,424,622,198,v018
N0KQ7,175,439,264,v026
30JQT,664,855,191,v015
30JQT,0,855,855,v018
30JQT,0,662,662,v031
BPH56,482,698,216,v027
BPH56,636,900,264,v030
BPH56,0,928,928,v008
BPH56,0,321,321,v009
BPH56,424,559,135,v029
BPH56,0,163,163,v023
BPH56,0,316,316,v019
38TF8,0,757,757,v004
38TF8,2,482,480,v003
38TF8,0,757,757,v005
38TF8,0,757,757,v008
38TF8,396,592,196,v026
38TF8,0,757,757,v018
38TF8,0,204,204,v016
38TF8,0,204,204,v008
38TF8,494,645,151,v023
EG1XK,333,530,197,v004
EG1XK,693,811,118,v001
EG1XK,568,789,221,v012
EG1XK,12,811,799,v008
EG1XK,652,811,159,v029
EG1XK,69,393,324,v015
R9F8L,324,489,165,v016
R9F8L,88,420,332,v008
R9F8L,187,420,233,v008
R9F8L,324,460,136,v018
R9F8L,364,1538,1174,v014
R9F8L,364,1852,1488,v018
R9F8L,364,1862,1498,v032
R9F8L,364,1862,1498,v018
X898O,561,743,182,v031
X898O,427,597,170,v016
X898O,0,686,686,v026
X898O,163,304,141,v016
RQVJK,379,684,305,v004
RQVJK,0,199,199,v020
RQVJK,110,735,625,v022
RQVJK,0,199,199,v018
RQVJK,153,669,516,v005
573OJ,0,741,741,v021
573OJ,0,741,741,v018
573OJ,218,362,144,v023
573OJ,638,741,103,v027
573OJ,319,619,300,v004
573OJ,0,410,410,v031
573OJ,0,741,741,v008
BHP7U,0,165,165,v004
BHP7U,0,613,613,v002
TF9NQ,0,324,324,v026
TF9NQ,0,324,324,v026
TF9NQ,249,386,137,v023
TF9NQ,280,648,368,v008
TF9NQ,348,648,300,v015
EOELV,295,633,338,v012
EOELV,0,314,314,v000
EOELV,110,297,187,v022
EOELV,535,657,122,v023
EOELV,0,285,285,v000
R3ZN9,237,376,139,v016
R3ZN9,43,189,146,v018
R3ZN9,105,324,219,v020
R3ZN9,636,763,127,v022
R3ZN9,81,739,658,v018
R3ZN9,343,456,113,v023
R3ZN9,237,364,127,v016
R3ZN9,81,321,240,v031
R3ZN9,360,458,98,v016
R3ZN9,81,763,682,v018
R3ZN9,50,379,329,v008
R3ZN9,355,724,369,v032
R3ZN9,328,720,392,v008
X4YHQ,700,1358,658,v026
X4YHQ,223,436,213,v018
X4YHQ,542,700,158,v022
X4YHQ,1000,1116,116,v001
X4YHQ,43,345,302,v008
X4YHQ,708,1005,297,v026
X4YHQ,950,1089,139,v016
X4YHQ,249,693,444,v018
MC25U,285,547,262,v012
MC25U,475,600,125,v017
F7OOB,456,655,199,v023
F7OOB,624,759,135,v023
F7OOB,506,759,253,v031
F7OOB,624,759,135,v013
F7OOB,417,759,342,v016
F7OOB,448,759,311,v008
LFPLP,379,544,165,v001
LFPLP,0,170,170,v002
LFPLP,235,388,153,v012
T8A9E,0,742,742,v021
T8A9E,0,742,742,v010
T8A9E,0,163,163,v008
T8A9E,0,742,742,v005
T8A9E,549,715,166,v019
S2GDP,0,703,703,v014
S2GDP,583,799,216,v008
S2GDP,583,799,216,v024
S2GDP,0,700,700,v018
S2GDP,0,688,688,v018
S2GDP,676,787,111,v007
S2GDP,588,712,124,v022
S2GDP,643,772,129,v029
XAHU4,0,263,263,v008
XAHU4,0,263,263,v008
XAHU4,0,263,263,v014
6TVXT,460,691,231,v026
6TVXT,264,429,165,v022
6TVXT,0,376,376,v010
6TVXT,458,691,233,v023
6TVXT,412,691,279,v032
6TVXT,0,300,300,v021
6TVXT,499,619,120,v023
6TVXT,122,256,134,v000
6TVXT,0,199,199,v021
481PN,38,280,242,v008
481PN,136,295,159,v016
481PN,189,728,539,v008
481PN,240,728,488,v014
481PN,122,314,192,v023
UT8ZM,177,489,312,v031
UT8ZM,240,489,249,v019
509W9,0,906,906,v008
509W9,283,609,326,v021
509W9,451,595,144,v019
509W9,789,906,117,v018
509W9,55,292,237,v018
509W9,0,62,62,v022
Q0G6L,0,431,431,v031
Q0G6L,4,297,293,v028
Q0G6L,124,240,116,v025
NXC5X,0,100,100,v029
NXC5X,12,746,734,v008
NXC5X,297,513,216,v005
NXC5X,297,746,449,v008
3DO3W,336,471,135,v016
3DO3W,350,468,118,v025
3DO3W,120,432,312,v008
V7T91,549,746,197,v008
V7T91,595,729,134,v012
V7T91,0,638,638,v008
V7T91,0,585,585,v026
V7T91,561,691,130,v023
V7T91,0,590,590,v026
V7T91,580,746,166,v008
K8DDR,0,782,782,v008
K8DDR,45,148,103,v004
K8DDR,0,782,782,v008
K8DDR,684,782,98,v016
K8DDR,0,772,772,v026
K8DDR,76,271,195,v019
5US4Z,0,763,763,v009
5US4Z,0,763,763,v018
5US4Z,0,763,763,v009
5US4Z,0,763,763,v031
FP5MM,0,374,374,v008
FP5MM,362,667,305,v030
FP5MM,242,369,127,v008
FP5MM,633,727,94,v016
FP5MM,362,660,298,v030
FP5MM,7,348,341,v030
FP5MM,376,640,264,v030
RTXE6,0,399,399,v008
RTXE6,0,399,399,v008
RTXE6,240,396,156,v009
RTXE6,0,136,136,v019
RTXE6,0,399,399,v008
RTXE6,0,399,399,v014
7CCM1,132,307,175,v016
7CCM1,151,326,175,v016
7CCM1,216,372,156,v018
7CCM1,64,422,358,v023
5JSGK,26,184,158,v008
5JSGK,0,156,156,v018
5JSGK,516,645,129,v022
5JSGK,91,232,141,v012
5JSGK,141,316,175,v031
5JSGK,549,676,127,v027
5JSGK,295,604,309,v032
5JSGK,74,648,574,v008
5JSGK,48,187,139,v023
5JSGK,230,405,175,v016
5JSGK,220,333,113,v023
5JSGK,237,369,132,v016
TZR9Q,0,252,252,v014
TZR9Q,297,418,121,v009
TZR9Q,0,418,418,v008
TZR9Q,189,418,229,v008
UDF8X,230,408,178,v012
UDF8X,0,749,749,v008
UDF8X,0,749,749,v024
UDF8X,444,749,305,v029
UDF8X,0,88,88,v019
9LF40,0,418,418,v018
9LF40,0,418,418,v008
9LF40,0,326,326,v025
9LF40,0,418,418,v005
VCZWV,0,532,532,v008
VCZWV,444,631,187,v020
VCZWV,0,540,540,v005
VCZWV,0,762,762,v018
VCZWV,0,762,762,v018
VCZWV,504,762,258,v008
C9VPX,180,774,594,v008
C9VPX,664,774,110,v008
C9VPX,0,194,194,v023
C9VPX,187,321,134,v023
C9VPX,98,225,127,v008
SAJ4D,0,124,124,v016
SAJ4D,0,124,124,v025
SAJ4D,0,124,124,v016
SAJ4D,0,100,100,v025
SAJ4D,40,124,84,v025
3VYGU,376,746,370,v004
3VYGU,362,746,384,v008
3VYGU,336,458,122,v023
3VYGU,0,424,424,v030
3VYGU,357,746,389,v008
94HXT,297,547,250,v019
94HXT,110,379,269,v026
94HXT,0,93,93,v023
P64DQ,0,158,158,v018
P64DQ,0,72,72,v031
06L9P,340,468,128,v016
06L9P,40,532,492,v005
06L9P,0,336,336,v004
06L9P,484,532,48,v008
06L9P,484,532,48,v016
06L9P,484,532,48,v016
06L9P,470,532,62,v029
06L9P,0,532,532,v008
06L9P,0,532,532,v008
HPAYB,124,304,180,v023
HPAYB,208,393,185,v023
HPAYB,134,319,185,v016
HPAYB,302,864,562,v030
HPAYB,691,880,189,v016
HPAYB,0,304,304,v008
HPAYB,199,890,691,v008
IQ4GU,297,444,147,v004
IQ4GU,122,760,638,v018
O9DOT,0,331,331,v014
O9DOT,312,719,407,v032
O9DOT,321,719,398,v016
O9DOT,0,388,388,v008
O9DOT,319,719,400,v008
O9DOT,307,719,412,v023
O9DOT,240,386,146,v016
UPWTC,0,470,470,v008
UPWTC,122,444,322,v021
UPWTC,355,470,115,v016
UPWTC,4,144,140,v022
UPWTC,0,108,108,v018
UPWTC,396,568,172,v023
UPWTC,283,468,185,v016
UPWTC,324,468,144,v025
UPWTC,0,141,141,v018
UPWTC,408,645,237,v003
UPWTC,705,808,103,v023
RTEWJ,0,132,132,v016
RTEWJ,0,134,134,v016
RTEWJ,52,235,183,v023
RTEWJ,0,84,84,v017
RTEWJ,194,366,172,v008
RTEWJ,0,76,76,v029
RTEWJ,67,201,134,v023
VXRPP,232,444,212,v001
VXRPP,0,741,741,v008
VXRPP,244,592,348,v001
VXRPP,204,741,537,v014
PJO9R,727,830,103,v012
PJO9R,590,799,209,v008
PJO9R,50,451,401,v026
PJO9R,710,830,120,v016
PJO9R,724,830,106,v016
7ARCD,21,102,81,v016
7ARCD,0,102,102,v008
7ARCD,9,102,93,v016
7ARCD,9,102,93,v016
CV20O,422,650,228,v008
CV20O,0,74,74,v005
CV20O,16,194,178,v012
CV20O,444,616,172,v001
CV20O,357,590,233,v023
CV20O,0,84,84,v029
CV20O,168,477,309,v026
USNP1,0,457,457,v010
USNP1,132,457,325,v008
USNP1,103,273,170,v023
USNP1,199,457,258,v014
BO62A,213,456,243,v012
BO62A,384,753,369,v008
BO62A,475,712,237,v022
BO62A,439,592,153,v016
BO62A,669,808,139,v029
WOVOX,835,1360,525,v031
WOVOX,182,441,259,v028
WOVOX,319,477,158,v016
WOVOX,285,441,156,v008
WOVOX,0,367,367,v009
WOVOX,0,96,96,v029
F800A,0,110,110,v004
F800A,0,412,412,v008
F800A,316,720,404,v026
9W681,0,305,305,v008
9W681,0,305,305,v008
9W681,184,305,121,v001
9W681,33,240,207,v012
9W681,148,305,157,v029
9W681,38,305,267,v007
AWAFY,74,261,187,v012
AWAFY,156,417,261,v026
AWAFY,403,542,139,v016
AWAFY,4,156,152,v029
AWAFY,117,352,235,v023
AWAFY,69,451,382,v008
AWAFY,79,470,391,v016
AWAFY,640,878,238,v008
AWAFY,93,578,485,v016
AWAFY,631,883,252,v023
AWAFY,93,578,485,v023
PV3KQ,369,816,447,v016
PV3KQ,300,460,160,v012
PV3KQ,369,816,447,v016
PV3KQ,100,242,142,v018
PV3KQ,139,360,221,v016
PV3KQ,64,842,778,v018
PV3KQ,108,264,156,v023
PV3KQ,151,451,300,v016
X4WWH,518,799,281,v013
X4WWH,0,400,400,v026
X4WWH,187,316,129,v012
X4WWH,304,504,200,v007
X4WWH,451,799,348,v008
X4WWH,235,372,137,v001
X4WWH,0,120,120,v012
X4WWH,451,566,115,v031
X4WWH,492,799,307,v014
X4WWH,168,391,223,v008
X4WWH,244,379,135,v001
X4WWH,0,280,280,v026
J18JX,297,494,197,v016
J18JX,2,585,583,v008
J18JX,302,494,192,v016
J18JX,0,266,266,v031
A2L8M,0,360,360,v026
A2L8M,273,408,135,v025
A2L8M,350,561,211,v008
A2L8M,0,855,855,v026
A2L8M,0,364,364,v008
A2L8M,350,561,211,v023
A2L8M,0,376,376,v016
A2L8M,352,556,204,v016
96GIQ,0,153,153,v025
96GIQ,168,667,499,v008
96GIQ,153,434,281,v012
96GIQ,451,645,194,v023
96GIQ,448,633,185,v023
3EYLH,297,506,209,v016
3EYLH,57,415,358,v004
3EYLH,312,453,141,v016
3EYLH,643,1267,624,v002
3EYLH,657,1320,663,v022
3EYLH,0,60,60,v018
3EYLH,0,62,62,v008
3EYLH,0,69,69,v023
3EYLH,696,888,192,v002
3EYLH,64,180,116,v018
3EYLH,4,175,171,v018
6KI0S,604,881,277,v008
6KI0S,0,64,64,v010
6KI0S,216,648,432,v021
6KI0S,489,708,219,v022
6KI0S,19,295,276,v028
6KI0S,0,568,568,v021
6KI0S,0,288,288,v016
6KI0S,0,72,72,v000
6KI0S,0,326,326,v018
6KI0S,501,881,380,v000
6KI0S,388,549,161,v008
6KI0S,194,648,454,v008
52QLH,175,554,379,v008
52QLH,388,549,161,v004
52QLH,88,242,154,v012
52QLH,326,734,408,v016
52QLH,0,110,110,v029
52QLH,14,136,122,v001
52QLH,429,729,300,v031
BOXK1,0,746,746,v004
BOXK1,374,746,372,v012
BOXK1,288,463,175,v023
BOXK1,280,746,466,v008
BOXK1,0,746,746,v018
57WXL,396,806,410,v008
57WXL,355,494,139,v023
57WXL,12,806,794,v008
57WXL,100,369,269,v020
57WXL,182,494,312,v021
57WXL,374,528,154,v023
57WXL,33,153,120,v023
57WXL,693,806,113,v016
UILMZ,12,374,362,v021
UILMZ,0,120,120,v023
UILMZ,24,345,321,v021
UILMZ,256,429,173,v016
UILMZ,7,403,396,v008
UILMZ,372,694,322,v008
46A6J,340,535,195,v023
46A6J,266,408,142,v007
46A6J,352,494,142,v001
46A6J,266,415,149,v012
46A6J,271,432,161,v012
46A6J,352,516,164,v001
6R7QW,0,362,362,v008
6R7QW,588,861,273,v005
6R7QW,141,280,139,v009
6R7QW,283,861,578,v008
6R7QW,369,861,492,v008
6R7QW,0,331,331,v014
6R7QW,408,556,148,v012
6R7QW,151,302,151,v019
6R7QW,288,434,146,v012
5V5EL,0,264,264,v008
5V5EL,88,264,176,v016
5V5EL,0,156,156,v013
5V5EL,177,421,244,v008
5V5EL,172,421,249,v023
CCCUJ,206,324,118,v027
CCCUJ,38,722,684,v008
CCCUJ,278,453,175,v001
CCCUJ,772,1451,679,v021
CCCUJ,235,417,182,v027
CCCUJ,590,772,182,v016
CCCUJ,648,1451,803,v008
CCCUJ,648,840,192,v023
CCCUJ,0,177,177,v022
CCCUJ,16,184,168,v029
CCCUJ,655,1451,796,v008
KQNOV,268,674,406,v026
KQNOV,595,783,188,v004
KQNOV,81,321,240,v028
KQNOV,223,357,134,v023
KQNOV,163,783,620,v008
KQNOV,386,592,206,v030
KQNOV,268,783,515,v008
0SE6A,0,523,523,v010
0SE6A,324,523,199,v001
0SE6A,192,405,213,v000
0SE6A,415,583,168,v022
0SE6A,0,518,518,v008
0SE6A,314,523,209,v008
40DSU,196,362,166,v004
40DSU,36,187,151,v008
40DSU,0,117,117,v012
40DSU,38,175,137,v029
HD38O,225,386,161,v005
HD38O,220,669,449,v005
HD38O,700,827,127,v022
HD38O,0,280,280,v014
HD38O,0,780,780,v018
HD38O,408,549,141,v008
HD38O,648,768,120,v005
HD38O,0,400,400,v008
HD38O,693,818,125,v016
HD38O,477,628,151,v015
HD38O,220,379,159,v023
HD38O,220,379,159,v008
HD38O,693,825,132,v016
HD38O,259,367,108,v016
HD38O,357,796,439,v008
HD38O,283,417,134,v016
HD38O,225,340,115,v023
HD38O,643,780,137,v004
HD38O,328,544,216,v023
HD38O,261,403,142,v016
FIZXP,280,506,226,v030
FIZXP,0,271,271,v008
FIZXP,273,506,233,v026
FIZXP,278,506,228,v030
FIZXP,117,268,151,v023
FIZXP,266,506,240,v008
FIZXP,408,506,98,v016
FIZXP,223,352,129,v016
FIZXP,0,242,242,v015
FIZXP,189,369,180,v023
FIZXP,0,302,302,v008
BLIW5,0,787,787,v026
BLIW5,0,67,67,v023
BLIW5,184,292,108,v016
BLIW5,547,787,240,v008
BLIW5,0,292,292,v008
JPVSV,386,542,156,v029
JPVSV,115,499,384,v009
JPVSV,499,633,134,v016
JPVSV,499,619,120,v008
JPVSV,499,728,229,v026
JPVSV,458,619,161,v023
BVCCX,105,436,331,v008
BVCCX,0,81,81,v031
BVCCX,26,189,163,v012
BVCCX,0,148,148,v014
BVCCX,33,235,202,v023
BVCCX,108,748,640,v032
BVCCX,0,748,748,v018
2Z8HO,175,376,201,v016
2Z8HO,271,739,468,v008
2Z8HO,266,739,473,v014
2Z8HO,266,415,149,v023
2Z8HO,0,307,307,v008
2Z8HO,194,376,182,v025
2Z8HO,0,96,96,v029
SC3ZS,0,746,746,v008
SC3ZS,0,746,746,v014
SC3ZS,0,746,746,v010
15OH5,559,876,317,v030
15OH5,151,900,749,v008
15OH5,559,900,341,v030
9KXJ1,0,741,741,v008
9KXJ1,12,482,470,v020
5AFC1,571,799,228,v005
5AFC1,518,662,144,v023
5AFC1,571,799,228,v005
5AFC1,518,662,144,v023
5AFC1,518,799,281,v008
5AFC1,0,470,470,v031
5AFC1,552,799,247,v008
VYD9P,9,732,723,v031
VYD9P,0,384,384,v004
VYD9P,348,472,124,v016
VYD9P,355,468,113,v016
VYD9P,0,732,732,v031
W9HYI,201,343,142,v023
W9HYI,0,757,757,v008
W9HYI,117,492,375,v005
W9HYI,50,480,430,v008
UPXBJ,144,357,213,v012
UPXBJ,0,189,189,v020
UPXBJ,369,812,443,v008
UPXBJ,374,812,438,v016
UPXBJ,374,812,438,v023
UPXBJ,580,812,232,v026
UPXBJ,585,812,227,v032
GC9I8,146,499,353,v016
GC9I8,158,489,331,v016
GC9I8,136,283,147,v023
GC9I8,151,280,129,v016
T1OQ2,117,528,411,v004
T1OQ2,424,530,106,v016
T1OQ2,0,163,163,v019
5DEHA,86,362,276,v000
5DEHA,180,328,148,v020
5DEHA,247,587,340,v018
5DEHA,36,350,314,v010
ZOTR8,0,127,127,v008
ZOTR8,160,360,200,v016
ZOTR8,295,489,194,v008
ZOTR8,244,448,204,v023
ZOTR8,278,477,199,v009
ZOTR8,343,758,415,v019
L9ANI,96,252,156,v008
L9ANI,175,309,134,v023
L9ANI,352,494,142,v030
L9ANI,0,98,98,v029
L9ANI,0,259,259,v016
L9ANI,156,758,602,v008
L9ANI,153,758,605,v026
L9ANI,333,758,425,v030
L9ANI,0,400,400,v016
5LE93,9,136,127,v008
5LE93,28,206,178,v004
5LE93,180,321,141,v019
Z5THW,703,812,109,v016
Z5THW,463,710,247,v020
Z5THW,0,768,768,v029
Z5THW,0,812,812,v008
ZPAM8,211,333,122,v016
ZPAM8,211,362,151,v018
ZPAM8,273,434,161,v004
ZPAM8,175,636,461,v008
ZPAM8,225,1434,1209,v018
ZPAM8,280,1434,1154,v004
ZPAM8,0,340,340,v016
ZPAM8,0,1434,1434,v008
ZPAM8,182,333,151,v018
ZPAM8,237,751,514,v018
ZPAM8,211,348,137,v016
ZPAM8,24,199,175,v029
U44OC,583,742,159,v008
U44OC,645,742,97,v014
U44OC,264,436,172,v020
U44OC,568,705,137,v023
D9YWY,410,588,178,v008
D9YWY,429,1032,603,v008
D9YWY,508,1156,648,v016
D9YWY,355,1156,801,v023
D9YWY,0,1237,1237,v016
D9YWY,355,1156,801,v008
D9YWY,477,1020,543,v023
D9YWY,904,1046,142,v016
CMFMH,0,192,192,v005
CMFMH,0,208,208,v008
CMFMH,417,762,345,v006
CMFMH,0,192,192,v005
CMFMH,43,762,719,v019
2Q5Y2,93,360,267,v016
2Q5Y2,0,103,103,v007
2Q5Y2,0,74,74,v012
2Q5Y2,0,350,350,v008
2Q5Y2,21,182,161,v029
2Q5Y2,0,105,105,v001
91VUF,0,712,712,v024
91VUF,0,712,712,v008
FB7MZ,554,738,184,v012
FB7MZ,0,273,273,v012
FB7MZ,571,720,149,v016
FB7MZ,206,715,509,v008
FB7MZ,40,307,267,v012
FB7MZ,124,295,171,v029
FB7MZ,343,441,98,v019
2S6V7,842,960,118,v012
2S6V7,540,722,182,v023
2S6V7,424,636,212,v009
2S6V7,424,636,212,v019
2S6V7,585,979,394,v008
2S6V7,888,1004,116,v016
2S6V7,856,974,118,v022
2S6V7,0,84,84,v018
2S6V7,0,952,952,v018
2S6V7,712,960,248,v031
F8JAV,0,610,610,v018
F8JAV,24,552,528,v020
F8JAV,0,610,610,v008
F8JAV,0,610,610,v008
3AU5K,0,736,736,v004
3AU5K,0,736,736,v014
3AU5K,0,736,736,v018
3AU5K,146,283,137,v023
3AU5K,0,736,736,v032
3AU5K,172,736,564,v008
02CYP,81,254,173,v016
02CYP,0,127,127,v004
02CYP,163,763,600,v022
02CYP,132,259,127,v008
02CYP,338,525,187,v022
02CYP,2,764,762,v031
02CYP,0,456,456,v018
02CYP,0,336,336,v023
02CYP,0,376,376,v018
02CYP,0,338,338,v016
02CYP,237,764,527,v008
PIJCA,0,696,696,v008
PIJCA,170,436,266,v028
PIJCA,0,93,93,v023
PIJCA,292,434,142,v025
PIJCA,0,264,264,v014
PIJCA,4,264,260,v013
PIJCA,319,444,125,v025
PIJCA,266,429,163,v008
HJOJ0,100,727,627,v031
HJOJ0,98,727,629,v018
HJOJ0,60,727,667,v008
HJOJ0,9,168,159,v017
HJOJ0,64,196,132,v018
HJOJ0,91,727,636,v018
HJOJ0,43,727,684,v008
HY45L,604,760,156,v008
HY45L,0,482,482,v031
HY45L,468,760,292,v022
HY45L,585,751,166,v023
HY45L,648,760,112,v014
HY45L,0,602,602,v008
6C2DJ,163,302,139,v016
6C2DJ,410,621,211,v016
6C2DJ,585,704,119,v023
6C2DJ,350,487,137,v018
6C2DJ,96,362,266,v008
6C2DJ,19,216,197,v022
6C2DJ,0,704,704,v031
6C2DJ,21,448,427,v018
KXIMH,0,720,720,v018
KXIMH,43,192,149,v012
KXIMH,55,720,665,v023
KXIMH,0,737,737,v018
KXIMH,247,737,490,v016
BI31D,199,419,220,v018
BI31D,177,321,144,v018
BI31D,340,419,79,v022
BI31D,33,228,195,v008
BI31D,124,242,118,v016
BI31D,28,160,132,v029
1UPHI,48,606,558,v008
1UPHI,0,112,112,v029
LEOL6,2,105,103,v016
LEOL6,192,151,-41,v008
LEOL6,192,151,-41,v008
LEOL6,31,151,120,v026
LEOL6,2,105,103,v016
EE502,96,195,99,v016
EE502,91,195,104,v031
EE502,0,117,117,v028
EE502,67,180,113,v022
EE502,9,141,132,v019
EE502,9,129,120,v031
EE502,9,129,120,v019
EE502,43,195,152,v016
EE502,38,168,130,v023
EE502,0,117,117,v023
EE502,0,141,141,v009
EE502,67,195,128,v026
KQL1P,0,756,756,v005
KQL1P,0,513,513,v008
KQL1P,0,756,756,v014
KQL1P,0,756,756,v005
KQL1P,0,756,756,v008
KQL1P,667,756,89,v001
KQL1P,333,496,163,v016
KQL1P,352,482,130,v016
KQL1P,0,516,516,v008
KQL1P,0,756,756,v012
44Q8A,0,693,693,v018
44Q8A,501,755,254,v016
44Q8A,501,755,254,v025
44Q8A,0,739,739,v018
44Q8A,552,667,115,v008
44Q8A,530,652,122,v023
44Q8A,460,609,149,v000
44Q8A,597,755,158,v022
44Q8A,451,628,177,v031
2M2O6,151,314,163,v004
2M2O6,55,168,113,v001
2M2O6,0,84,84,v012
2M2O6,134,713,579,v014
2M2O6,379,564,185,v004
2M2O6,0,713,713,v016
2M2O6,0,713,713,v008
3731F,0,379,379,v031
3731F,626,753,127,v001
3731F,417,566,149,v012
3731F,290,424,134,v022
3731F,0,400,400,v018
3731F,357,753,396,v023
3731F,660,753,93,v004
3731F,357,753,396,v008
3731F,374,552,178,v008
3731F,508,664,156,v015
3731F,0,374,374,v019
3731F,614,753,139,v001
3731F,0,384,384,v014
3731F,369,753,384,v016
3731F,374,525,151,v012
0MDYC,206,619,413,v008
0MDYC,439,595,156,v016
0MDYC,163,309,146,v016
0MDYC,50,280,230,v026
0MDYC,26,609,583,v008
Y9930,376,503,127,v025
Y9930,242,458,216,v012
Y9930,352,503,151,v029
Y9930,24,503,479,v016
Y9930,24,503,479,v008
5XAFE,60,218,158,v008
5XAFE,110,499,389,v016
5XAFE,177,628,451,v023
5XAFE,0,96,96,v025
5XAFE,643,740,97,v029
5XAFE,0,588,588,v030
5XAFE,513,740,227,v008
KN97F,0,804,804,v032
KN97F,0,804,804,v010
VPI6D,0,117,117,v012
VPI6D,168,307,139,v023
VPI6D,0,105,105,v007
VPI6D,180,731,551,v008
4LUQL,0,779,779,v008
4LUQL,288,779,491,v008
4LUQL,0,779,779,v026
4LUQL,288,779,491,v008
R5MFX,206,345,139,v016
R5MFX,312,643,331,v009
R5MFX,0,643,643,v018
R5MFX,0,343,343,v008
R5MFX,196,345,149,v016
R5MFX,0,643,643,v032
R5MFX,0,643,643,v018
R5MFX,350,643,293,v019
194WK,0,292,292,v008
194WK,218,506,288,v008
194WK,60,259,199,v009
194WK,158,300,142,v016
194WK,218,328,110,v019
194WK,271,448,177,v020
194WK,0,259,259,v031
194WK,0,581,581,v018
194WK,0,581,581,v018
194WK,93,254,161,v019
194WK,117,244,127,v001
194WK,451,581,130,v022
194WK,228,465,237,v031
TIEA9,0,739,739,v018
TIEA9,0,88,88,v019
TIEA9,309,484,175,v023
TIEA9,132,295,163,v009
TIEA9,376,739,363,v008
TIEA9,156,739,583,v031
C4SXE,146,232,86,v027
C4SXE,0,232,232,v018
ESTFR,436,862,426,v031
ESTFR,189,458,269,v028
ESTFR,0,862,862,v018
ESTFR,525,830,305,v008
ESTFR,232,405,173,v008
SA7GL,211,470,259,v026
SA7GL,266,475,209,v023
SA7GL,182,408,226,v001
SA7GL,0,163,163,v014
SA7GL,292,516,224,v025
SA7GL,0,741,741,v018
SA7GL,338,523,185,v008
SA7GL,0,408,408,v031
DSAF3,292,681,389,v026
DSAF3,307,684,377,v008
DSAF3,302,731,429,v016
DSAF3,33,158,125,v020
DSAF3,288,688,400,v016
DSAF3,278,703,425,v026
DSAF3,0,129,129,v029
FQGQS,112,285,173,v020
FQGQS,0,103,103,v012
FQGQS,7,144,137,v016
FQGQS,16,127,111,v025
FQGQS,0,120,120,v008
FQGQS,48,187,139,v001
LTC5Y,470,626,156,v018
LTC5Y,38,240,202,v008
LTC5Y,12,211,199,v023
LTC5Y,458,755,297,v031
LTC5Y,26,259,233,v016
LTC5Y,451,755,304,v018
LTC5Y,504,755,251,v018
LTC5Y,12,460,448,v026
LTC5Y,427,755,328,v008
LTC5Y,470,755,285,v008
LTC5Y,432,559,127,v023
LTC5Y,453,573,120,v023
897OI,460,744,284,v004
897OI,122,400,278,v008
897OI,309,554,245,v015
897OI,0,117,117,v009
CM9GX,0,753,753,v032
CM9GX,0,753,753,v018
CM9GX,4,688,684,v005
CM9GX,0,753,753,v008
CM9GX,0,688,688,v005
CM9GX,0,753,753,v018
CM9GX,0,753,753,v032
CM9GX,0,753,753,v008
CM9GX,0,753,753,v018
FZ6AD,364,706,342,v008
FZ6AD,417,706,289,v016
FZ6AD,415,706,291,v025
FZ6AD,0,453,453,v008
FZ6AD,321,468,147,v016
2O6RB,355,816,461,v002
2O6RB,52,319,267,v012
2O6RB,285,876,591,v008
2O6RB,496,624,128,v004
2O6RB,57,196,139,v012
2O6RB,676,794,118,v016
2O6RB,297,434,137,v023
EHAS4,67,1369,1302,v019
EHAS4,0,1369,1369,v010
EHAS4,48,158,110,v008
QHM66,0,141,141,v016
QHM66,314,506,192,v001
QHM66,201,369,168,v012
QHM66,228,424,196,v023
QHM66,415,619,204,v012
QHM66,278,482,204,v008
QHM66,180,417,237,v023
QHM66,278,552,274,v008
QHM66,628,777,149,v016
QHM66,448,576,128,v023
QHM66,0,256,256,v026
QHM66,172,777,605,v016
XLH1M,542,674,132,v008
XLH1M,566,674,108,v023
XLH1M,0,352,352,v002
XLH1M,549,674,125,v008
XLH1M,600,674,74,v016
GQ4ML,156,458,302,v016
GQ4ML,148,583,435,v026
GQ4ML,376,590,214,v016
GQ4ML,103,475,372,v026
GQ4ML,0,208,208,v008
K9MPN,180,324,144,v001
K9MPN,57,264,207,v012
K9MPN,316,443,127,v016
K9MPN,26,165,139,v007
K9MPN,0,443,443,v023
K9MPN,0,148,148,v017
K9MPN,0,443,443,v008
K9MPN,0,410,410,v021
DHFA6,655,912,257,v021
DHFA6,499,940,441,v018
DHFA6,355,590,235,v008
DHFA6,112,528,416,v008
DHFA6,480,600,120,v018
DHFA6,4,470,466,v008
DHFA6,360,542,182,v016
BOC1T,345,542,197,v022
BOC1T,0,441,441,v018
EIKUN,132,280,148,v016
EIKUN,120,273,153,v016
EIKUN,0,731,731,v016
EIKUN,0,487,487,v008
EIKUN,324,731,407,v016
EIKUN,343,731,388,v023
Z60TB,0,345,345,v014
Z60TB,127,259,132,v020
Z60TB,0,345,345,v008
Z60TB,0,345,345,v022
6J00B,427,571,144,v015
6J00B,595,774,179,v005
6J00B,0,420,420,v023
6J00B,537,774,237,v005
6J00B,540,774,234,v023
6J00B,602,774,172,v008
6J00B,544,679,135,v023
6J00B,0,393,393,v008
6J00B,247,393,146,v016
P1EK9,182,321,139,v023
P1EK9,499,622,123,v025
P1EK9,0,117,117,v012
P1EK9,232,588,356,v030
P1EK9,499,622,123,v025
P1EK9,182,622,440,v008
P1EK9,139,268,129,v012
P1EK9,180,312,132,v023
P1EK9,175,319,144,v023
P1EK9,21,213,192,v001
P1EK9,532,622,90,v025
7K7Z6,0,576,576,v006
7K7Z6,0,747,747,v008
7K7Z6,141,747,606,v004
7K7Z6,0,559,559,v008
7K7Z6,698,747,49,v022
5YAN1,655,769,114,v008
5YAN1,631,769,138,v026
AC3T4,530,650,120,v001
AC3T4,0,939,939,v008
AC3T4,220,355,135,v012
AC3T4,235,410,175,v031
WXC7V,1382,1747,365,v016
WXC7V,868,1538,670,v008
WXC7V,780,1792,1012,v023
WXC7V,0,1824,1824,v008
WXC7V,0,1764,1764,v008
WXC7V,0,1764,1764,v016
WXC7V,628,964,336,v005
WXC7V,1080,1327,247,v023
WXC7V,1531,1658,127,v016
5W0OC,0,738,738,v018
5W0OC,264,360,96,v016
5W0OC,288,738,450,v026
5W0OC,0,738,738,v026
5W0OC,0,376,376,v008
GRBUE,168,338,170,v001
GRBUE,0,432,432,v018
GRBUE,336,453,117,v027
GRBUE,98,223,125,v028
GRBUE,134,252,118,v025
GRBUE,132,252,120,v016
GRBUE,132,247,115,v025
X9R37,7,136,129,v001
X9R37,103,225,122,v027
X9R37,0,110,110,v007
DICXG,0,283,283,v008
DICXG,429,614,185,v031
DICXG,0,744,744,v008
DICXG,0,134,134,v001
DICXG,0,86,86,v029
DICXG,0,69,69,v012
DICXG,153,331,178,v016
3ZC4Y,412,597,185,v001
3ZC4Y,0,630,630,v002
3ZC4Y,362,520,158,v012
3ZC4Y,554,630,76,v008
3ZC4Y,0,405,405,v008
3ZC4Y,451,571,120,v025
452FV,0,144,144,v016
452FV,177,300,123,v008
452FV,0,144,144,v016
452FV,0,132,132,v016
8LPZ0,727,901,174,v010
8LPZ0,456,619,163,v022
8LPZ0,122,525,403,v031
8LPZ0,568,828,260,v023
8LPZ0,0,612,612,v018
8LPZ0,722,901,179,v016
8LPZ0,592,880,288,v008
2S0PU,124,225,101,v016
2S0PU,0,382,382,v018
2S0PU,0,382,382,v032
NOFSE,487,640,153,v021
NOFSE,472,640,168,v021
NOFSE,38,199,161,v004
NOFSE,249,396,147,v001
NOFSE,112,393,281,v023
NOFSE,112,393,281,v023
NOFSE,192,530,338,v008
NOFSE,192,612,420,v008
NOFSE,192,288,96,v023
NOFSE,192,288,96,v023
NOFSE,12,144,132,v012
NOFSE,410,640,230,v010
NOFSE,170,324,154,v016
V4CCY,122,266,144,v023
V4CCY,52,170,118,v023
V4CCY,153,304,151,v009
V4CCY,153,304,151,v019
V4CCY,48,304,256,v008
FEWUR,513,738,225,v028
FEWUR,508,738,230,v025
FEWUR,0,508,508,v014
FEWUR,386,547,161,v022
2O2LG,0,103,103,v004
2O2LG,0,721,721,v008
2O2LG,0,721,721,v008
2O2LG,0,721,721,v031
0RI7C,172,751,579,v006
0RI7C,60,180,120,v001
0RI7C,0,208,208,v008
0RI7C,0,168,168,v031
0RI7C,103,228,125,v016
0RI7C,516,662,146,v008
45P7D,314,453,139,v001
45P7D,0,412,412,v014
45P7D,0,490,490,v018
45P7D,369,490,121,v008
45P7D,417,490,73,v016
45P7D,0,398,398,v032
B71ZJ,136,628,492,v018
B71ZJ,158,367,209,v012
B71ZJ,312,460,148,v023
B71ZJ,88,254,166,v018
B71ZJ,148,340,192,v008
B71ZJ,247,360,113,v023
B71ZJ,254,408,154,v003
B71ZJ,96,196,100,v016
B71ZJ,319,460,141,v023
B71ZJ,343,480,137,v003
5T9CK,0,453,453,v008
5T9CK,571,843,272,v003
5T9CK,0,444,444,v026
5T9CK,364,643,279,v004
5T9CK,580,823,243,v008
0NCWX,0,132,132,v012
0NCWX,266,717,451,v004
0NCWX,55,757,702,v023
0NCWX,45,184,139,v023
0NCWX,55,757,702,v008
0NCWX,0,134,134,v012
ZJG67,0,513,513,v032
ZJG67,441,895,454,v031
ZJG67,0,513,513,v018
ZJG67,0,511,511,v031
Z97SD,0,379,379,v014
Z97SD,261,400,139,v022
Z97SD,434,578,144,v012
Z97SD,0,381,381,v018
Z97SD,602,736,134,v001
Z97SD,657,743,86,v005
Z97SD,364,482,118,v029
Z97SD,583,743,160,v008
Z97SD,0,400,400,v032
Z97SD,427,743,316,v023
P36OC,0,168,168,v008
P36OC,79,168,89,v020
P36OC,0,168,168,v023
RHWU6,434,666,232,v008
RHWU6,0,666,666,v008
RHWU6,0,666,666,v024
RHWU6,0,666,666,v009
TD2DR,192,412,220,v008
TD2DR,177,343,166,v023
TD2DR,0,302,302,v018
TD2DR,309,604,295,v013
TD2DR,206,728,522,v014
21MI8,184,321,137,v016
21MI8,93,242,149,v012
21MI8,110,751,641,v032
21MI8,117,751,634,v014
21MI8,0,156,156,v004
21MI8,196,314,118,v016
9OP4S,340,861,521,v008
9OP4S,288,436,148,v023
9OP4S,50,290,240,v031
9OP4S,415,861,446,v016
9OP4S,0,285,285,v008
9OP4S,417,861,444,v022
9OP4S,26,230,204,v019
9OP4S,216,372,156,v016
9OP4S,0,510,510,v018
O03Y4,276,376,100,v016
O03Y4,0,376,376,v008
O03Y4,0,376,376,v022
O03Y4,0,376,376,v008
O03Y4,300,376,76,v016
DNZD8,0,163,163,v004
DNZD8,84,319,235,v008
DNZD8,0,655,655,v008
DNZD8,326,504,178,v016
DNZD8,326,504,178,v016
DNZD8,326,436,110,v029
DNZD8,511,655,144,v031
5657O,386,744,358,v022
5657O,153,331,178,v016
5657O,0,321,321,v028
5657O,501,744,243,v013
5657O,0,744,744,v008
5657O,244,436,192,v028
5657O,501,744,243,v014
FLM1T,0,117,117,v008
FLM1T,400,728,328,v031
FLM1T,403,728,325,v014
FLM1T,0,728,728,v018
FLM1T,280,728,448,v008
FLM1T,340,482,142,v023
FLM1T,396,552,156,v005
FLM1T,357,492,135,v012
V6IIE,496,724,228,v018
V6IIE,0,506,506,v028
V6IIE,0,336,336,v019
V6IIE,0,568,568,v018
V6IIE,352,520,168,v028
V6IIE,372,724,352,v008
SQUX3,81,439,358,v021
SQUX3,852,1167,315,v026
SQUX3,823,960,137,v022
SQUX3,0,520,520,v010
SQUX3,441,919,478,v003
SQUX3,400,928,528,v018
SQUX3,873,1167,294,v026
SQUX3,873,1167,294,v008
CWM1T,172,324,152,v012
CWM1T,0,271,271,v002
CWM1T,199,372,173,v001
QEY8N,429,585,156,v018
QEY8N,343,688,345,v008
QEY8N,9,196,187,v008
QEY8N,444,688,244,v005
QEY8N,460,688,228,v005
QEY8N,40,444,404,v026
QEY8N,108,254,146,v016
QEY8N,9,160,151,v017
QEY8N,62,247,185,v029
QEY8N,127,537,410,v016
QEY8N,441,688,247,v008
QEY8N,93,561,468,v023
QEY8N,100,405,305,v026
QEY8N,393,540,147,v018
UCC1O,28,153,125,v012
UCC1O,31,148,117,v007
UCC1O,57,180,123,v025
UCC1O,64,235,171,v001
UCC1O,33,177,144,v016
UCC1O,28,172,144,v012
VXF18,847,1048,201,v004
VXF18,0,199,199,v008
VXF18,208,360,152,v005
VXF18,981,1104,123,v022
VXF18,52,177,125,v018
VXF18,81,266,185,v016
VXF18,81,312,231,v016
VXF18,36,182,146,v018
XIUJE,333,777,444,v016
XIUJE,43,343,300,v028
XIUJE,216,338,122,v025
XIUJE,38,259,221,v031
BMYMI,93,285,192,v016
BMYMI,62,184,122,v001
BMYMI,0,91,91,v012
BMYMI,84,218,134,v016
BMYMI,28,177,149,v008
X7M2C,0,737,737,v008
X7M2C,0,737,737,v008
X7M2C,0,737,737,v009
X7M2C,0,737,737,v019
4UT8K,523,865,342,v013
4UT8K,441,645,204,v008
4UT8K,420,588,168,v023
4UT8K,816,865,49,v029
4UT8K,816,865,49,v016
4UT8K,91,372,281,v026
4UT8K,384,506,122,v016
4UT8K,91,199,108,v023
HBUJ2,31,168,137,v025
HBUJ2,0,217,217,v024
HBUJ2,0,153,153,v008
HBUJ2,0,153,153,v025
HBUJ2,0,153,153,v008
1OF1O,4,129,125,v027
1OF1O,472,715,243,v016
1OF1O,472,813,341,v025
1OF1O,0,136,136,v029
1OF1O,472,794,322,v008
1OF1O,472,794,322,v023
9KYMU,225,657,432,v008
9KYMU,0,316,316,v017
9KYMU,405,573,168,v012
9KYMU,489,636,147,v023
UJT87,172,760,588,v008
UJT87,21,760,739,v008
UJT87,276,504,228,v019
6U082,0,568,568,v008
6U082,465,574,109,v017
6U082,0,124,124,v026
6U082,345,484,139,v023
MR3ON,0,381,381,v010
MR3ON,0,381,381,v006
MR3ON,0,381,381,v018
OZSB3,446,743,297,v008
OZSB3,446,667,221,v023
OZSB3,456,652,196,v008
OZSB3,494,612,118,v012
OZSB3,0,743,743,v018
OZSB3,0,496,496,v031
OZSB3,0,743,743,v018
OUH2U,199,400,201,v001
OUH2U,62,290,228,v008
OUH2U,124,448,324,v008
OUH2U,79,278,199,v029
82R7V,638,741,103,v008
82R7V,0,151,151,v019
82R7V,168,369,201,v004
82R7V,319,741,422,v018
82R7V,67,196,129,v023
82R7V,40,638,598,v023
82R7V,0,741,741,v023
82R7V,40,638,598,v008
82R7V,40,638,598,v008
MOQIU,324,480,156,v023
MOQIU,403,688,285,v024
MOQIU,0,496,496,v009
MOQIU,0,504,504,v031
MOQIU,117,453,336,v009
MOQIU,0,561,561,v018
MOQIU,0,417,417,v031
MOQIU,364,484,120,v022
MOQIU,0,472,472,v018
MOQIU,518,638,120,v029
JJZ1X,38,795,757,v008
JJZ1X,0,795,795,v005
JJZ1X,0,139,139,v008
JJZ1X,0,795,795,v018
XAW3U,40,177,137,v012
XAW3U,79,204,125,v031
XAW3U,0,76,76,v005
XAW3U,0,86,86,v008
38QA4,0,307,307,v028
38QA4,446,712,266,v023
38QA4,458,712,254,v008
38QA4,520,712,192,v008
38QA4,561,712,151,v029
38QA4,129,506,377,v023
38QA4,429,712,283,v008
WJL39,528,700,172,v012
WJL39,182,364,182,v031
WJL39,0,264,264,v003
FPWD0,2,187,185,v012
FPWD0,216,734,518,v018
FPWD0,312,734,422,v018
FPWD0,201,331,130,v001
FPWD0,374,511,137,v001
FPWD0,0,96,96,v029
FPWD0,403,559,156,v016
L1O0N,67,220,153,v008
L1O0N,151,281,130,v004
L1O0N,144,281,137,v008
L1O0N,0,141,141,v028
L1O0N,139,244,105,v023
L1O0N,127,249,122,v016
L1O0N,57,172,115,v023
OTLX9,168,749,581,v014
OTLX9,160,749,589,v032
OTLX9,0,749,749,v032
OTLX9,0,249,249,v003
OTLX9,0,749,749,v018
OTLX9,151,564,413,v031
OTLX9,528,643,115,v023
OTLX9,566,688,122,v004
OTLX9,612,734,122,v016
B4F0T,0,809,809,v008
B4F0T,408,578,170,v018
B4F0T,16,261,245,v008
B4F0T,69,415,346,v005
B4F0T,530,751,221,v022
B4F0T,448,686,238,v018
B4F0T,177,372,195,v004
B4F0T,0,796,796,v008
0L0KS,0,146,146,v008
0L0KS,230,475,245,v023
0L0KS,393,754,361,v024
0L0KS,367,754,387,v022
0L0KS,0,386,386,v018
F7AIA,64,445,381,v005
F7AIA,81,445,364,v005
F7AIA,0,445,445,v019
F7AIA,0,445,445,v018
F7AIA,2,445,443,v018
F7AIA,86,192,106,v019
F7AIA,0,88,88,v008
F7AIA,0,69,69,v009
B6LRC,439,743,304,v008
B6LRC,424,568,144,v023
B6LRC,499,720,221,v020
B6LRC,278,499,221,v026
LD011,724,853,129,v023
LD011,724,853,129,v023
LD011,0,727,727,v003
WPFKR,43,172,129,v028
WPFKR,367,520,153,v019
WPFKR,444,604,160,v012
WPFKR,444,657,213,v012
WO0OM,57,417,360,v009
WO0OM,463,756,293,v005
WO0OM,0,528,528,v008
WO0OM,444,585,141,v016
WO0OM,0,528,528,v014
WO0OM,0,756,756,v008
1AA6Z,290,485,195,v008
1AA6Z,196,391,195,v023
1AA6Z,0,184,184,v028
1AA6Z,333,463,130,v005
1AA6Z,436,485,49,v023
1AA6Z,199,384,185,v023
1AA6Z,307,424,117,v008
1AA6Z,110,237,127,v008
1AA6Z,136,259,123,v016
LV24Z,367,621,254,v008
LV24Z,384,644,260,v023
LV24Z,0,129,129,v020
8U3SS,0,595,595,v008
8U3SS,50,530,480,v019
8U3SS,93,472,379,v009
8U3SS,0,693,693,v008
7K2CS,422,723,301,v005
7K2CS,422,723,301,v008
7K2CS,0,134,134,v020
7K2CS,139,460,321,v028
7K2CS,0,134,134,v029
7K2CS,79,213,134,v007
7K2CS,429,723,294,v005
S2A89,96,259,163,v001
S2A89,105,261,156,v007
S2A89,307,464,157,v018
S2A89,36,175,139,v029
01O27,122,276,154,v001
01O27,12,158,146,v012
01O27,936,1107,171,v010
01O27,715,904,189,v031
2MJ72,264,408,144,v001
2MJ72,496,727,231,v026
2MJ72,14,201,187,v031
2MJ72,537,727,190,v008
PG1ID,0,771,771,v008
PG1ID,0,771,771,v031
PG1ID,0,771,771,v014
PG1ID,468,633,165,v023
PG1ID,492,734,242,v018
PG1ID,460,771,311,v008