ZFZEN,276,446,170,v023
ZFZEN,0,96,96,v000
ZFZEN,0,139,139,v016
ZFZEN,57,192,135,v022
ZFZEN,249,398,149,v012
ZFZEN,880,1024,144,v006
ZFZEN,837,988,151,v031
ZFZEN,367,499,132,v001
ZFZEN,292,420,128,v012
ZFZEN,950,1060,110,v007
ZFZEN,986,1060,74,v001
N8SO1,7,350,343,v003
N8SO1,456,694,238,v029
2H9YB,499,619,120,v029
2H9YB,400,518,118,v027
2H9YB,679,799,120,v001
2H9YB,645,758,113,v012
2H9YB,48,547,499,v006
YV0ZX,0,918,918,v018
YV0ZX,266,458,192,v012
YV0ZX,0,918,918,v018
YV0ZX,218,355,137,v016
YV0ZX,218,355,137,v016
YV0ZX,439,918,479,v008
YV0ZX,0,319,319,v014
17DOT,0,386,386,v018
17DOT,256,527,271,v023
17DOT,326,527,201,v022
17DOT,386,527,141,v029
17DOT,235,506,271,v008
17DOT,0,412,412,v018
5HGHH,4,316,312,v008
5HGHH,208,405,197,v016
5HGHH,216,362,146,v016
5HGHH,156,271,115,v012
5HGHH,278,417,139,v001
EBOJG,26,336,310,v031
EBOJG,314,571,257,v020
EBOJG,384,571,187,v018
EBOJG,400,1067,667,v018
2RTH2,0,386,386,v026
2RTH2,300,578,278,v004
2RTH2,650,750,100,v027
2RTH2,278,408,130,v016
2RTH2,0,386,386,v026
2RTH2,552,698,146,v016
2RTH2,290,422,132,v023
2RTH2,585,712,127,v022
6ZSB2,55,475,420,v008
6ZSB2,0,115,115,v017
6ZSB2,40,475,435,v008
6ZSB2,0,103,103,v029
6ZSB2,14,172,158,v012
2PMYI,369,778,409,v026
2PMYI,408,732,324,v029
2PMYI,60,237,177,v000
2PMYI,120,292,172,v019
2PMYI,208,403,195,v022
2PMYI,446,778,332,v026
2PMYI,379,554,175,v023
2PMYI,396,778,382,v008
SCOML,453,631,178,v023
SCOML,0,556,556,v003
SCOML,460,616,156,v016
SCOML,463,604,141,v008
SCOML,482,628,146,v025
SCOML,0,91,91,v008
O07KU,55,312,257,v030
O07KU,52,312,260,v030
O07KU,345,492,147,v016
O07KU,360,484,124,v016
HNPC8,235,602,367,v002
HNPC8,144,264,120,v022
HNPC8,0,264,264,v026
HNPC8,0,240,240,v008
HNPC8,0,74,74,v012
HNPC8,0,170,170,v016
HNPC8,139,285,146,v001
HNPC8,0,180,180,v016
2DPEC,0,736,736,v018
2DPEC,242,578,336,v015
2DPEC,530,736,206,v031
2DPEC,571,736,165,v004
2DPEC,0,736,736,v018
PQZBX,0,302,302,v023
PQZBX,0,388,388,v008
PQZBX,297,412,115,v016
URWX9,530,744,214,v023
URWX9,168,460,292,v018
URWX9,348,547,199,v031
URWX9,141,441,300,v016
URWX9,0,415,415,v008
URWX9,247,755,508,v018
004QE,340,540,200,v004
004QE,0,735,735,v008
004QE,0,735,735,v008
004QE,175,316,141,v008
004QE,237,511,274,v022
004QE,76,268,192,v018
004QE,26,170,144,v029
004QE,50,735,685,v008
76DE2,151,573,422,v031
76DE2,237,415,178,v009
W2P61,268,609,341,v016
W2P61,204,333,129,v023
W2P61,201,331,130,v008
W2P61,453,573,120,v016
W2P61,0,673,673,v026
W2P61,285,422,137,v029
XPOKK,196,384,188,v016
XPOKK,141,290,149,v016
XPOKK,98,259,161,v031
XPOKK,300,408,108,v016
XPOKK,225,336,111,v025
XPOKK,0,278,278,v008
XPOKK,0,614,614,v018
07LG5,182,343,161,v022
07LG5,352,554,202,v023
07LG5,0,319,319,v018
07LG5,559,683,124,v001
07LG5,350,513,163,v012
07LG5,57,319,262,v017
07LG5,117,434,317,v025
07LG5,264,672,408,v032
07LG5,175,506,331,v001
07LG5,470,683,213,v023
07LG5,470,683,213,v016
07LG5,288,683,395,v001
07LG5,0,295,295,v018
07LG5,0,683,683,v008
WK6XX,0,740,740,v008
WK6XX,0,740,740,v024
WK6XX,0,740,740,v009
WK6XX,0,740,740,v018
WK6XX,0,740,740,v019
WK6XX,0,740,740,v018
WK6XX,0,740,740,v008
SQKR0,199,348,149,v017
SQKR0,254,436,182,v028
H5ZG9,218,737,519,v005
H5ZG9,139,288,149,v023
H5ZG9,218,737,519,v005
H5ZG9,55,290,235,v023
H5ZG9,218,336,118,v001
H5ZG9,139,737,598,v008
H5ZG9,309,737,428,v002
H5ZG9,153,737,584,v008
H5ZG9,0,91,91,v012
JFSJF,0,232,232,v031
JFSJF,0,232,232,v018
JFSJF,213,379,166,v008
JFSJF,0,624,624,v008
JFSJF,146,624,478,v024
JFSJF,566,624,58,v025
JFSJF,0,100,100,v012
JFSJF,141,264,123,v029
JFSJF,357,624,267,v028
PZ0MM,362,576,214,v016
PZ0MM,0,192,192,v004
PZ0MM,285,468,183,v029
PZ0MM,362,494,132,v016
PZ0MM,0,446,446,v008
PZ0MM,136,348,212,v015
PZ0MM,259,460,201,v023
X5QMG,355,740,385,v008
X5QMG,60,244,184,v023
X5QMG,100,288,188,v008
X5QMG,199,362,163,v022
X5QMG,0,384,384,v018
X5QMG,343,528,185,v023
X5QMG,0,244,244,v026
X5QMG,115,254,139,v016
X5QMG,0,273,273,v018
X5QMG,340,458,118,v023
X5QMG,86,196,110,v008
7OXNH,122,295,173,v004
7OXNH,96,604,508,v008
7OXNH,523,633,110,v016
7OXNH,460,648,188,v016
7OXNH,177,648,471,v008
VT64S,117,770,653,v008
VT64S,84,240,156,v023
VT64S,288,770,482,v005
VT64S,129,770,641,v008
VT64S,86,295,209,v023
VT64S,0,770,770,v018
VT64S,237,398,161,v012
93ESZ,134,290,156,v003
93ESZ,228,516,288,v008
93ESZ,316,588,272,v023
93ESZ,388,628,240,v003
93ESZ,218,465,247,v020
93ESZ,424,568,144,v016
93ESZ,0,124,124,v031
93ESZ,504,700,196,v003
93ESZ,446,600,154,v023
93ESZ,0,544,544,v008
93ESZ,424,544,120,v016
93ESZ,0,537,537,v031
944AK,309,717,408,v012
944AK,0,744,744,v008
944AK,290,547,257,v007
944AK,592,717,125,v019
944AK,528,744,216,v029
IGEU5,388,520,132,v025
IGEU5,0,496,496,v008
D8YOL,2,357,355,v031
D8YOL,0,237,237,v008
D8YOL,0,237,237,v031
D8YOL,0,259,259,v014
D8YOL,0,268,268,v018
RJQL6,189,751,562,v008
RJQL6,165,300,135,v023
RJQL6,0,751,751,v008
RJQL6,0,640,640,v024
RJQL6,184,751,567,v008
RJQL6,184,300,116,v023
F8UU2,0,420,420,v008
F8UU2,0,396,396,v023
F8UU2,297,882,585,v026
F8UU2,278,882,604,v023
F8UU2,84,362,278,v016
F8UU2,136,312,176,v008
F8UU2,256,388,132,v012
F8UU2,756,882,126,v016
F8UU2,0,175,175,v016
F8UU2,297,882,585,v026
JOWAU,266,456,190,v016
JOWAU,129,307,178,v000
JOWAU,0,489,489,v010
JOWAU,388,623,235,v018
JOWAU,108,309,201,v000
JOWAU,259,475,216,v028
CLU7Z,256,525,269,v013
CLU7Z,156,295,139,v012
CLU7Z,235,595,360,v014
CLU7Z,50,609,559,v008
CLU7Z,196,619,423,v031
KW0K8,0,136,136,v024
KW0K8,108,225,117,v018
KW0K8,67,184,117,v018
KW0K8,192,273,81,v019
KW0K8,0,273,273,v008
J9BXT,540,732,192,v012
J9BXT,652,782,130,v016
J9BXT,813,917,104,v020
J9BXT,566,789,223,v016
J9BXT,698,859,161,v012
J9BXT,460,592,132,v023
J9BXT,722,840,118,v031
J9BXT,676,787,111,v016
J9BXT,672,917,245,v031
J9BXT,424,748,324,v023
J9BXT,429,676,247,v016
R2VY3,55,153,98,v007
R2VY3,0,62,62,v008
R2VY3,62,153,91,v012
R2VY3,0,96,96,v005
R2VY3,0,146,146,v008
R2VY3,69,153,84,v012
R2VY3,43,151,108,v016
DYWR1,0,165,165,v008
DYWR1,204,669,465,v020
DYWR1,14,148,134,v013
IH3GN,0,732,732,v008
IH3GN,0,732,732,v005
IH3GN,0,124,124,v029
8TIC7,232,338,106,v023
8TIC7,168,309,141,v029
8TIC7,146,367,221,v005
8TIC7,146,393,247,v008
8TIC7,120,292,172,v017
8TIC7,148,362,214,v005
8TIC7,141,422,281,v008
8TIC7,232,386,154,v031
8TIC7,256,376,120,v016
8TIC7,252,379,127,v008
R9NRA,362,739,377,v008
R9NRA,465,669,204,v016
R9NRA,573,739,166,v010
R9NRA,0,96,96,v018
R9NRA,273,422,149,v023
R9NRA,4,273,269,v028
R9NRA,0,739,739,v018
R9NRA,300,525,225,v015
R9NRA,213,688,475,v016
R9NRA,518,739,221,v021
R9NRA,213,688,475,v008
R9NRA,232,384,152,v023
WK5PL,96,398,302,v008
WK5PL,153,297,144,v001
WK5PL,52,465,413,v023
WK5PL,52,465,413,v016
WK5PL,153,297,144,v001
9E89H,936,1072,136,v022
9E89H,0,1039,1039,v018
9E89H,283,1044,761,v032
9E89H,0,1022,1022,v018
9E89H,0,1056,1056,v018
9E89H,2,1032,1030,v032
FQIM2,62,142,80,v031
FQIM2,0,100,100,v016
FQIM2,0,98,98,v028
FQIM2,0,117,117,v025
FTIPX,0,723,723,v021
FTIPX,21,723,702,v008
FTIPX,24,723,699,v022
FTIPX,0,723,723,v008
FTIPX,0,723,723,v018
FTIPX,0,292,292,v008
FTIPX,0,528,528,v008
FTIPX,0,88,88,v008
GXDGV,175,856,681,v004
GXDGV,160,856,696,v008
GXDGV,122,271,149,v023
GXDGV,76,206,130,v016
GXDGV,0,856,856,v008
S0YID,0,544,544,v008
S0YID,511,672,161,v026
S0YID,0,717,717,v004
S0YID,0,717,717,v008
S0YID,340,518,178,v020
S0YID,4,144,140,v016
S0YID,350,468,118,v016
S0YID,412,537,125,v016
S0YID,4,144,140,v016
S0YID,340,460,120,v016
S0YID,412,540,128,v016
S0YID,0,98,98,v023
S0YID,141,256,115,v023
S0YID,290,424,134,v023
Z0Q5D,0,507,507,v018
Z0Q5D,0,507,507,v021
Z0Q5D,0,507,507,v008
Z0Q5D,316,439,123,v016
Z0Q5D,0,117,117,v023
Z0Q5D,0,88,88,v012
Z0Q5D,4,297,293,v014
ZAJG5,0,127,127,v008
ZAJG5,86,278,192,v028
ZAJG5,201,316,115,v028
ZAJG5,376,583,207,v030
ZAJG5,14,148,134,v016
ZAJG5,204,379,175,v019
ZAJG5,0,129,129,v026
NFAA5,549,751,202,v019
NFAA5,511,751,240,v024
NFAA5,516,751,235,v008
NFAA5,98,261,163,v029
NFAA5,0,566,566,v008
LQ0LM,290,429,139,v001
LQ0LM,400,516,116,v018
LQ0LM,336,456,120,v012
LQ0LM,384,504,120,v022
LQ0LM,480,600,120,v023
P7TT1,0,733,733,v026
P7TT1,72,733,661,v026
P7TT1,86,276,190,v008
P7TT1,204,410,206,v008
P7TT1,340,532,192,v008
P7TT1,182,300,118,v016
P7TT1,314,417,103,v016
P7TT1,436,540,104,v016
P7TT1,91,733,642,v018
P7TT1,33,158,125,v025
P7TT1,139,360,221,v023
UCFCB,648,765,117,v012
UCFCB,0,648,648,v014
UCFCB,0,765,765,v008
UCFCB,0,648,648,v031
UCFCB,532,640,108,v001
UCFCB,652,765,113,v016
UCFCB,568,684,116,v022
0M6IY,206,336,130,v016
0M6IY,331,590,259,v010
0M6IY,564,708,144,v023
0M6IY,494,652,158,v000
0M6IY,0,331,331,v008
0M6IY,0,309,309,v026
0M6IY,585,728,143,v008
0M6IY,614,728,114,v024
0M6IY,324,728,404,v021
0M6IY,0,321,321,v026
CV5YJ,576,696,120,v018
CV5YJ,0,624,624,v024
CV5YJ,0,624,624,v032
CV5YJ,0,688,688,v018
CV5YJ,0,684,684,v008
CV5YJ,674,811,137,v008
CV5YJ,588,722,134,v022
CV5YJ,540,684,144,v016
CV5YJ,645,806,161,v023
CV5YJ,0,624,624,v032
1OVB8,0,446,446,v014
1OVB8,0,453,453,v018
1OVB8,446,557,111,v027
1OVB8,271,427,156,v020
1OVB8,331,482,151,v022
1OVB8,0,453,453,v018
1OVB8,0,557,557,v008
N513D,84,333,249,v016
N513D,331,730,399,v012
N513D,40,340,300,v012
N513D,132,319,187,v008
N513D,261,504,243,v008
N513D,141,441,300,v031
N513D,43,151,108,v001
N513D,0,144,144,v012
N513D,0,730,730,v014
N513D,0,259,259,v008
N513D,324,441,117,v016
N513D,360,475,115,v001
N513D,648,730,82,v018
N513D,105,393,288,v016
N513D,0,468,468,v019
N513D,0,730,730,v018
N513D,321,501,180,v016
XEEDH,0,734,734,v026
XEEDH,0,520,520,v008
XEEDH,0,487,487,v005
XEEDH,14,429,415,v016
CPDJD,271,501,230,v008
CPDJD,0,789,789,v018
CPDJD,26,297,271,v015
CPDJD,614,746,132,v012
CPDJD,0,789,789,v018
CPDJD,343,475,132,v023
CPDJD,741,789,48,v001
CPDJD,741,789,48,v007
CPDJD,741,789,48,v029
CPDJD,741,789,48,v016
CPDJD,295,415,120,v016
CPDJD,0,132,132,v023
CPDJD,0,422,422,v008
ERGN3,396,729,333,v021
ERGN3,0,422,422,v005
ERGN3,0,422,422,v005
ERGN3,316,672,356,v023
ERGN3,340,729,389,v008
AZZ7V,0,333,333,v008
AZZ7V,396,739,343,v016
AZZ7V,403,739,336,v026
AZZ7V,0,278,278,v010
AZZ7V,264,691,427,v008
AZZ7V,259,384,125,v023
AZZ7V,271,499,228,v000
AZZ7V,691,739,48,v016
AZZ7V,691,739,48,v022
AZZ7V,691,739,48,v008
AZZ7V,691,739,48,v026
VTOBQ,254,664,410,v012
VTOBQ,0,740,740,v008
VTOBQ,0,108,108,v029
VTOBQ,259,740,481,v031
1ZAN8,237,549,312,v030
1ZAN8,0,237,237,v026
1ZAN8,242,499,257,v026
1ZAN8,552,744,192,v001
1ZAN8,0,744,744,v008
1ZAN8,547,696,149,v029
1ZAN8,237,532,295,v030
5SJ89,50,585,535,v006
5SJ89,0,751,751,v008
5SJ89,7,751,744,v006
5SJ89,417,751,334,v013
5SJ89,38,751,713,v007
5SJ89,0,751,751,v014
5SJ89,0,751,751,v018
T0LOH,40,496,456,v019
T0LOH,244,369,125,v018
T0LOH,4,517,513,v008
T0LOH,2,513,511,v008
T0LOH,0,100,100,v023
T0LOH,254,384,130,v018
T0LOH,72,484,412,v021
U2VK5,345,652,307,v019
U2VK5,343,662,319,v009
U2VK5,228,597,369,v029
U2VK5,240,757,517,v008
QIBAJ,391,561,170,v004
QIBAJ,285,460,175,v018
QIBAJ,571,705,134,v022
QIBAJ,364,667,303,v018
QIBAJ,516,667,151,v016
QIBAJ,33,468,435,v023
QIBAJ,36,748,712,v008
QIBAJ,316,477,161,v023
QIBAJ,24,151,127,v029
QIBAJ,364,652,288,v008
QIBAJ,304,460,156,v023
EGVGL,420,552,132,v012
EGVGL,0,513,513,v008
EGVGL,468,645,177,v031
EGVGL,0,427,427,v010
EGVGL,621,741,120,v022
QQRP2,0,302,302,v008
QQRP2,0,268,268,v005
2BS0V,597,751,154,v012
2BS0V,31,727,696,v008
2BS0V,2,727,725,v008
2BS0V,614,780,166,v029
2BS0V,4,751,747,v008
2BS0V,703,821,118,v001
2BS0V,597,722,125,v007
PIEHJ,720,877,157,v005
PIEHJ,0,736,736,v024
PIEHJ,741,877,136,v005
PIEHJ,0,877,877,v018
PIEHJ,662,804,142,v016
PIEHJ,0,877,877,v018
PIEHJ,386,525,139,v009
PIEHJ,0,794,794,v008
PIEHJ,0,877,877,v019
PIEHJ,710,877,167,v023
JQKR5,633,784,151,v005
JQKR5,0,67,67,v018
JQKR5,633,1005,372,v005
JQKR5,501,624,123,v016
JQKR5,573,1009,436,v008
JQKR5,0,612,612,v008
JQKR5,0,1009,1009,v018
JQKR5,0,112,112,v012
JQKR5,472,597,125,v001
JQKR5,28,583,555,v031
JQKR5,602,1009,407,v008
8IPWO,43,213,170,v004
8IPWO,208,345,137,v012
8IPWO,0,86,86,v018
8IPWO,708,750,42,v001
8IPWO,708,750,42,v032
8IPWO,708,750,42,v031
8IPWO,708,750,42,v008
8IPWO,708,750,42,v023
14Z7D,108,556,448,v007
14Z7D,0,720,720,v005
14Z7D,0,705,705,v005
LBGFT,86,216,130,v018
LBGFT,396,513,117,v025
LBGFT,403,511,108,v016
LBGFT,96,213,117,v018
LBGFT,266,470,204,v023
LBGFT,103,360,257,v028
UKOAU,237,573,336,v017
UKOAU,0,278,278,v030
UKOAU,520,730,210,v024
UKOAU,91,218,127,v008
UKOAU,148,295,147,v016
UKOAU,290,405,115,v029
A45RV,110,266,156,v012
A45RV,340,548,208,v008
A45RV,340,548,208,v023
A45RV,100,244,144,v012
OADOE,434,561,127,v007
OADOE,0,216,216,v002
OADOE,506,588,82,v001
OADOE,432,588,156,v012
OADOE,489,588,99,v029
DN0CB,1603,1848,245,v027
DN0CB,1593,1819,226,v027
DN0CB,492,765,273,v008
DN0CB,530,756,226,v012
DN0CB,866,1428,562,v031
DN0CB,1574,1865,291,v006
DN0CB,1500,1865,365,v023
DN0CB,1490,1865,375,v016
DN0CB,456,636,180,v029
2ZXJ5,216,403,187,v008
2ZXJ5,297,407,110,v016
2ZXJ5,0,242,242,v004
2ZXJ5,180,304,124,v018
2ZXJ5,208,407,199,v020
2ZXJ5,136,266,130,v016
58YA5,0,307,307,v018
58YA5,319,648,329,v008
58YA5,374,648,274,v014
58YA5,300,424,124,v023
58YA5,199,321,122,v022
58YA5,0,259,259,v010
LRJS4,398,618,220,v008
LRJS4,436,618,182,v031
LRJS4,0,292,292,v008
LRJS4,153,292,139,v022
LRJS4,0,232,232,v018
LRJS4,494,604,110,v019
LRJS4,57,184,127,v000
LRJS4,136,280,144,v020
LRJS4,0,163,163,v010
LRJS4,436,585,149,v006
LRJS4,76,218,142,v016
DZVTI,0,699,699,v006
DZVTI,45,316,271,v012
DZVTI,0,699,699,v008
DZVTI,477,699,222,v026
YPTDT,362,720,358,v018
YPTDT,204,319,115,v025
YPTDT,9,312,303,v028
YPTDT,280,463,183,v018
1KKYX,19,175,156,v023
1KKYX,213,345,132,v029
1KKYX,24,470,446,v008
4Q3N9,0,129,129,v029
4Q3N9,127,268,141,v019
4Q3N9,55,266,211,v031
4Q3N9,144,264,120,v019
4Q3N9,148,278,130,v009
ELRP9,156,1021,865,v008
ELRP9,141,307,166,v023
ELRP9,79,343,264,v023
ELRP9,544,904,360,v029
ELRP9,96,1021,925,v008
ELRP9,355,496,141,v012
ELRP9,938,1021,83,v001
S8TT8,564,758,194,v018
S8TT8,319,566,247,v016
S8TT8,290,568,278,v026
S8TT8,295,549,254,v026
S8TT8,576,720,144,v023
S8TT8,552,720,168,v025
D7ICK,288,484,196,v008
D7ICK,168,745,577,v031
D7ICK,597,745,148,v016
D7ICK,0,136,136,v029
6B9D8,0,735,735,v031
6B9D8,0,735,735,v021
6B9D8,374,504,130,v020
IDFTJ,36,321,285,v016
IDFTJ,448,580,132,v022
IDFTJ,0,160,160,v023
IDFTJ,463,710,247,v016
26YPV,0,508,508,v006
26YPV,0,122,122,v001
UT4QT,487,628,141,v008
UT4QT,434,552,118,v016
UT4QT,189,482,293,v004
UT4QT,21,180,159,v023
HTEB3,0,549,549,v031
HTEB3,0,544,544,v018
HTEB3,453,559,106,v022
HTEB3,0,535,535,v018
19BHU,50,697,647,v002
19BHU,0,697,697,v008
19BHU,0,697,697,v024
19BHU,160,448,288,v016
19BHU,405,636,231,v016
19BHU,151,453,302,v016
S7FHA,0,595,595,v014
S7FHA,0,602,602,v018
S7FHA,472,602,130,v022
S7FHA,0,602,602,v018
S7FHA,0,74,74,v016
2SSGN,688,768,80,v025
2SSGN,0,340,340,v022
2SSGN,0,768,768,v008
2SSGN,429,585,156,v016
2SSGN,436,739,303,v030
AD9MO,544,621,77,v027
AD9MO,436,614,178,v001
AD9MO,57,228,171,v012
AD9MO,36,244,208,v016
AD9MO,14,182,168,v012
AD9MO,0,175,175,v008
AD9MO,420,549,129,v001
G0BKH,76,261,185,v008
G0BKH,16,156,140,v023
G0BKH,525,736,211,v016
G0BKH,60,292,232,v016
G0BKH,50,429,379,v016
G0BKH,139,321,182,v008
G0BKH,187,583,396,v027
G0BKH,710,855,145,v029
QXEWQ,52,240,188,v023
QXEWQ,16,170,154,v012
QXEWQ,0,153,153,v012
W3LUB,100,415,315,v014
W3LUB,0,252,252,v004
W3LUB,0,728,728,v008
W3LUB,360,511,151,v022
W3LUB,537,674,137,v016
W3LUB,0,412,412,v021
W3LUB,0,475,475,v018
W3LUB,144,393,249,v008
759UE,264,460,196,v001
759UE,429,650,221,v023
759UE,62,249,187,v012
759UE,55,237,182,v007
759UE,67,283,216,v029
759UE,448,643,195,v008
BB25Z,0,252,252,v010
BB25Z,220,681,461,v028
BB25Z,607,725,118,v025
BB25Z,158,304,146,v022
BB25Z,628,725,97,v016
BB25Z,384,494,110,v008
U4XV9,552,684,132,v023
U4XV9,60,249,189,v000
U4XV9,240,429,189,v022
U4XV9,297,626,329,v003
U4XV9,93,319,226,v000
U4XV9,88,722,634,v000
XF93D,177,584,407,v018
XF93D,0,187,187,v008
XF93D,60,192,132,v016
XF93D,199,345,146,v018
XF93D,206,584,378,v010
XF93D,96,264,168,v001
XF93D,535,584,49,v012
XF93D,535,584,49,v029
XF93D,535,584,49,v012
XF93D,535,584,49,v001
IOZ8J,494,736,242,v026
IOZ8J,187,715,528,v016
IOZ8J,175,328,153,v022
IOZ8J,266,758,492,v026
IOZ8J,225,532,307,v008
IOZ8J,372,492,120,v016
IOZ8J,350,530,180,v016
815KV,96,288,192,v016
815KV,340,520,180,v029
815KV,124,295,171,v026
AZ5JS,0,484,484,v026
AZ5JS,568,747,179,v001
AZ5JS,386,592,206,v012
AZ5JS,698,747,49,v008
AZ5JS,698,747,49,v023
AZ5JS,698,747,49,v019
AZ5JS,698,747,49,v007
IKBYS,88,266,178,v008
IKBYS,228,357,129,v008
IKBYS,86,345,259,v016
IKBYS,0,208,208,v023
IKBYS,252,388,136,v029
IKBYS,0,81,81,v008
7BX06,242,588,346,v004
7BX06,218,597,379,v008
7BX06,244,463,219,v023
7BX06,0,644,644,v021
7BX06,0,300,300,v000
7BX06,0,644,644,v010
7BX06,427,583,156,v016
MAO8N,504,672,168,v001
MAO8N,120,288,168,v012
MAO8N,600,855,255,v016
MAO8N,600,855,255,v016
MAO8N,0,480,480,v026
VFD5I,628,800,172,v001
VFD5I,163,307,144,v012
VFD5I,204,631,427,v016
VFD5I,228,679,451,v016
VFD5I,604,800,196,v008
VFD5I,199,616,417,v008
VFD5I,196,595,399,v023
VFD5I,595,727,132,v023
MQFFN,0,743,743,v008
MQFFN,576,743,167,v008
MQFFN,640,743,103,v031
MQFFN,0,684,684,v014
G4MNO,0,420,420,v018
G4MNO,511,648,137,v012
G4MNO,520,688,168,v029
G4MNO,0,415,415,v018
G4MNO,244,422,178,v031
G4MNO,0,180,180,v009
G4MNO,364,482,118,v001
G4MNO,187,324,137,v023
G4MNO,0,266,266,v009
G4MNO,225,408,183,v012
G4MNO,0,211,211,v031
G4MNO,189,532,343,v008
FO9B1,50,206,156,v016
FO9B1,0,199,199,v008
FO9B1,50,206,156,v016
FO9B1,132,216,84,v029
FO9B1,0,115,115,v008
FO9B1,0,115,115,v016
FO9B1,0,79,79,v022
P4MBS,0,719,719,v021
P4MBS,528,652,124,v001
P4MBS,0,648,648,v031
P4MBS,38,148,110,v005
P4MBS,451,619,168,v022
P4MBS,0,602,602,v018
P4MBS,0,127,127,v023
P4MBS,0,583,583,v018
CSQLJ,36,739,703,v030
CSQLJ,0,754,754,v008
CSQLJ,21,754,733,v008
CSQLJ,28,734,706,v026
CSQLJ,28,734,706,v030
CSQLJ,0,754,754,v018
CSQLJ,0,754,754,v031
CSQLJ,43,172,129,v020
CSQLJ,184,319,135,v020
XXDHJ,4,187,183,v027
XXDHJ,199,415,216,v006
XXDHJ,187,328,141,v007
XXDHJ,124,242,118,v018
XXDHJ,254,480,226,v012
DAIN7,64,792,728,v008
DAIN7,108,744,636,v014
DAIN7,81,753,672,v023
DAIN7,621,775,154,v016
NWJER,33,230,197,v031
NWJER,182,812,630,v003
NWJER,765,812,47,v008
NWJER,760,812,52,v023
VBML2,55,482,427,v008
VBML2,321,484,163,v008
5XCJ6,0,612,612,v021
5XCJ6,0,669,669,v018
5XCJ6,0,600,600,v032
5XCJ6,568,722,154,v022
5XCJ6,528,669,141,v023
5XCJ6,0,652,652,v018
5XCJ6,0,652,652,v018
2NOVW,434,712,278,v008
2NOVW,664,735,71,v016
ZF5CP,134,477,343,v003
ZF5CP,0,136,136,v012
ZF5CP,57,252,195,v023
ZF5CP,340,506,166,v001
ZF5CP,278,628,350,v016
ZF5CP,280,513,233,v008
ZF5CP,0,117,117,v012
ZF5CP,432,628,196,v031
ZF5CP,381,523,142,v001
ZF5CP,0,88,88,v007
OI7GQ,0,525,525,v031
OI7GQ,115,544,429,v006
OI7GQ,626,759,133,v005
OI7GQ,559,703,144,v005
OI7GQ,520,643,123,v023
386XM,93,343,250,v028
386XM,60,326,266,v031
386XM,0,127,127,v012
386XM,0,160,160,v029
386XM,199,396,197,v008
386XM,43,189,146,v001
386XM,0,146,146,v007
386XM,247,408,161,v016
8M5VK,0,319,319,v030
8M5VK,271,806,535,v008
8M5VK,278,806,528,v026
LY74H,607,758,151,v001
IYD9U,266,408,142,v008
IYD9U,266,403,137,v023
IYD9U,554,669,115,v017
IYD9U,0,316,316,v008
IYD9U,93,240,147,v013
IYD9U,192,384,192,v016
IYD9U,621,748,127,v026
IYD9U,0,295,295,v014
511OL,0,451,451,v003
511OL,381,699,318,v022
511OL,0,463,463,v018
511OL,0,451,451,v016
511OL,518,636,118,v001
511OL,357,699,342,v008
ZCG3J,24,175,151,v016
ZCG3J,98,360,262,v012
ZCG3J,153,307,154,v018
ZCG3J,367,528,161,v018
ZCG3J,405,556,151,v012
ZCG3J,247,388,141,v023
ZCG3J,364,594,230,v018
ZCG3J,422,594,172,v014
ZCG3J,117,237,120,v001
ZCG3J,331,594,263,v018
ZCG3J,415,594,179,v032
ZCG3J,300,482,182,v016
ZCG3J,218,472,254,v008
XRWBL,626,722,96,v024
XRWBL,0,722,722,v008
XRWBL,0,684,684,v031
XRWBL,0,722,722,v018
XRWBL,624,722,98,v008
XRWBL,580,722,142,v023
XRWBL,0,722,722,v018
51JUO,0,1063,1063,v018
51JUO,0,1063,1063,v026
51JUO,0,249,249,v008
51JUO,0,1063,1063,v008
51JUO,0,1063,1063,v032
51JUO,0,1063,1063,v018
51JUO,192,350,158,v004
ES2QH,804,946,142,v018
ES2QH,410,549,139,v020
ES2QH,4,792,788,v026
ES2QH,756,946,190,v018
ES2QH,897,946,49,v016
ES2QH,897,946,49,v026
ES2QH,897,946,49,v018
QOJ09,559,684,125,v001
QOJ09,261,717,456,v008
QOJ09,290,429,139,v012
QOJ09,240,386,146,v023
QOJ09,108,302,194,v018
QOJ09,206,321,115,v022
QOJ09,333,660,327,v009
QOJ09,333,662,329,v019
QOJ09,578,717,139,v016
QOJ09,312,633,321,v031
QOJ09,16,180,164,v000
QOJ09,0,273,273,v000
QOJ09,388,585,197,v019
ILF19,0,762,762,v018
ILF19,0,384,384,v000
ILF19,355,762,407,v009
ILF19,348,762,414,v019
B0JWB,405,739,334,v018
B0JWB,405,739,334,v031
B0JWB,0,220,220,v016
B0JWB,350,501,151,v018
B0JWB,446,739,293,v032
B0JWB,0,228,228,v008
B0JWB,225,374,149,v023
NH9JS,451,703,252,v001
NH9JS,384,573,189,v012
NH9JS,285,494,209,v008
NH9JS,271,480,209,v001
NH9JS,369,571,202,v012
NH9JS,278,501,223,v008
NH9JS,264,451,187,v023
NH9JS,436,703,267,v016
NH9JS,348,475,127,v023
XWKKZ,4,151,147,v012
XWKKZ,0,108,108,v007
XWKKZ,331,470,139,v031
XWKKZ,230,374,144,v008
XWKKZ,331,482,151,v008
XWKKZ,211,427,216,v031
XWKKZ,211,619,408,v008
XWKKZ,0,741,741,v008
XWKKZ,225,388,163,v004
WY433,0,605,605,v008
WY433,0,122,122,v029
WY433,153,302,149,v009
WY433,218,477,259,v016
WY433,0,605,605,v019
WY433,218,477,259,v015
EFNXW,0,566,566,v018
EFNXW,0,561,561,v008
EFNXW,669,751,82,v029
EFNXW,98,208,110,v004
EFNXW,144,266,122,v004
TCQXI,0,76,76,v008
TCQXI,0,96,96,v020
TCQXI,0,76,76,v025
TCQXI,141,283,142,v029
P0ILN,420,742,322,v014
P0ILN,278,742,464,v019
P0ILN,333,496,163,v028
P0ILN,148,307,159,v027
P0ILN,0,742,742,v008
P0ILN,324,742,418,v018
P0ILN,297,422,125,v018
P0ILN,0,170,170,v001
P0ILN,0,117,117,v029
P0ILN,316,742,426,v018
BVGMT,192,535,343,v030
BVGMT,331,749,418,v030
BVGMT,110,749,639,v008
BVGMT,132,261,129,v023
BVGMT,0,88,88,v029
BVGMT,112,749,637,v026
YZ3TA,38,230,192,v001
YZ3TA,0,148,148,v031
YZ3TA,0,129,129,v008
P1LWC,0,69,69,v004
P1LWC,57,173,116,v026
P1LWC,74,173,99,v026
P1LWC,0,105,105,v016
P1LWC,48,168,120,v008
P1LWC,0,103,103,v008
P1LWC,0,98,98,v016
P1LWC,0,110,110,v016
P1LWC,38,160,122,v023
QJXNG,338,765,427,v006
QJXNG,0,357,357,v008
QJXNG,0,288,288,v022
QJXNG,0,278,278,v018
QJXNG,249,412,163,v016
QJXNG,0,300,300,v014
QJXNG,249,374,125,v012
QJXNG,297,420,123,v016
QJXNG,331,765,434,v031
QJXNG,230,415,185,v008
QJXNG,230,415,185,v023
5XYPL,4,228,224,v016
5XYPL,482,693,211,v025
5XYPL,208,364,156,v023
5XYPL,88,304,216,v009
5XYPL,235,360,125,v022
5XYPL,492,643,151,v023
5XYPL,45,324,279,v019
5XYPL,247,754,507,v008
5XYPL,79,213,134,v016
5XYPL,427,667,240,v026
5XYPL,552,684,132,v016
5XYPL,506,674,168,v008
5XYPL,429,578,149,v023
5XYPL,0,160,160,v008
5XYPL,64,211,147,v016
OJFYD,0,249,249,v007
OJFYD,273,463,190,v028
OJFYD,0,261,261,v006
OJFYD,153,307,154,v029
G3OUM,81,424,343,v002
G3OUM,547,679,132,v016
G3OUM,544,679,135,v025
G3OUM,458,648,190,v008
G3OUM,448,554,106,v023
G3OUM,117,769,652,v002
G3OUM,547,667,120,v025
FPODN,223,496,273,v016
FPODN,134,434,300,v018
FPODN,429,813,384,v012
FPODN,259,628,369,v018
FPODN,350,780,430,v016
FPODN,76,235,159,v029
FPODN,271,734,463,v018
FPODN,600,831,231,v010
FPODN,400,616,216,v031
PX7K1,0,762,762,v018
PX7K1,16,762,746,v020
PX7K1,0,762,762,v008
H28KM,494,628,134,v008
H28KM,367,482,115,v019
H28KM,196,451,255,v031
H28KM,532,729,197,v017
H28KM,122,484,362,v008
FHAV0,710,794,84,v012
FHAV0,590,794,204,v022
FHAV0,0,777,777,v026
FHAV0,0,758,758,v018
FHAV0,0,751,751,v018
FHAV0,657,794,137,v023
FHAV0,0,710,710,v032
FHAV0,674,794,120,v023
FHAV0,504,722,218,v019
FHAV0,698,794,96,v008
MIRSU,220,778,558,v008
MIRSU,9,273,264,v028
MIRSU,213,343,130,v023
MIRSU,252,778,526,v008
MIRSU,0,288,288,v023
F1QR1,372,487,115,v007
F1QR1,223,364,141,v016
F1QR1,242,367,125,v025
F1QR1,328,434,106,v022
F1QR1,379,561,182,v012
F1QR1,134,367,233,v008
F1QR1,120,259,139,v023
F1QR1,31,199,168,v020
F1QR1,0,398,398,v018
F1QR1,561,609,48,v025
F1QR1,561,609,48,v029
F1QR1,561,609,48,v008
FDPHZ,266,737,471,v008
FDPHZ,357,504,147,v027
FDPHZ,0,737,737,v008
FDPHZ,0,136,136,v029
FDPHZ,273,410,137,v023
WXGLA,43,552,509,v026
WXGLA,465,679,214,v023
WXGLA,463,693,230,v008
WXGLA,19,141,122,v026
Y3NN8,2,511,509,v021
Y3NN8,0,540,540,v018
Y3NN8,420,561,141,v022
Y3NN8,573,816,243,v007
Y3NN8,0,518,518,v008
L0OUW,0,92,92,v019
L0OUW,0,69,69,v027
YSZVZ,0,694,694,v008
YSZVZ,273,408,135,v012
YSZVZ,12,189,177,v004
YSZVZ,0,694,694,v008
YSZVZ,304,436,132,v020
YSZVZ,0,694,694,v023
YSZVZ,472,616,144,v020
YSZVZ,0,694,694,v008
YSZVZ,0,694,694,v008
5KGCY,261,499,238,v008
5KGCY,235,374,139,v023
5KGCY,0,499,499,v018
5KGCY,0,499,499,v018
G2VOP,0,112,112,v020
G2VOP,355,610,255,v026
G2VOP,355,610,255,v016
G2VOP,168,460,292,v023
5TG2E,705,813,108,v022
5TG2E,0,801,801,v018
5TG2E,31,232,201,v003
5TG2E,741,823,82,v029
8N939,57,218,161,v005
8N939,9,182,173,v004
8N939,288,566,278,v031
8N939,571,725,154,v017
8N939,0,643,643,v008
8N939,74,247,173,v005
8N939,0,124,124,v029
8N939,0,660,660,v008
H41MY,0,430,430,v005
H41MY,0,430,430,v005
H41MY,86,326,240,v004
H41MY,0,141,141,v008
H41MY,0,139,139,v008
H41MY,0,100,100,v023
H41MY,0,139,139,v016
0ZOPH,112,261,149,v025
0ZOPH,232,758,526,v007
0ZOPH,0,100,100,v023
0ZOPH,108,228,120,v016
0ZOPH,28,228,200,v008
QQTQN,374,813,439,v005
QQTQN,362,813,451,v005
QQTQN,345,813,468,v008
QQTQN,345,813,468,v008
QQTQN,0,813,813,v018
MURBT,0,769,769,v008
MURBT,283,769,486,v026
MURBT,0,769,769,v008
MURBT,0,264,264,v029
7SKSD,24,290,266,v031
7SKSD,199,714,515,v028
FX7ZY,388,492,104,v025
FX7ZY,0,153,153,v008
FX7ZY,55,448,393,v023
FX7ZY,0,144,144,v016
FX7ZY,48,168,120,v012
FX7ZY,384,492,108,v025
FX7ZY,144,432,288,v016
FX7ZY,206,343,137,v016
FX7ZY,374,492,118,v001
FX7ZY,172,319,147,v023
FX7ZY,21,165,144,v016
FX7ZY,228,340,112,v008
VTOYP,338,583,245,v009
VTOYP,300,444,144,v025
VTOYP,0,410,410,v006
RBJ4E,0,300,300,v008
RBJ4E,417,571,154,v018
RBJ4E,405,542,137,v018
KBPI3,84,266,182,v016
KBPI3,0,729,729,v018
KBPI3,2,256,254,v016
WBX8F,60,650,590,v028
WBX8F,535,662,127,v022
WBX8F,604,720,116,v027
WBX8F,4,163,159,v018
WBX8F,0,79,79,v029
WBX8F,72,636,564,v018
GIW6N,153,712,559,v008
GIW6N,0,708,708,v010
GIW6N,153,712,559,v005
GIW6N,595,775,180,v022
GIW6N,112,288,176,v000
O7KDK,74,288,214,v025
O7KDK,163,372,209,v016
O7KDK,0,148,148,v017
O7KDK,108,381,273,v023
04LAX,484,654,170,v004
04LAX,230,403,173,v001
04LAX,134,326,192,v012
04LAX,456,573,117,v016
04LAX,333,544,211,v015
04LAX,448,571,123,v016
DIR8Q,108,256,148,v016
DIR8Q,100,403,303,v016
DIR8Q,0,163,163,v014
DIR8Q,0,175,175,v008
DIR8Q,72,192,120,v016
DIR8Q,67,196,129,v016
DIR8Q,122,237,115,v026
DIR8Q,268,477,209,v016
VQWDG,324,523,199,v008
VQWDG,324,528,204,v008
VQWDG,249,463,214,v023
JQW1R,0,639,639,v014
JQW1R,0,639,639,v008
JQW1R,31,508,477,v019
JQW1R,2,639,637,v013
3K2QE,436,735,299,v010
3K2QE,0,516,516,v018
3K2QE,165,312,147,v016
3K2QE,0,235,235,v032
3K2QE,285,477,192,v028
3K2QE,0,280,280,v008
D9F5V,60,513,453,v032
D9F5V,523,722,199,v008
D9F5V,0,722,722,v018
D9F5V,434,564,130,v023
D9F5V,456,722,266,v023
42MIK,96,446,350,v030
42MIK,2,168,166,v020
42MIK,76,446,370,v008
45FWP,0,141,141,v008
45FWP,199,619,420,v005
45FWP,0,141,141,v008
45FWP,50,201,151,v016
45FWP,122,228,106,v023
45FWP,571,691,120,v023
45FWP,616,727,111,v023
NC75G,26,453,427,v008
NC75G,247,460,213,v012
NC75G,249,386,137,v016
NC75G,88,242,154,v023
93YXJ,453,1025,572,v016
93YXJ,936,1025,89,v022
93YXJ,127,345,218,v023
93YXJ,259,597,338,v016
93YXJ,33,376,343,v008
93YXJ,43,372,329,v008
93YXJ,0,1022,1022,v018
93YXJ,115,1017,902,v016
93YXJ,60,187,127,v012
QWTGQ,28,182,154,v027
QWTGQ,108,631,523,v009
RRHEV,0,662,662,v002
RRHEV,624,763,139,v017
CBW6S,136,264,128,v031
CBW6S,261,420,159,v009
CBW6S,43,170,127,v018
CBW6S,400,528,128,v022
CBW6S,204,511,307,v018
CBW6S,170,477,307,v018
CBW6S,237,420,183,v019
SQYTO,525,650,125,v022
SQYTO,0,609,609,v023
SQYTO,0,571,571,v008
SQYTO,0,619,619,v005
SQYTO,0,583,583,v031
SQYTO,0,103,103,v008
SQYTO,0,96,96,v031
SQYTO,12,110,98,v027
SQYTO,7,108,101,v022
SQYTO,0,103,103,v018
SQYTO,660,786,126,v029
SQYTO,444,564,120,v016
97086,441,655,214,v012
97086,0,705,705,v032
97086,0,508,508,v008
97086,192,415,223,v016
97086,410,636,226,v016
97086,74,477,403,v026
97086,420,568,148,v008
97086,480,628,148,v016
97086,208,316,108,v023
TNWWG,276,499,223,v016
TNWWG,333,482,149,v016
TNWWG,0,424,424,v026
TNWWG,266,405,139,v016
TNWWG,333,458,125,v016
TNWWG,67,220,153,v016
TNWWG,396,747,351,v026
TNWWG,0,134,134,v023
TNWWG,208,477,269,v023
TNWWG,0,100,100,v008
TNWWG,218,472,254,v008
KI0Q7,432,827,395,v003
KI0Q7,0,151,151,v003
KI0Q7,72,204,132,v018
KI0Q7,0,175,175,v016
KI0Q7,105,827,722,v018
WETXR,0,716,716,v006
WETXR,223,333,110,v020
WETXR,0,76,76,v029
HZTB1,7,434,427,v023
HZTB1,0,156,156,v012
HZTB1,448,652,204,v005
HZTB1,52,729,677,v008
HZTB1,640,799,159,v001
HZTB1,751,1551,800,v031
HZTB1,866,1536,670,v009
HZTB1,84,319,235,v012
HZTB1,115,528,413,v012
HZTB1,52,218,166,v023
HZTB1,52,722,670,v008
U36AB,175,780,605,v018
U36AB,124,278,154,v018
U36AB,705,780,75,v016
U36AB,369,720,351,v004
U36AB,300,441,141,v023
FV684,410,791,381,v008
FV684,0,261,261,v019
FV684,0,244,244,v019
FV684,0,791,791,v022
JPEQK,355,728,373,v008
JPEQK,355,728,373,v014
JPEQK,127,456,329,v004
JPEQK,105,331,226,v023
JPEQK,0,415,415,v008
5VINT,585,734,149,v001
5VINT,0,734,734,v008
5VINT,0,648,648,v014
5VINT,568,712,144,v029
19UA5,0,77,77,v025
19UA5,0,77,77,v008
19UA5,0,77,77,v004
19UA5,0,77,77,v008
BMLFA,451,609,158,v001
BMLFA,355,537,182,v012
BMLFA,0,393,393,v008
BMLFA,290,544,254,v008
BMLFA,364,540,176,v016
BMLFA,292,544,252,v016
WAD46,0,758,758,v008
WAD46,0,758,758,v014
WAD46,0,758,758,v031
WAD46,0,758,758,v010
WAD46,0,758,758,v018
GDS6Q,136,254,118,v016
GDS6Q,336,460,124,v023
GDS6Q,168,340,172,v017
GDS6Q,367,518,151,v016
GDS6Q,19,237,218,v028
GDS6Q,19,237,218,v023
GDS6Q,127,249,122,v008
GDS6Q,362,494,132,v008
GDS6Q,403,518,115,v025
TQMTC,0,100,100,v005
TQMTC,0,100,100,v016
TQMTC,0,100,100,v005
TQMTC,45,104,59,v022
TQMTC,0,104,104,v018
TQMTC,0,100,100,v008
TQMTC,0,100,100,v008
TQMTC,4,100,96,v016
TQMTC,16,104,88,v016
TQMTC,0,104,104,v008
49NHJ,0,96,96,v004
49NHJ,494,850,356,v031
49NHJ,592,850,258,v019
49NHJ,448,609,161,v029
49NHJ,0,850,850,v019
0I0FX,144,290,146,v016
0I0FX,144,295,151,v016
0I0FX,144,290,146,v016
0I0FX,573,696,123,v023
0I0FX,600,715,115,v005
0I0FX,302,588,286,v030
0I0FX,0,268,268,v008
0I0FX,592,715,123,v008
0I0FX,0,93,93,v029
9LHP3,592,764,172,v024
9LHP3,177,764,587,v018
9LHP3,688,764,76,v003
9LHP3,153,295,142,v018
9LHP3,153,295,142,v018
9LHP3,288,475,187,v003
9LHP3,50,266,216,v016
9LHP3,50,235,185,v023
9LHP3,398,764,366,v008
9LHP3,396,667,271,v014
9LHP3,120,261,141,v008
UL9LN,0,158,158,v012
UL9LN,516,672,156,v030
UL9LN,453,672,219,v023
UL9LN,482,660,178,v008
UL9LN,0,105,105,v007
UL9LN,0,129,129,v012
UL9LN,480,672,192,v016
AGN7Y,0,579,579,v008
AGN7Y,100,571,471,v020
RMNL1,0,550,550,v014
RMNL1,0,550,550,v018
RMNL1,0,550,550,v022
RR8M2,600,665,65,v001
RR8M2,508,640,132,v012
RR8M2,0,400,400,v028
RR8M2,528,665,137,v016
F9I6K,184,355,171,v029
F9I6K,0,532,532,v008
F9I6K,0,540,540,v017
CW645,199,326,127,v022
CW645,105,220,115,v025
CW645,91,204,113,v020
CW645,172,326,154,v016
CW645,172,326,154,v023
CW645,194,326,132,v008
YLNPX,696,912,216,v008
YLNPX,763,912,149,v024
YLNPX,124,756,632,v030
YLNPX,103,244,141,v020
YLNPX,170,900,730,v016
YLNPX,792,912,120,v023
YLNPX,206,801,595,v008
YLNPX,206,801,595,v030
YLNPX,52,177,125,v029
JBZF5,0,737,737,v008
JBZF5,60,737,677,v031
JBZF5,69,737,668,v009
JBZF5,0,737,737,v022
JBZF5,69,737,668,v019
JBZF5,48,576,528,v032
JBZF5,0,177,177,v026
JBZF5,88,590,502,v014
UR7C8,26,201,175,v001
UR7C8,386,679,293,v008
UR7C8,124,331,207,v028
UR7C8,256,451,195,v016
UR7C8,124,343,219,v023
UR7C8,386,525,139,v023
UR7C8,280,420,140,v012
UR7C8,36,232,196,v007
UR7C8,280,420,140,v012
UR7C8,520,710,190,v016
MJVDK,0,812,812,v005
MJVDK,0,182,182,v018
MJVDK,0,812,812,v005
MJVDK,0,172,172,v016
MJVDK,182,348,166,v023
MJVDK,0,812,812,v008
MJVDK,74,812,738,v018
MJVDK,12,148,136,v018
MJVDK,0,84,84,v025
MJVDK,0,812,812,v008
BZ1TH,72,271,199,v004
BZ1TH,57,728,671,v008
BZ1TH,45,189,144,v023
BZ1TH,0,728,728,v031
BZ1TH,0,728,728,v018
BZ1TH,0,79,79,v012
75HWR,0,889,889,v008
75HWR,578,758,180,v008
75HWR,650,758,108,v017
75HWR,0,889,889,v014
75HWR,631,736,105,v008
W1VO2,45,196,151,v008
W1VO2,108,314,206,v031
W1VO2,268,456,188,v004
W1VO2,24,141,117,v027
W1VO2,2,177,175,v012
W1VO2,261,364,103,v023
W1VO2,129,312,183,v012
W1VO2,0,211,211,v029
6OKDO,408,779,371,v026
6OKDO,0,381,381,v031
6OKDO,0,480,480,v008
6OKDO,0,480,480,v026
6OKDO,487,779,292,v026
QLB69,276,554,278,v016
QLB69,0,756,756,v024
QLB69,0,756,756,v019
QLB69,372,604,232,v005
QLB69,451,573,122,v016
QLB69,352,480,128,v023
QLB69,0,756,756,v008
J355F,0,584,584,v014
J355F,0,584,584,v008
J355F,0,547,547,v008
J355F,0,552,552,v008
J355F,0,139,139,v029
JVISI,520,854,334,v028
JVISI,453,624,171,v008
JVISI,763,902,139,v004
JVISI,424,633,209,v015
JVISI,81,300,219,v001
JVISI,64,206,142,v029
JVISI,434,628,194,v008
JVISI,285,902,617,v018
JVISI,285,902,617,v018
S0B9O,33,362,329,v019
S0B9O,0,633,633,v008
S0B9O,115,580,465,v030
RH2YW,290,439,149,v012
RH2YW,55,204,149,v005
RH2YW,206,321,115,v016
RH2YW,211,357,146,v016
RH2YW,57,175,118,v005
RH2YW,0,309,309,v008
RH2YW,199,393,194,v016
RH2YW,0,412,412,v008
R2YKH,120,499,379,v014
R2YKH,93,1308,1215,v018
R2YKH,794,1058,264,v015
R2YKH,45,216,171,v018
R2YKH,141,592,451,v008
R2YKH,451,681,230,v016
R2YKH,1200,1348,148,v022
R2YKH,1063,1207,144,v004
R2YKH,1051,1233,182,v008
R2YKH,0,1329,1329,v018
R2YKH,1044,1240,196,v016
R2YKH,1036,1233,197,v016
R2YKH,100,525,425,v023
R2YKH,470,640,170,v023
R2YKH,708,1125,417,v016
WEU2E,72,374,302,v008
WEU2E,256,427,171,v016
WEU2E,343,561,218,v019
WEU2E,633,724,91,v009
WEU2E,72,192,120,v029
KZ7Y8,43,266,223,v012
KZ7Y8,38,288,250,v007
KZ7Y8,264,670,406,v031
KZ7Y8,64,285,221,v029
P87UK,247,424,177,v012
P87UK,0,501,501,v008
P87UK,333,537,204,v016
P87UK,292,535,243,v016
P87UK,0,283,283,v031
N93LD,465,653,188,v016
N93LD,398,653,255,v016
N93LD,0,653,653,v004
N93LD,0,653,653,v022
N93LD,480,626,146,v016
N93LD,0,653,653,v008
N93LD,405,554,149,v023
N93LD,384,501,117,v001
N93LD,0,619,619,v008
N93LD,403,602,199,v008
RUG1J,0,321,321,v021
RUG1J,0,501,501,v008
RUG1J,240,345,105,v020
RUG1J,0,496,496,v008
3DUAO,93,489,396,v008
3DUAO,444,834,390,v008
3DUAO,381,834,453,v005
3DUAO,307,444,137,v016
3DUAO,110,264,154,v023
3DUAO,319,482,163,v016
3DUAO,422,547,125,v023
19SJ6,120,259,139,v018
19SJ6,566,739,173,v008
19SJ6,396,561,165,v016
19SJ6,0,751,751,v030
19SJ6,199,367,168,v016
YBVUE,372,722,350,v016
YBVUE,0,261,261,v028
YBVUE,0,621,621,v019
YBVUE,412,722,310,v016
YBVUE,0,624,624,v009
RF3EW,93,343,250,v001
RF3EW,189,523,334,v008
RF3EW,336,535,199,v031
RF3EW,285,655,370,v008
RF3EW,213,830,617,v023
RF3EW,688,833,145,v031
RF3EW,0,705,705,v014
BZ0YN,0,566,566,v004
BZ0YN,0,588,588,v008
BZ0YN,652,730,78,v002
677VJ,0,793,793,v014
677VJ,0,793,793,v018
LVJ3U,144,240,96,v027
LVJ3U,0,634,634,v017
DHR83,7,129,122,v016
DHR83,0,124,124,v008
DHR83,33,740,707,v032
DHR83,28,240,212,v020
DHR83,0,740,740,v005
DHR83,0,206,206,v008
DHR83,36,740,704,v032
DHR83,0,740,740,v005
DHR83,14,129,115,v016
DHR83,0,740,740,v008
IKPR3,0,461,461,v005
IKPR3,0,381,381,v008
IKPR3,0,461,461,v005
IKPR3,235,461,226,v017
IKPR3,220,340,120,v022
IKPR3,0,261,261,v008
ECCW2,441,655,214,v008
ECCW2,0,665,665,v018
ECCW2,0,665,665,v018
ECCW2,72,230,158,v008
ECCW2,408,554,146,v008
ECCW2,400,520,120,v023
ECCW2,386,657,271,v026
ECCW2,549,662,113,v016
ECCW2,398,511,113,v016
ECCW2,492,638,146,v023
LENVX,0,800,800,v030
LENVX,19,187,168,v008
LENVX,124,367,243,v008
0R4UI,0,91,91,v004
0R4UI,0,151,151,v015
0R4UI,0,172,172,v018
0R4UI,0,134,134,v008
TYKVA,288,600,312,v016
TYKVA,0,120,120,v012
TYKVA,76,237,161,v016
76A29,69,203,134,v016
76A29,0,203,203,v008
76A29,0,170,170,v023
485I1,585,732,147,v004
485I1,362,554,192,v022
485I1,0,297,297,v018
485I1,0,271,271,v031
485I1,290,484,194,v029
00ZCA,878,1252,374,v008
00ZCA,252,405,153,v007
00ZCA,854,1296,442,v026
00ZCA,252,393,141,v012
00ZCA,242,405,163,v012
00ZCA,566,852,286,v001
00ZCA,520,772,252,v001
00ZCA,597,1017,420,v023
7TNGJ,424,636,212,v001
7TNGJ,9,141,132,v012
7TNGJ,232,352,120,v005
QJIRI,0,747,747,v008
QJIRI,0,747,747,v008
QJIRI,0,747,747,v008
WH1PD,477,723,246,v004
WH1PD,0,412,412,v019
WH1PD,0,398,398,v008
WH1PD,0,723,723,v018
WH1PD,0,220,220,v031
WH1PD,288,475,187,v016
WH1PD,0,434,434,v013
WH1PD,0,391,391,v014
WH1PD,408,723,315,v023
3XUPT,0,321,321,v008
3XUPT,0,321,321,v012
3XUPT,228,748,520,v003
5OMSL,0,863,863,v008
5OMSL,648,863,215,v008
5OMSL,626,765,139,v023
I6KKY,72,340,268,v008
I6KKY,67,208,141,v023
I6KKY,211,340,129,v001
I6KKY,21,180,159,v012
I6KKY,57,340,283,v023
I6KKY,57,340,283,v008
I6KKY,0,340,340,v019
BCQWJ,134,295,161,v023
BCQWJ,52,477,425,v017
BCQWJ,151,547,396,v008
BCQWJ,79,184,105,v029
BCQWJ,211,331,120,v023
BCQWJ,228,477,249,v008
J9P8D,60,696,636,v008
J9P8D,45,696,651,v008
J9P8D,40,696,656,v017
J9P8D,69,213,144,v029
J9P8D,127,256,129,v029
32N81,40,160,120,v022
32N81,86,541,455,v023
32N81,0,541,541,v008
32N81,132,436,304,v015
ZVCMM,398,634,236,v016
ZVCMM,412,561,149,v008
ZVCMM,436,561,125,v016
ZVCMM,206,343,137,v012
ZVCMM,88,261,173,v005
ZVCMM,405,568,163,v023
ZVCMM,0,634,634,v008
ZVCMM,0,634,634,v016
ZVCMM,338,501,163,v001
827O1,273,393,120,v008
827O1,288,412,124,v012
827O1,388,530,142,v016
827O1,223,384,161,v023
827O1,314,465,151,v023
827O1,362,487,125,v019
827O1,333,614,281,v008
827O1,333,463,130,v023
827O1,343,614,271,v008
827O1,333,463,130,v023
U9B0R,432,626,194,v001
U9B0R,0,602,602,v031
U9B0R,532,729,197,v022
U9B0R,585,745,160,v025
U9B0R,585,745,160,v023
U9B0R,0,745,745,v008
U9B0R,432,576,144,v016
U9B0R,0,525,525,v032
U9B0R,0,566,566,v008
U9B0R,580,745,165,v008
U9B0R,0,552,552,v008
QL92H,165,367,202,v018
QL92H,331,477,146,v001
QL92H,208,340,132,v012
QL92H,4,194,190,v017
QL92H,139,278,139,v018
QL92H,343,484,141,v016
QL92H,441,523,82,v029
QL92H,69,194,125,v025
QL92H,331,487,156,v008
QL92H,314,460,146,v023
QL92H,254,396,142,v022
QL92H,328,482,154,v016
QL92H,48,168,120,v029
8K0Y5,72,766,694,v008
8K0Y5,72,766,694,v014
8K0Y5,24,766,742,v004
8K0Y5,24,766,742,v008
IP2EA,602,739,137,v025
IP2EA,0,568,568,v005
IP2EA,535,686,151,v022
IP2EA,0,624,624,v018
IP2EA,0,638,638,v018
IP2EA,204,484,280,v016
IP2EA,0,778,778,v008
IP2EA,0,597,597,v008
IP2EA,184,391,207,v023
IP2EA,357,475,118,v016
IP2EA,302,448,146,v031
IP2EA,434,612,178,v016
IP2EA,244,372,128,v008
WENGZ,158,753,595,v005
WENGZ,4,187,183,v012
WENGZ,0,379,379,v019
WENGZ,328,451,123,v001
WENGZ,129,753,624,v008
WENGZ,0,398,398,v009
T04MB,0,376,376,v031
T04MB,0,388,388,v006
T04MB,160,384,224,v019
G1KTZ,307,468,161,v016
G1KTZ,405,749,344,v031
G1KTZ,0,456,456,v004
G1KTZ,357,487,130,v022
G1KTZ,0,93,93,v018
YUOVC,139,451,312,v003
YUOVC,45,184,139,v023
YUOVC,614,727,113,v023
YUOVC,372,530,158,v028
YUOVC,427,540,113,v025
XD03B,0,280,280,v008
XD03B,134,276,142,v016
XD03B,208,705,497,v008
XD03B,208,705,497,v026
XD03B,134,273,139,v016
XD03B,432,705,273,v023
XD03B,28,175,147,v018
XD03B,439,700,261,v031
XD03B,441,554,113,v012
XD03B,446,705,259,v001
XD03B,153,271,118,v012
XD03B,187,552,365,v029
XD03B,434,705,271,v008
OZPA9,9,204,195,v027
OZPA9,307,1045,738,v032
OZPA9,314,499,185,v018
OZPA9,350,1045,695,v018
OZPA9,396,1045,649,v032
OZPA9,391,1045,654,v018
6SB75,12,463,451,v031
6SB75,0,754,754,v010
6SB75,400,609,209,v025
6SB75,0,754,754,v012
6SB75,0,754,754,v008
D2VU8,136,470,334,v008
D2VU8,168,470,302,v010
D2VU8,7,124,117,v022
D2VU8,12,163,151,v008
D2VU8,67,196,129,v016
D2VU8,158,470,312,v021
D2VU8,14,192,178,v014
D2VU8,0,120,120,v014
D2VU8,372,468,96,v001
D2VU8,96,192,96,v016
D2VU8,216,336,120,v019
D2VU8,0,96,96,v031
D2VU8,144,336,192,v023
D2VU8,384,470,86,v016
D2VU8,127,242,115,v023
D2VU8,129,264,135,v018
D2VU8,225,367,142,v019
D2VU8,153,336,183,v008
D2VU8,0,100,100,v032
D2VU8,240,456,216,v012
D2VU8,0,112,112,v018
D2VU8,242,470,228,v031
987P8,225,499,274,v008
987P8,48,283,235,v028
987P8,0,124,124,v025
987P8,0,499,499,v018
987P8,0,100,100,v025
987P8,211,376,165,v023
987P8,0,100,100,v025
7M1D0,172,410,238,v016
7M1D0,508,679,171,v020
7M1D0,192,489,297,v030
P27FO,64,292,228,v016
P27FO,242,556,314,v026
P27FO,292,717,425,v016
P27FO,384,648,264,v022
J1EA0,0,749,749,v008
J1EA0,0,348,348,v012
7T6MB,192,754,562,v008
7T6MB,0,194,194,v028
7T6MB,244,754,510,v010
7T6MB,184,372,188,v018
7T6MB,0,165,165,v023
7T6MB,355,754,399,v021
CC6JC,0,120,120,v005
CC6JC,105,290,185,v019
CC6JC,0,480,480,v018
CC6JC,0,103,103,v005
CC6JC,259,381,122,v012
CC6JC,0,480,480,v008
LJS9V,0,607,607,v031
LJS9V,0,139,139,v019
LJS9V,0,607,607,v018
K3T1B,55,242,187,v019
K3T1B,0,163,163,v006
QZ94G,0,649,649,v021
QZ94G,247,649,402,v008
QZ94G,0,649,649,v018
QZ94G,0,649,649,v010
QZ94G,225,355,130,v001
QZ94G,0,314,314,v031
QZ94G,256,417,161,v023
QZ94G,0,340,340,v032
QZ94G,348,649,301,v014
YH85Z,280,759,479,v008
YH85Z,624,759,135,v012
YH85Z,369,602,233,v023
YH85Z,657,759,102,v008
APH4V,151,422,271,v016
APH4V,336,458,122,v001
APH4V,448,741,293,v031
APH4V,0,288,288,v008
APH4V,403,691,288,v012
APH4V,165,417,252,v026
AHZWF,146,304,158,v022
AHZWF,340,487,147,v015
AHZWF,0,249,249,v008
AHZWF,0,328,328,v029
F86M9,242,588,346,v009
F86M9,0,640,640,v031
F86M9,261,604,343,v009
F86M9,0,453,453,v019
ABK63,64,412,348,v021
ABK63,424,631,207,v004
ABK63,52,463,411,v008
ABK63,9,723,714,v010
SF9P7,549,756,207,v022
SF9P7,0,734,734,v030
FI2TP,508,626,118,v023
FI2TP,516,643,127,v022
FI2TP,0,578,578,v032
FI2TP,561,708,147,v023
FI2TP,312,568,256,v020
FI2TP,0,624,624,v018
FI2TP,720,759,39,v032
FI2TP,585,681,96,v031
FI2TP,549,708,159,v008
GXVX8,0,738,738,v010
GXVX8,228,660,432,v004
GXVX8,110,218,108,v023
GXVX8,432,738,306,v019
GXVX8,0,738,738,v018
GXVX8,26,180,154,v029
GXVX8,156,307,151,v015
GXVX8,129,372,243,v008
4EDGW,268,451,183,v014
4EDGW,290,523,233,v024
4EDGW,290,523,233,v009
4EDGW,261,379,118,v029
NTW37,434,541,107,v001
NTW37,348,541,193,v022
NTW37,348,541,193,v022
NTW37,312,444,132,v016
NTW37,0,444,444,v008
XPDI1,264,456,192,v029
XPDI1,0,192,192,v008
XPDI1,120,240,120,v016
XPDI1,408,528,120,v023
XPDI1,48,216,168,v017
XPDI1,0,261,261,v008
XPDI1,0,139,139,v004
XPDI1,0,254,254,v016
LV760,0,369,369,v031
LV760,0,160,160,v023
D9AR5,0,782,782,v008
D9AR5,0,669,669,v002
9HNRY,0,528,528,v012
9HNRY,424,561,137,v023
9HNRY,0,639,639,v018
9HNRY,432,559,127,v023
9HNRY,96,228,132,v020
9HNRY,158,283,125,v020
9HNRY,444,639,195,v008
9HNRY,0,639,639,v008
LU82W,0,62,62,v016
LU82W,7,279,272,v008
LU82W,24,279,255,v009
LU82W,0,103,103,v023
LU82W,24,279,255,v009
LU82W,0,279,279,v008
LU82W,0,60,60,v025
LU82W,26,279,253,v019
LU82W,4,279,275,v008
6MJGP,0,631,631,v008
6MJGP,24,408,384,v014
6MJGP,408,528,120,v012
6MJGP,0,100,100,v012
6MJGP,480,631,151,v008
6MJGP,482,597,115,v001
6MJGP,343,482,139,v020
TZF0X,26,218,192,v008
TZF0X,218,328,110,v028
TZF0X,88,264,176,v029
TZF0X,52,216,164,v016
TZF0X,76,220,144,v025
TZF0X,376,510,134,v023
TZF0X,98,235,137,v025
0GFE8,0,321,321,v016
0GFE8,0,340,340,v008
0GFE8,38,345,307,v016
0GFE8,290,430,140,v017
CBLSW,592,751,159,v016
CBLSW,319,475,156,v023
CBLSW,340,741,401,v008
CBLSW,64,271,207,v023
T5GRP,0,513,513,v031
T5GRP,0,487,487,v019
T5GRP,0,508,508,v018
T5GRP,0,508,508,v032
T5GRP,0,388,388,v009
T5GRP,0,516,516,v018
7BQ1O,506,710,204,v009
7BQ1O,52,158,106,v027
7BQ1O,4,218,214,v001
7BQ1O,127,300,173,v012
7BQ1O,9,165,156,v029
VG8QP,110,228,118,v008
VG8QP,256,477,221,v016
VG8QP,79,228,149,v023
VG8QP,0,292,292,v023
VG8QP,40,331,291,v004
VG8QP,391,648,257,v015
VG8QP,96,345,249,v019
VG8QP,0,732,732,v008
FJRGJ,117,252,135,v012
FJRGJ,187,405,218,v016
FJRGJ,110,252,142,v012
Q57HC,744,940,196,v012
Q57HC,7,794,787,v002
Q57HC,403,770,367,v008
Q57HC,338,439,101,v023
Q57HC,628,729,101,v016
9T0AC,561,790,229,v008
9T0AC,0,790,790,v018
9T0AC,616,770,154,v008
9T0AC,679,790,111,v005
9T0AC,525,693,168,v012
9T0AC,0,542,542,v008
9T0AC,0,439,439,v016
9T0AC,0,432,432,v030
TZEJS,333,458,125,v018
TZEJS,163,434,271,v008
TZEJS,456,633,177,v016
TZEJS,144,408,264,v005
TZEJS,0,240,240,v016
TZEJS,48,408,360,v018
TZEJS,64,223,159,v015
TZEJS,151,259,108,v023
FU5BL,266,552,286,v008
FU5BL,0,585,585,v008
FU5BL,292,774,482,v005
FU5BL,528,774,246,v031
FU5BL,249,602,353,v016
FU5BL,0,614,614,v014
FU5BL,235,564,329,v005
FU5BL,216,336,120,v023
FU5BL,480,600,120,v016
FU5BL,432,552,120,v016
FU5BL,0,774,774,v018
FU5BL,0,774,774,v018
FU5BL,0,774,774,v032
FU5BL,0,684,684,v023
PAWAE,0,760,760,v014
PAWAE,0,760,760,v031
PAWAE,0,760,760,v008
TYZ05,0,336,336,v008
TYZ05,208,782,574,v004
TYZ05,0,328,328,v005
TYZ05,0,328,328,v005
TYZ05,0,782,782,v018
TYZ05,0,782,782,v014
TYZ05,0,345,345,v008
TYZ05,0,782,782,v031
TYZ05,0,782,782,v032
TYZ05,26,379,353,v008
TYZ05,0,782,782,v018
RAQNI,235,446,211,v016
RAQNI,0,376,376,v026
RAQNI,566,767,201,v031
RAQNI,98,343,245,v008
RAQNI,242,489,247,v016
RAQNI,350,482,132,v023
RAQNI,194,388,194,v026
RAQNI,0,444,444,v008
RAQNI,460,592,132,v029
RAQNI,357,477,120,v023
42PMR,852,932,80,v001
42PMR,544,732,188,v012
42PMR,372,932,560,v008
42PMR,739,932,193,v016
42PMR,348,477,129,v023
42PMR,69,225,156,v008
42PMR,72,187,115,v023
42PMR,0,76,76,v023
42PMR,348,477,129,v023
42PMR,352,932,580,v016
42PMR,0,165,165,v016
42PMR,0,108,108,v008
5TNRZ,0,139,139,v025
5TNRZ,84,365,281,v008
5TNRZ,117,232,115,v029
5TNRZ,0,122,122,v008
NCZOV,69,443,374,v032
NCZOV,0,117,117,v012
NCZOV,0,117,117,v012
NCZOV,76,443,367,v023
NCZOV,76,443,367,v008
B0MFE,0,790,790,v008
B0MFE,0,790,790,v008
B0MFE,0,201,201,v029
LG73V,266,384,118,v001
LG73V,223,360,137,v016
LG73V,40,189,149,v012
LG73V,72,249,177,v012
LG73V,21,254,233,v018
LG73V,266,576,310,v028
LG73V,177,307,130,v001
CY6U7,132,304,172,v022
CY6U7,0,247,247,v018
CY6U7,189,520,331,v023
CY6U7,187,528,341,v023
CY6U7,374,508,134,v012
CY6U7,0,360,360,v032
CY6U7,374,504,130,v029
CY6U7,208,540,332,v008
CY6U7,168,295,127,v016
CY6U7,0,242,242,v018
NPNB3,350,679,329,v003
NPNB3,0,374,374,v003
NPNB3,585,751,166,v020
NPNB3,676,751,75,v023
NPNB3,676,751,75,v008
U4NWI,225,719,494,v008
U4NWI,247,719,472,v026
U4NWI,0,719,719,v018
U4NWI,0,719,719,v031
VUOQF,132,292,160,v012
VUOQF,302,763,461,v005
VUOQF,132,307,175,v023
VUOQF,321,763,442,v019
VUOQF,256,763,507,v008
VUOQF,2,132,130,v029
6W2MO,417,770,353,v008
6W2MO,372,583,211,v023
6W2MO,0,518,518,v008
6W2MO,0,525,525,v024
6W2MO,232,398,166,v020
6W2MO,333,475,142,v014
JCSTR,0,139,139,v031
JCSTR,50,223,173,v004
JCSTR,0,727,727,v018
JCSTR,0,727,727,v008
48IQL,463,602,139,v004
48IQL,427,792,365,v008
48IQL,547,727,180,v018
48IQL,158,321,163,v019
48IQL,384,544,160,v023
48IQL,588,722,134,v018
48IQL,43,237,194,v029
48IQL,232,362,130,v029
B2X4D,0,738,738,v005
B2X4D,0,738,738,v008
B2X4D,254,391,137,v016
B2X4D,268,738,470,v016
5OCXJ,333,719,386,v031
5OCXJ,67,364,297,v000
5OCXJ,242,410,168,v022
5OCXJ,0,345,345,v010
HB4AB,69,170,101,v016
HB4AB,396,563,167,v009
HB4AB,153,304,151,v001
HB4AB,136,254,118,v012
HB4AB,0,563,563,v002
HB4AB,48,172,124,v023
3B81O,136,532,396,v030
3B81O,686,790,104,v001
3B81O,0,189,189,v012
3B81O,472,643,171,v016
3B81O,196,518,322,v016
3B81O,0,177,177,v031
3B81O,446,561,115,v012
3B81O,580,703,123,v001
3B81O,484,667,183,v016
OKL5S,132,458,326,v008
OKL5S,108,290,182,v015
OKL5S,321,535,214,v012
OKL5S,326,518,192,v020
OKL5S,225,369,144,v016
OKL5S,0,338,338,v008
OKL5S,225,367,142,v016
0ZYII,0,793,793,v031
0ZYII,0,793,793,v018
0ZYII,0,793,793,v008
0ZYII,0,793,793,v026
0ZYII,0,793,793,v023
N8WK8,417,510,93,v001
N8WK8,0,510,510,v008
N8WK8,0,510,510,v031
1DGSW,43,921,878,v031
1DGSW,400,763,363,v003
1DGSW,7,139,132,v026
1DGSW,96,307,211,v008
JF0O8,314,463,149,v018
JF0O8,62,247,185,v022
JF0O8,0,307,307,v008
JF0O8,216,396,180,v025
JF0O8,422,742,320,v018
BUE2L,0,758,758,v014
G838Q,0,240,240,v023
G838Q,182,448,266,v026
G838Q,182,448,266,v026
G838Q,194,441,247,v026
SRTW8,0,218,218,v010
SRTW8,141,295,154,v000
SRTW8,196,367,171,v010
SRTW8,242,423,181,v019
TJPFT,24,237,213,v004
TJPFT,0,91,91,v018
TJPFT,0,103,103,v031
TJPFT,0,507,507,v018
TJPFT,0,507,507,v018
TJPFT,0,494,494,v008
TJPFT,376,494,118,v016
TJPFT,410,507,97,v026
UPUPM,393,669,276,v016
UPUPM,302,439,137,v023
UPUPM,0,597,597,v010
UPUPM,40,762,722,v014
UPUPM,211,364,153,v019
UPUPM,398,669,271,v025
UPUPM,400,762,362,v018
UPUPM,264,756,492,v025
UPUPM,146,638,492,v008
UPUPM,0,762,762,v008
IRGXQ,247,604,357,v008
IRGXQ,220,412,192,v023
IRGXQ,67,208,141,v029
IRGXQ,64,266,202,v017
IRGXQ,271,680,409,v014
ZDFOL,297,422,125,v001
ZDFOL,292,410,118,v016
ZDFOL,45,379,334,v008
ZDFOL,0,417,417,v018
ZDFOL,0,391,391,v008
ZDFOL,0,103,103,v031
ZDFOL,64,379,315,v003
ZDFOL,292,412,120,v016
ZDFOL,314,434,120,v022
JTTAP,391,528,137,v016
JTTAP,343,480,137,v012
JTTAP,189,432,243,v014
JTTAP,160,285,125,v023
JTTAP,31,240,209,v008
JTTAP,417,554,137,v001
JTTAP,177,446,269,v008
JTTAP,386,520,134,v016
JTTAP,14,264,250,v004
JTTAP,544,685,141,v029
W20LY,0,735,735,v024
W20LY,484,614,130,v016
W20LY,0,735,735,v018
W20LY,0,386,386,v009
W20LY,0,735,735,v019
E75C2,38,331,293,v015
E75C2,597,745,148,v031
E75C2,290,669,379,v008
QGLQ0,158,559,401,v023
QGLQ0,26,254,228,v016
QGLQ0,0,103,103,v022
QGLQ0,0,735,735,v018
QGLQ0,297,580,283,v012
QGLQ0,168,735,567,v008
QGLQ0,48,240,192,v008
C9ISQ,93,405,312,v022
C9ISQ,134,328,194,v001
73E7V,288,648,360,v008
73E7V,264,384,120,v023
73E7V,288,648,360,v008
73E7V,264,384,120,v023
73E7V,576,696,120,v018
73E7V,249,707,458,v016
73E7V,271,508,237,v012
73E7V,352,686,334,v005
73E7V,583,707,124,v022
73E7V,43,707,664,v026
73E7V,33,696,663,v018
73E7V,19,374,355,v023
73E7V,211,369,158,v016
73E7V,592,707,115,v016
73E7V,57,350,293,v031
73E7V,240,352,112,v016
73E7V,40,686,646,v018
7BLQD,0,391,391,v014
7BLQD,0,379,379,v032
FV51S,144,588,444,v008
FV51S,81,249,168,v023
FV51S,0,146,146,v012
FV51S,470,616,146,v029
FV51S,0,451,451,v008
XMINJ,0,732,732,v008
XMINJ,0,732,732,v030
XMINJ,0,732,732,v030
WSB7W,0,194,194,v012
WSB7W,211,404,193,v031
WSB7W,148,404,256,v018
WSB7W,0,404,404,v008
OINMN,794,960,166,v001
OINMN,0,1087,1087,v008
OINMN,0,439,439,v008
OINMN,549,847,298,v016
OINMN,451,624,173,v012
OINMN,0,1087,1087,v024
OINMN,657,852,195,v025
OINMN,321,444,123,v016
OINMN,794,938,144,v001
OINMN,309,770,461,v016
OINMN,420,628,208,v012
KKONU,55,211,156,v025
KKONU,156,288,132,v023
KKONU,0,216,216,v000
KKONU,144,798,654,v018
KKONU,158,798,640,v008
KKONU,204,446,242,v005
KKONU,0,112,112,v010
KKONU,158,798,640,v018
KKONU,0,160,160,v000
KKONU,175,798,623,v008
0FO58,326,786,460,v029
0FO58,297,422,125,v008
0FO58,31,314,283,v020
02SK4,160,266,106,v016
02SK4,163,336,173,v018
02SK4,369,685,316,v005
02SK4,211,685,474,v018
02SK4,103,242,139,v031
02SK4,184,336,152,v018
02SK4,158,273,115,v016
02SK4,0,160,160,v008
02SK4,0,96,96,v029
02SK4,0,165,165,v008
7BFDL,254,379,125,v016
7BFDL,0,271,271,v008
7BFDL,0,393,393,v008
7BFDL,165,408,243,v016
7BFDL,316,775,459,v003
7BFDL,465,724,259,v016
7BFDL,278,672,394,v008
7BFDL,278,412,134,v023
Q8XEE,244,469,225,v005
Q8XEE,422,469,47,v001
Q8XEE,136,469,333,v031
Q8XEE,316,469,153,v008
Q8XEE,304,469,165,v023
Q8XEE,45,187,142,v012
Q8XEE,4,148,144,v018
Q8XEE,50,469,419,v018
Q8XEE,300,432,132,v023
Q8XEE,38,177,139,v008
Q8XEE,79,469,390,v014
Q8XEE,384,469,85,v016
B8W55,88,271,183,v016
B8W55,0,199,199,v004
B8W55,199,379,180,v018
B8W55,252,735,483,v018
B8W55,201,561,360,v018
B8W55,91,297,206,v008
B8W55,451,664,213,v012
B8W55,120,268,148,v016
B8W55,379,638,259,v031
6MUM6,518,714,196,v004
6MUM6,132,288,156,v015
6MUM6,0,714,714,v008
6MUM6,249,472,223,v015
6MUM6,0,714,714,v008
4GCPM,91,278,187,v008
4GCPM,72,283,211,v023
4GCPM,132,321,189,v001
4GCPM,62,237,175,v012
4GCPM,415,890,475,v005
21E40,441,743,302,v023
21E40,0,743,743,v008
21E40,696,743,47,v023
21E40,696,743,47,v004
21E40,696,743,47,v022
21E40,696,743,47,v029
OLV1L,484,703,219,v008
OLV1L,607,717,110,v005
OLV1L,369,484,115,v020
OLV1L,0,141,141,v022
OLV1L,79,739,660,v018
OLV1L,117,451,334,v006
OLV1L,57,189,132,v018
U6EKW,0,672,672,v008
U6EKW,0,672,672,v008
U6EKW,0,672,672,v013
U6EKW,0,648,648,v014
HUNW6,415,754,339,v008
HUNW6,472,754,282,v026
HUNW6,4,444,440,v008
HUNW6,124,448,324,v005
HUNW6,362,482,120,v022
HUNW6,468,754,286,v030
BV28R,0,292,292,v014
BV28R,259,906,647,v031
BV28R,0,906,906,v018
BV28R,748,906,158,v022
BV28R,0,787,787,v018
BV28R,0,196,196,v031
BV28R,0,201,201,v008
BV28R,0,379,379,v032
IAK2E,0,662,662,v024
IAK2E,0,655,655,v008
IAK2E,0,199,199,v008
IAK2E,0,619,619,v008
IAK2E,50,201,151,v004
IAK2E,105,271,166,v009
IAK2E,554,685,131,v023
IAK2E,0,170,170,v019
IAK2E,616,685,69,v014
T832F,146,259,113,v025
T832F,33,213,180,v026
T832F,134,259,125,v025
T832F,33,254,221,v008
T832F,33,256,223,v023
T832F,84,199,115,v016
T832F,156,268,112,v025
T832F,9,124,115,v026
1WEDJ,0,465,465,v008
1WEDJ,400,810,410,v016
1WEDJ,0,403,403,v008
1WEDJ,583,760,177,v012
1WEDJ,0,372,372,v026
1WEDJ,583,810,227,v008
1WEDJ,398,660,262,v026
1WEDJ,530,801,271,v023
T28D7,0,774,774,v002
T28D7,158,319,161,v019
QB7ZN,482,836,354,v018
QB7ZN,398,578,180,v018
QB7ZN,283,477,194,v012
QB7ZN,475,836,361,v018
9R4AQ,0,683,683,v008
9R4AQ,0,112,112,v004
9R4AQ,91,232,141,v004
9R4AQ,139,264,125,v019
9R4AQ,0,683,683,v008
9R4AQ,0,683,683,v008
9R4AQ,314,683,369,v009
1X9A1,494,705,211,v005
1X9A1,0,763,763,v008
1X9A1,314,763,449,v008
1X9A1,12,192,180,v029
T1KK1,0,93,93,v004
T1KK1,16,196,180,v016
T1KK1,86,391,305,v008
T1KK1,127,415,288,v005
T1KK1,280,516,236,v018
T1KK1,405,703,298,v018
T1KK1,0,216,216,v023
T1KK1,100,211,111,v016
T1KK1,124,242,118,v023
T1KK1,199,403,204,v023
T1KK1,0,700,700,v008
T1KK1,0,74,74,v023
9RX96,220,386,166,v008
9RX96,333,748,415,v026
9RX96,662,900,238,v031
9RX96,252,724,472,v026
8X7D6,292,549,257,v002
8X7D6,482,657,175,v031
8X7D6,398,547,149,v019
8X7D6,549,672,123,v001
8X7D6,643,785,142,v016
8X7D6,614,785,171,v023
8X7D6,638,785,147,v008
8X7D6,513,667,154,v032
8X7D6,14,424,410,v008
8X7D6,484,648,164,v031
8X7D6,475,785,310,v018
8X7D6,0,408,408,v023
8X7D6,489,765,276,v018
I31V9,127,285,158,v023
I31V9,0,108,108,v005
I31V9,88,218,130,v016
I31V9,86,220,134,v016
I31V9,0,112,112,v005
I31V9,187,289,102,v012
I31V9,216,289,73,v032
I31V9,0,192,192,v008
I31V9,0,187,187,v008
I31V9,60,177,117,v027
I31V9,180,289,109,v008
I31V9,180,289,109,v031
I31V9,62,289,227,v010
T5JY8,369,564,195,v004
T5JY8,0,456,456,v014
T5JY8,600,757,157,v031
T5JY8,458,612,154,v022
T5JY8,369,757,388,v008
T5JY8,0,559,559,v018
T5JY8,357,475,118,v023
T5JY8,0,585,585,v018
MC34P,432,725,293,v008
MC34P,480,725,245,v014
MC34P,432,552,120,v023
MC34P,0,624,624,v031
MC34P,0,725,725,v018
MC34P,0,672,672,v008
MC34P,0,725,725,v018
UECH4,552,768,216,v031
UECH4,451,744,293,v020
UECH4,0,769,769,v008
UECH4,0,547,547,v015
UECH4,0,769,769,v008
ZRRC8,0,115,115,v010
ZRRC8,14,213,199,v000
ZRRC8,369,544,175,v008
ZRRC8,328,472,144,v023
ZRRC8,124,321,197,v022
ZRRC8,14,213,199,v000
ZRRC8,336,468,132,v023
EBCTL,192,312,120,v012
EBCTL,0,288,288,v002
EBCTL,148,302,154,v016
EBCTL,148,302,154,v016
EBCTL,216,362,146,v001
PCNB7,0,278,278,v006
PCNB7,240,605,365,v008
9B93K,43,616,573,v008
9B93K,43,616,573,v023
9B93K,43,616,573,v005
9B93K,480,616,136,v016
9B93K,816,960,144,v029
9B93K,552,729,177,v016
9B93K,520,744,224,v016
9B93K,669,878,209,v027
9B93K,84,564,480,v008
9B93K,48,249,201,v023
9B93K,43,655,612,v005
9B93K,722,909,187,v007
NCBNH,170,811,641,v015
NCBNH,686,971,285,v026
NCBNH,691,971,280,v008
NCBNH,864,971,107,v017
NCBNH,676,825,149,v016
NCBNH,772,945,173,v030
NCBNH,660,816,156,v023
NCBNH,175,801,626,v008
NCBNH,175,801,626,v008
NCBNH,705,955,250,v016
GUCB4,211,636,425,v015
GUCB4,120,261,141,v018
GUCB4,55,220,165,v018
GUCB4,621,943,322,v004
GUCB4,957,1111,154,v022
GUCB4,580,1029,449,v008
GUCB4,132,1075,943,v018
GUCB4,170,273,103,v023
GUCB4,264,372,108,v016
SB7CW,148,803,655,v008
SB7CW,16,180,164,v012
SB7CW,40,240,200,v020
SB7CW,0,172,172,v012
SB7CW,0,803,803,v008
AYF5C,0,408,408,v027
AYF5C,0,408,408,v027
AYF5C,86,398,312,v019
AYF5C,393,743,350,v003
2XJG9,592,703,111,v004
2XJG9,0,703,703,v008
2XJG9,0,280,280,v008
2XJG9,0,703,703,v008
2XJG9,0,208,208,v023
2XJG9,0,703,703,v008
2XJG9,194,703,509,v016
OQM2I,0,134,134,v019
OQM2I,144,285,141,v001
OQM2I,0,151,151,v031
OQM2I,103,271,168,v012
OQM2I,141,362,221,v029
OQM2I,4,151,147,v006
09AT0,91,731,640,v008
09AT0,105,352,247,v012
09AT0,247,731,484,v026
09AT0,0,731,731,v008
09AT0,43,189,146,v001
09AT0,91,278,187,v012
09AT0,0,731,731,v026
09AT0,0,731,731,v016
D1UWI,0,72,72,v023
D1UWI,0,237,237,v008
D1UWI,0,237,237,v008
D1UWI,396,511,115,v016
NNG2V,415,588,173,v009
NNG2V,0,259,259,v031
NNG2V,256,436,180,v000
NNG2V,465,597,132,v009
NNG2V,340,746,406,v031
NNG2V,0,754,754,v018
NNG2V,321,754,433,v031
485G9,194,737,543,v008
485G9,319,737,418,v018
485G9,172,338,166,v023
485G9,249,737,488,v014
485G9,55,184,129,v029
485G9,297,475,178,v018
1EX1G,31,657,626,v014
1EX1G,0,657,657,v007
1EX1G,50,657,607,v008
OH3R9,0,717,717,v031
OH3R9,96,235,139,v016
OH3R9,0,220,220,v016
OH3R9,628,717,89,v006
OH3R9,0,213,213,v008
FKJ9L,2,187,185,v016
FKJ9L,2,187,185,v016
FKJ9L,0,513,513,v019
FKJ9L,9,187,178,v016
FKJ9L,679,726,47,v016
FKJ9L,679,726,47,v008
FKJ9L,679,726,47,v008
TPH12,268,492,224,v019
TPH12,0,175,175,v018
TPH12,549,711,162,v022
TPH12,16,691,675,v018
TPH12,9,691,682,v018
TPH12,292,691,399,v014
TPH12,283,393,110,v023
TPH12,12,360,348,v031
TPH12,590,693,103,v016
TPH12,4,144,140,v023
TPH12,292,652,360,v008
TPH12,261,374,113,v016
TPH12,19,357,338,v008
TPH12,300,660,360,v024
TPH12,16,153,137,v012
TPH12,235,379,144,v001
KTBKA,0,228,228,v021
KTBKA,264,393,129,v012
KTBKA,127,357,230,v026
UCNVW,0,744,744,v014
UCNVW,0,744,744,v018
UCNVW,0,513,513,v031
UVN96,504,747,243,v001
UVN96,235,396,161,v012
UVN96,175,376,201,v023
UVN96,280,518,238,v014
UVN96,240,747,507,v008
FGY8R,0,129,129,v014
FGY8R,165,360,195,v008
FGY8R,292,496,204,v022
FGY8R,144,434,290,v001
FGY8R,256,516,260,v018
FGY8R,0,201,201,v008
FGY8R,249,424,175,v005
FGY8R,254,405,151,v005
FGY8R,542,655,113,v012
FGY8R,57,523,466,v031
FGY8R,0,136,136,v012
FGY8R,304,441,137,v016
FGY8R,223,396,173,v023
FGY8R,216,328,112,v008
FGY8R,544,655,111,v029
FGY8R,319,451,132,v016
FGY8R,43,156,113,v018
FGY8R,223,372,149,v023
FGY8R,391,518,127,v001
FGY8R,434,576,142,v016
F8HLI,0,393,393,v008
F8HLI,0,434,434,v018
F8HLI,379,525,146,v017
F8HLI,348,458,110,v022
F8HLI,0,415,415,v031
F8HLI,0,528,528,v018
F8HLI,0,67,67,v012
F8HLI,312,427,115,v001
0V4B3,0,782,782,v018
0V4B3,0,782,782,v032
0V4B3,7,158,151,v004
0V4B3,0,782,782,v032
0V4B3,0,782,782,v008
B8JAF,386,669,283,v030
B8JAF,240,468,228,v001
B8JAF,0,136,136,v012
B8JAF,189,300,111,v012
B8JAF,379,775,396,v008
PZQ5A,31,331,300,v007
PZQ5A,146,312,166,v012
PZQ5A,206,403,197,v001
PZQ5A,206,403,197,v029
PZQ5A,110,247,137,v023
D5886,67,651,584,v021
D5886,62,651,589,v008
D5886,132,309,177,v004
D5886,117,651,534,v008
D5886,508,651,143,v031
D5886,0,156,156,v012
D5886,36,182,146,v029
D5886,62,651,589,v008
4NRPM,434,660,226,v028
4NRPM,9,444,435,v028
4NRPM,0,129,129,v023
4NRPM,0,732,732,v008
4NRPM,0,732,732,v008
G1CM7,482,855,373,v018
G1CM7,0,468,468,v026
G1CM7,547,703,156,v012
G1CM7,590,855,265,v031
G1CM7,492,669,177,v023
G1CM7,441,855,414,v018
G1CM7,7,201,194,v008
G1CM7,508,855,347,v008
G1CM7,170,304,134,v008
G1CM7,278,484,206,v023
G1CM7,290,458,168,v016
G1CM7,362,566,204,v018
DIM24,0,742,742,v008
DIM24,4,151,147,v012
DIM24,434,636,202,v008
DIM24,278,441,163,v022
DIM24,0,372,372,v018
DIM24,364,742,378,v008
16KTS,496,730,234,v012
16KTS,0,535,535,v002
I5KUM,24,364,340,v007
I5KUM,0,175,175,v008
I5KUM,60,300,240,v005
I5KUM,93,336,243,v016
I5KUM,0,379,379,v019
I5KUM,180,400,220,v012
I5KUM,93,326,233,v004
QG4N1,532,711,179,v016
QG4N1,0,364,364,v008
QG4N1,204,415,211,v016
QG4N1,244,468,224,v028
QG4N1,0,340,340,v013
QG4N1,0,328,328,v014
SAGM9,237,720,483,v031
SAGM9,352,621,269,v004
SAGM9,254,393,139,v005
SAGM9,194,328,134,v023
SAGM9,45,268,223,v008
SAGM9,247,489,242,v008
OU3HS,79,669,590,v011
OU3HS,705,935,230,v018
OU3HS,700,935,235,v018
OU3HS,513,856,343,v008
OU3HS,88,595,507,v008
OU3HS,458,736,278,v016
OU3HS,667,820,153,v018
OU3HS,840,935,95,v031
X6JKA,0,136,136,v020
VO45S,0,316,316,v008
VO45S,374,747,373,v030
VO45S,218,338,120,v016
VO45S,307,463,156,v008
VO45S,400,664,264,v030
WHRBU,456,578,122,v008
WHRBU,74,492,418,v018
WHRBU,468,590,122,v023
WHRBU,396,643,247,v022
WHRBU,410,552,142,v012
0K0LP,0,105,105,v018
0K0LP,194,333,139,v031
0K0LP,180,316,136,v018
0K0LP,194,639,445,v018
0K0LP,244,639,395,v005
0K0LP,2,127,125,v022
0K0LP,345,520,175,v012
0K0LP,153,639,486,v008
LEPM3,31,199,168,v012
LEPM3,0,823,823,v008
LEPM3,736,823,87,v016
LEPM3,518,672,154,v023
LEPM3,734,823,89,v016
IHLXC,0,194,194,v021
IHLXC,31,172,141,v010
IHLXC,158,393,235,v018
IHLXC,165,393,228,v022
ECMQU,403,614,211,v008
ECMQU,374,520,146,v023
ECMQU,0,156,156,v019
ECMQU,0,424,424,v003
ECMQU,0,127,127,v003
ECMQU,475,614,139,v004
ECMQU,547,684,137,v022
ECMQU,0,336,336,v016
ECMQU,0,626,626,v018
B1FY9,396,580,184,v008
B1FY9,484,686,202,v016
B1FY9,403,612,209,v008
B1FY9,403,612,209,v023
B1FY9,38,158,120,v023
B1FY9,463,686,223,v025
B1FY9,26,741,715,v008
B1FY9,136,741,605,v030
B6HUA,0,746,746,v019
B6HUA,0,612,612,v019
B6HUA,165,669,504,v009
B6HUA,0,746,746,v010
B6HUA,0,746,746,v008
KNDY2,0,515,515,v018
KNDY2,0,515,515,v031
KNDY2,141,273,132,v022
KNDY2,153,391,238,v013
KNDY2,0,506,506,v008
KNDY2,0,228,228,v018
KNDY2,0,451,451,v014
B8DL6,0,391,391,v018
B8DL6,268,417,149,v022
B8DL6,338,515,177,v026
B8DL6,0,295,295,v015
B8DL6,0,338,338,v008
WYZCW,0,124,124,v022
WYZCW,218,391,173,v012
WYZCW,304,588,284,v003
WYZCW,571,715,144,v003
WYZCW,432,595,163,v023
WYZCW,415,547,132,v022
WYZCW,0,513,513,v018
WYZCW,460,728,268,v008
WYZCW,628,728,100,v029
C4KZ4,14,139,125,v001
C4KZ4,100,328,228,v016
G5KWF,0,737,737,v006
G5KWF,67,544,477,v025
G5KWF,489,626,137,v009
G5KWF,146,309,163,v019
GDIW0,398,576,178,v001
GDIW0,0,540,540,v008
GDIW0,0,501,501,v014
GDIW0,448,772,324,v031
GDIW0,0,470,470,v031
WMZME,597,775,178,v023
WMZME,763,971,208,v029
WMZME,0,636,636,v006
WMZME,0,144,144,v007
WMZME,292,456,164,v007
0QHR4,0,378,378,v008
0QHR4,0,170,170,v012
0QHR4,216,378,162,v008
0QHR4,79,213,134,v005
0QHR4,0,110,110,v007
0QHR4,0,127,127,v012
63XVB,0,696,696,v018
63XVB,408,624,216,v019
63XVB,624,744,120,v022
63XVB,0,696,696,v031
63XVB,0,696,696,v014
63XVB,0,696,696,v018
63XVB,0,88,88,v032
63XVB,758,819,61,v029
VGAMG,0,331,331,v004
VGAMG,235,374,139,v008
VGAMG,96,326,230,v023
VGAMG,372,703,331,v018
VGAMG,441,638,197,v016
VGAMG,0,345,345,v008
VGAMG,0,74,74,v023
VGAMG,230,374,144,v016
5LJ3J,0,612,612,v018
5LJ3J,0,612,612,v008
5LJ3J,336,609,273,v016
5LJ3J,0,386,386,v021
5LJ3J,0,403,403,v008
5LJ3J,309,427,118,v012
MKBH8,612,711,99,v019
MKBH8,0,711,711,v016
MKBH8,0,711,711,v015
8L08M,283,446,163,v018
8L08M,127,384,257,v003
8L08M,0,208,208,v008
8L08M,108,223,115,v025
8L08M,240,405,165,v018
PYE2T,259,746,487,v008
PYE2T,81,300,219,v018
PYE2T,184,765,581,v010
PYE2T,151,765,614,v031
PYE2T,240,679,439,v014
Q9Q9L,103,755,652,v008
Q9Q9L,408,755,347,v004
Q9Q9L,0,141,141,v018
Q9Q9L,19,153,134,v022
Q9Q9L,96,228,132,v023
Q9Q9L,103,755,652,v008
0DBQD,0,139,139,v008
0DBQD,0,738,738,v018
0DBQD,0,738,738,v031
0DBQD,0,122,122,v031
0DBQD,0,122,122,v005
0DBQD,0,122,122,v005
0DBQD,0,738,738,v008
0DBQD,206,427,221,v004
0DBQD,0,738,738,v014
61FWZ,338,737,399,v018
61FWZ,350,737,387,v008
61FWZ,0,446,446,v030
61FWZ,0,441,441,v008
ARN8U,0,463,463,v004
ARN8U,338,589,251,v008
ARN8U,0,319,319,v008
ARN8U,364,589,225,v021
ARN8U,0,436,436,v018
ARN8U,0,436,436,v018
ARN8U,333,589,256,v008
3H1EA,0,151,151,v031
3H1EA,187,453,266,v008
3H1EA,170,319,149,v023
3H1EA,26,146,120,v001
3H1EA,0,153,153,v008
3H1EA,417,537,120,v004
3H1EA,307,422,115,v016
3H1EA,45,160,115,v025
3H1EA,208,386,178,v015
Q6XGG,0,744,744,v018
Q6XGG,0,744,744,v031
Q6XGG,595,744,149,v005
QT4WM,33,223,190,v012
QT4WM,422,893,471,v025
QT4WM,458,609,151,v031
QT4WM,484,672,188,v023
QT4WM,40,232,192,v012
QT4WM,432,595,163,v008
QT4WM,628,806,178,v016
CN5G4,885,1012,127,v012
CN5G4,0,417,417,v018
CN5G4,964,1055,91,v001
CN5G4,0,669,669,v005
CN5G4,0,669,669,v005
CN5G4,0,132,132,v008
CN5G4,0,170,170,v008
CN5G4,0,708,708,v018
CN5G4,943,1055,112,v008
VDXXV,160,283,123,v016
VDXXV,624,903,279,v008
VDXXV,516,672,156,v012
VDXXV,516,672,156,v012
VDXXV,160,283,123,v008
VDXXV,208,525,317,v021
VDXXV,463,571,108,v022
VDXXV,715,852,137,v001
VDXXV,213,525,312,v010
VDXXV,588,751,163,v023
VDXXV,163,300,137,v025
70TVS,240,357,117,v028
70TVS,204,321,117,v018
70TVS,602,919,317,v018
70TVS,393,640,247,v028
70TVS,837,976,139,v022
70TVS,225,477,252,v028
70TVS,561,950,389,v031
70TVS,218,950,732,v018
70TVS,477,624,147,v025
TE074,0,747,747,v024
TE074,168,747,579,v008
TE074,98,283,185,v023
TE074,0,747,747,v008
TE074,0,747,747,v008
JX18W,192,391,199,v008
JX18W,177,624,447,v022
JX18W,345,556,211,v012
JX18W,343,561,218,v012
JX18W,0,297,297,v000
JX18W,256,412,156,v023
1BEFM,0,705,705,v018
1BEFM,43,235,192,v005
1BEFM,62,196,134,v008
1BEFM,57,204,147,v016
1BEFM,343,492,149,v016
61BEP,736,873,137,v027
61BEP,0,873,873,v014
61BEP,676,806,130,v022
61BEP,0,789,789,v018
61BEP,0,873,873,v008
4P13T,38,208,170,v008
4P13T,105,355,250,v012
4P13T,0,115,115,v023
4P13T,0,86,86,v017
4P13T,441,590,149,v023
4P13T,624,744,120,v029
4P13T,264,408,144,v016
0BX9N,283,513,230,v012
0BX9N,422,543,121,v008
0BX9N,33,237,204,v016
0BX9N,93,240,147,v008
0BX9N,84,244,160,v016
0BX9N,295,543,248,v023
0BX9N,9,153,144,v008
0BX9N,122,271,149,v016
0BX9N,331,543,212,v023
0BX9N,0,235,235,v023
BRE3P,38,386,348,v016
BRE3P,57,220,163,v012
BRE3P,489,657,168,v015
BRE3P,0,163,163,v008
BRE3P,585,720,135,v004
BRE3P,103,218,115,v016
BRE3P,672,720,48,v023
BRE3P,672,720,48,v023
BRE3P,672,720,48,v016
BRE3P,672,720,48,v016
BRE3P,0,326,326,v008
BRE3P,540,720,180,v008
BRE3P,96,218,122,v016
BRE3P,367,508,141,v016
BRE3P,261,564,303,v002
OCSVQ,4,170,166,v028
OCSVQ,0,76,76,v029
OCSVQ,285,468,183,v015
OCSVQ,285,403,118,v023
OCSVQ,285,471,186,v008
SWYUO,50,156,106,v022
SWYUO,0,76,76,v018
SWYUO,0,62,62,v000
SWYUO,0,122,122,v018
WT405,146,400,254,v015
WT405,470,616,146,v001
WT405,0,153,153,v031
WT405,249,542,293,v016
WT405,340,559,219,v012
WT405,84,561,477,v023
WT405,84,561,477,v023
WT405,84,561,477,v008
WT405,84,561,477,v016
WT405,14,117,103,v031
ZJR24,415,676,261,v008
ZJR24,576,743,167,v016
ZJR24,0,743,743,v008
ZJR24,439,571,132,v029
ZJR24,223,743,520,v026
P3RRJ,0,735,735,v023
P3RRJ,0,735,735,v008
P3RRJ,43,735,692,v016
P3RRJ,484,628,144,v017
P3RRJ,0,735,735,v023
P3RRJ,484,669,185,v008
P3RRJ,484,679,195,v029
P3RRJ,0,735,735,v026
RGHT9,0,731,731,v023
RGHT9,0,731,731,v008
RGHT9,168,731,563,v009
RGHT9,0,731,731,v026
RGHT9,0,731,731,v016
RGHT9,0,731,731,v024
RGHT9,0,731,731,v008
RGHT9,0,731,731,v030
K34BE,355,402,47,v008
K34BE,9,402,393,v026
K34BE,0,402,402,v026
K34BE,26,146,120,v023
K34BE,62,402,340,v008
M3S4D,28,264,236,v016
M3S4D,208,420,212,v004
M3S4D,69,208,139,v017
M3S4D,216,619,403,v016
M3S4D,0,98,98,v008
ROL2T,139,285,146,v020
ROL2T,64,292,228,v003
ROL2T,288,730,442,v003
ROL2T,0,144,144,v022
ROL2T,189,350,161,v028
ROL2T,252,384,132,v016
ROL2T,64,204,140,v023
ME7II,247,884,637,v031
ME7II,21,189,168,v001
ME7II,0,117,117,v012
ME7II,129,268,139,v018
ME7II,129,252,123,v018
ME7II,0,148,148,v029
ME7II,0,237,237,v022
1JGLR,9,674,665,v008
1JGLR,33,674,641,v031
1JGLR,9,139,130,v023
SU5W2,2,581,579,v030
SU5W2,160,314,154,v004
SU5W2,532,581,49,v026
SU5W2,532,581,49,v031
SU5W2,532,581,49,v008
WRFZW,0,701,701,v018
WRFZW,0,701,701,v018
WRFZW,331,688,357,v005
WRFZW,470,655,185,v004
WRFZW,273,453,180,v008
WRFZW,127,701,574,v008
WRFZW,127,352,225,v008
WRFZW,0,170,170,v032
WRFZW,127,350,223,v015
WRFZW,127,352,225,v016
WRFZW,0,194,194,v032
WRFZW,376,588,212,v005
WRFZW,98,376,278,v016
WRFZW,516,701,185,v016
U1OYB,48,393,345,v032
U1OYB,76,607,531,v018
U1OYB,374,624,250,v008
U1OYB,525,657,132,v022
U1OYB,314,470,156,v023
U1OYB,0,146,146,v018
U1OYB,384,614,230,v025
VT624,331,744,413,v005
VT624,525,708,183,v020
VT624,0,211,211,v010
VT624,127,744,617,v018
VT624,0,110,110,v016
VT624,316,487,171,v008
VT624,148,744,596,v008
VT624,350,528,178,v004
VT624,4,309,305,v031
A96EQ,0,160,160,v012
A96EQ,328,800,472,v026
A96EQ,376,800,424,v026
A96EQ,12,180,168,v029
A96EQ,67,800,733,v008
SKI92,0,653,653,v002
SKI92,336,480,144,v016
SKI92,240,432,192,v012
SKI92,333,530,197,v008
SKI92,259,463,204,v023
SKI92,470,653,183,v020
MDXF4,146,292,146,v001
MDXF4,386,564,178,v004
MDXF4,444,631,187,v012
MDXF4,393,827,434,v008
MDXF4,480,631,151,v012
MDXF4,0,139,139,v016
MDXF4,158,295,137,v001
909RL,316,458,142,v004
909RL,364,489,125,v016
909RL,0,484,484,v008
909RL,396,693,297,v031
909RL,372,484,112,v016
C278V,182,355,173,v016
C278V,36,172,136,v029
C278V,187,345,158,v016
C278V,36,292,256,v008
C278V,33,734,701,v022
C278V,256,734,478,v026
C278V,213,734,521,v008
C278V,686,734,48,v018
C278V,686,734,48,v023
C278V,686,734,48,v025
C278V,686,734,48,v023
PXYN8,201,345,144,v025
PXYN8,0,220,220,v008
PXYN8,194,345,151,v025
PXYN8,43,278,235,v017
PXYN8,0,304,304,v016
PXYN8,0,304,304,v023
PXYN8,0,139,139,v026
PXYN8,0,724,724,v019
U0X4P,0,340,340,v031
U0X4P,628,739,111,v025
U0X4P,276,729,453,v028
U0X4P,712,768,56,v023
UEXO4,153,603,450,v021
UEXO4,0,603,603,v010
UEXO4,0,273,273,v000
UEXO4,196,544,348,v026
UEXO4,0,244,244,v021
UEXO4,184,295,111,v023
TTZVW,0,228,228,v012
TTZVW,528,652,124,v004
TTZVW,228,725,497,v008
TTZVW,273,725,452,v008
TTZVW,79,259,180,v001
TTZVW,223,725,502,v008
TTZVW,156,725,569,v031
TTZVW,391,554,163,v008
TTZVW,163,295,132,v001
TTZVW,273,405,132,v023
TTZVW,256,391,135,v008
TTZVW,336,576,240,v031
OMFOJ,364,506,142,v012
OMFOJ,429,592,163,v001
OMFOJ,0,448,448,v030
OMFOJ,472,604,132,v016
OMFOJ,0,463,463,v030
2ZINN,0,726,726,v008
2ZINN,0,726,726,v031
2ZINN,0,726,726,v018
2ZINN,0,726,726,v019
2ZINN,0,726,726,v019
BFVDN,0,741,741,v008
BFVDN,0,669,669,v031
FQDD1,422,823,401,v026
FQDD1,0,408,408,v028
FQDD1,496,804,308,v030
FQDD1,751,846,95,v001
FQDD1,50,391,341,v016
DVBVZ,484,741,257,v012
DVBVZ,67,223,156,v023
DVBVZ,340,496,156,v020
DVBVZ,0,108,108,v022
DVBVZ,48,285,237,v016
DVBVZ,0,741,741,v018
DVBVZ,48,288,240,v016
DVBVZ,0,741,741,v018
NODDU,520,714,194,v031
NODDU,0,376,376,v014
NODDU,285,714,429,v008
NODDU,501,714,213,v013
QKOP0,0,158,158,v012
QKOP0,288,453,165,v018
QKOP0,72,237,165,v029
QKOP0,0,168,168,v023
QKOP0,372,492,120,v023
QKOP0,302,468,166,v018
KPWKY,0,458,458,v004
KPWKY,24,141,117,v020
KPWKY,0,752,752,v008
KPWKY,0,752,752,v008
KPWKY,0,408,408,v014
UJOLG,0,470,470,v008
UJOLG,0,132,132,v005
UJOLG,208,345,137,v029
UJOLG,0,117,117,v005
UJOLG,367,482,115,v028
UJOLG,304,470,166,v016
UJOLG,297,480,183,v016
UJOLG,0,561,561,v023
UJOLG,0,259,259,v008
UJOLG,0,468,468,v008
UJOLG,0,468,468,v023
UJOLG,0,470,470,v016
UJOLG,0,468,468,v023
APZUZ,0,172,172,v016
APZUZ,100,348,248,v004
APZUZ,312,537,225,v016
APZUZ,0,146,146,v016
APZUZ,230,624,394,v028
APZUZ,9,146,137,v016
APZUZ,324,448,124,v008
APZUZ,0,730,730,v008
3LLXX,727,950,223,v004
3LLXX,0,225,225,v018
3LLXX,117,1005,888,v018
3LLXX,904,1107,203,v022
3LLXX,506,950,444,v005
3LLXX,189,708,519,v008
3LLXX,300,568,268,v008
3LLXX,300,568,268,v023
RG1XI,0,556,556,v000
RG1XI,0,547,547,v000
RG1XI,571,747,176,v022
RG1XI,0,223,223,v010
RG1XI,0,672,672,v010
RG1XI,0,624,624,v021
RG1XI,578,747,169,v018
GBPPR,0,725,725,v008
GBPPR,511,725,214,v004
GBPPR,0,725,725,v008
GBPPR,0,312,312,v005
GBPPR,0,725,725,v018
GBPPR,0,312,312,v005
GBPPR,472,725,253,v008
GBPPR,0,725,725,v031
GBPPR,292,664,372,v019
OIRJ0,0,242,242,v031
OIRJ0,388,528,140,v018
OIRJ0,384,523,139,v018
OIRJ0,422,645,223,v009
OIRJ0,398,948,550,v018
9IXS4,350,489,139,v027
9IXS4,0,568,568,v008
9IXS4,525,573,48,v008
UFNPU,168,609,441,v023
UFNPU,100,283,183,v001
UFNPU,45,175,130,v012
UFNPU,158,612,454,v008
UFNPU,460,580,120,v007
UFNPU,124,292,168,v023
UFNPU,158,564,406,v008
UFNPU,520,645,125,v029
5RY3S,206,376,170,v008
5RY3S,295,535,240,v006
5RY3S,187,650,463,v029
5RY3S,136,616,480,v007
G11YN,0,741,741,v010
CDT32,316,532,216,v025
CDT32,36,225,189,v031
CDT32,345,523,178,v025
CDT32,415,552,137,v019
CDT32,403,504,101,v016
QVQNK,288,408,120,v025
QVQNK,336,456,120,v023
QVQNK,336,624,288,v008
QVQNK,295,398,103,v016
QVQNK,117,348,231,v023
QVQNK,532,662,130,v016
QVQNK,247,417,170,v016
QVQNK,302,432,130,v025
QVQNK,98,420,322,v008
QVQNK,324,460,136,v023
Y6P1E,460,592,132,v016
Y6P1E,48,182,134,v012
001YG,216,393,177,v023
001YG,0,703,703,v018
001YG,600,736,136,v022
001YG,304,736,432,v008
001YG,0,736,736,v009
001YG,0,736,736,v018
GK08Z,309,537,228,v001
GK08Z,45,230,185,v012
GK08Z,0,364,364,v008
GK08Z,196,367,171,v016
GK08Z,45,230,185,v012
GK08Z,295,544,249,v001
GK08Z,36,254,218,v007
4021D,564,746,182,v001
4021D,0,590,590,v004
4021D,506,657,151,v022
UXET8,199,369,170,v012
UXET8,0,736,736,v008
UXET8,40,235,195,v016
UXET8,0,736,736,v012
UXET8,69,192,123,v025
UXET8,336,480,144,v016
UXET8,0,184,184,v008
V2DAA,0,709,709,v018
V2DAA,352,482,130,v008
V2DAA,182,321,139,v020
V2DAA,0,709,709,v005
V2DAA,0,93,93,v008
V2DAA,338,556,218,v016
QNUIU,398,726,328,v016
QNUIU,412,621,209,v008
QNUIU,412,549,137,v023
QNUIU,398,726,328,v025
QNUIU,384,530,146,v026
9GS13,172,492,320,v025
9GS13,516,1380,864,v030
9GS13,1624,1776,152,v022
9GS13,36,592,556,v008
9GS13,156,297,141,v012
9GS13,172,343,171,v023
9GS13,1300,1536,236,v018
9GS13,172,482,310,v016
9GS13,1274,1711,437,v008
9GS13,117,537,420,v030
9GS13,1588,1711,123,v016
9GS13,1274,1406,132,v023
G4KE3,0,556,556,v008
G4KE3,405,576,171,v016
G4KE3,403,597,194,v016
G4KE3,14,381,367,v023
G87XG,398,513,115,v022
G87XG,175,300,125,v018
G87XG,38,160,122,v017
G87XG,175,297,122,v018
G87XG,208,506,298,v018
G87XG,67,530,463,v008
G87XG,432,537,105,v016
TRHB9,50,218,168,v016
TRHB9,88,405,317,v023
TRHB9,50,199,149,v018
TRHB9,163,508,345,v016
TRHB9,0,170,170,v008
TRHB9,112,924,812,v003
TRHB9,40,160,120,v022
TRHB9,122,321,199,v008
XPZZL,0,561,561,v032
XPZZL,460,614,154,v022
XPZZL,0,564,564,v032
XPZZL,576,771,195,v026
XPZZL,0,544,544,v018
INA5N,316,576,260,v008
INA5N,79,350,271,v026
INA5N,189,302,113,v030
INA5N,43,501,458,v008
INA5N,292,744,452,v026
VTEWM,868,996,128,v022
VTEWM,448,650,202,v008
VTEWM,288,494,206,v016
VTEWM,24,163,139,v018
VTEWM,254,400,146,v023
VTEWM,28,328,300,v018
VTEWM,288,532,244,v023
VTEWM,295,609,314,v023
VTEWM,376,876,500,v008
VTEWM,818,952,134,v001
VTEWM,144,384,240,v023
VTEWM,508,957,449,v031
VTEWM,487,705,218,v012
4JSK6,86,955,869,v018
4JSK6,112,367,255,v018
4JSK6,708,928,220,v022
4JSK6,796,1029,233,v031
4JSK6,86,232,146,v028
4JSK6,81,732,651,v016
4JSK6,297,708,411,v012
4JSK6,302,600,298,v016
4JSK6,657,847,190,v003
4JSK6,297,681,384,v031
4JSK6,96,403,307,v026
K197X,0,698,698,v002
8AZRX,472,784,312,v008
8AZRX,468,624,156,v023
8AZRX,684,784,100,v027
8AZRX,367,525,158,v012
8AZRX,367,556,189,v025
8AZRX,7,607,600,v026
8AZRX,340,544,204,v016
8AZRX,715,784,69,v029
8AZRX,0,784,784,v026
0BNML,638,806,168,v023
0BNML,0,638,638,v018
0BNML,393,556,163,v001
0BNML,0,571,571,v008
0BNML,52,230,178,v012
0BNML,501,729,228,v022
0BNML,607,715,108,v025
0BNML,465,588,123,v016
0BNML,669,856,187,v008
0BNML,561,693,132,v023
0BNML,0,580,580,v031
DP7KP,465,753,288,v024
DP7KP,0,386,386,v032
DP7KP,292,412,120,v025
DP7KP,458,785,327,v019
DP7KP,290,417,127,v016
DP7KP,415,785,370,v008
DP7KP,0,408,408,v008
DP7KP,0,472,472,v018
DP7KP,388,499,111,v023
E4FN6,556,811,255,v008
E4FN6,698,811,113,v016
E4FN6,657,811,154,v026
E4FN6,240,576,336,v030
DMANO,470,679,209,v008
DMANO,0,333,333,v003
DMANO,0,340,340,v008
DMANO,314,607,293,v029
DMANO,321,803,482,v014
DMANO,0,184,184,v016
9QYHQ,98,280,182,v029
9QYHQ,268,735,467,v018
9QYHQ,216,735,519,v018
TXJK7,4,285,281,v006
TXJK7,163,374,211,v018
TXJK7,667,816,149,v022
TXJK7,180,816,636,v018
T342T,429,693,264,v004
T342T,100,278,178,v005
T342T,290,432,142,v016
T342T,636,748,112,v001
T342T,0,429,429,v008
T342T,0,463,463,v008
T342T,0,84,84,v023
TIPUS,57,268,211,v023
TIPUS,21,232,211,v031
TIPUS,182,324,142,v008
TIPUS,247,403,156,v031
TIPUS,0,67,67,v016
TIPUS,0,64,64,v008
TIPUS,0,74,74,v026
XSS0J,537,746,209,v012
XSS0J,220,376,156,v012
UQVO7,211,393,182,v008
UQVO7,64,400,336,v016
UQVO7,93,316,223,v016
UQVO7,93,242,149,v012
S4UF8,0,762,762,v008
S4UF8,86,261,175,v004
S4UF8,638,762,124,v012
S4UF8,451,638,187,v012
S4UF8,0,475,475,v008
S4UF8,619,762,143,v001
1YH1Y,12,199,187,v016
1YH1Y,0,91,91,v008
1YH1Y,50,218,168,v016
1YH1Y,0,139,139,v008
1YH1Y,0,144,144,v003
1YH1Y,172,468,296,v003
1YH1Y,96,206,110,v008
1YH1Y,84,184,100,v023
1YH1Y,0,79,79,v012
1YH1Y,0,496,496,v023
1YH1Y,55,211,156,v016
1YH1Y,151,261,110,v023
HQUHP,136,762,626,v008
HQUHP,232,400,168,v027
HQUHP,0,762,762,v018
HQUHP,0,237,237,v020
HQUHP,393,528,135,v031
HQUHP,307,432,125,v012
TANH9,0,778,778,v008
TANH9,369,508,139,v009
TANH9,0,778,778,v031
TANH9,297,542,245,v019
TANH9,0,778,778,v008
TANH9,0,778,778,v018
U77L6,50,133,83,v004
U77L6,0,133,133,v008
U77L6,0,133,133,v008
U77L6,19,133,114,v029
9GOUI,0,187,187,v008
9GOUI,84,228,144,v004
9GOUI,9,148,139,v005
9GOUI,7,156,149,v005
9GOUI,288,451,163,v017
9GOUI,242,384,142,v022
9GOUI,0,367,367,v008
9GOUI,0,367,367,v008
9GOUI,242,369,127,v016
EBTD6,60,228,168,v012
EBTD6,340,628,288,v005
EBTD6,470,619,149,v016
EBTD6,273,446,173,v023
EBTD6,60,225,165,v020
EBTD6,494,643,149,v016
EBTD6,312,600,288,v023
EBTD6,381,520,139,v005
EBTD6,516,643,127,v016
EBTD6,496,648,152,v023
EBTD6,520,765,245,v017
EBTD6,321,597,276,v008
EBTD6,340,458,118,v023
8V97G,376,511,135,v022
8V97G,429,624,195,v012
8V97G,0,470,470,v003
8V97G,516,640,124,v029
8V97G,537,640,103,v001
WSS0V,120,244,124,v008
WSS0V,134,244,110,v012
WSS0V,117,244,127,v023
WSS0V,117,244,127,v008
WSS0V,0,244,244,v018
WSS0V,0,244,244,v018
JJ7M6,621,728,107,v001
JJ7M6,458,638,180,v012
JJ7M6,0,391,391,v002
JJ7M6,484,728,244,v016
JJ7M6,480,728,248,v016
JJ7M6,386,513,127,v023
JJ7M6,410,612,202,v008
MI0UK,117,243,126,v016
MI0UK,115,243,128,v023
MI0UK,139,243,104,v025
MI0UK,117,240,123,v022
MI0UK,0,189,189,v026
D0Q6H,151,735,584,v018
D0Q6H,105,278,173,v023
D0Q6H,180,735,555,v003
D0Q6H,132,264,132,v018
D0Q6H,103,735,632,v018
L3Z0M,0,230,230,v030
L3Z0M,285,365,80,v027
L3Z0M,0,365,365,v019
L3Z0M,165,365,200,v023
L3Z0M,266,365,99,v016
1IPYC,84,218,134,v001
1IPYC,0,795,795,v008
1IPYC,0,192,192,v031
1IPYC,417,795,378,v029
1IPYC,0,795,795,v008
F3A3T,254,636,382,v005
F3A3T,254,636,382,v005
F3A3T,72,755,683,v018
F3A3T,0,93,93,v008
F3A3T,681,755,74,v022
F3A3T,175,319,144,v023
F3A3T,170,755,585,v008
F3A3T,177,755,578,v008
F3A3T,175,755,580,v023
F3A3T,691,755,64,v016
F3A3T,163,290,127,v023
F3A3T,9,755,746,v008
F3A3T,0,148,148,v022
F3A3T,0,146,146,v018
F3A3T,189,755,566,v023
DFJ3N,285,470,185,v016
DFJ3N,40,290,250,v004
DFJ3N,0,711,711,v002
DFJ3N,0,331,331,v008
DFJ3N,566,711,145,v023
DFJ3N,223,374,151,v016
KS0FF,0,573,573,v018
KS0FF,470,669,199,v022
KS0FF,0,607,607,v018
KS0FF,96,583,487,v032
KS0FF,585,744,159,v018
KS0FF,264,724,460,v008
5V8WH,0,755,755,v024
5V8WH,256,405,149,v012
5V8WH,16,158,142,v029
5V8WH,0,755,755,v008
5V8WH,52,352,300,v019
ROOLO,0,158,158,v018
ROOLO,134,304,170,v020
ROOLO,36,764,728,v018
DW4YF,50,194,144,v004
DW4YF,177,460,283,v016
DW4YF,372,671,299,v032
DW4YF,206,340,134,v023
DW4YF,0,671,671,v018
OJ4IE,0,733,733,v014
OJ4IE,0,465,465,v009
OJ4IE,374,645,271,v008
OJ4IE,0,733,733,v018
OJ4IE,405,609,204,v012
OJ4IE,508,645,137,v029
OJ4IE,0,733,733,v031
UANDB,336,624,288,v008
UANDB,364,624,260,v019
UANDB,338,633,295,v031
UANDB,376,633,257,v009
UANDB,494,633,139,v022
UANDB,333,451,118,v012
UANDB,2,304,302,v026
UANDB,355,484,129,v018
UANDB,60,278,218,v030
UANDB,506,633,127,v001
FIV2P,340,746,406,v031
FIV2P,348,465,117,v016
FIV2P,348,465,117,v016
FIV2P,0,470,470,v008
GLOMM,55,270,215,v003
GLOMM,0,96,96,v012
GLOMM,4,115,111,v001
GLOMM,28,270,242,v023
GLOMM,0,122,122,v012
GLOMM,26,270,244,v008
GLOMM,9,117,108,v001
119X3,160,292,132,v006
119X3,256,352,96,v013
119X3,268,376,108,v008
J3KT5,182,448,266,v030
J3KT5,196,448,252,v030
JO6GB,902,1021,119,v012
JO6GB,844,1021,177,v008
JO6GB,835,1021,186,v023
JO6GB,0,840,840,v003
JO6GB,396,849,453,v031
JO6GB,835,945,110,v023
JO6GB,14,192,178,v008
JO6GB,926,1021,95,v016
JO6GB,890,1021,131,v008
JO6GB,0,115,115,v023
JO6GB,938,1021,83,v016
X1XOL,453,645,192,v001
X1XOL,537,744,207,v022
X1XOL,16,600,584,v014
X1XOL,523,717,194,v008
X1XOL,2,588,586,v031
REOES,376,610,234,v008
REOES,0,610,610,v018
REOES,0,381,381,v012
REOES,285,415,130,v016
REOES,398,610,212,v013
REOES,0,610,610,v018
REOES,0,398,398,v031
REOES,278,427,149,v016
REOES,386,610,224,v014
REOES,0,369,369,v008
REOES,364,610,246,v019
REOES,369,511,142,v023
0S9KN,0,400,400,v008
0S9KN,304,403,99,v016
0S9KN,12,381,369,v021
0S9KN,304,403,99,v025
0S9KN,0,374,374,v018
0S9KN,0,81,81,v018
0S9KN,0,372,372,v018
IHVOF,0,811,811,v008
IHVOF,0,811,811,v010
IHVOF,0,811,811,v004
IHVOF,86,369,283,v008
2U903,0,312,312,v031
A75XI,652,763,111,v016
A75XI,321,763,442,v004
A75XI,0,763,763,v014
A75XI,230,396,166,v008
A75XI,237,422,185,v023
A75XI,0,763,763,v008
A75XI,0,763,763,v018
A75XI,669,763,94,v016
18IDK,350,686,336,v031
18IDK,0,686,686,v010
18IDK,357,686,329,v008
18IDK,0,686,686,v010
XY4C7,0,722,722,v031
XY4C7,0,722,722,v018
XY4C7,0,211,211,v012
XY4C7,0,722,722,v008
CFDXI,480,651,171,v008
CFDXI,398,619,221,v016
CFDXI,489,651,162,v023
CFDXI,278,460,182,v016
CFDXI,88,415,327,v005
CFDXI,343,650,307,v022
CFDXI,91,357,266,v016
CFDXI,36,448,412,v023
CFDXI,0,585,585,v018
CFDXI,43,446,403,v008
TGDWN,513,700,187,v001
TGDWN,194,573,379,v023
TGDWN,470,576,106,v016
0C5IQ,31,480,449,v022
0C5IQ,24,480,456,v008
0C5IQ,0,129,129,v023
0C5IQ,0,91,91,v029
0C5IQ,0,144,144,v016
0C5IQ,199,350,151,v016
VLZ40,7,266,259,v016
VLZ40,120,271,151,v022
VLZ40,0,223,223,v028
VLZ40,60,216,156,v025
VLZ40,0,218,218,v018
L8WFE,0,786,786,v005
L8WFE,0,786,786,v008
L8WFE,0,786,786,v008
L8WFE,0,139,139,v008
L8WFE,26,151,125,v025
Q9BRQ,0,384,384,v008
Q9BRQ,216,408,192,v022
Q9BRQ,225,381,156,v016
Q9BRQ,372,752,380,v003
Q9BRQ,0,321,321,v010
Q9BRQ,264,506,242,v008
AS7SG,451,633,182,v005
AS7SG,400,664,264,v008
AS7SG,530,729,199,v012
AS7SG,43,535,492,v029
AS7SG,64,576,512,v005
AS7SG,86,631,545,v005
AS7SG,0,660,660,v008
AS7SG,0,643,643,v008
AS7SG,432,573,141,v016
OAC4U,429,991,562,v003
OAC4U,187,300,113,v025
OAC4U,276,415,139,v023
OAC4U,429,849,420,v028
OAC4U,26,168,142,v029
OAC4U,172,304,132,v025
OAC4U,88,300,212,v016
OAC4U,0,295,295,v008
72VJD,0,199,199,v008
72VJD,0,755,755,v024
72VJD,103,755,652,v008
72VJD,0,755,755,v026
72VJD,98,230,132,v023
72VJD,355,508,153,v016
72VJD,612,741,129,v016
6RQHP,564,799,235,v018
6RQHP,74,285,211,v002
6RQHP,537,768,231,v018
6RQHP,321,506,185,v030
R390Z,592,738,146,v013
R390Z,460,738,278,v008
R390Z,336,458,122,v018
R390Z,482,657,175,v014
R390Z,252,391,139,v023
R390Z,0,738,738,v005
R390Z,0,738,738,v008
R390Z,681,738,57,v003
R390Z,280,391,111,v023
R390Z,199,309,110,v022
R390Z,494,738,244,v023
R390Z,0,331,331,v016
R390Z,0,738,738,v018
R390Z,0,738,738,v008
UJJ6Z,163,398,235,v012
UJJ6Z,175,812,637,v031
UJJ6Z,168,812,644,v008
UJJ6Z,168,288,120,v023
UJJ6Z,120,240,120,v016
UJJ6Z,0,252,252,v008
UJJ6Z,98,252,154,v016
RJU3H,0,735,735,v018
RJU3H,0,408,408,v008
RJU3H,0,735,735,v032
RJU3H,0,372,372,v004
RJU3H,0,735,735,v008
RJU3H,264,415,151,v016
RJU3H,0,735,735,v031
RJU3H,0,410,410,v016
RJU3H,0,735,735,v018
RJU3H,0,735,735,v008
DSXEN,343,537,194,v016
DSXEN,189,743,554,v008
DSXEN,458,743,285,v011
DSXEN,324,456,132,v018
DSXEN,482,743,261,v016
DSXEN,242,393,151,v029
DSXEN,302,743,441,v018
DSXEN,0,252,252,v023
DSXEN,204,489,285,v016
YKVYR,120,516,396,v008
YKVYR,218,362,144,v023
DQ1TU,252,766,514,v021
DQ1TU,2,496,494,v023
DQ1TU,9,766,757,v031
DQ1TU,163,362,199,v018
DQ1TU,297,561,264,v010
DQ1TU,288,408,120,v008
DQ1TU,242,374,132,v023
DQ1TU,100,216,116,v016
DQ1TU,108,223,115,v001
DQ1TU,139,259,120,v023
DQ1TU,16,766,750,v008
DQ1TU,408,626,218,v012
DQ1TU,216,427,211,v018
4G00A,528,672,144,v026
4G00A,0,612,612,v008
4G00A,45,607,562,v004
4G00A,583,789,206,v008
4G00A,0,789,789,v018
4G00A,0,616,616,v016
4G00A,0,768,768,v015
4G00A,453,612,159,v016
4G00A,583,746,163,v023
4G00A,0,141,141,v015
TMH6L,0,750,750,v008
TMH6L,436,750,314,v022
TMH6L,0,750,750,v008
TMH6L,0,624,624,v031
KTDXB,28,571,543,v008
KTDXB,62,631,569,v016
KTDXB,381,626,245,v001
KTDXB,64,477,413,v012
KTDXB,43,670,627,v008
KTDXB,292,463,171,v007
KTDXB,376,597,221,v029
PLH9O,0,158,158,v008
PLH9O,0,158,158,v031
JK4G2,0,170,170,v019
JK4G2,38,177,139,v031
JK4G2,24,208,184,v008
JK4G2,24,237,213,v009
75GKF,0,484,484,v002
75GKF,364,501,137,v016
75GKF,456,931,475,v026
RYQI0,223,588,365,v008
RYQI0,444,573,129,v025
RYQI0,0,556,556,v008
RYQI0,122,583,461,v018
RYQI0,0,547,547,v031
R6H5P,84,218,134,v008
R6H5P,0,146,146,v029
R6H5P,168,321,153,v019
R6H5P,64,290,226,v001
R6H5P,0,237,237,v008
R6H5P,0,348,348,v008
R6H5P,96,240,144,v025
ATWCT,429,705,276,v012
ATWCT,0,393,393,v003
ATWCT,316,444,128,v022
ATWCT,0,427,427,v003
ATWCT,446,681,235,v007
ATWCT,657,705,48,v029
ATWCT,602,705,103,v007
5TG5P,0,752,752,v008
5TG5P,7,240,233,v019
5TG5P,0,752,752,v008
5TG5P,0,752,752,v008
5TG5P,26,703,677,v009
05WY6,0,709,709,v018
05WY6,381,681,300,v020
05WY6,79,482,403,v028
05WY6,662,709,47,v016
05WY6,662,709,47,v008
05WY6,662,709,47,v023
XVHGO,52,949,897,v008
XVHGO,252,949,697,v018
XVHGO,256,949,693,v031
XVHGO,806,949,143,v022
XVHGO,208,364,156,v018
XVHGO,292,849,557,v013
XVHGO,160,844,684,v014
XVHGO,816,936,120,v016
XVHGO,98,256,158,v023
G752J,422,544,122,v027
G752J,468,616,148,v027
G752J,194,468,274,v018
G752J,0,141,141,v029
G752J,381,552,171,v019
ETQYM,0,470,470,v021
ETQYM,619,960,341,v008
ETQYM,614,907,293,v031
ETQYM,364,585,221,v020
ETQYM,0,484,484,v010
ETQYM,398,864,466,v018
ETQYM,0,484,484,v000
ETQYM,796,960,164,v022
ETQYM,782,960,178,v008
UNXLF,432,802,370,v008
UNXLF,698,802,104,v026
UNXLF,40,300,260,v003
UNXLF,91,300,209,v016
UNXLF,424,537,113,v023
UNXLF,24,144,120,v023
AGJH7,494,674,180,v023
AGJH7,352,590,238,v008
AGJH7,261,420,159,v016
AGJH7,616,792,176,v023
AGJH7,676,792,116,v029
AGJH7,568,772,204,v001
AGJH7,12,201,189,v012
F1MWB,112,386,274,v016
F1MWB,254,727,473,v001
F1MWB,338,576,238,v020
F1MWB,813,888,75,v027
VG94P,0,302,302,v004
VG94P,0,772,772,v008
VG94P,0,772,772,v018
VG94P,432,772,340,v009
VG94P,295,772,477,v019
5X6S7,62,724,662,v008
5X6S7,177,732,555,v014
5X6S7,0,791,791,v031
5X6S7,0,343,343,v019
5X6S7,0,791,791,v018
5X6S7,0,791,791,v014
5X6S7,38,189,151,v009
5X6S7,0,791,791,v018
5X6S7,122,791,669,v023
5X6S7,0,791,791,v032
UBT4U,0,750,750,v026
UBT4U,0,750,750,v018
UBT4U,0,750,750,v018
KQKNE,499,628,129,v023
KQKNE,0,139,139,v028
KQKNE,112,391,279,v003
GY70Y,230,552,322,v004
GY70Y,0,775,775,v018
GY70Y,0,775,775,v031
GY70Y,0,775,775,v018
GY70Y,0,775,775,v008
ZGHLY,242,734,492,v010
ZGHLY,0,552,552,v031
ZGHLY,105,734,629,v009
ZGHLY,0,136,136,v012
ZGHLY,549,734,185,v001
ZGHLY,105,734,629,v019
9NRLA,326,576,250,v008
9NRLA,0,74,74,v016
9NRLA,326,472,146,v005
9NRLA,513,616,103,v016
9NRLA,0,400,400,v030
9NRLA,501,643,142,v026
9NRLA,532,648,116,v029
CM5SK,26,170,144,v001
CM5SK,276,408,132,v012
CM5SK,14,134,120,v020
CM5SK,211,564,353,v018
CM5SK,182,316,134,v018
CM5SK,0,122,122,v012
CM5SK,204,350,146,v023
CM5SK,225,420,195,v031
CM5SK,213,549,336,v008
CM5SK,506,564,58,v031
FYR3P,228,427,199,v023
FYR3P,331,463,132,v031
FYR3P,0,240,240,v028
FYR3P,314,463,149,v008
FYR3P,144,266,122,v016
FYR3P,271,446,175,v023
RCD08,580,724,144,v025
RCD08,31,208,177,v019
RCD08,31,312,281,v019
RCD08,160,304,144,v023
RCD08,595,722,127,v016
RCD08,172,708,536,v008
YCST7,0,96,96,v012
YCST7,16,106,90,v023
YCST7,36,106,70,v001
B57IW,456,723,267,v008
B57IW,100,338,238,v012
B57IW,0,170,170,v027
B57IW,302,723,421,v008
B57IW,266,410,144,v023
B57IW,328,717,389,v014
B57IW,451,595,144,v023
QD4GS,0,484,484,v004
QD4GS,0,496,496,v008
QD4GS,355,747,392,v008
QD4GS,393,747,354,v030
QD4GS,396,523,127,v023
QD4GS,336,477,141,v016
HU409,554,718,164,v016
HU409,374,540,166,v023
HU409,0,482,482,v008
HU409,0,470,470,v026
HU409,559,684,125,v030
HU409,640,718,78,v025
HU409,0,468,468,v026
ZC8L5,696,744,48,v018
ZC8L5,696,744,48,v031
ZC8L5,412,580,168,v025
ZC8L5,530,676,146,v022
ZC8L5,0,480,480,v031
ZC8L5,424,552,128,v025
ZC8L5,405,554,149,v025
MH601,67,184,117,v016
MH601,0,170,170,v008
MH601,67,189,122,v016
MH601,0,151,151,v009
MH601,0,271,271,v019
MH601,48,192,144,v025
MH601,0,151,151,v029
DVTAR,261,415,154,v005
DVTAR,0,98,98,v018
DVTAR,261,415,154,v005
S7RXC,93,295,202,v027
S7RXC,268,730,462,v012
S7RXC,120,321,201,v025
S7RXC,448,730,282,v008
S7RXC,196,730,534,v008
S7RXC,216,391,175,v012
S7RXC,0,288,288,v008
S7RXC,0,117,117,v029
S7RXC,405,523,118,v012
58R8A,280,427,147,v008
58R8A,276,429,153,v027
58R8A,278,439,161,v029
58R8A,280,417,137,v022
58R8A,223,412,189,v023
58R8A,74,384,310,v003
58R8A,2,170,168,v018
58R8A,232,374,142,v026
CNSMI,422,679,257,v008
CNSMI,468,698,230,v016
CNSMI,463,724,261,v030
CNSMI,717,950,233,v025
CNSMI,739,904,165,v028
CNSMI,614,835,221,v008
CNSMI,712,864,152,v025
70SEI,362,840,478,v030
70SEI,242,405,163,v022
70SEI,379,816,437,v016
70SEI,0,355,355,v018
70SEI,364,664,300,v008
70SEI,530,650,120,v016
9SIZS,295,713,418,v026
9SIZS,247,408,161,v008
9SIZS,247,408,161,v016
9SIZS,247,408,161,v026
9SIZS,247,408,161,v025
9SIZS,333,713,380,v016
EUOT1,55,878,823,v008
EUOT1,12,117,105,v027
EUOT1,0,112,112,v029
IM3I0,0,755,755,v021
IM3I0,12,362,350,v008
IM3I0,355,542,187,v018
IM3I0,424,755,331,v018
IM3I0,0,108,108,v008
IM3I0,477,645,168,v005
LR6RZ,177,715,538,v002
LR6RZ,67,273,206,v017
LR6RZ,103,244,141,v029
7SUTI,0,756,756,v018
7SUTI,220,621,401,v012
7SUTI,0,756,756,v008
7SUTI,0,756,756,v018
7SUTI,453,708,255,v031
7SUTI,0,756,756,v014
UFQK1,520,648,128,v001
UFQK1,115,268,153,v008
UFQK1,501,619,118,v012
UFQK1,422,645,223,v016
UFQK1,182,508,326,v030
UFQK1,0,204,204,v002
UFQK1,117,288,171,v023
UFQK1,501,648,147,v007
UFQK1,580,648,68,v001
UFQK1,494,612,118,v012
UFQK1,513,648,135,v016
UB1QP,0,60,60,v008
UB1QP,0,532,532,v024
UB1QP,552,746,194,v019
UB1QP,446,698,252,v016
UB1QP,451,626,175,v008
UB1QP,465,602,137,v029
UB1QP,204,460,256,v009
UB1QP,482,751,269,v003
12VVC,242,487,245,v008
12VVC,403,487,84,v016
12VVC,230,357,127,v023
12VVC,0,400,400,v022
W1AG7,223,889,666,v018
W1AG7,240,398,158,v003
W1AG7,0,871,871,v009
W1AG7,228,372,144,v018
W1AG7,201,889,688,v018
LOH86,220,386,166,v001
LOH86,0,271,271,v008
LOH86,136,285,149,v016
LOH86,163,696,533,v008
LOH86,0,302,302,v016
LOH86,199,696,497,v026
LOH86,0,259,259,v014
LOH86,0,110,110,v029
LOH86,297,427,130,v016
LOH86,338,535,197,v016
EQQ2T,64,199,135,v016
EQQ2T,153,288,135,v025
EQQ2T,638,773,135,v019
EQQ2T,2,148,146,v023
EQQ2T,28,465,437,v008
EQQ2T,40,773,733,v030
EQQ2T,26,674,648,v026
EQQ2T,391,523,132,v016
8W31Y,55,180,125,v005
8W31Y,0,735,735,v010
8W31Y,50,158,108,v008
8W31Y,0,735,735,v021
8W31Y,12,172,160,v023
ZI2XH,0,604,604,v016
ZI2XH,0,600,600,v026
ZI2XH,0,592,592,v008
ZI2XH,290,422,132,v016
ZI2XH,340,506,166,v016
ZI2XH,0,345,345,v026
GD9BQ,0,742,742,v008
GD9BQ,448,688,240,v008
GD9BQ,448,688,240,v017
GD9BQ,559,688,129,v029
GD9BQ,0,571,571,v014
JMXK5,100,336,236,v031
JMXK5,84,578,494,v008
JMXK5,400,580,180,v004
JMXK5,0,84,84,v022
JMXK5,316,484,168,v019
JMXK5,134,328,194,v023
JMXK5,278,638,360,v008
Z3AGB,268,592,324,v016
Z3AGB,33,182,149,v007
Z3AGB,657,794,137,v027
Z3AGB,172,564,392,v008
Z3AGB,520,703,183,v020
Z3AGB,242,559,317,v026
Z3AGB,16,213,197,v012
Z3AGB,103,252,149,v027
Z3AGB,184,612,428,v016
Z3AGB,247,867,620,v026
Z3AGB,43,204,161,v012
Z3AGB,252,403,151,v029
Z3AGB,199,403,204,v023
Z3AGB,199,403,204,v026
G8E71,259,926,667,v006
G8E71,108,288,180,v023
G8E71,0,180,180,v028
G8E71,36,189,153,v025
G8E71,103,237,134,v028
G8E71,151,326,175,v008
G8E71,45,184,139,v016
G8E71,112,288,176,v025
G8E71,362,945,583,v007
G8E71,888,945,57,v029
Y3YE1,52,770,718,v008
Y3YE1,141,393,252,v016
Y3YE1,132,290,158,v025
Y3YE1,48,208,160,v019
Y3YE1,405,717,312,v031
Y3YE1,98,448,350,v026
JKZG5,33,194,161,v004
JKZG5,12,194,182,v005
JKZG5,105,194,89,v016
JKZG5,0,194,194,v008
FVSB0,0,120,120,v012
FVSB0,244,820,576,v008
FVSB0,216,424,208,v019
FVSB0,300,511,211,v016
FVSB0,273,482,209,v026
FVSB0,0,153,153,v007
AQIV7,0,904,904,v008
AQIV7,0,904,904,v008
AQIV7,0,304,304,v031
AQIV7,100,237,137,v020
GP49W,0,850,850,v021
GP49W,0,850,850,v010
GP49W,0,850,850,v008
GP49W,0,324,324,v019
GP49W,751,850,99,v022
GP49W,0,842,842,v031
GP49W,0,850,850,v008
RHU79,220,735,515,v031
RHU79,0,735,735,v018
RHU79,84,735,651,v026
R1DCJ,297,399,102,v004
R1DCJ,249,376,127,v025
R1DCJ,19,244,225,v023
R1DCJ,19,399,380,v008
QLOW7,0,755,755,v008
QLOW7,0,105,105,v031
QLOW7,0,755,755,v002
QLOW7,0,755,755,v008
WJEVU,86,338,252,v016
WJEVU,638,1166,528,v032
WJEVU,1200,1417,217,v022
WJEVU,184,734,550,v004
WJEVU,1065,1224,159,v027
WJEVU,652,868,216,v023
WJEVU,2,211,209,v018
WJEVU,369,552,183,v004
WJEVU,108,1329,1221,v018
WJEVU,1320,1416,96,v016
WJEVU,43,218,175,v008
WJEVU,1156,1252,96,v023
WJEVU,1164,1416,252,v008
WJEVU,100,254,154,v016
WJEVU,177,331,154,v023
WJEVU,1291,1416,125,v025
WJEVU,1149,1372,223,v021
WJEVU,964,1104,140,v025
E0MK4,249,415,166,v012
E0MK4,21,240,219,v005
E0MK4,196,345,149,v016
E0MK4,16,225,209,v005
E0MK4,0,415,415,v008
E0MK4,0,415,415,v018
E0MK4,127,331,204,v023
E0MK4,122,242,120,v016
E0MK4,0,127,127,v023
E0MK4,0,415,415,v018
E0MK4,120,280,160,v016
1ZEJJ,232,451,219,v019
1ZEJJ,189,453,264,v031
1ZEJJ,40,511,471,v008
1ZEJJ,62,278,216,v020
1ZEJJ,208,453,245,v009
1ZEJJ,379,515,136,v019
1ZEJJ,249,446,197,v009
92FFB,0,237,237,v008
92FFB,62,314,252,v016
92FFB,144,405,261,v001
92FFB,48,259,211,v012
92FFB,175,393,218,v001
92FFB,153,300,147,v016
PE41X,0,177,177,v008
PE41X,372,520,148,v022
PE41X,674,722,48,v026
PE41X,674,722,48,v018
PE41X,674,722,48,v026
XEASG,628,783,155,v008
XEASG,496,626,130,v004
XEASG,108,561,453,v003
XEASG,698,783,85,v008
XEASG,26,576,550,v008
XEASG,628,783,155,v023
XEASG,633,783,150,v029
XEASG,0,134,134,v016
DKV1Z,0,765,765,v026
DKV1Z,117,758,641,v031
DKV1Z,0,765,765,v005
DKV1Z,0,765,765,v018
DKV1Z,0,765,765,v008
DKV1Z,0,765,765,v026
FKZQN,230,415,185,v026
FKZQN,0,733,733,v019
FKZQN,278,590,312,v003
FKZQN,0,733,733,v022
FKZQN,223,345,122,v023
FKZQN,388,674,286,v016
FKZQN,211,362,151,v016
FKZQN,0,733,733,v018
FKZQN,237,477,240,v008
WOOYQ,134,280,146,v029
WOOYQ,345,540,195,v016
WOOYQ,0,93,93,v022
WOOYQ,31,151,120,v008
WOOYQ,112,398,286,v008
WOOYQ,96,230,134,v012
WOOYQ,31,151,120,v008
WOOYQ,112,398,286,v008
WOOYQ,412,763,351,v008
WOOYQ,112,285,173,v007
WOOYQ,40,249,209,v023
WOOYQ,396,571,175,v023
WOOYQ,43,256,213,v023
JV524,0,115,115,v008
JV524,21,136,115,v016
JV524,91,204,113,v020
JV524,52,177,125,v012
JV524,57,184,127,v001
WIPMO,921,1009,88,v001
WIPMO,0,1009,1009,v031
WIPMO,0,1009,1009,v019
WIPMO,0,1009,1009,v031
JJON5,0,668,668,v008
JJON5,182,668,486,v016
JJON5,0,668,668,v016
JJON5,160,352,192,v012
JJON5,72,199,127,v029
8QCBP,412,742,330,v016
8QCBP,0,360,360,v010
8QCBP,340,501,161,v012
8QCBP,201,355,154,v000
8QCBP,381,556,175,v023
8QCBP,460,638,178,v023
8QCBP,283,429,146,v023
8QCBP,326,482,156,v008
9VW14,0,763,763,v005
9VW14,170,583,413,v020
9VW14,0,763,763,v018
9VW14,0,763,763,v008
9VW14,0,763,763,v018
8BMZQ,0,576,576,v008
8BMZQ,508,671,163,v008
8BMZQ,0,552,552,v026
8BMZQ,549,671,122,v023
8BMZQ,0,547,547,v026
MVPQF,45,249,204,v016
MVPQF,261,388,127,v020
MVPQF,2,117,115,v012
MVPQF,40,256,216,v016
MVPQF,343,776,433,v005
MVPQF,343,776,433,v005
MVPQF,21,285,264,v016
MVPQF,367,776,409,v008
MVPQF,348,470,122,v023
MVPQF,324,444,120,v023
MVPQF,355,772,417,v008
2DDGF,0,127,127,v004
2DDGF,436,645,209,v023
2DDGF,0,621,621,v008
2DDGF,436,621,185,v016
2DDGF,290,525,235,v012
2DDGF,290,525,235,v012
2DDGF,739,836,97,v008
2DDGF,729,836,107,v023
2DDGF,583,780,197,v026
2DDGF,734,836,102,v016
2DDGF,0,836,836,v008
2DDGF,300,836,536,v026
0VKEE,264,678,414,v008
0VKEE,0,187,187,v012
0VKEE,273,662,389,v020
0VKEE,559,678,119,v008
0VKEE,0,678,678,v018
0VKEE,0,316,316,v008
0VKEE,132,352,220,v016
0VKEE,105,271,166,v023
TC3BF,160,547,387,v005
TC3BF,26,184,158,v018
TC3BF,441,566,125,v016
TC3BF,218,372,154,v009
TC3BF,468,590,122,v022
TC3BF,0,129,129,v018
TC3BF,84,544,460,v031
TC3BF,170,559,389,v008
TC3BF,148,264,116,v023
98GQH,132,549,417,v031
98GQH,0,194,194,v008
98GQH,0,177,177,v031
98GQH,0,175,175,v008
O8VYU,31,196,165,v008
O8VYU,14,196,182,v023
O8VYU,168,652,484,v016
O8VYU,14,192,178,v029
O8VYU,660,806,146,v027
O8VYU,21,206,185,v026
O8VYU,225,436,211,v026
UDDTR,105,252,147,v004
UDDTR,189,316,127,v016
UDDTR,900,1226,326,v003
UDDTR,21,316,295,v008
UDDTR,792,933,141,v008
UDDTR,324,880,556,v003
UDDTR,804,938,134,v016
UDDTR,1144,1264,120,v027
UDDTR,16,316,300,v023
UDDTR,156,316,160,v016
UDDTR,0,156,156,v029
CTOQR,607,708,101,v007
CTOQR,355,552,197,v019
CTOQR,369,523,154,v019
CTOQR,451,592,141,v012
CTOQR,0,429,429,v030
CTOQR,511,619,108,v027
CTOQR,93,201,108,v031
CTOQR,489,667,178,v029
HKSI2,43,576,533,v026
HKSI2,76,259,183,v025
HKSI2,192,638,446,v030
HKSI2,115,268,153,v016
NOJK1,588,696,108,v008
NOJK1,607,776,169,v014
NOJK1,280,463,183,v018
NOJK1,108,393,285,v000
NOJK1,568,696,128,v023
RWPS8,492,668,176,v008
RWPS8,492,668,176,v009
RWPS8,0,556,556,v008
RWPS8,492,668,176,v009
RWPS8,424,583,159,v019
RWPS8,427,583,156,v016
RWPS8,0,580,580,v026
RWPS8,520,668,148,v031
RWPS8,0,580,580,v030
RWPS8,520,668,148,v023
Q8TB3,24,237,213,v008
Q8TB3,67,204,137,v018
Q8TB3,24,237,213,v031
Q8TB3,216,362,146,v020
Q8TB3,132,242,110,v016
Q8TB3,86,379,293,v018
MFWQ7,26,703,677,v018
MFWQ7,0,703,703,v014
MFWQ7,0,132,132,v018
MFWQ7,655,703,48,v029
MFWQ7,655,703,48,v008
PEKGD,0,133,133,v025
PEKGD,0,133,133,v008
PEKGD,14,133,119,v025
00MFE,0,223,223,v004
00MFE,0,223,223,v008
00MFE,367,480,113,v008
00MFE,352,494,142,v023
00MFE,136,448,312,v006
13IOT,0,199,199,v009
13IOT,0,208,208,v009
13IOT,0,211,211,v031
IQM7A,448,660,212,v023
IQM7A,0,278,278,v030
IQM7A,585,742,157,v001
IQM7A,612,734,122,v029
IQM7A,568,715,147,v012
IQM7A,352,549,197,v023
ZYYKH,86,232,146,v014
ZYYKH,0,163,163,v022
ZYYKH,76,232,156,v008
QZY6E,28,540,512,v021
QZY6E,441,573,132,v025
Y8M9P,0,747,747,v008
Y8M9P,0,747,747,v024
Y8M9P,0,747,747,v018
Y8M9P,168,350,182,v009
RV11J,0,938,938,v008
RV11J,794,968,174,v016
RV11J,794,968,174,v016
RV11J,775,968,193,v008
RV11J,760,890,130,v023
RV11J,0,837,837,v014
U45LK,703,838,135,v001
U45LK,568,765,197,v008
U45LK,580,722,142,v012
U45LK,0,148,148,v023
U45LK,40,211,171,v016
U45LK,0,597,597,v026
U45LK,0,782,782,v026
U45LK,664,838,174,v001
40NIM,134,448,314,v023
40NIM,240,458,218,v009
40NIM,312,463,151,v019
40NIM,158,427,269,v008
DSWWV,0,60,60,v019
DSWWV,0,100,100,v008
DSWWV,0,96,96,v001
DSWWV,0,69,69,v008
DSWWV,0,84,84,v013
DSWWV,0,139,139,v031
DSWWV,165,352,187,v008
DSWWV,360,513,153,v012
DSWWV,12,117,105,v019
DSWWV,326,458,132,v016
DSWWV,72,187,115,v023
SNUVF,784,890,106,v005
SNUVF,0,177,177,v027
SNUVF,160,324,164,v018
SNUVF,765,888,123,v008
SNUVF,393,890,497,v008
SNUVF,792,890,98,v005
SNUVF,268,856,588,v008
SNUVF,624,746,122,v016
CU9RE,0,679,679,v021
CU9RE,597,727,130,v004
CU9RE,0,727,727,v010
DH66I,84,237,153,v016
DH66I,398,770,372,v005
DH66I,722,770,48,v008
DH66I,722,770,48,v012
DH66I,722,770,48,v023
DH66I,722,770,48,v008
DH66I,225,770,545,v023
DH66I,24,220,196,v008
DH66I,232,448,216,v023
QEXP4,0,314,314,v018
QEXP4,50,230,180,v030
QEXP4,175,465,290,v008
QEXP4,408,585,177,v030
QEXP4,283,571,288,v022
QEXP4,0,261,261,v026
WRXI4,0,472,472,v031
WRXI4,648,752,104,v016
WRXI4,79,616,537,v009
WRXI4,535,752,217,v023
WRXI4,556,752,196,v026
WRXI4,535,752,217,v008
WRXI4,69,578,509,v019
OD1A5,2,283,281,v030
OD1A5,676,784,108,v027
OD1A5,408,566,158,v013
OD1A5,698,828,130,v007
OD1A5,727,828,101,v029
OD1A5,693,818,125,v012
OD1A5,744,828,84,v001
OD1A5,295,705,410,v008
OD1A5,607,710,103,v031
KEY1O,0,826,826,v008
KEY1O,21,826,805,v019
KEY1O,0,826,826,v008
KEY1O,0,100,100,v023
3A4PE,0,648,648,v026
3A4PE,0,542,542,v008
3A4PE,177,405,228,v020
VMI2D,24,273,249,v016
VMI2D,367,849,482,v003
VMI2D,0,242,242,v008
VMI2D,237,811,574,v016
BE43L,376,592,216,v016
BE43L,436,757,321,v018
BE43L,465,757,292,v018
BE43L,134,463,329,v023
BE43L,129,463,334,v012
BE43L,129,472,343,v023
BE43L,0,112,112,v012
BE43L,456,757,301,v018
BE43L,0,489,489,v012
BE43L,19,547,528,v016
BE43L,367,501,134,v001
BE43L,16,482,466,v023
BE43L,38,566,528,v008
BE43L,268,453,185,v016
BE43L,352,494,142,v001
BE43L,24,441,417,v008
BE43L,285,448,163,v016
BE43L,62,559,497,v008
BE43L,0,86,86,v007
B9XZX,264,400,136,v012
B9XZX,0,98,98,v002
B9XZX,69,208,139,v012
B9XZX,422,624,202,v004
B9XZX,206,355,149,v002
B9XZX,84,290,206,v008
B9XZX,84,290,206,v023
B9XZX,84,244,160,v001
B9XZX,0,120,120,v008
B9XZX,273,432,159,v001
YSBN0,0,273,273,v002
YSBN0,0,213,213,v016
YSBN0,0,144,144,v023
0TXYV,0,213,213,v016
0TXYV,105,362,257,v008
0TXYV,232,391,159,v004
0TXYV,379,585,206,v004
0TXYV,148,338,190,v023
0TXYV,48,606,558,v008
0TXYV,48,606,558,v014
0TXYV,345,460,115,v016
0TXYV,518,606,88,v007
G4VTC,122,264,142,v004
G4VTC,105,729,624,v008
G4VTC,360,729,369,v026
G4VTC,100,729,629,v018
G4VTC,112,729,617,v008
G4VTC,0,204,204,v008
G4VTC,621,729,108,v008
1M89F,201,400,199,v004
1M89F,9,278,269,v015
1M89F,134,261,127,v016
NTYC3,530,758,228,v012
NTYC3,662,881,219,v031
NTYC3,72,590,518,v005
NTYC3,748,881,133,v009
NTYC3,0,168,168,v016
NTYC3,604,881,277,v014
NTYC3,0,585,585,v008
2N5VN,0,709,709,v008
2N5VN,338,709,371,v004
2N5VN,0,381,381,v005
2N5VN,254,427,173,v016
2N5VN,0,709,709,v026
2N5VN,33,321,288,v016
2N5VN,0,364,364,v008
2N5VN,352,506,154,v008
2N5VN,0,302,302,v008
2N5VN,55,372,317,v008
2N5VN,271,477,206,v016
2N5VN,0,396,396,v005
CS01T,0,835,835,v008
CS01T,127,832,705,v014
CS01T,544,835,291,v018
I6IPP,506,696,190,v004
I6IPP,0,697,697,v008
I6IPP,0,697,697,v019
I6IPP,0,697,697,v009
I6IPP,0,697,697,v018
I6IPP,0,470,470,v014
I6IPP,0,697,697,v018
Q77UW,0,626,626,v032
Q77UW,525,703,178,v023
Q77UW,0,734,734,v018
Q77UW,0,724,724,v018
Q77UW,0,741,741,v032
Q77UW,542,751,209,v022
6LBDM,672,1161,489,v030
6LBDM,201,595,394,v004
6LBDM,7,240,233,v029
6LBDM,144,465,321,v018
6LBDM,151,384,233,v018
6LBDM,362,607,245,v022
6LBDM,0,388,388,v008
6LBDM,448,825,377,v031
6JB5R,787,3408,2621,v005
6JB5R,768,3504,2736,v005
6JB5R,3252,3621,369,v018
6JB5R,2846,3427,581,v016
6JB5R,496,746,250,v018
6JB5R,2476,3194,718,v020
6JB5R,3350,3640,290,v022
6JB5R,496,746,250,v018
6JB5R,729,3388,2659,v008
FJIMX,14,268,254,v019
FJIMX,14,168,154,v018
FJIMX,477,724,247,v026
FJIMX,676,724,48,v023
FJIMX,676,724,48,v016
FJIMX,676,724,48,v018
FJIMX,451,724,273,v026
FJIMX,117,352,235,v009
FJIMX,441,724,283,v026
0ET8W,177,324,147,v029
0ET8W,158,331,173,v017
0ET8W,516,739,223,v020
0ET8W,0,739,739,v012
8NDRG,0,225,225,v008
8NDRG,326,547,221,v016
8NDRG,249,372,123,v023
8NDRG,285,436,151,v008
8NDRG,578,732,154,v008
8NDRG,547,664,117,v016
8NDRG,271,391,120,v023
8NDRG,271,735,464,v026
8NDRG,0,192,192,v010
6GY1M,240,768,528,v018
6GY1M,276,768,492,v014
6GY1M,206,374,168,v018
6GY1M,48,220,172,v019
X62WQ,309,460,151,v008
X62WQ,105,285,180,v022
X62WQ,74,478,404,v018
X62WQ,84,364,280,v014
X62WQ,144,408,264,v032
X62WQ,144,312,168,v012
X62WQ,0,478,478,v008
X62WQ,0,441,441,v032
X62WQ,0,160,160,v013
X62WQ,141,376,235,v031
X62WQ,0,427,427,v018
V2MHO,0,345,345,v031
V2MHO,0,727,727,v018
V2MHO,211,427,216,v025
V2MHO,196,388,192,v008
V2MHO,264,403,139,v025
V2MHO,196,345,149,v023
V2MHO,196,386,190,v008
V2MHO,199,336,137,v023
SODJP,0,674,674,v009
SODJP,0,674,674,v018
SODJP,0,674,674,v009
SODJP,0,674,674,v031
64SL1,384,597,213,v008
64SL1,384,604,220,v023
64SL1,182,612,430,v008
64SL1,156,297,141,v023
64SL1,213,328,115,v009
64SL1,110,254,144,v022
64SL1,148,448,300,v026
64SL1,220,566,346,v019
8XFAV,338,729,391,v004
8XFAV,168,326,158,v015
8XFAV,0,151,151,v012
8XFAV,50,194,144,v016
8XFAV,48,187,139,v016
8XFAV,31,182,151,v008
8XFAV,69,427,358,v008
8XFAV,31,182,151,v023
8XFAV,69,427,358,v023
8XFAV,0,139,139,v012
LBG7L,400,734,334,v008
LBG7L,127,357,230,v008
LBG7L,564,734,170,v014
LBG7L,451,734,283,v018
LBG7L,424,636,212,v023
LBG7L,230,422,192,v012
LBG7L,456,734,278,v018
LBG7L,0,338,338,v008
LBG7L,432,679,247,v018
LBG7L,492,624,132,v016
LBG7L,146,256,110,v023
31TDO,302,698,396,v027
31TDO,525,849,324,v018
31TDO,897,1192,295,v018
31TDO,933,1257,324,v023
31TDO,482,892,410,v018
31TDO,194,520,326,v016
31TDO,280,720,440,v008
31TDO,216,784,568,v005
31TDO,216,784,568,v016
31TDO,216,784,568,v023
31TDO,216,784,568,v018
K224I,0,730,730,v018
K224I,0,730,730,v002
92Q8F,86,638,552,v031
92Q8F,0,182,182,v010
92Q8F,112,660,548,v018
92Q8F,40,170,130,v000
92Q8F,631,683,52,v022
92Q8F,16,194,178,v000
2WH4F,213,595,382,v016
2WH4F,604,733,129,v016
2WH4F,523,640,117,v012
2WH4F,544,662,118,v001
2WH4F,182,379,197,v023
2WH4F,588,733,145,v025
2WH4F,439,619,180,v012
2WH4F,163,607,444,v008
2WH4F,156,626,470,v026
2WH4F,518,733,215,v028
2WH4F,518,674,156,v001
2WH4F,456,588,132,v012
2WH4F,64,211,147,v008
2WH4F,52,194,142,v016
G4NOT,0,621,621,v014
G4NOT,525,720,195,v029
G4NOT,549,679,130,v001
G4NOT,0,720,720,v008
TRFB0,304,427,123,v012
TRFB0,0,314,314,v030
TRFB0,412,604,192,v001
TRFB0,456,578,122,v016
05ZNF,424,568,144,v016
05ZNF,0,530,530,v032
05ZNF,494,743,249,v023
05ZNF,0,743,743,v018
05ZNF,0,743,743,v018
05ZNF,0,489,489,v008
05ZNF,475,609,134,v008
05ZNF,554,743,189,v005
05ZNF,122,312,190,v031
05ZNF,237,415,178,v031
05ZNF,501,631,130,v023
05ZNF,516,743,227,v008
YUGJJ,0,271,271,v008
YUGJJ,312,511,199,v012
YUGJJ,256,909,653,v008
YUGJJ,0,909,909,v018
YUGJJ,0,79,79,v008
YUGJJ,292,909,617,v008
YUGJJ,460,847,387,v031
YUGJJ,460,847,387,v032
YUGJJ,192,333,141,v005
CI6H7,9,144,135,v010
CI6H7,0,384,384,v008
CI6H7,0,384,384,v031
CI6H7,0,384,384,v008
CI6H7,206,314,108,v018
CI6H7,52,175,123,v009
CI6H7,62,184,122,v019
CI6H7,57,163,106,v031
CI6H7,28,384,356,v021
CI6H7,0,384,384,v008
CI6H7,0,384,384,v014
9NL5G,7,314,307,v004
VKBIV,12,249,237,v018
VKBIV,578,715,137,v022
VKBIV,79,703,624,v018
VKBIV,76,722,646,v014
VKBIV,60,722,662,v008
VKBIV,271,633,362,v019
MVL2O,468,920,452,v008
MVL2O,0,920,920,v008
MVL2O,367,585,218,v001
MVL2O,0,525,525,v031
MVL2O,633,920,287,v008
MVL2O,849,920,71,v027
MVL2O,0,523,523,v014
MVL2O,484,780,296,v022
MVL2O,688,920,232,v023
X2LBW,1178,1437,259,v018
X2LBW,974,1142,168,v016
X2LBW,1178,1437,259,v018
X2LBW,1456,1635,179,v001
X2LBW,1185,1502,317,v022
X2LBW,1178,1437,259,v018
X2LBW,590,1118,528,v008
X2LBW,998,1224,226,v016
X2LBW,777,1567,790,v008
X2LBW,0,235,235,v003
X2LBW,1039,1315,276,v018
X2LBW,1120,1526,406,v032
X2LBW,1480,1635,155,v031
X2LBW,753,955,202,v029
X2LBW,638,1142,504,v008
X2LBW,0,112,112,v008
X2LBW,1195,1461,266,v031
X2LBW,590,768,178,v023
X2LBW,516,652,136,v023
X2LBW,1161,1363,202,v032
X2LBW,9,163,154,v016
IV8MD,199,580,381,v005
IV8MD,182,324,142,v023
IV8MD,0,129,129,v009
IV8MD,194,588,394,v008
IV8MD,0,588,588,v008
IV8MD,266,518,252,v008
IV8MD,0,242,242,v008
IV8MD,194,345,151,v005
IV8MD,151,297,146,v023
B61CP,0,567,567,v008
B61CP,0,567,567,v026
B61CP,177,316,139,v020
B61CP,0,567,567,v026
B61CP,50,544,494,v031
XJVQL,0,480,480,v018
XJVQL,230,480,250,v008
XJVQL,0,288,288,v032
XJVQL,259,480,221,v004
XJVQL,0,480,480,v008
FDNWD,271,569,298,v021
FDNWD,115,271,156,v029
FDNWD,0,228,228,v020
FDNWD,338,569,231,v010
FDNWD,300,417,117,v018
S00C3,0,463,463,v003
S00C3,362,547,185,v019
S00C3,0,727,727,v018
S00C3,544,727,183,v019
MDZVU,4,168,164,v016
MDZVU,72,240,168,v020
OMX6W,12,177,165,v007
OMX6W,81,715,634,v008
OMX6W,7,172,165,v012
OMX6W,14,172,158,v012
8JR94,585,778,193,v005
8JR94,19,778,759,v008
8JR94,165,751,586,v011
8JR94,0,136,136,v018
8JR94,590,778,188,v005
8JR94,0,778,778,v008
8JR94,26,778,752,v018
8JR94,566,688,122,v023
K7PVL,38,266,228,v008
K7PVL,216,489,273,v016
K7PVL,4,297,293,v018
K7PVL,0,744,744,v018
K7PVL,465,744,279,v016
K7PVL,7,204,197,v023
K7PVL,0,595,595,v008
Z1H81,168,314,146,v027
Z1H81,297,758,461,v008
Z1H81,0,158,158,v029
55UAT,0,244,244,v016
55UAT,0,492,492,v026
55UAT,16,158,142,v016
CBVUS,0,472,472,v008
CBVUS,2,180,178,v020
CBVUS,439,788,349,v008
CBVUS,0,463,463,v018
CBVUS,384,788,404,v030
VGPCG,194,544,350,v003
VGPCG,0,252,252,v014
VGPCG,573,757,184,v012
VGPCG,528,734,206,v022
VGPCG,612,757,145,v001
0FC0N,400,559,159,v012
0FC0N,302,417,115,v022
0FC0N,633,753,120,v023
0FC0N,496,788,292,v008
0FC0N,633,753,120,v023
0FC0N,496,607,111,v023
0FC0N,405,788,383,v023
0FC0N,460,788,328,v008
0FC0N,420,788,368,v023
0FC0N,676,788,112,v001
0FC0N,0,417,417,v018
N7X3T,0,626,626,v023
N7X3T,0,468,468,v030
N7X3T,364,496,132,v016
N7X3T,0,614,614,v008
N7X3T,0,614,614,v016
S4PLU,417,568,151,v030
S4PLU,117,446,329,v004
S4PLU,340,494,154,v016
S4PLU,468,648,180,v016
S4PLU,388,578,190,v023
Y6MUU,0,937,937,v008
Y6MUU,688,937,249,v008
Y6MUU,732,902,170,v012
Y6MUU,787,937,150,v029
Y6MUU,703,859,156,v007
Y6MUU,636,780,144,v023
Y6MUU,835,937,102,v001
Y6MUU,0,937,937,v008
Y6MUU,0,775,775,v014
XBB9P,9,496,487,v016
XBB9P,0,108,108,v012
XBB9P,225,410,185,v008
XBB9P,0,110,110,v012
XBB9P,0,519,519,v026
LU3SU,192,376,184,v016
LU3SU,120,288,168,v023
LU3SU,319,749,430,v003
LU3SU,0,136,136,v012
LU3SU,127,256,129,v023
LU3SU,266,436,170,v008
LU3SU,206,324,118,v029
LU3SU,300,749,449,v016
LU3SU,0,122,122,v012
LU3SU,139,256,117,v008
LU3SU,67,194,127,v027
LU3SU,192,355,163,v016
G3A0B,249,456,207,v004
G3A0B,0,567,567,v008
G3A0B,0,567,567,v005
G3A0B,0,567,567,v008
G3A0B,456,567,111,v009
G3A0B,468,567,99,v019
8AKGE,309,458,149,v016
8AKGE,0,420,420,v008
8AKGE,350,614,264,v004
8AKGE,276,400,124,v027
8AKGE,0,328,328,v019
8AKGE,0,420,420,v014
8AKGE,360,631,271,v008
8AKGE,314,429,115,v016
8AKGE,352,465,113,v023
EE8OB,355,488,133,v005
EE8OB,355,488,133,v005
EE8OB,333,488,155,v018
EE8OB,333,488,155,v018
EE8OB,0,488,488,v008
EE8OB,283,456,173,v018
EE8OB,0,488,488,v008
4VYE5,2200,2448,248,v022
4VYE5,292,2277,1985,v032
4VYE5,84,2316,2232,v031
4VYE5,878,1768,890,v004
4VYE5,28,2071,2043,v018
4VYE5,103,1975,1872,v031
4VYE5,2484,3487,1003,v003
4VYE5,1576,1862,286,v016
FTWBB,0,729,729,v008
FTWBB,0,146,146,v019
FTWBB,0,146,146,v009
FTWBB,0,81,81,v012
FTWBB,0,729,729,v031
FTWBB,0,729,729,v031
FTWBB,0,729,729,v018
FTWBB,7,141,134,v019
FTWBB,192,307,115,v019
FTWBB,0,729,729,v018
2FLXE,182,316,134,v001
2FLXE,62,184,122,v012
2FLXE,74,351,277,v008
2FLXE,256,351,95,v016
2FLXE,86,249,163,v023
GG1X2,72,266,194,v001
GG1X2,0,168,168,v012
GG1X2,220,408,188,v028
GG1X2,228,415,187,v016
GG1X2,376,600,224,v008
GG1X2,0,168,168,v029
GG1X2,379,602,223,v008
GG1X2,364,494,130,v023
GG1X2,206,338,132,v008
G4IV1,67,510,443,v007
G4IV1,141,297,156,v012
G4IV1,9,158,149,v017
R6QCQ,247,426,179,v031
R6QCQ,0,218,218,v010
R6QCQ,50,216,166,v000
R6QCQ,136,271,135,v022
SIREU,0,128,128,v012
SIREU,0,103,103,v016
SIREU,9,128,119,v023
9ONDD,381,691,310,v008
9ONDD,381,626,245,v023
9ONDD,451,588,137,v001
9ONDD,535,766,231,v016
9ONDD,0,362,362,v002
9ONDD,324,492,168,v012
2TU40,307,530,223,v030
2TU40,0,74,74,v008
2TU40,0,175,175,v008
2TU40,0,725,725,v023
2TU40,38,206,168,v012
2TU40,0,288,288,v016
2TU40,319,725,406,v026
2TU40,304,432,128,v030
2TU40,0,156,156,v029
2TU40,7,134,127,v007
2TU40,304,725,421,v030
F08QY,0,86,86,v012
F08QY,28,156,128,v008
F08QY,0,311,311,v008
3MPY7,0,712,712,v008
3MPY7,0,712,712,v008
3MPY7,0,129,129,v029
9K2TY,0,736,736,v018
9K2TY,0,580,580,v008
9K2TY,456,580,124,v016
9K2TY,477,736,259,v008
9K2TY,657,736,79,v025
9K2TY,460,573,113,v016
9K2TY,0,566,566,v008
AQXBN,0,91,91,v008
AQXBN,0,156,156,v016
AQXBN,0,115,115,v031
AQXBN,52,369,317,v018
AQXBN,0,151,151,v018
AQXBN,343,484,141,v008
FDIJX,14,160,146,v025
FDIJX,297,406,109,v021
FDIJX,50,151,101,v016
FDIJX,0,406,406,v028
FDIJX,33,156,123,v025
FDIJX,0,406,406,v008
6UDGS,232,456,224,v003
6UDGS,381,576,195,v001
6UDGS,132,352,220,v008
6UDGS,69,511,442,v029
6UDGS,43,549,506,v012
6UDGS,132,518,386,v023
4DZ33,0,422,422,v026
4DZ33,0,832,832,v008
4DZ33,0,72,72,v023
4DZ33,7,139,132,v023
4DZ33,271,417,146,v016
4DZ33,9,417,408,v008
N2XCF,103,561,458,v012
N2XCF,276,900,624,v008
N2XCF,691,1226,535,v008
N2XCF,381,681,300,v008
N2XCF,578,1120,542,v023
N2XCF,849,962,113,v001
N2XCF,873,1005,132,v016
N2XCF,367,696,329,v023
N2XCF,909,1262,353,v028
N2XCF,1272,1430,158,v030
N2XCF,367,811,444,v016
3O300,180,592,412,v026
3O300,535,691,156,v029
3O300,199,604,405,v026
3O300,187,585,398,v008
GMQBY,0,723,723,v006
GMQBY,180,723,543,v031
GMQBY,0,723,723,v018
Q36FS,278,528,250,v031
Q36FS,4,343,339,v008
Q36FS,115,348,233,v019
Q36FS,115,348,233,v009
09F15,460,684,224,v020
09F15,9,218,209,v008
09F15,9,220,211,v008
09F15,60,192,132,v027
09F15,9,156,147,v012
09F15,9,156,147,v012
PUWX2,158,564,406,v008
PUWX2,468,616,148,v023
BDWIX,271,561,290,v008
BDWIX,242,532,290,v016
BDWIX,244,532,288,v025
BDWIX,235,566,331,v030
BDWIX,470,725,255,v020
BDWIX,0,232,232,v028
BDWIX,259,573,314,v016
BDWIX,206,360,154,v023
BDWIX,379,532,153,v016
BDWIX,441,571,130,v026
BDWIX,0,297,297,v016
LNXMJ,542,667,125,v027
LNXMJ,0,528,528,v031
VVCK0,441,571,130,v012
VVCK0,24,196,172,v002
VVCK0,295,453,158,v029
VVCK0,0,787,787,v005
VVCK0,2,787,785,v008
VVCK0,153,328,175,v005
VVCK0,144,331,187,v008
QHU9R,0,720,720,v024
QHU9R,0,725,725,v008
QHU9R,0,712,712,v014
QHU9R,0,725,725,v008
QHU9R,0,60,60,v022
QHU9R,0,725,725,v008
490S2,273,564,291,v014
490S2,0,362,362,v008
490S2,290,542,252,v008
490S2,0,316,316,v004
490S2,223,357,134,v016
490S2,420,609,189,v016
490S2,208,386,178,v023
490S2,206,364,158,v016
D1C8J,45,434,389,v032
D1C8J,388,739,351,v008
D1C8J,33,439,406,v018
D1C8J,338,460,122,v022
D1C8J,52,446,394,v018
D1C8J,7,144,137,v018
TU1C9,0,735,735,v008
TU1C9,0,192,192,v020
TU1C9,261,735,474,v005
TU1C9,261,496,235,v005
TU1C9,684,735,51,v021
TU1C9,672,735,63,v004
TU1C9,0,735,735,v021
TU1C9,0,735,735,v018
TU1C9,576,720,144,v004
VA8ZR,98,343,245,v012
VA8ZR,290,458,168,v027
VA8ZR,496,681,185,v023
VA8ZR,228,422,194,v029
VA8ZR,153,324,171,v012
VA8ZR,669,806,137,v001
J3LZI,98,751,653,v008
J3LZI,120,223,103,v022
J3LZI,237,588,351,v012
J3LZI,554,758,204,v016
PQH3Q,506,697,191,v031
PQH3Q,0,697,697,v008
PQH3Q,511,697,186,v006
PQH3Q,345,487,142,v022
PQH3Q,0,446,446,v018
HTCKH,280,436,156,v016
HTCKH,0,436,436,v008
HTCKH,0,312,312,v026
HTCKH,266,420,154,v008
HTCKH,285,436,151,v016
HTCKH,0,369,369,v026
HTCKH,249,372,123,v023
SPUPH,88,252,164,v008
SPUPH,84,232,148,v020
SPUPH,0,168,168,v012
SPUPH,144,261,117,v016
SPUPH,146,297,151,v008
SPUPH,146,297,151,v008
SPUPH,0,184,184,v001
SPUPH,182,297,115,v005
SPUPH,196,297,101,v005
SPUPH,62,218,156,v023
SPUPH,168,273,105,v023
FTETB,132,259,127,v001
FTETB,0,122,122,v012
FTETB,232,718,486,v002
FTETB,213,328,115,v016
FTETB,4,278,274,v023
GNMBV,0,564,564,v028
GNMBV,372,564,192,v008
GNMBV,412,516,104,v025
GNMBV,343,564,221,v008
GNMBV,412,516,104,v025
GNMBV,288,460,172,v023
YT9AL,0,170,170,v023
YT9AL,1106,1291,185,v009
YT9AL,434,1202,768,v003
YT9AL,842,1034,192,v008
YT9AL,40,700,660,v024
YT9AL,991,1142,151,v019
YT9AL,93,374,281,v003
YT9AL,67,189,122,v029
KO34N,0,266,266,v008
KO34N,232,740,508,v028
KO34N,0,252,252,v014
KO34N,163,285,122,v016
KO34N,285,458,173,v025
KO34N,686,740,54,v016
61WBK,0,79,79,v008
61WBK,0,103,103,v016
61WBK,33,165,132,v008
61WBK,67,786,719,v026
61WBK,0,103,103,v016
61WBK,0,103,103,v025
61WBK,55,535,480,v026
9SOKF,0,819,819,v008
9SOKF,4,237,233,v019
9SOKF,14,819,805,v019
9SOKF,0,819,819,v008
XRI58,43,300,257,v018
XRI58,148,453,305,v005
XRI58,369,590,221,v017
XRI58,153,338,185,v008
XRI58,273,463,190,v018
XRI58,400,578,178,v008
XRI58,266,465,199,v023
XRI58,396,547,151,v022
DSP2U,379,528,149,v018
DSP2U,309,468,159,v023
DSP2U,376,535,159,v018
DSP2U,328,463,135,v016
DSP2U,328,463,135,v008
MURXK,134,292,158,v016
MURXK,0,232,232,v008
MURXK,206,698,492,v028
MURXK,0,254,254,v014
MURXK,199,444,245,v023
MURXK,199,439,240,v008
AST4H,2,141,139,v008
AST4H,52,386,334,v019
AST4H,307,540,233,v019
AST4H,333,619,286,v006
AST4H,192,525,333,v029
AST4H,48,719,671,v023
AST4H,355,719,364,v031
QX33M,506,755,249,v008
QX33M,0,602,602,v031
QX33M,619,755,136,v012
QX33M,492,621,129,v023
QX33M,657,755,98,v001
QX33M,487,607,120,v022
QX33M,0,588,588,v018
QX33M,0,508,508,v006
QX33M,566,746,180,v007
QX33M,0,583,583,v019
QX33M,636,755,119,v029
B2NAS,309,424,115,v016
B2NAS,110,405,295,v005
B2NAS,309,424,115,v016
B2NAS,19,189,170,v018
B2NAS,336,602,266,v026
B2NAS,50,432,382,v008
B2NAS,115,432,317,v005
B2NAS,597,662,65,v022
B2NAS,48,616,568,v018
B2NAS,376,552,176,v016
B2NAS,48,412,364,v008
ZP4X6,0,499,499,v010
ZP4X6,288,508,220,v020
ZP4X6,0,100,100,v018
ZP4X6,434,580,146,v022
ZP4X6,170,612,442,v008
ZP4X6,451,619,168,v025
ZP4X6,4,184,180,v016
ZP4X6,127,300,173,v023
ZP4X6,189,513,324,v014
H378S,158,333,175,v008
H378S,199,400,201,v005
H378S,470,672,202,v026
H378S,436,676,240,v016
H378S,105,676,571,v008
H378S,105,676,571,v008
H378S,422,525,103,v016
X3FAP,124,384,260,v030
X3FAP,136,295,159,v016
X3FAP,252,415,163,v023
X3FAP,40,194,154,v012
X3FAP,482,631,149,v008
PN7N9,254,477,223,v001
PN7N9,81,285,204,v012
PN7N9,0,141,141,v008
PN7N9,96,328,232,v016
5L04F,0,693,693,v008
5L04F,302,693,391,v005
5L04F,223,400,177,v009
5L04F,302,693,391,v005
5L04F,0,693,693,v008
5L04F,0,693,693,v008
FWUV8,559,886,327,v008
FWUV8,165,456,291,v004
FWUV8,422,655,233,v018
FWUV8,408,886,478,v031
FWUV8,165,300,135,v016
FWUV8,400,616,216,v018
FWUV8,67,194,127,v023
ATNBT,367,729,362,v014
ATNBT,0,463,463,v031
ATNBT,681,729,48,v018
CMNU3,0,325,325,v018
CMNU3,228,325,97,v008
CMNU3,160,325,165,v023
CMNU3,0,325,325,v031
CMNU3,0,325,325,v008
CMNU3,0,325,325,v012
CMNU3,96,325,229,v019
CMNU3,168,321,153,v026
CMNU3,96,325,229,v019
TKFY2,256,412,156,v005
TKFY2,242,422,180,v008
TKFY2,309,439,130,v016
TKFY2,62,754,692,v002
TKFY2,235,432,197,v005
J76NX,158,340,182,v008
J76NX,0,108,108,v016
J76NX,192,429,237,v026
J76NX,400,532,132,v016
J76NX,0,117,117,v023
J76NX,120,554,434,v026
J76NX,621,748,127,v023
J76NX,657,762,105,v016
RE2CX,0,261,261,v031
RE2CX,199,336,137,v008
RE2CX,326,552,226,v016
RE2CX,355,535,180,v016
RE2CX,194,520,326,v008
CA7T0,0,842,842,v008
CA7T0,0,739,739,v008
CA7T0,588,724,136,v016
CA7T0,189,674,485,v019
CA7T0,86,664,578,v004
CA7T0,0,669,669,v005
CA7T0,0,669,669,v008
CA7T0,0,664,664,v005
CA7T0,672,928,256,v023
CA7T0,691,928,237,v008
CA7T0,564,708,144,v016
CA7T0,830,928,98,v029
CA7T0,0,679,679,v008
CA7T0,573,724,151,v016
CA7T0,681,928,247,v023
CA7T0,537,729,192,v016
IK72J,96,957,861,v024
IK72J,96,957,861,v008
IK72J,38,158,120,v012
BA6DD,0,827,827,v022
W3DYV,0,79,79,v007
W3DYV,0,175,175,v001
W3DYV,103,752,649,v028
UJXBC,40,194,154,v012
UJXBC,254,766,512,v008
UJXBC,124,384,260,v018
UJXBC,223,766,543,v018
UJXBC,326,621,295,v014
UJXBC,415,648,233,v008
UJXBC,0,120,120,v029
UJXBC,24,151,127,v012
QO49P,0,189,189,v004
QO49P,52,187,135,v025
QO49P,0,139,139,v029
3CFFJ,36,802,766,v008
3CFFJ,148,801,653,v005
3CFFJ,96,249,153,v018
3CFFJ,0,60,60,v022
3CFFJ,0,148,148,v016
3CFFJ,105,802,697,v018
3CFFJ,753,802,49,v004
3CFFJ,753,802,49,v023
3CFFJ,465,801,336,v008
3CFFJ,28,160,132,v008
3CFFJ,388,561,173,v023
SD90M,230,786,556,v017
SD90M,0,786,786,v019
QMTF2,0,309,309,v021
QMTF2,0,312,312,v010
QMTF2,247,556,309,v018
QMTF2,158,333,175,v000
QMTF2,295,456,161,v025
Y8ON2,264,391,127,v025
Y8ON2,0,391,391,v010
Y8ON2,264,391,127,v025
Y8ON2,240,360,120,v000
Y8ON2,43,328,285,v000
22FJU,153,266,113,v027
22FJU,26,350,324,v008
22FJU,220,737,517,v030
V3CWF,2,228,226,v008
V3CWF,141,642,501,v008
V3CWF,571,642,71,v016
V3CWF,144,642,498,v031
V3CWF,26,225,199,v016
V3CWF,148,254,106,v023
V3CWF,16,211,195,v016
V3CWF,148,642,494,v009
0UFGC,158,398,240,v012
0UFGC,21,192,171,v007
0UFGC,532,732,200,v001
0UFGC,0,172,172,v012
0UFGC,148,487,339,v031
0UFGC,136,391,255,v001
V2C4I,201,506,305,v008
V2C4I,0,199,199,v004
V2C4I,273,463,190,v026
V2C4I,412,547,135,v016
V2C4I,451,667,216,v016
V2C4I,0,542,542,v008
V2C4I,484,660,176,v026
V2C4I,0,535,535,v008
V2C4I,367,496,129,v022
V2C4I,427,547,120,v016
V2C4I,189,295,106,v023
V2C4I,273,463,190,v030
H1J19,0,410,410,v005
H1J19,0,667,667,v008
H1J19,350,520,170,v020
H1J19,427,556,129,v016
H1J19,0,410,410,v005
H1J19,427,556,129,v016
H1J19,0,540,540,v008
ZUKHZ,110,352,242,v008
ZUKHZ,292,420,128,v005
ZUKHZ,249,433,184,v017
ZUKHZ,292,424,132,v005
ZUKHZ,256,422,166,v008
ZUKHZ,96,324,228,v008
ZUKHZ,256,427,171,v008
S9SRM,228,755,527,v004
S9SRM,0,755,755,v008
S9SRM,141,755,614,v018
S9SRM,124,252,128,v018
S9SRM,0,105,105,v029
S9SRM,0,74,74,v012
S9SRM,26,755,729,v008
S9SRM,12,160,148,v001
S9SRM,52,158,106,v007
SPDF6,7,124,117,v012
SPDF6,297,559,262,v008
SPDF6,0,132,132,v008
SPDF6,0,67,67,v023
SPDF6,110,595,485,v008
SPDF6,86,585,499,v023
SPDF6,477,621,144,v022
SPDF6,14,242,228,v012
SPDF6,16,228,212,v016
SPDF6,64,276,212,v025
SPDF6,79,537,458,v016
SPDF6,14,333,319,v025
SPDF6,0,600,600,v018
SPDF6,0,386,386,v026
B2GXG,388,849,461,v008
B2GXG,381,568,187,v023
B2GXG,273,532,259,v022
B2GXG,304,472,168,v012
V10LX,0,249,249,v004
V10LX,0,352,352,v008
V10LX,208,372,164,v016
V10LX,307,763,456,v006
V10LX,302,763,461,v008
V10LX,218,352,134,v025
HJ2JO,0,201,201,v005
HJ2JO,487,703,216,v020
HJ2JO,0,278,278,v008
9K4HS,2,626,624,v016
9K4HS,0,626,626,v026
LZTH6,0,307,307,v018
LZTH6,184,302,118,v005
LZTH6,223,307,84,v016
LZTH6,151,307,156,v023
LZTH6,184,302,118,v005
LZTH6,153,307,154,v023
LZTH6,153,307,154,v008
DFD3T,288,415,127,v008
DFD3T,268,783,515,v023
DFD3T,0,228,228,v016
DFD3T,0,235,235,v025
DFD3T,288,780,492,v016
DFD3T,0,84,84,v008
DFD3T,0,240,240,v025
DFD3T,254,783,529,v026
DFD3T,256,487,231,v016
DFD3T,391,650,259,v016
DFD3T,256,487,231,v016
DFD3T,391,650,259,v016
DFD3T,607,783,176,v026
RXJ04,883,1252,369,v001
RXJ04,734,1044,310,v016
RXJ04,211,880,669,v026
RXJ04,31,199,168,v012
RXJ04,110,256,146,v001
KS29V,448,602,154,v007
KS29V,0,148,148,v008
KS29V,0,105,105,v022
KS29V,0,62,62,v018
KS29V,67,314,247,v029
00N38,199,436,237,v016
00N38,343,499,156,v012
00N38,55,480,425,v028
00N38,151,283,132,v008
00N38,405,518,113,v007
00N38,16,151,135,v029
MMV3D,0,184,184,v008
MMV3D,0,1179,1179,v024
MMV3D,105,1008,903,v003
MMV3D,64,307,243,v008
MMV3D,0,177,177,v008
L2DR0,115,235,120,v008
L2DR0,0,468,468,v008
L2DR0,364,480,116,v025
L2DR0,19,324,305,v023
3DNW1,302,432,130,v001
3DNW1,225,355,130,v012
3DNW1,280,454,174,v008
3DNW1,362,454,92,v017
3DNW1,168,290,122,v022
3DNW1,264,454,190,v023
3DNW1,0,278,278,v018
3DNW1,268,454,186,v008
3DNW1,0,290,290,v018
3DNW1,0,454,454,v024
EJIKG,309,463,154,v012
EJIKG,259,405,146,v023
EJIKG,336,655,319,v031
EJIKG,24,158,134,v023
EJIKG,213,350,137,v018
EJIKG,340,460,120,v008
EJIKG,79,204,125,v008
EJIKG,50,194,144,v023
HJJ32,381,504,123,v016
HJJ32,381,504,123,v025
HJJ32,0,357,357,v016
HJJ32,0,496,496,v008
HJJ32,194,372,178,v026
HJJ32,590,739,149,v029
SLMQF,160,578,418,v005
SLMQF,530,650,120,v023
SLMQF,184,597,413,v005
SLMQF,328,496,168,v003
SLMQF,112,225,113,v016
SLMQF,554,717,163,v016
SLMQF,559,715,156,v016
SLMQF,237,585,348,v003
SLMQF,36,232,196,v028
SLMQF,148,333,185,v023
SLMQF,518,621,103,v016
SLMQF,261,477,216,v023
SLMQF,499,607,108,v016
SLMQF,429,566,137,v023
LQO5R,117,804,687,v031
LQO5R,600,804,204,v018
LQO5R,566,720,154,v018
LQO5R,554,804,250,v018
HAIVQ,0,400,400,v008
HAIVQ,182,352,170,v016
HAIVQ,0,304,304,v026
HAIVQ,408,750,342,v008
HAIVQ,417,698,281,v005
HAIVQ,271,460,189,v009
HAIVQ,177,352,175,v025
HAIVQ,0,86,86,v025
HAIVQ,211,405,194,v023
92UB5,0,638,638,v018
92UB5,580,743,163,v016
92UB5,0,616,616,v032
92UB5,458,686,228,v022
92UB5,0,554,554,v031
PP5KJ,120,384,264,v008
PP5KJ,120,384,264,v023
PP5KJ,139,568,429,v009
Y6ZJI,196,540,344,v008
Y6ZJI,369,511,142,v022
Y6ZJI,0,544,544,v023
Y6ZJI,31,460,429,v018
Y6ZJI,24,216,192,v012
Y6ZJI,372,764,392,v016
Y6ZJI,360,499,139,v018
P36YW,180,487,307,v008
P36YW,350,654,304,v004
P36YW,355,552,197,v023
P36YW,403,654,251,v008
P36YW,33,194,161,v007
P36YW,340,472,132,v016
P36YW,556,654,98,v016
P36YW,556,654,98,v016
P36YW,96,220,124,v029
P36YW,355,487,132,v016
P36YW,393,523,130,v023
P36YW,206,516,310,v021
KEPDQ,0,122,122,v008
KEPDQ,48,122,74,v016
KEPDQ,48,122,74,v016
KEPDQ,0,122,122,v008
KEPDQ,50,122,72,v016
QQUI7,326,448,122,v012
QQUI7,352,735,383,v023
QQUI7,0,316,316,v017
QQUI7,2,290,288,v008
QQUI7,184,319,135,v016
QQUI7,0,735,735,v031
QQUI7,499,735,236,v009
QQUI7,621,735,114,v008
QQUI7,655,735,80,v023
QQUI7,0,331,331,v019
K47J5,0,369,369,v008
K47J5,340,678,338,v005
K47J5,0,201,201,v018
K47J5,314,616,302,v008
K47J5,494,678,184,v008
K47J5,151,340,189,v028
K47J5,576,678,102,v016
K47J5,105,678,573,v018
SXFG6,0,535,535,v008
SXFG6,379,537,158,v023
SXFG6,0,405,405,v009
SXFG6,364,484,120,v022
SXFG6,0,453,453,v018
SXFG6,0,453,453,v018
SXFG6,393,568,175,v008
SXFG6,0,511,511,v021
3CGO0,88,220,132,v012
3CGO0,0,515,515,v008
3CGO0,0,515,515,v018
3CGO0,0,515,515,v031
3CGO0,376,515,139,v012
3CGO0,266,388,122,v026
3CGO0,350,501,151,v029
XNT6F,172,326,154,v025
XNT6F,230,436,206,v023
XNT6F,266,611,345,v008
XNT6F,314,611,297,v013
XNT6F,0,340,340,v026
XNT6F,0,273,273,v016
XNT6F,206,316,110,v025
XNT6F,0,259,259,v023
OLELC,0,139,139,v004
OLELC,24,136,112,v008
OLELC,43,168,125,v023
OLELC,74,256,182,v002
OLELC,43,165,122,v016
OLELC,45,165,120,v016
7WJUW,0,117,117,v012
7WJUW,218,806,588,v021
7WJUW,276,829,553,v018
7WJUW,96,237,141,v001
7WJUW,48,288,240,v008
7WJUW,120,288,168,v023
7WJUW,216,432,216,v018
7WJUW,672,816,144,v025
7WJUW,0,216,216,v012
7WJUW,698,829,131,v023
7WJUW,698,829,131,v024
7WJUW,698,829,131,v008
7YMK9,0,460,460,v026
7YMK9,871,972,101,v001
7YMK9,818,957,139,v012
7YMK9,379,854,475,v026
7YMK9,924,972,48,v008
7YMK9,924,972,48,v007
7YMK9,924,972,48,v016
KZ45F,0,742,742,v010
KZ45F,0,742,742,v008
KZ45F,26,742,716,v021
9WLBQ,319,784,465,v008
9WLBQ,290,470,180,v012
9WLBQ,0,319,319,v030
9WLBQ,309,790,481,v023
9WLBQ,326,458,132,v008
9WLBQ,355,501,146,v016
UKMK6,350,1202,852,v008
UKMK6,1012,1296,284,v016
UKMK6,429,1010,581,v021
UKMK6,304,499,195,v023
UKMK6,1147,1300,153,v001
UKMK6,948,1104,156,v012
UKMK6,940,1274,334,v016
6HHCU,0,732,732,v008
6HHCU,259,415,156,v013
6HHCU,285,417,132,v019
6HHCU,288,429,141,v022
6HHCU,216,732,516,v014
6HHCU,211,732,521,v022
6HHCU,249,732,483,v013
2RRSO,0,715,715,v008
2RRSO,405,715,310,v008
2RRSO,0,715,715,v022
2RRSO,105,216,111,v026
2RRSO,110,715,605,v008
2RRSO,52,254,202,v030
TW3RS,93,648,555,v019
TW3RS,24,648,624,v008
TW3RS,98,648,550,v009
TW3RS,110,244,134,v019
TW3RS,36,648,612,v008
TW3RS,84,648,564,v031
TW3RS,16,122,106,v023
KO80I,0,769,769,v008
KO80I,0,769,769,v018
KO80I,432,554,122,v016
KO80I,36,278,242,v008
KO80I,244,468,224,v014
VMRAV,180,422,242,v027
VMRAV,609,849,240,v016
VMRAV,878,926,48,v029
VMRAV,878,926,48,v012
CNVZX,0,180,180,v027
CNVZX,69,307,238,v000
CNVZX,79,324,245,v000
CNVZX,0,278,278,v010
MJ1T7,0,583,583,v022
MJ1T7,588,732,144,v008
MJ1T7,482,732,250,v023
MJ1T7,537,674,137,v029
XIUQJ,201,843,642,v008
XIUQJ,0,266,266,v008
XIUQJ,0,264,264,v004
XIUQJ,0,843,843,v018
XIUQJ,184,415,231,v023
XIUQJ,508,631,123,v016
XIUQJ,117,254,137,v016
XIUQJ,518,638,120,v028
XIUQJ,0,843,843,v018
XIUQJ,242,520,278,v030
1BXYR,40,136,96,v031
1BXYR,0,136,136,v030
1BXYR,0,136,136,v018
1BXYR,0,105,105,v009
1BXYR,0,136,136,v008
1BXYR,31,136,105,v019
FDVBR,0,686,686,v008
FDVBR,460,648,188,v016
FDVBR,0,588,588,v023
FDVBR,472,660,188,v016
FDVBR,0,686,686,v031
M5XBZ,0,532,532,v030
M5XBZ,0,564,564,v030
CUII4,813,967,154,v021
CUII4,595,835,240,v028
CUII4,136,864,728,v016
CUII4,9,314,305,v023
CUII4,100,686,586,v003
CUII4,0,139,139,v012
CUII4,127,328,201,v025
CUII4,768,967,199,v008
CUII4,72,835,763,v025
J88MJ,247,525,278,v008
J88MJ,256,470,214,v023
J88MJ,532,681,149,v027
J88MJ,364,516,152,v009
J88MJ,213,542,329,v016
J88MJ,199,441,242,v020
J88MJ,360,564,204,v019
J88MJ,540,691,151,v029
J88MJ,201,530,329,v008
KR4EB,0,674,674,v008
KR4EB,0,674,674,v020
KR4EB,0,674,674,v009
KR4EB,0,674,674,v008
52MV9,782,938,156,v016
52MV9,105,276,171,v029
52MV9,189,336,147,v008
52MV9,0,132,132,v008
52MV9,537,784,247,v005
52MV9,163,590,427,v023
52MV9,537,784,247,v005
52MV9,28,201,173,v001
52MV9,122,276,154,v012
52MV9,333,513,180,v016
52MV9,360,1696,1336,v008
52MV9,688,1617,929,v026
JBHOL,134,319,185,v008
JBHOL,134,319,185,v023
JBHOL,136,295,159,v008
JBHOL,129,324,195,v017
WCERV,31,681,650,v008
WCERV,72,688,616,v021
WCERV,182,552,370,v023
WCERV,38,745,707,v018
WCERV,33,201,168,v016
WCERV,220,745,525,v008
WCERV,612,745,133,v016
WCERV,681,745,64,v014
WCERV,396,744,348,v032
AF8IH,0,117,117,v026
AF8IH,283,779,496,v030
AF8IH,26,175,149,v012
AF8IH,0,134,134,v026
AF8IH,362,496,134,v016
AF8IH,544,779,235,v023
AF8IH,288,779,491,v008
BPHWQ,0,636,636,v018
BPHWQ,544,710,166,v022
BPHWQ,0,636,636,v018
BPHWQ,0,386,386,v003
94HKL,249,732,483,v008
94HKL,307,480,173,v012
94HKL,259,384,125,v016
94HKL,256,376,120,v023
94HKL,384,732,348,v031
94HKL,384,732,348,v014
94HKL,0,732,732,v018
YX0RG,0,755,755,v004
YX0RG,163,350,187,v003
YX0RG,0,112,112,v008
YX0RG,115,283,168,v008
YX0RG,436,566,130,v008
YX0RG,110,364,254,v023
YX0RG,0,112,112,v008
YX0RG,115,283,168,v008
YX0RG,436,566,130,v008
GZSTG,0,916,916,v030
GZSTG,141,290,149,v008
GZSTG,165,314,149,v016
GZSTG,506,674,168,v016
GZSTG,165,314,149,v016
GZSTG,753,912,159,v016
GZSTG,432,645,213,v008
RZY2I,120,272,152,v008
RZY2I,96,216,120,v023
RZY2I,120,240,120,v012
RZY2I,0,120,120,v028
EW6RX,0,725,725,v024
EW6RX,0,725,725,v005
EW6RX,0,725,725,v008
EW6RX,60,175,115,v005
EW6RX,0,91,91,v008
2EPFZ,386,751,365,v003
2EPFZ,28,276,248,v012
2EPFZ,319,767,448,v018
2EPFZ,288,767,479,v023
2EPFZ,376,571,195,v025
2EPFZ,336,748,412,v023
2EPFZ,326,463,137,v018
2EPFZ,424,583,159,v016
2EPFZ,324,767,443,v026
2EPFZ,168,357,189,v001
293L4,0,470,470,v002
3CTZL,48,384,336,v003
3CTZL,288,580,292,v008
3CTZL,60,376,316,v016
3CTZL,444,568,124,v016
3CTZL,84,242,158,v008
RVKKS,0,355,355,v010
RVKKS,295,645,350,v018
RVKKS,535,690,155,v022
HL4V4,0,795,795,v008
HL4V4,0,795,795,v018
HL4V4,0,441,441,v026
HL4V4,0,436,436,v030
HL4V4,364,795,431,v014
HL4V4,710,795,85,v031
HL4V4,338,516,178,v023
HL4V4,0,422,422,v008
HL4V4,326,525,199,v016
HL4V4,309,501,192,v008
HL4V4,0,795,795,v032
HL4V4,0,795,795,v018
HL4V4,408,561,153,v012
HL4V4,338,525,187,v016
HL4V4,0,424,424,v016
NMC5N,0,766,766,v024
NMC5N,0,336,336,v008
NMC5N,264,384,120,v016
NMC5N,362,638,276,v029
NMC5N,0,766,766,v008
MCNRZ,0,722,722,v014
MCNRZ,427,544,117,v016
MCNRZ,0,722,722,v018
MCNRZ,360,576,216,v004
MCNRZ,338,559,221,v023
MCNRZ,427,619,192,v016
MCNRZ,367,544,177,v023
MCNRZ,0,722,722,v008
MCNRZ,0,722,722,v032
MCNRZ,0,67,67,v012
MCNRZ,0,722,722,v018
MCNRZ,432,576,144,v016
0O81T,88,746,658,v008
0O81T,276,506,230,v020
0O81T,67,734,667,v008
0O81T,132,285,153,v004
5I330,314,410,96,v012
5I330,14,328,314,v028
5I330,264,410,146,v023
J4VCR,249,516,267,v005
J4VCR,0,708,708,v018
J4VCR,62,708,646,v008
J4VCR,0,708,708,v031
VRY89,631,754,123,v001
VRY89,50,754,704,v031
6PZJ3,0,326,326,v008
6PZJ3,213,340,127,v016
6PZJ3,0,480,480,v021
6PZJ3,240,355,115,v016
6PZJ3,240,355,115,v016
6PZJ3,0,350,350,v008
6PZJ3,240,355,115,v016
6PZJ3,110,254,144,v029
MWUIN,192,493,301,v004
MWUIN,4,285,281,v008
MWUIN,50,196,146,v025
MWUIN,132,493,361,v008
MWUIN,122,304,182,v023
MWUIN,7,192,185,v016
MWUIN,132,493,361,v018
W7WJR,352,518,166,v027
W7WJR,381,734,353,v008
W7WJR,345,734,389,v022
W7WJR,21,223,202,v018
W7WJR,88,408,320,v018
W7WJR,0,734,734,v008
W7WJR,556,734,178,v029
YA7M0,0,304,304,v008
YA7M0,0,866,866,v026
YA7M0,770,928,158,v023
YA7M0,816,1015,199,v004
YA7M0,0,864,864,v016
YA7M0,432,864,432,v026
YA7M0,0,297,297,v023
YA7M0,355,691,336,v023
YA7M0,0,1134,1134,v018
WZRLQ,727,838,111,v004
WZRLQ,664,818,154,v023
WZRLQ,0,838,838,v031
WZRLQ,0,838,838,v018
WZRLQ,686,816,130,v023
WZRLQ,727,835,108,v008
FOA8D,88,538,450,v008
FOA8D,112,538,426,v014
FOA8D,0,172,172,v008
FOA8D,48,184,136,v016
XI9FM,0,774,774,v004
XI9FM,0,774,774,v008
XI9FM,0,774,774,v008
XI9FM,0,774,774,v006
6SWTR,321,620,299,v008
6SWTR,388,620,232,v012
6SWTR,453,620,167,v031
6SWTR,336,620,284,v018
6SWTR,312,620,308,v018
6SWTR,60,338,278,v026
6SWTR,324,620,296,v023
6SWTR,535,620,85,v001
BRLNM,667,747,80,v010
BRLNM,0,727,727,v018
BRLNM,93,496,403,v005
BRLNM,0,720,720,v008
BLB6G,355,751,396,v030
BLB6G,0,192,192,v010
BLB6G,86,352,266,v000
BLB6G,643,752,109,v016
BLB6G,312,752,440,v008
BLB6G,252,752,500,v026
BLB6G,151,752,601,v018
BLB6G,362,748,386,v030
1XK68,33,763,730,v008
1XK68,340,559,219,v031
LDST7,117,420,303,v008
LDST7,124,266,142,v023
LDST7,120,441,321,v008
LDST7,266,403,137,v029
LDST7,0,115,115,v012
J7D0D,0,100,100,v012
J7D0D,0,632,632,v005
J7D0D,0,632,632,v006
J7D0D,0,632,632,v008
RQUGW,0,156,156,v012
RQUGW,84,239,155,v023
9A90E,26,201,175,v012
9A90E,475,724,249,v016
9A90E,84,499,415,v023
9A90E,364,513,149,v016
9A90E,492,693,201,v008
9A90E,482,619,137,v023
9A90E,163,300,137,v025
9A90E,504,727,223,v025
9A90E,516,698,182,v012
C3JAS,0,1173,1173,v008
C3JAS,988,1207,219,v016
C3JAS,0,1092,1092,v026
C3JAS,350,535,185,v020
C3JAS,0,427,427,v026
TJHFA,117,736,619,v010
TJHFA,698,813,115,v022
8Z9GW,199,403,204,v023
8Z9GW,300,559,259,v026
8Z9GW,285,499,214,v018
8Z9GW,0,336,336,v003
8Z9GW,300,504,204,v018
8Z9GW,297,737,440,v008
0XRD1,0,177,177,v001
0XRD1,0,175,175,v008
0XRD1,0,93,93,v012
0XRD1,0,244,244,v016
0XRD1,213,520,307,v004
0XRD1,516,745,229,v010
0XRD1,187,470,283,v008
0XRD1,64,228,164,v016
0XRD1,444,600,156,v018
1GKWJ,0,528,528,v008
1GKWJ,470,847,377,v032
1GKWJ,367,496,129,v017
1GKWJ,129,374,245,v013
1GKWJ,0,417,417,v014
1GKWJ,432,655,223,v023
1GKWJ,499,847,348,v018
1GKWJ,304,424,120,v016
1GKWJ,472,604,132,v018
7GIOE,98,812,714,v031
7GIOE,0,812,812,v008
7GIOE,0,812,812,v031
7GIOE,0,812,812,v014
NDLY5,0,194,194,v021
NDLY5,0,348,348,v010
NDLY5,415,712,297,v028
NDLY5,230,396,166,v025
NDLY5,540,652,112,v019
NDLY5,0,338,338,v008
NDLY5,528,664,136,v031
NDLY5,105,403,298,v000
NDLY5,612,732,120,v016
NDLY5,379,511,132,v006
5QXCO,468,805,337,v008
5QXCO,532,805,273,v031
5QXCO,12,446,434,v016
5QXCO,532,693,161,v012
5QXCO,0,451,451,v008
5QXCO,326,535,209,v030
5QXCO,297,475,178,v016
5QXCO,499,805,306,v023
P2HRN,0,127,127,v008
P2HRN,38,496,458,v016
P2HRN,487,780,293,v030
P2HRN,86,204,118,v016
P2HRN,182,297,115,v016
P2HRN,0,391,391,v016
E2EHR,0,93,93,v005
E2EHR,64,647,583,v030
E2EHR,0,93,93,v005
E2EHR,62,595,533,v016
E2EHR,81,647,566,v026
E2EHR,76,647,571,v026
E2EHR,0,120,120,v008
KAU5T,0,345,345,v004
KAU5T,516,763,247,v017
KAU5T,348,544,196,v022
KAU5T,0,434,434,v018
X95MU,0,874,874,v008
X95MU,165,328,163,v018
X95MU,201,874,673,v018
X95MU,458,874,416,v013
X95MU,12,196,184,v003
X95MU,0,874,874,v014
0M1ZU,0,81,81,v016
0M1ZU,0,153,153,v025
0M1ZU,36,206,170,v019
0M1ZU,151,252,101,v020
0M1ZU,38,204,166,v016
0M1ZU,12,187,175,v008
0M1ZU,14,252,238,v008
0M1ZU,4,252,248,v026
U2B8U,60,374,314,v004
8XC4G,0,266,266,v008
8XC4G,0,213,213,v031
8XC4G,40,213,173,v009
8XC4G,122,283,161,v023
8XC4G,225,418,193,v016
8XC4G,194,333,139,v023
8XC4G,120,295,175,v016
8XC4G,0,268,268,v010
8XC4G,0,283,283,v010
8XC4G,110,225,115,v001
8XC4G,81,206,125,v019
8XC4G,163,418,255,v018
8XC4G,211,391,180,v003
8XC4G,45,418,373,v019
8XC4G,204,386,182,v008
DQEC3,0,715,715,v026
DQEC3,0,199,199,v026
DQEC3,163,705,542,v024
DQEC3,0,244,244,v008
DQEC3,369,698,329,v005
DQEC3,0,170,170,v016
DQEC3,280,412,132,v012
DQEC3,667,715,48,v008
DQEC3,667,715,48,v016
DQEC3,667,715,48,v023
7B50N,652,730,78,v031
7B50N,0,730,730,v010
7B50N,0,242,242,v008
7B50N,0,242,242,v021
7B50N,336,446,110,v023
7B50N,244,730,486,v018
7B50N,213,386,173,v018
7B50N,153,288,135,v022
MOREL,0,105,105,v012
MOREL,444,595,151,v016
MOREL,444,595,151,v016
MOREL,16,528,512,v023
MOREL,444,595,151,v016
MOREL,0,64,64,v007
MOREL,50,158,108,v027
MOREL,122,595,473,v008
MOREL,432,643,211,v016
MOREL,156,707,551,v026
MOREL,0,105,105,v012
MOREL,2,189,187,v029
VQP1L,369,556,187,v008
VQP1L,374,544,170,v023
VQP1L,424,556,132,v025
VQP1L,0,556,556,v008
VQP1L,0,556,556,v026
VQP1L,88,556,468,v026
VQP1L,271,468,197,v026
U7E1T,7,206,199,v016
U7E1T,40,739,699,v026
U7E1T,40,739,699,v008
U7E1T,36,554,518,v026
U7E1T,0,739,739,v018
U7E1T,0,204,204,v008
YOVS5,0,105,105,v010
YOVS5,160,499,339,v029
YOVS5,379,549,170,v001
YOVS5,134,328,194,v022
YOVS5,26,204,178,v000
MEYZ5,0,436,436,v018
MEYZ5,0,422,422,v008
MEYZ5,0,376,376,v014
MEYZ5,369,609,240,v012
MEYZ5,0,369,369,v032
MEYZ5,333,465,132,v022
MEYZ5,0,477,477,v031
MEYZ5,0,444,444,v018
MEYZ5,319,436,117,v016
YUCU2,408,497,89,v004
YUCU2,0,376,376,v005
YUCU2,0,72,72,v008
YUCU2,252,384,132,v023
YUCU2,0,240,240,v002
YUCU2,228,360,132,v012
YUCU2,249,400,151,v001
YUCU2,369,497,128,v016
NLWBW,28,182,154,v016
NLWBW,364,518,154,v027
NLWBW,686,844,158,v016
NLWBW,789,1034,245,v004
NLWBW,0,316,316,v016
NLWBW,0,141,141,v001
NLWBW,50,204,154,v016
NLWBW,163,285,122,v016
NLWBW,148,259,111,v023
NLWBW,0,151,151,v008
NLWBW,153,259,106,v008
75HNO,0,724,724,v008
75HNO,0,724,724,v018
75HNO,0,105,105,v016
75HNO,0,724,724,v031
75HNO,0,105,105,v023
75HNO,242,724,482,v008
75HNO,43,168,125,v022
75HNO,96,213,117,v018
75HNO,0,132,132,v018
D7KU2,129,338,209,v008
D7KU2,50,184,134,v022
D7KU2,184,338,154,v016
D7KU2,0,146,146,v018
D7KU2,79,211,132,v007
HGLHS,36,160,124,v029
HGLHS,168,420,252,v009
HGLHS,139,427,288,v019
HGLHS,0,528,528,v008
WCLGY,345,532,187,v025
WCLGY,168,379,211,v026
WCLGY,0,720,720,v008
WCLGY,103,242,139,v025
WCLGY,472,626,154,v030
WCLGY,0,720,720,v016
5EEFP,0,741,741,v008
5EEFP,156,307,151,v018
5EEFP,0,100,100,v016
5EEFP,0,62,62,v023
5EEFP,14,124,110,v022
5EEFP,14,232,218,v018
5EEFP,151,741,590,v008
5EEFP,160,674,514,v030
OSHMX,165,290,125,v004
OSHMX,19,791,772,v008
OSHMX,115,475,360,v012
OSHMX,684,791,107,v018
SMS5G,499,650,151,v025
SMS5G,0,156,156,v029
SMS5G,124,749,625,v008
SMS5G,120,749,629,v023
SMS5G,307,655,348,v023
SMS5G,280,410,130,v023
SMS5G,501,616,115,v025
SMS5G,499,624,125,v025
LDBDD,0,722,722,v018
LDBDD,0,698,698,v005
LDBDD,338,537,199,v019
LDBDD,403,578,175,v009
LDBDD,0,722,722,v008
LDBDD,0,722,722,v005
LDBDD,312,448,136,v025
LDBDD,0,722,722,v008
LDBDD,319,722,403,v019
LDBDD,0,722,722,v018
LDBDD,609,722,113,v009
JA3MN,148,396,248,v008
JA3MN,148,266,118,v023
JA3MN,52,213,161,v017
JA3MN,14,148,134,v012
JA3MN,120,432,312,v016
JA3MN,120,264,144,v016
JA3MN,288,432,144,v007
JA3MN,120,264,144,v016
JA3MN,163,271,108,v016
JA3MN,24,141,117,v029
JA3MN,24,271,247,v008
UTNL9,115,679,564,v003
UTNL9,0,690,690,v008
UTNL9,84,206,122,v023
UTNL9,0,120,120,v026
UTNL9,86,542,456,v008
80ADD,348,496,148,v009
80ADD,201,381,180,v016
80ADD,0,725,725,v031
80ADD,192,336,144,v016
80ADD,96,288,192,v004
80ADD,72,192,120,v023
80ADD,0,725,725,v018
80ADD,31,168,137,v019
Z6IAE,127,446,319,v031
Z6IAE,604,772,168,v012
Z6IAE,388,664,276,v003
Z6IAE,189,422,233,v012
Z6IAE,424,561,137,v008
Z6IAE,554,866,312,v029
0NM06,369,501,132,v016
0NM06,424,564,140,v018
0NM06,372,501,129,v012
0NM06,444,757,313,v031
0NM06,468,600,132,v018
0NM06,444,590,146,v018
0NM06,475,757,282,v031
X0CVU,0,163,163,v012
X0CVU,0,288,288,v031
X0CVU,43,823,780,v008
X0CVU,38,823,785,v008
X0CVU,33,823,790,v008
X0CVU,0,823,823,v008
X0CVU,364,561,197,v004
9AFQ7,314,1142,828,v005
9AFQ7,595,796,201,v004
9AFQ7,374,1120,746,v004
9AFQ7,187,340,153,v012
9AFQ7,50,252,202,v001
9AFQ7,74,1149,1075,v016
9AFQ7,367,1120,753,v023
9AFQ7,74,336,262,v023
9AFQ7,81,434,353,v016
9AFQ7,62,1161,1099,v008
9AFQ7,350,1125,775,v008
9AFQ7,396,1120,724,v005
9AFQ7,192,352,160,v007
9AFQ7,74,1125,1051,v023
9AFQ7,374,1113,739,v016
9AFQ7,192,357,165,v012
9AFQ7,81,1171,1090,v008
IUXP8,0,408,408,v021
IUXP8,386,688,302,v002
IUXP8,0,432,432,v008
IUXP8,352,688,336,v008
IUXP8,48,220,172,v019
2U0GH,0,463,463,v028
2U0GH,384,778,394,v030
2U0GH,372,778,406,v008
2U0GH,0,778,778,v022
2U0GH,252,417,165,v008
2U0GH,0,417,417,v023
TPW1Z,0,720,720,v004
TPW1Z,0,720,720,v008
TPW1Z,74,592,518,v009
TPW1Z,64,602,538,v009
TPW1Z,0,720,720,v018
TPW1Z,0,720,720,v031
TPW1Z,57,348,291,v019
RRS54,180,340,160,v021
RRS54,0,722,722,v031
RRS54,0,722,722,v014
RRS54,0,722,722,v010
RRS54,0,722,722,v008
HLUMT,0,420,420,v026
HLUMT,0,96,96,v018
HLUMT,381,523,142,v022
HLUMT,321,432,111,v023
HLUMT,0,105,105,v008
HLUMT,321,453,132,v008
HLUMT,345,463,118,v025
HLUMT,0,496,496,v018
10LP3,129,386,257,v008
10LP3,117,386,269,v023
10LP3,268,386,118,v025
10LP3,0,91,91,v029
10LP3,117,386,269,v023
10LP3,268,386,118,v025
10LP3,151,381,230,v016
Z5AZW,0,230,230,v008
Z5AZW,141,259,118,v025
Z5AZW,0,91,91,v029
CJ0U1,451,583,132,v027
CJ0U1,103,705,602,v008
CJ0U1,91,261,170,v001
CJ0U1,177,686,509,v019
CJ0U1,0,139,139,v012
CJ0U1,91,705,614,v008
CJ0U1,48,235,187,v023
CJ0U1,494,705,211,v029
KGMA5,0,127,127,v012
KGMA5,228,482,254,v023
0TL9Y,679,766,87,v008
0TL9Y,0,439,439,v003
0TL9Y,705,766,61,v029
0TL9Y,0,165,165,v016
0TL9Y,0,158,158,v008
0TL9Y,0,86,86,v023
A7BUX,0,376,376,v005
A7BUX,0,364,364,v005
A7BUX,0,345,345,v018
A7BUX,218,458,240,v022
A7BUX,230,783,553,v008
A7BUX,0,352,352,v018
A7BUX,0,283,283,v008
A7BUX,276,571,295,v031
A7BUX,398,686,288,v008
A7BUX,655,783,128,v008
A7BUX,441,638,197,v016
A7BUX,0,278,278,v008
A7BUX,242,783,541,v026
BW5MF,0,91,91,v027
BW5MF,4,490,486,v017
A58I2,703,770,67,v008
A58I2,218,357,139,v012
A58I2,0,62,62,v008
A58I2,0,98,98,v016
A58I2,717,770,53,v018
A58I2,727,770,43,v029
A58I2,165,770,605,v018
A58I2,48,175,127,v029
D8HN1,0,372,372,v004
D8HN1,38,165,127,v019
D8HN1,172,314,142,v005
D8HN1,573,664,91,v001
D8HN1,38,177,139,v005
D8HN1,0,492,492,v031
D8HN1,0,664,664,v008
D8HN1,544,664,120,v029
D8HN1,0,664,664,v008
D8HN1,364,487,123,v019
FQLS1,0,731,731,v018
FQLS1,0,731,731,v018
FQLS1,0,731,731,v032
FQLS1,0,731,731,v031
FQLS1,0,731,731,v014
FQLS1,163,314,151,v019
FQLS1,568,731,163,v006
33OVO,391,727,336,v018
33OVO,398,727,329,v031
33OVO,292,477,185,v018
33OVO,134,345,211,v028
33OVO,151,352,201,v008
33OVO,249,388,139,v016
33OVO,2,204,202,v029
33OVO,264,403,139,v025
33OVO,0,168,168,v007
33OVO,424,727,303,v014
33OVO,76,218,142,v001
33OVO,0,168,168,v012
XTACZ,436,576,140,v027
XTACZ,120,468,348,v028
XTACZ,0,220,220,v028
XTACZ,139,573,434,v025
XTACZ,530,719,189,v031
XTACZ,532,719,187,v018
5FDHU,4,146,142,v005
5FDHU,326,487,161,v008
5FDHU,4,146,142,v005
5FDHU,501,626,125,v007
5FDHU,0,822,822,v008
5FDHU,758,822,64,v029
5FDHU,115,232,117,v007
5FDHU,9,139,130,v008
5FDHU,0,84,84,v023
3V2HJ,177,360,183,v016
3V2HJ,280,519,239,v004
3V2HJ,115,355,240,v016
63TU2,672,832,160,v029
63TU2,451,568,117,v023
OA6XR,340,561,221,v008
OA6XR,355,597,242,v023
OA6XR,0,588,588,v008
OA6XR,372,540,168,v016
27IOX,0,770,770,v008
27IOX,0,770,770,v013
27IOX,0,770,770,v008
WTPQ6,264,388,124,v008
WTPQ6,213,357,144,v023
WTPQ6,0,388,388,v008
WTPQ6,0,388,388,v014
WTPQ6,0,388,388,v031
WTPQ6,0,388,388,v018
9X8YH,0,87,87,v016
9X8YH,0,87,87,v016
9X8YH,0,87,87,v016
E33IO,345,449,104,v029
E33IO,0,312,312,v008
E33IO,204,331,127,v009
E33IO,276,449,173,v007
E33IO,273,412,139,v012
E33IO,362,449,87,v001
SG2HN,0,735,735,v008
SG2HN,230,735,505,v003
SG2HN,230,735,505,v031
SG2HN,0,735,735,v014
SG2HN,21,268,247,v019
SG2HN,0,735,735,v013
SG2HN,43,312,269,v023
OOEME,79,400,321,v003
OOEME,0,743,743,v018
OOEME,0,743,743,v031
OOEME,319,743,424,v003
OOEME,0,100,100,v023
OOEME,0,290,290,v008
54CFS,0,738,738,v019
54CFS,0,738,738,v005
54CFS,0,738,738,v031
54CFS,0,738,738,v019
54CFS,273,738,465,v009
54CFS,0,738,738,v005
54CFS,0,151,151,v008
YHPLU,504,612,108,v018
YHPLU,276,583,307,v005
YHPLU,686,783,97,v018
YHPLU,0,783,783,v008
YHPLU,0,177,177,v012
YHPLU,0,783,783,v008
DYXY5,576,781,205,v031
DYXY5,494,626,132,v022
DYXY5,177,376,199,v004
DYXY5,0,588,588,v018
DYXY5,7,196,189,v005
CF92N,67,743,676,v031
CF92N,0,743,743,v004
CF92N,326,482,156,v018
CF92N,386,743,357,v018
CF92N,0,127,127,v029
CF92N,0,156,156,v008
N6XEV,0,849,849,v008
N6XEV,4,876,872,v026
N6XEV,765,877,112,v019
N6XEV,0,264,264,v026
N6XEV,484,739,255,v008
N6XEV,480,724,244,v026
3064K,196,432,236,v016
3064K,357,542,185,v016
3064K,525,662,137,v022
3064K,0,319,319,v018
3064K,9,446,437,v026
3064K,0,446,446,v018
3064K,460,600,140,v016
3064K,460,600,140,v023
3064K,72,194,122,v026
3064K,393,518,125,v008
3064K,463,583,120,v016
JBY4E,48,720,672,v008
JBY4E,153,765,612,v008
JBY4E,194,715,521,v005
JBY4E,26,175,149,v018
JBY4E,333,734,401,v009
JBY4E,624,765,141,v022
JBY4E,67,220,153,v016
JBY4E,187,302,115,v005
JBY4E,117,746,629,v008
JBY4E,26,156,130,v023
JBY4E,64,201,137,v018
JBY4E,129,252,123,v023
JBY4E,153,271,118,v008
JBY4E,129,249,120,v023
JBY4E,643,748,105,v016
CR1OK,146,304,158,v018
CR1OK,55,490,435,v008
CR1OK,33,168,135,v012
CR1OK,40,196,156,v029
CR1OK,441,490,49,v014
CR1OK,441,490,49,v007
CR1OK,441,490,49,v018
CR1OK,225,336,111,v001
CR1OK,165,278,113,v018
CR1OK,38,490,452,v024
WN7T3,0,172,172,v008
WN7T3,158,738,580,v031
WN7T3,19,199,180,v016
WN7T3,324,489,165,v020
WN7T3,26,218,192,v016
6RXCP,36,170,134,v030
6RXCP,532,648,116,v012
6RXCP,432,566,134,v016
6RXCP,556,686,130,v012
6RXCP,98,223,125,v030
6RXCP,52,564,512,v008
6RXCP,400,559,159,v016
8J723,0,619,619,v008
8J723,710,871,161,v031
8J723,0,935,935,v008
8J723,621,852,231,v012
8J723,0,604,604,v026
X2GNB,0,216,216,v004
X2GNB,0,777,777,v018
X2GNB,0,777,777,v031
X2GNB,0,777,777,v019
X2GNB,0,777,777,v008
2ZFNL,0,470,470,v010
2ZFNL,0,62,62,v000
2ZFNL,372,470,98,v025
2ZFNL,0,79,79,v023
2ZFNL,64,168,104,v025
2ZFNL,45,271,226,v025
2ZFNL,0,470,470,v018
2ZFNL,175,470,295,v028
2ZFNL,0,235,235,v028
2ZFNL,0,79,79,v000
2ZFNL,357,470,113,v016
ODMAZ,0,708,708,v008
XU2MV,16,1079,1063,v008
XU2MV,0,1079,1079,v018
YBZOU,48,576,528,v026
YBZOU,501,703,202,v031
YBZOU,117,548,431,v026
YBZOU,601,728,127,v029
243Y9,144,328,184,v003
243Y9,523,672,149,v018
243Y9,513,771,258,v008
243Y9,0,218,218,v008
243Y9,424,660,236,v018
243Y9,492,684,192,v005
243Y9,460,645,185,v008
243Y9,0,189,189,v023
3MLVF,386,508,122,v001
3MLVF,0,350,350,v002
3MLVF,276,398,122,v012
3MLVF,372,525,153,v023
3MLVF,688,736,48,v016
3MLVF,688,736,48,v004
8VNSV,60,916,856,v018
8VNSV,103,907,804,v031
8VNSV,830,940,110,v018
8VNSV,511,664,153,v006
8VNSV,0,981,981,v008
8VNSV,98,912,814,v012
8VNSV,0,136,136,v022
8VNSV,0,981,981,v016
8VNSV,789,921,132,v001
2D98B,115,237,122,v012
2D98B,309,385,76,v001
2D98B,309,385,76,v012
5ZRFL,583,734,151,v008
5ZRFL,432,628,196,v001
5ZRFL,160,302,142,v012
5ZRFL,686,734,48,v031
5ZRFL,686,734,48,v023
5ZRFL,686,734,48,v014
42SEP,403,592,189,v018
42SEP,0,592,592,v008
42SEP,0,592,592,v014
42SEP,309,456,147,v007
42SEP,355,499,144,v018
NHLQ1,583,748,165,v005
NHLQ1,0,592,592,v008
NHLQ1,0,748,748,v008
NHLQ1,0,403,403,v003
NHLQ1,333,477,144,v022
NHLQ1,578,748,170,v013
NHLQ1,0,432,432,v018
NHLQ1,460,585,125,v016
NHLQ1,508,748,240,v023
NHLQ1,384,552,168,v008
NHLQ1,415,552,137,v005
K0Y6X,52,156,104,v027
K0Y6X,110,453,343,v008
K0Y6X,357,496,139,v012
K0Y6X,400,763,363,v014
K0Y6X,1094,1447,353,v031
K0Y6X,0,98,98,v029
CF9QP,326,501,175,v012
CF9QP,0,374,374,v004
CF9QP,321,614,293,v005
CF9QP,309,616,307,v023
CF9QP,259,403,144,v016
CF9QP,0,739,739,v018
CF9QP,388,607,219,v008
CF9QP,0,381,381,v008
X3KFE,537,765,228,v014
X3KFE,345,511,166,v004
X3KFE,417,619,202,v016
X3KFE,117,273,156,v019
X3KFE,0,343,343,v008
X3KFE,0,261,261,v013
X3KFE,259,415,156,v008
X3KFE,261,453,192,v004
X3KFE,0,765,765,v018
X3KFE,499,621,122,v016
X3KFE,0,765,765,v018
O5D7S,64,405,341,v014
O5D7S,331,451,120,v022
O5D7S,0,424,424,v018
O5D7S,0,424,424,v018
O5D7S,0,448,448,v008
O5D7S,0,436,436,v032
O5D7S,374,504,130,v029
O5D7S,0,434,434,v031
EHT0A,369,587,218,v026
EHT0A,0,336,336,v030
EHT0A,360,587,227,v026
DD9YS,0,730,730,v008
DD9YS,0,730,730,v019
DD9YS,0,730,730,v008
VXNGC,0,728,728,v021
VXNGC,0,728,728,v031
VXNGC,127,415,288,v019
VXNGC,0,728,728,v008
VXNGC,624,728,104,v014
GYRQH,417,729,312,v008
GYRQH,470,626,156,v025
GYRQH,405,597,192,v029
GYRQH,0,492,492,v031
GYRQH,134,482,348,v028
UVQWW,232,480,248,v016
UVQWW,0,489,489,v008
UVQWW,403,511,108,v025
GJC0W,0,81,81,v014
GJC0W,103,273,170,v022
GJC0W,115,743,628,v008
GJC0W,352,619,267,v029
GJC0W,0,96,96,v031
GJC0W,0,230,230,v018
GJC0W,136,285,149,v023
GJC0W,136,256,120,v001
GJC0W,0,237,237,v018
65RS3,345,676,331,v008
65RS3,340,662,322,v008
SFZ6Q,417,571,154,v012
SFZ6Q,0,172,172,v008
SFZ6Q,0,312,312,v003
SFZ6Q,350,628,278,v012
J1RLO,0,189,189,v001
J1RLO,448,600,152,v012
J1RLO,0,192,192,v029
DED50,0,175,175,v010
DED50,489,674,185,v004
DED50,360,764,404,v008
DED50,333,448,115,v023
DED50,62,216,154,v000
DED50,0,764,764,v021
DED50,364,525,161,v015
DED50,0,100,100,v000
DED50,249,764,515,v008
DED50,249,764,515,v008
DED50,67,764,697,v018
ZCOSY,391,730,339,v027
ZCOSY,0,494,494,v026
P6SOI,511,748,237,v012
P6SOI,669,772,103,v023
P6SOI,0,592,592,v006
P6SOI,0,662,662,v031
P6SOI,652,772,120,v016
P6SOI,724,772,48,v026
P6SOI,590,772,182,v026
P6SOI,585,746,161,v029
P6SOI,506,674,168,v007
W75CV,398,529,131,v008
W75CV,0,529,529,v008
W75CV,0,487,487,v000
W75CV,0,529,529,v008
W75CV,0,529,529,v021
W75CV,0,529,529,v018
F31X6,0,640,640,v018
F31X6,19,460,441,v028
F31X6,465,607,142,v008
F31X6,482,616,134,v005
F31X6,540,667,127,v022
F31X6,172,304,132,v008
91ZUX,0,747,747,v008
91ZUX,0,747,747,v018
91ZUX,0,747,747,v008
91ZUX,0,747,747,v031
91ZUX,0,747,747,v021
91ZUX,360,691,331,v019
91ZUX,0,747,747,v008
MRSYL,0,182,182,v008
MRSYL,72,192,120,v016
MRSYL,0,88,88,v008
MRSYL,0,144,144,v016
MRSYL,0,108,108,v017
1514T,0,582,582,v008
1514T,0,582,582,v023
1514T,376,556,180,v001
1514T,156,582,426,v009
1514T,240,434,194,v029
1514T,0,290,290,v026
1514T,194,582,388,v019
1514T,319,564,245,v001
1514T,0,290,290,v026
4KO74,273,559,286,v019
4KO74,62,770,708,v008
4KO74,600,824,224,v009
L3F3M,0,756,756,v014
L3F3M,0,540,540,v005
L3F3M,0,264,264,v008
L3F3M,333,508,175,v004
L3F3M,0,756,756,v008
L3F3M,0,756,756,v016
L3F3M,0,756,756,v018
L3F3M,0,756,756,v023
S2IG2,0,134,134,v012
S2IG2,816,1073,257,v008
S2IG2,290,504,214,v015
S2IG2,825,1073,248,v026
S2IG2,784,933,149,v023
S2IG2,4,482,478,v023
S2IG2,624,830,206,v004
S2IG2,129,268,139,v012
S2IG2,43,182,139,v001
S2IG2,86,681,595,v008
G4WCE,223,427,204,v016
G4WCE,223,372,149,v016
G4WCE,55,367,312,v008
G4WCE,208,367,159,v016
G4WCE,240,360,120,v016
G4WCE,331,801,470,v026
OSJW7,506,664,158,v001
OSJW7,468,602,134,v012
OSJW7,0,312,312,v026
OSJW7,470,652,182,v026
PHIRP,0,166,166,v008
QCBIG,0,321,321,v021
QCBIG,285,422,137,v025
QCBIG,381,542,161,v025
QCBIG,328,542,214,v028
QCBIG,691,739,48,v008
QCBIG,691,739,48,v016
QCBIG,691,739,48,v023
QCBIG,0,343,343,v008
QCBIG,280,439,159,v016
QCBIG,328,480,152,v023
WT3IG,511,874,363,v008
WT3IG,535,717,182,v026
WT3IG,0,196,196,v008
WT3IG,468,621,153,v016
WT3IG,79,249,170,v013
18FTZ,0,530,530,v018
18FTZ,600,757,157,v005
18FTZ,429,566,137,v022
18FTZ,506,624,118,v029
18FTZ,547,757,210,v008
18FTZ,0,501,501,v032
18FTZ,523,643,120,v023
18FTZ,532,757,225,v008
18FTZ,621,757,136,v005
18FTZ,0,513,513,v031
POHWK,0,74,74,v016
POHWK,0,730,730,v018
POHWK,0,730,730,v008
7JSAI,398,540,142,v016
7JSAI,458,597,139,v012
7JSAI,396,549,153,v016
7JSAI,60,261,201,v019
7JSAI,412,727,315,v016
7JSAI,0,508,508,v008
7JSAI,165,316,151,v029
HOZ76,552,672,120,v012
HOZ76,480,600,120,v023
HOZ76,600,734,134,v031
HOZ76,0,734,734,v018
HOZ76,360,504,144,v029
HOZ76,501,734,233,v008
HOZ76,0,734,734,v018
1SVJS,0,190,190,v014
1SVJS,0,129,129,v005
1SVJS,0,190,190,v008
1SVJS,0,122,122,v005
1SVJS,28,190,162,v020
1SVJS,0,190,190,v031
T0HLX,496,684,188,v016
T0HLX,496,684,188,v016
T0HLX,681,760,79,v001
T0HLX,590,748,158,v007
T0HLX,648,760,112,v029
T0HLX,348,504,156,v016
T0HLX,609,760,151,v012
T0HLX,28,492,464,v004
BM9H4,0,477,477,v008
BM9H4,0,477,477,v031
BM9H4,0,477,477,v008
BM9H4,62,477,415,v005
O4P08,216,393,177,v016
O4P08,0,400,400,v008
O4P08,422,609,187,v020
O4P08,213,393,180,v016
QC9M1,0,96,96,v008
QC9M1,842,1024,182,v023
QC9M1,808,1008,200,v022
QC9M1,290,782,492,v010
QC9M1,117,379,262,v016
QC9M1,564,890,326,v000
QC9M1,151,360,209,v018
81YF0,302,429,127,v025
81YF0,0,165,165,v016
81YF0,79,436,357,v008
81YF0,484,679,195,v026
81YF0,523,686,163,v023
0XP8L,148,360,212,v023
0XP8L,312,489,177,v002
0XP8L,472,876,404,v014
0XP8L,451,684,233,v018
0XP8L,513,876,363,v018
0XP8L,127,307,180,v012
0XP8L,0,232,232,v023
0XP8L,530,876,346,v031
0XP8L,4,228,224,v016
0XP8L,163,504,341,v016
0XP8L,254,494,240,v008
0XP8L,494,876,382,v018
0XP8L,487,876,389,v032
0XP8L,170,376,206,v001
0XP8L,14,218,204,v008
LSURK,0,657,657,v004
LSURK,0,657,657,v008
LSURK,0,657,657,v018
LSURK,0,657,657,v008
ANJNU,0,729,729,v018
ANJNU,0,729,729,v004
ANJNU,0,729,729,v008
ANJNU,436,655,219,v027
ANJNU,43,180,137,v029
ANJNU,36,228,192,v017
29B3I,0,386,386,v008
29B3I,432,968,536,v002
29B3I,96,424,328,v016
29B3I,86,434,348,v016
29B3I,112,439,327,v023
29B3I,0,172,172,v026
469ZJ,0,141,141,v027
469ZJ,52,208,156,v029
469ZJ,110,657,547,v016
RVYXB,398,523,125,v023
RVYXB,314,460,146,v022
RVYXB,0,408,408,v018
RVYXB,441,628,187,v015
RVYXB,0,403,403,v014
RVYXB,636,747,111,v018
RVYXB,0,403,403,v018
TMYHM,0,628,628,v014
TMYHM,530,680,150,v019
TMYHM,530,638,108,v009
TMYHM,0,680,680,v008
AVBDD,86,223,137,v025
AVBDD,0,544,544,v018
W5RC5,57,439,382,v018
W5RC5,156,408,252,v004
W5RC5,21,168,147,v018
W5RC5,74,249,175,v005
W5RC5,326,436,110,v022
W5RC5,64,427,363,v018
EK19H,108,374,266,v005
EK19H,108,372,264,v005
EK19H,360,532,172,v019
EK19H,9,542,533,v023
EK19H,326,453,127,v016
EK19H,314,422,108,v016
EK19H,93,420,327,v008
EK19H,91,199,108,v023
EK19H,336,451,115,v016
EK19H,91,453,362,v008
EK19H,76,196,120,v023
EK19H,100,444,344,v008
TVJ0L,264,463,199,v023
TVJ0L,57,184,127,v025
TVJ0L,9,177,168,v016
QBOOH,470,621,151,v001
QBOOH,422,561,139,v012
QBOOH,0,199,199,v031
QBOOH,0,307,307,v004
QBOOH,0,641,641,v008
QBOOH,408,542,134,v007
QBOOH,448,571,123,v029
M02OO,0,117,117,v009
M02OO,0,609,609,v007
M02OO,0,657,657,v019
MC45U,259,492,233,v015
MC45U,669,855,186,v018
MC45U,62,206,144,v028
MC45U,336,600,264,v004
MC45U,751,855,104,v018
MC45U,465,732,267,v028
MC45U,727,855,128,v031
MC45U,588,855,267,v023
UX9RI,98,592,494,v009
UX9RI,0,69,69,v016
UX9RI,0,62,62,v014
UX9RI,0,62,62,v008
UX9RI,0,62,62,v024
11TTU,290,477,187,v008
11TTU,16,189,173,v018
11TTU,103,602,499,v018
11TTU,153,400,247,v015
11TTU,79,604,525,v018
11TTU,525,638,113,v022
11TTU,184,316,132,v008
11TTU,355,482,127,v019
11TTU,134,240,106,v014
11TTU,235,369,134,v016
11TTU,0,175,175,v018
11TTU,139,280,141,v023
11TTU,100,232,132,v016
WNSGZ,2,755,753,v019
WNSGZ,0,755,755,v003
WNSGZ,0,755,755,v008
WNSGZ,0,755,755,v016
WNSGZ,0,755,755,v016
WNSGZ,0,755,755,v026
FYU0D,84,216,132,v016
FYU0D,120,247,127,v016
FYU0D,184,778,594,v026
FYU0D,0,223,223,v008
FYU0D,0,240,240,v016
CM293,12,225,213,v005
CM293,9,232,223,v005
CM293,168,384,216,v012
CM293,168,384,216,v012
CM293,472,631,159,v023
CM293,0,211,211,v019
CM293,0,707,707,v008
CM293,638,707,69,v029
D32A4,96,333,237,v008
D32A4,175,326,151,v016
D32A4,122,360,238,v019
D32A4,316,754,438,v032
D32A4,96,477,381,v031
D32A4,45,213,168,v023
D32A4,283,754,471,v032
D32A4,45,417,372,v016
D32A4,297,463,166,v008
D32A4,0,754,754,v018
FRLW2,616,756,140,v025
FRLW2,206,369,163,v016
FRLW2,636,756,120,v025
FRLW2,81,225,144,v023
8NSDT,153,297,144,v016
8NSDT,0,285,285,v008
8NSDT,115,292,177,v016
8NSDT,372,516,144,v008
8NSDT,367,743,376,v005
8NSDT,0,81,81,v029
5VJ1X,12,468,456,v030
5VJ1X,213,470,257,v016
5VJ1X,172,326,154,v023
5VJ1X,403,681,278,v004
5VJ1X,12,501,489,v022
5VJ1X,444,686,242,v008
5VJ1X,357,477,120,v025
5VJ1X,571,698,127,v016
5VJ1X,204,446,242,v008
5VJ1X,412,540,128,v018
J0JD1,355,638,283,v008
J0JD1,0,96,96,v017
J0JD1,204,343,139,v031
J0JD1,259,427,168,v029
J0JD1,12,170,158,v001
J0JD1,0,360,360,v009
J0JD1,192,638,446,v001
J0JD1,364,638,274,v008
C4HHB,43,336,293,v004
C4HHB,240,395,155,v020
C4HHB,206,367,161,v016
C4HHB,0,103,103,v023
C4HHB,0,364,364,v008
AAJI0,259,494,235,v012
AAJI0,24,283,259,v016
AAJI0,24,283,259,v028
FDOY9,633,856,223,v027
FDOY9,355,748,393,v004
FDOY9,492,775,283,v020
FDOY9,136,448,312,v015
FDOY9,141,898,757,v008
2J2EW,98,496,398,v012
2J2EW,0,187,187,v008
2J2EW,0,839,839,v008
138LG,216,352,136,v027
138LG,177,307,130,v029
W3CPB,249,480,231,v006
W3CPB,208,480,272,v022
W3CPB,0,98,98,v012
W3CPB,110,288,178,v028
W3CPB,144,278,134,v025
W3CPB,141,278,137,v025
W3CPB,0,115,115,v029
W3CPB,0,88,88,v007
EWBOG,228,535,307,v005
EWBOG,422,547,125,v016
EWBOG,86,278,192,v020
EWBOG,276,518,242,v008
EWBOG,235,372,137,v023
EWBOG,468,834,366,v008
EWBOG,276,511,235,v005
EWBOG,420,540,120,v016
EWBOG,228,544,316,v008
EWBOG,422,544,122,v016
EWBOG,228,364,136,v023
5Q0CX,340,448,108,v027
5Q0CX,537,736,199,v031
5Q0CX,12,297,285,v000
5Q0CX,196,386,190,v022
5Q0CX,0,115,115,v010
3FMAS,0,628,628,v031
3FMAS,40,556,516,v022
3FMAS,758,892,134,v013
3FMAS,0,892,892,v008
3FMAS,352,525,173,v006
3FMAS,544,892,348,v014
3ONCH,290,508,218,v001
3ONCH,136,530,394,v016
3ONCH,117,566,449,v019
3ONCH,144,348,204,v008
3ONCH,124,369,245,v012
3ONCH,304,528,224,v008
3ONCH,420,532,112,v016
VSFCR,0,910,910,v018
VSFCR,0,698,698,v004
VSFCR,74,910,836,v009
VSFCR,0,910,910,v018
VSFCR,0,698,698,v008
HNTS9,0,129,129,v008
HNTS9,216,444,228,v027
HNTS9,38,213,175,v016
HNTS9,33,168,135,v018
HNTS9,62,444,382,v018
VLMII,324,429,105,v025
VLMII,48,180,132,v001
VLMII,0,158,158,v031
VLMII,0,129,129,v014
VLMII,216,386,170,v028
VLMII,201,434,233,v016
VLMII,372,588,216,v016
75KQ6,175,312,137,v008
75KQ6,211,391,180,v016
75KQ6,372,707,335,v011
75KQ6,0,324,324,v030
75KQ6,189,338,149,v030
75KQ6,391,528,137,v008
75KQ6,62,182,120,v023
57MEO,175,360,185,v016
57MEO,19,340,321,v008
57MEO,19,340,321,v008
57MEO,175,360,185,v016
57MEO,175,360,185,v016
57MEO,0,117,117,v012
57MEO,0,79,79,v007
57MEO,0,93,93,v029
9FHVW,0,391,391,v014
9FHVW,384,516,132,v012
9FHVW,456,568,112,v001
9FHVW,314,480,166,v019
9FHVW,566,709,143,v004
9FHVW,0,381,381,v008
W1SRN,336,472,136,v025
W1SRN,244,393,149,v023
W1SRN,0,122,122,v029
W1SRN,266,492,226,v008
W1SRN,492,778,286,v021
W1SRN,340,480,140,v025
W1SRN,153,292,139,v012
W1SRN,26,165,139,v027
170OQ,0,436,436,v005
170OQ,290,441,151,v016
170OQ,355,573,218,v023
170OQ,0,721,721,v008
170OQ,0,721,721,v018
170OQ,0,429,429,v008
170OQ,403,607,204,v008
170OQ,427,556,129,v026
170OQ,0,376,376,v005
170OQ,482,721,239,v021
170OQ,0,721,721,v018
170OQ,0,427,427,v008
170OQ,412,588,176,v016
170OQ,0,721,721,v014
N4Q0O,24,285,261,v000
N4Q0O,177,292,115,v022
N4Q0O,0,244,244,v010
N4Q0O,100,285,185,v000
O0NVG,415,626,211,v015
O0NVG,276,626,350,v008
O0NVG,96,295,199,v028
O0NVG,62,232,170,v029
O0NVG,271,626,355,v023
O0NVG,360,494,134,v016
O0NVG,117,290,173,v025
5C6IS,127,254,127,v012
5C6IS,232,384,152,v025
5C6IS,177,360,183,v023
5C6IS,206,417,211,v008
5C6IS,247,369,122,v016
5C6IS,0,369,369,v008
LECWG,79,264,185,v031
LECWG,492,754,262,v016
LECWG,511,722,211,v008
LECWG,237,568,331,v003
LECWG,0,300,300,v003
LECWG,585,754,169,v012
LECWG,477,754,277,v016
LECWG,590,741,151,v012
LECWG,0,134,134,v008
HONRP,88,580,492,v008
HONRP,338,612,274,v030
HONRP,91,494,403,v008
HONRP,216,400,184,v016
HONRP,331,580,249,v016
OBXY5,57,343,286,v030
OBXY5,12,129,117,v016
MNNDB,345,525,180,v023
MNNDB,69,446,377,v005
MNNDB,396,532,136,v022
MNNDB,52,516,464,v018
MNNDB,360,554,194,v008
MNNDB,14,444,430,v023
MNNDB,16,165,149,v018
MNNDB,45,506,461,v018
MNNDB,14,170,156,v008
MNNDB,38,177,139,v016
MNNDB,74,444,370,v008
MNNDB,31,170,139,v016
MNNDB,357,566,209,v016
803H6,151,295,144,v012
803H6,264,381,117,v025
803H6,151,295,144,v012
803H6,307,740,433,v031
803H6,511,652,141,v016
EHHRS,38,163,125,v027
EHHRS,340,520,180,v005
EHHRS,220,338,118,v020
EHHRS,328,549,221,v008
G5G8K,0,256,256,v008
G5G8K,79,240,161,v016
G5G8K,0,747,747,v008
G5G8K,105,747,642,v020
G5G8K,266,530,264,v019
G5G8K,0,747,747,v008
ZO3EG,240,914,674,v008
ZO3EG,2,381,379,v016
ZO3EG,422,628,206,v008
ZO3EG,372,552,180,v023
ZO3EG,38,276,238,v030
ZO3EG,0,295,295,v023
ZO3EG,290,451,161,v012
ZO3EG,381,756,375,v016
ZO3EG,21,225,204,v028
ZO3EG,765,914,149,v012
ZO3EG,144,321,177,v025
ZO3EG,830,914,84,v029
ZO3EG,84,240,156,v008
Z0O2V,0,523,523,v026
Z0O2V,0,230,230,v008
Z0O2V,556,703,147,v016
Z0O2V,122,244,122,v016
Z0O2V,204,321,117,v016
Z0O2V,127,244,117,v016
Z0O2V,192,314,122,v016
Z0O2V,268,388,120,v016
A0RW3,266,756,490,v008
A0RW3,232,600,368,v031
A0RW3,352,756,404,v020
A0RW3,292,528,236,v031
36WU0,0,748,748,v008
36WU0,0,748,748,v031
36WU0,0,748,748,v018
JP60G,312,527,215,v008
JP60G,0,168,168,v023
JP60G,14,194,180,v028
JP60G,280,427,147,v018
JP60G,307,434,127,v013
JP60G,333,527,194,v018
JP60G,271,527,256,v014
JP60G,62,192,130,v016
JP60G,141,261,120,v012
2RJF6,456,717,261,v019
2RJF6,456,717,261,v031
2RJF6,0,542,542,v031
2RJF6,0,528,528,v018
2RJF6,480,710,230,v006
2RJF6,0,530,530,v014
2RJF6,717,792,75,v029
J3ZZH,703,902,199,v008
J3ZZH,559,756,197,v016
J3ZZH,559,756,197,v023
J3ZZH,460,655,195,v022
J3ZZH,650,780,130,v001
J3ZZH,26,124,98,v023
J3ZZH,12,112,100,v016
J3ZZH,0,81,81,v000
J3ZZH,0,64,64,v010
MYPU6,76,732,656,v004
MYPU6,74,732,658,v008
MYPU6,12,148,136,v008
MYPU6,12,139,127,v025
MYPU6,122,732,610,v005
MYPU6,163,732,569,v018
THW67,552,672,120,v008
THW67,0,264,264,v028
THW67,240,576,336,v008
THW67,288,528,240,v005
THW67,0,264,264,v023
THW67,14,115,101,v025
THW67,12,110,98,v023
THW67,0,72,72,v025
THW67,4,108,104,v016
THW67,0,96,96,v016
THW67,0,103,103,v023
THW67,544,698,154,v026
THW67,523,698,175,v025
THW67,280,619,339,v005
THW67,242,624,382,v023
THW67,4,307,303,v023
THW67,261,602,341,v008
THW67,489,664,175,v016
THW67,492,698,206,v019
THW67,268,393,125,v023
THW67,504,619,115,v016
THW67,280,540,260,v008
WZN0I,0,136,136,v008
WZN0I,0,122,122,v023
WZN0I,324,745,421,v008
WZN0I,302,420,118,v023
WZN0I,45,184,139,v025
WZN0I,31,196,165,v025
WZN0I,336,745,409,v014
SZTNV,0,690,690,v018
SZTNV,0,690,690,v005
SZTNV,0,690,690,v008
SZTNV,0,690,690,v025
SZTNV,0,690,690,v005
SZTNV,0,690,690,v025
SZTNV,0,690,690,v016
SZTNV,0,690,690,v016
SZTNV,0,690,690,v008
ZZDBH,48,714,666,v010
ZZDBH,48,714,666,v024
ZZDBH,24,714,690,v018
ZZDBH,24,714,690,v008
5SGU6,24,225,201,v012
5SGU6,0,117,117,v008
5SGU6,144,264,120,v016
5SGU6,261,391,130,v012
5SGU6,333,451,118,v016
5SGU6,232,348,116,v016
5SGU6,232,348,116,v016
5SGU6,638,722,84,v001
5SGU6,237,343,106,v016
5SGU6,0,348,348,v008
5SGU6,201,348,147,v016
LCEM0,4,302,298,v005
LCEM0,211,751,540,v014
LCEM0,0,708,708,v008
LCEM0,0,708,708,v008
LCEM0,0,751,751,v018
LCEM0,564,708,144,v016
LCEM0,571,700,129,v016
LCEM0,0,751,751,v018
LCEM0,16,261,245,v023
LCEM0,0,751,751,v032
LCEM0,511,652,141,v016
LCEM0,542,700,158,v023
LCEM0,204,420,216,v031
2DTZ3,7,175,168,v001
2DTZ3,182,364,182,v008
2DTZ3,117,383,266,v017
2DTZ3,182,297,115,v023
4AQZ2,9,355,346,v016
4AQZ2,628,761,133,v031
4AQZ2,544,696,152,v001
4AQZ2,0,355,355,v008
4AQZ2,146,686,540,v012
4AQZ2,628,761,133,v006
4AQZ2,36,367,331,v016
A8SG6,0,544,544,v008
A8SG6,0,544,544,v005
A8SG6,0,544,544,v008
A8SG6,0,544,544,v031
A8SG6,0,544,544,v005
A8SG6,0,544,544,v008
A8SG6,0,544,544,v008
Q34XB,237,357,120,v008
Q34XB,55,259,204,v016
Q34XB,0,223,223,v028
Q34XB,256,610,354,v003
Q34XB,220,367,147,v023
7SQXM,0,742,742,v031
7SQXM,0,742,742,v021
7SQXM,0,742,742,v018
2STCL,336,487,151,v016
2STCL,33,427,394,v031
2STCL,36,357,321,v028
2STCL,273,410,137,v023
2STCL,266,424,158,v023
2STCL,280,420,140,v008
2STCL,314,446,132,v016
2STCL,91,307,216,v016
2STCL,81,324,243,v008
2STCL,81,336,255,v016
H8S4L,0,696,696,v008
H8S4L,0,187,187,v014
H8S4L,158,626,468,v008
H8S4L,355,477,122,v005
3W6TL,290,477,187,v001
3W6TL,9,355,346,v008
3W6TL,201,362,161,v016
3W6TL,0,192,192,v023
3W6TL,0,192,192,v025
3W6TL,244,364,120,v016
3W6TL,338,463,125,v007
3W6TL,314,482,168,v001
D7PI9,0,739,739,v008
D7PI9,0,739,739,v006
D7PI9,0,739,739,v018
D7PI9,0,316,316,v008
D7PI9,213,350,137,v023
N9D4C,199,388,189,v008
N9D4C,199,388,189,v021
N9D4C,199,388,189,v019
N9D4C,0,295,295,v031
N9D4C,0,459,459,v018
K4UOG,0,312,312,v031
K4UOG,312,696,384,v005
K4UOG,240,696,456,v008
K4UOG,312,696,384,v005
K4UOG,242,403,161,v023
K4UOG,261,715,454,v008
K4UOG,242,403,161,v023
K4UOG,578,715,137,v016
YCGJS,309,724,415,v011
YCGJS,132,338,206,v018
YCGJS,619,736,117,v022
YCGJS,124,247,123,v016
YCGJS,192,345,153,v018
YCGJS,254,736,482,v008
YCGJS,0,242,242,v008
YCGJS,643,736,93,v019
YCGJS,33,151,118,v029
YCGJS,220,732,512,v018
YCGJS,124,247,123,v016
YCGJS,129,247,118,v016
82YF1,355,518,163,v004
82YF1,501,621,120,v016
82YF1,304,417,113,v016
82YF1,283,393,110,v025
82YF1,259,559,300,v008
82YF1,31,393,362,v008
82YF1,52,393,341,v023
82YF1,468,612,144,v016
82YF1,0,100,100,v029
9F91I,146,436,290,v012
9F91I,50,192,142,v029
9F91I,0,764,764,v008
GAM0E,74,208,134,v016
GAM0E,64,439,375,v016
GAM0E,132,408,276,v026
GAM0E,331,504,173,v020
GAM0E,477,591,114,v001
TUTOD,0,513,513,v003
TUTOD,436,628,192,v018
TUTOD,513,775,262,v010
TUTOD,511,621,110,v018
WN2N7,0,597,597,v010
WN2N7,271,499,228,v014
WN2N7,16,172,156,v008
WN2N7,456,568,112,v016
WN2N7,235,350,115,v023
WN2N7,0,134,134,v024
KLO0K,48,417,369,v007
KLO0K,321,472,151,v008
KLO0K,360,482,122,v016
KLO0K,67,175,108,v019
KLO0K,429,764,335,v010
KLO0K,338,475,137,v025
7W66P,0,129,129,v018
7W66P,242,747,505,v008
7W66P,441,566,125,v018
7W66P,72,747,675,v031
7W66P,158,304,146,v031
7W66P,225,537,312,v023
7W66P,0,153,153,v022
7W66P,0,134,134,v018
Z04NK,0,100,100,v008
Z04NK,0,122,122,v016
Z04NK,0,254,254,v019
Z04NK,0,153,153,v016
Z04NK,93,254,161,v009
KRRBE,278,444,166,v029
KRRBE,122,242,120,v016
KRRBE,120,266,146,v022
KRRBE,0,156,156,v008
KRRBE,0,223,223,v031
KRRBE,0,206,206,v018
KRRBE,0,211,211,v008
KRRBE,0,213,213,v031
12T13,0,735,735,v031
12T13,0,735,735,v008
12T13,0,735,735,v032
12T13,0,735,735,v008
12T13,0,735,735,v018
12T13,0,735,735,v014
12T13,0,735,735,v018
12T13,0,216,216,v016
12T13,290,528,238,v016
Y4PAD,0,739,739,v008
Y4PAD,0,739,739,v014
Y4PAD,0,739,739,v018
Y4PAD,307,513,206,v008
Y4PAD,302,549,247,v008
Y4PAD,300,547,247,v023
Y4PAD,302,424,122,v029
Y4PAD,0,739,739,v018
I8BC5,309,516,207,v008
I8BC5,184,400,216,v005
I8BC5,192,408,216,v005
I8BC5,165,386,221,v008
I8BC5,165,386,221,v008
I8BC5,96,336,240,v029
I8BC5,297,578,281,v023
I8BC5,144,381,237,v023
ZHOP3,168,304,136,v001
ZHOP3,256,432,176,v008
ZHOP3,424,705,281,v028
ZHOP3,60,266,206,v023
ZHOP3,168,367,199,v022
ZHOP3,2,156,154,v012
ZHOP3,117,767,650,v016
ZHOP3,93,554,461,v023
ZHOP3,93,767,674,v008
ZHOP3,0,767,767,v003
2MJA1,0,754,754,v008
2MJA1,0,754,754,v031
2MJA1,0,754,754,v014
2MJA1,216,580,364,v028
2MJA1,400,674,274,v016
94EHE,115,372,257,v023
94EHE,26,187,161,v016
94EHE,52,213,161,v025
8KM5Q,0,69,69,v025
8KM5Q,19,146,127,v019
8KM5Q,0,708,708,v018
LK2XX,0,713,713,v008
LK2XX,136,713,577,v019
LK2XX,0,713,713,v008
2OWA8,55,364,309,v012
2OWA8,74,364,290,v016
2OWA8,0,508,508,v018
2OWA8,60,682,622,v008
2OWA8,0,285,285,v016
2OWA8,412,585,173,v022
2OWA8,0,168,168,v023
2OWA8,460,609,149,v029
8WYAG,0,757,757,v016
8WYAG,0,757,757,v023
8WYAG,0,757,757,v026
BT7FV,415,626,211,v001
BT7FV,213,513,300,v012
BT7FV,213,513,300,v031
BT7FV,549,626,77,v016
BT7FV,60,607,547,v008
BT7FV,40,211,171,v023
BT7FV,43,304,261,v018
BT7FV,192,626,434,v018
PJ2NN,367,722,355,v006
PJ2NN,204,722,518,v006
1YTD7,585,729,144,v012
1YTD7,0,660,660,v032
1YTD7,0,645,645,v010
1YTD7,508,667,159,v022
1YTD7,583,710,127,v007
8NJD2,139,506,367,v008
8NJD2,21,168,147,v012
8NJD2,141,504,363,v023
8NJD2,439,615,176,v001
8NJD2,14,182,168,v012
8NJD2,31,175,144,v007
8NJD2,456,615,159,v001
8NJD2,566,615,49,v019
1L2G1,9,660,651,v023
1L2G1,0,182,182,v018
1L2G1,45,723,678,v003
1L2G1,0,127,127,v001
1L2G1,50,723,673,v018
PFCRB,0,91,91,v031
PFCRB,0,618,618,v008
PFCRB,367,535,168,v020
PFCRB,0,525,525,v019
CN108,0,117,117,v021
CN108,0,295,295,v010
CN108,264,422,158,v022
CN108,0,336,336,v008
CN108,523,640,117,v016
D2ES2,0,74,74,v008
D2ES2,0,69,69,v023
D2ES2,0,139,139,v025
D2ES2,256,374,118,v029
6PN8O,552,741,189,v027
6PN8O,0,206,206,v008
6PN8O,136,667,531,v003
6PN8O,0,636,636,v008
ORPD5,0,252,252,v008
ORPD5,410,701,291,v026
ORPD5,88,396,308,v009
ORPD5,103,252,149,v016
ORPD5,0,701,701,v016
ORPD5,67,701,634,v008
ORPD5,141,396,255,v031
ORPD5,120,640,520,v019
ORPD5,60,328,268,v008
ORPD5,204,412,208,v008
ORPD5,0,124,124,v023
ORPD5,98,216,118,v023
ORPD5,384,492,108,v023
ORPD5,0,225,225,v026
ORPD5,0,184,184,v008
ORPD5,112,285,173,v008
ORPD5,194,420,226,v009
WTJQ0,194,415,221,v001
WTJQ0,141,307,166,v012
WTJQ0,0,218,218,v008
WTJQ0,242,447,205,v016
WTJQ0,2,175,173,v016
WTJQ0,124,384,260,v029
WTJQ0,124,447,323,v008
SQY6A,388,660,272,v001
SQY6A,156,355,199,v008
SQY6A,242,369,127,v016
SQY6A,50,796,746,v019
SQY6A,24,384,360,v023
ZU8Q1,124,357,233,v016
ZU8Q1,309,501,192,v012
ZU8Q1,184,396,212,v016
ZU8Q1,184,403,219,v016
ZU8Q1,244,513,269,v018
ZU8Q1,45,328,283,v008
ZU8Q1,117,288,171,v001
ZU8Q1,403,734,331,v031
ZU8Q1,36,314,278,v008
ZU8Q1,0,328,328,v022
ZU8Q1,333,736,403,v018
ZU8Q1,333,736,403,v018
ZU8Q1,348,703,355,v014
ZU8Q1,4,280,276,v012
ZU8Q1,12,328,316,v023
ZU8Q1,4,170,166,v023
HWLBL,0,729,729,v014
HWLBL,0,441,441,v008
HWLBL,0,441,441,v011
HWLBL,333,463,130,v016
HWLBL,0,456,456,v016
HWLBL,0,729,729,v018
HWLBL,76,427,351,v023
HWLBL,0,729,729,v018
HWLBL,62,453,391,v008
HWLBL,0,729,729,v018
GANC6,40,170,130,v016
GANC6,38,156,118,v016
GANC6,93,658,565,v026
GANC6,326,470,144,v020
GANC6,24,151,127,v008
GANC6,43,153,110,v025
GANC6,16,136,120,v023
TLSUX,21,666,645,v008
TLSUX,0,100,100,v029
TLSUX,0,100,100,v017
TLSUX,64,666,602,v020
TLSUX,21,153,132,v023
TLSUX,28,666,638,v008
8FH2F,249,422,173,v001
8FH2F,391,540,149,v018
8FH2F,199,314,115,v008
8FH2F,350,475,125,v018
8FH2F,33,223,190,v012
8FH2F,103,350,247,v004
8FH2F,247,494,247,v019
8FH2F,475,719,244,v018
8FH2F,177,331,154,v029
OVKWZ,463,715,252,v030
OVKWZ,0,803,803,v008
OVKWZ,0,432,432,v008
OVKWZ,456,672,216,v030
XN64E,50,794,744,v008
XN64E,201,794,593,v008
XN64E,153,290,137,v012
XN64E,348,794,446,v005
XN64E,201,794,593,v008
XN64E,360,794,434,v005
XN64E,0,794,794,v023
OFPAE,170,809,639,v008
OFPAE,0,809,809,v010
OFPAE,48,220,172,v000
OFPAE,158,809,651,v014
GDTYU,0,683,683,v008
GDTYU,254,614,360,v028
GDTYU,0,297,297,v008
GDTYU,0,292,292,v005
GDTYU,160,285,125,v016
GDTYU,0,276,276,v008
GDTYU,0,252,252,v005
GDTYU,600,683,83,v016
GDTYU,528,683,155,v008
GDTYU,168,290,122,v016
GDTYU,333,683,350,v023
MOT57,446,613,167,v008
MOT57,0,348,348,v004
MOT57,280,424,144,v016
MOT57,480,613,133,v031
MOT57,429,559,130,v023
D9UO2,117,252,135,v008
D9UO2,115,357,242,v008
D9UO2,187,362,175,v016
D9UO2,76,196,120,v012
D9UO2,100,261,161,v023
T8B7B,535,691,156,v001
T8B7B,0,602,602,v008
T8B7B,470,609,139,v016
T8B7B,0,704,704,v010
T8B7B,400,559,159,v018
T8B7B,388,530,142,v020
T8B7B,480,664,184,v016
T8B7B,0,609,609,v008
706BT,0,600,600,v005
706BT,0,132,132,v005
706BT,607,767,160,v019
706BT,607,767,160,v009
DOUFF,211,418,207,v013
DOUFF,0,418,418,v008
KDYNB,0,77,77,v031
KDYNB,0,77,77,v008
V4HBP,489,705,216,v023
V4HBP,604,727,123,v025
V4HBP,0,271,271,v008
V4HBP,292,463,171,v025
V4HBP,638,747,109,v018
V4HBP,0,271,271,v008
V4HBP,261,381,120,v016
V4HBP,0,458,458,v026
V4HBP,516,652,136,v008
V4HBP,374,518,144,v026
V4HBP,280,451,171,v016
V4HBP,523,667,144,v016
5SAAB,115,276,161,v016
5SAAB,508,705,197,v018
5SAAB,300,547,247,v012
5SAAB,0,228,228,v008
5SAAB,580,739,159,v018
5SAAB,506,739,233,v008
5SAAB,295,432,137,v023
5SAAB,516,631,115,v023
5SAAB,652,739,87,v005
5SAAB,535,739,204,v023
OFB7A,319,530,211,v004
OFB7A,350,516,166,v019
OFB7A,350,516,166,v031
OFB7A,0,704,704,v018
OFB7A,0,704,704,v008
86GSE,268,445,177,v028
86GSE,127,261,134,v027
86GSE,187,338,151,v018
86GSE,242,445,203,v018
86GSE,230,445,215,v023
86GSE,247,445,198,v008
86GSE,319,445,126,v019
JA49K,0,504,504,v004
JA49K,0,504,504,v031
JA49K,0,525,525,v008
R4FOQ,33,148,115,v008
R4FOQ,14,122,108,v023
R4FOQ,62,148,86,v031
R4FOQ,0,72,72,v012
R4FOQ,16,141,125,v001
I0HIX,0,184,184,v032
I0HIX,0,177,177,v014
I0HIX,117,504,387,v003
I0HIX,436,556,120,v020
Q0BNP,571,768,197,v004
Q0BNP,357,628,271,v028
Q0BNP,122,772,650,v022
Q0BNP,508,772,264,v023
Q0BNP,184,585,401,v008
Q0BNP,206,331,125,v029
Q0BNP,314,429,115,v016
MQHDC,0,736,736,v008
MQHDC,0,736,736,v005
MQHDC,0,736,736,v005
G24CA,0,1072,1072,v032
G24CA,0,1297,1297,v018
G24CA,28,1204,1176,v031
G24CA,0,1228,1228,v008
G24CA,1087,1228,141,v001
G24CA,100,489,389,v019
UZIER,105,264,159,v016
UZIER,160,831,671,v008
UZIER,9,156,147,v008
UZIER,146,276,130,v023
UZIER,206,831,625,v014
KCEJF,26,223,197,v005
KCEJF,189,528,339,v031
KCEJF,64,326,262,v005
KCEJF,0,744,744,v008
19ZJB,405,573,168,v008
19ZJB,477,669,192,v016
19ZJB,189,343,154,v001
19ZJB,170,285,115,v012
19ZJB,165,280,115,v007
19ZJB,499,657,158,v016
19ZJB,403,576,173,v008
19ZJB,588,720,132,v031
D548M,578,738,160,v016
D548M,336,568,232,v029
D548M,0,738,738,v008
D548M,578,738,160,v016
OFGBC,0,724,724,v024
OFGBC,264,432,168,v009
OFGBC,360,506,146,v020
OFGBC,0,367,367,v007
OFGBC,0,724,724,v008
2IS9G,667,715,48,v008
2IS9G,264,609,345,v010
2IS9G,24,220,196,v000
2IS9G,552,715,163,v007
2IS9G,470,580,110,v023
2IS9G,374,492,118,v008
2IS9G,244,355,111,v027
PZS0C,484,749,265,v007
PZS0C,52,242,190,v022
PZS0C,0,163,163,v000
PZS0C,199,749,550,v028
PZS0C,52,206,154,v018
PZS0C,273,429,156,v031
PZS0C,0,115,115,v000
9J166,237,420,183,v012
9J166,0,528,528,v008
9J166,417,525,108,v001
9J166,0,520,520,v031
9J166,252,448,196,v031
9J166,446,528,82,v001
F796T,237,749,512,v014
F796T,0,175,175,v029
F796T,206,326,120,v001
4C1KY,772,928,156,v026
4C1KY,0,494,494,v005
4C1KY,0,832,832,v008
4C1KY,0,823,823,v031
4C1KY,772,928,156,v026
4C1KY,727,888,161,v022
4C1KY,684,823,139,v001
4C1KY,722,849,127,v016
4C1KY,0,794,794,v019
4C1KY,0,828,828,v018
4C1KY,0,828,828,v018
V9XR6,328,480,152,v010
V9XR6,811,920,109,v019
V9XR6,0,789,789,v018
V9XR6,760,904,144,v012
V9XR6,0,775,775,v014
V9XR6,568,724,156,v022
V9XR6,0,724,724,v018
V9XR6,808,920,112,v023
V9XR6,0,790,790,v032
38HNU,312,463,151,v020
38HNU,312,537,225,v009
WV8SY,314,456,142,v012
WV8SY,403,529,126,v028
WV8SY,307,480,173,v017
WV8SY,302,439,137,v029
WV8SY,367,520,153,v016
WV8SY,415,529,114,v028
WV8SY,369,504,135,v016
WV8SY,360,504,144,v016
5XAMJ,242,388,146,v001
5XAMJ,384,773,389,v008
5XAMJ,552,773,221,v009
5XAMJ,554,773,219,v019
5XAMJ,0,350,350,v008
5XAMJ,304,472,168,v023
5XAMJ,0,360,360,v031
5XAMJ,362,773,411,v014
5XAMJ,0,773,773,v018
3C9L1,626,789,163,v022
3C9L1,748,828,80,v016
3C9L1,0,727,727,v018
3C9L1,0,828,828,v008
3C9L1,602,823,221,v023
3C9L1,93,686,593,v031
0A8ZT,614,801,187,v008
0A8ZT,631,801,170,v014
0A8ZT,249,465,216,v005
0A8ZT,0,657,657,v008
0A8ZT,530,657,127,v016
0A8ZT,254,655,401,v016
0A8ZT,636,801,165,v023
0A8ZT,513,672,159,v016
0A8ZT,600,720,120,v023
0A8ZT,256,446,190,v004
0A8ZT,117,312,195,v015
CJJ4Q,108,261,153,v016
CJJ4Q,0,199,199,v018
CJJ4Q,187,646,459,v031
CJJ4Q,172,530,358,v005
CJJ4Q,148,646,498,v018
CJJ4Q,45,646,601,v008
FQBHO,0,618,618,v008
FQBHO,36,618,582,v026
FQBHO,0,88,88,v004
FQBHO,110,618,508,v025
9Z1A3,76,309,233,v003
9Z1A3,0,165,165,v003
9Z1A3,0,410,410,v003
9Z1A3,256,619,363,v008
9Z1A3,0,204,204,v008
9Z1A3,240,391,151,v023
9Z1A3,266,641,375,v016
9Z1A3,0,252,252,v016
QU5KF,105,235,130,v013
QU5KF,0,86,86,v029
QU5KF,91,513,422,v008
QU5KF,88,516,428,v014
8SVWO,674,786,112,v005
8SVWO,588,786,198,v023
8SVWO,0,786,786,v018
8SVWO,0,362,362,v014
8SVWO,580,786,206,v008
8SVWO,698,786,88,v008
8SVWO,710,786,76,v005
8SVWO,0,708,708,v008
8SVWO,597,770,173,v023
8SVWO,631,786,155,v023
8SVWO,328,552,224,v005
7HV9Q,0,259,259,v012
7HV9Q,170,717,547,v031
7HV9Q,0,717,717,v032
7HV9Q,367,528,161,v019
7HV9Q,0,717,717,v014
7HV9Q,0,717,717,v014
GRJG1,0,545,545,v008
GRJG1,0,545,545,v026
GRJG1,300,422,122,v028
GRJG1,379,513,134,v016
GRJG1,264,384,120,v025
GRJG1,120,480,360,v028
GRJG1,360,504,144,v023
GRJG1,50,146,96,v026
GRJG1,0,168,168,v032
DDV1G,384,743,359,v018
DDV1G,0,144,144,v000
DDV1G,146,475,329,v018
DDV1G,384,743,359,v018
DDV1G,0,163,163,v010
DDV1G,451,743,292,v032
DDV1G,0,264,264,v000
PG32H,604,1252,648,v026
PG32H,348,638,290,v003
PG32H,873,1254,381,v016
PG32H,2,669,667,v023
ZQAMW,0,795,795,v031
ZQAMW,444,600,156,v023
ZQAMW,0,795,795,v021
ZQAMW,492,795,303,v020
ZQAMW,489,795,306,v008
ZQAMW,465,580,115,v023
OO6BH,292,451,159,v016
OO6BH,429,717,288,v008
OO6BH,470,679,209,v020
OO6BH,242,367,125,v023
OO6BH,657,796,139,v016
OO6BH,307,422,115,v016
OO6BH,199,328,129,v012
OO6BH,208,914,706,v016
OO6BH,199,936,737,v012
OO6BH,199,312,113,v007
OO6BH,208,333,125,v001
OO6BH,424,580,156,v023
51801,67,230,163,v023
51801,201,415,214,v004
51801,295,494,199,v016
51801,0,789,789,v018
51801,0,789,789,v018
51801,156,789,633,v008
51801,160,415,255,v016
51801,160,264,104,v023
UX8NQ,333,601,268,v008
UX8NQ,43,307,264,v009
UX8NQ,316,429,113,v016
UX8NQ,336,601,265,v026
UX8NQ,336,456,120,v023
UX8NQ,264,408,144,v023
UX8NQ,12,120,108,v008
UX8NQ,24,309,285,v030
UX8NQ,273,384,111,v008
UX8NQ,288,427,139,v030
UX8NQ,38,319,281,v030
UX8NQ,343,601,258,v026
UX8NQ,204,348,144,v016
UX8NQ,0,115,115,v023
UX8NQ,45,360,315,v019
X8AP2,290,612,322,v008
X8AP2,535,728,193,v005
X8AP2,218,360,142,v001
X8AP2,0,429,429,v008
X8AP2,0,429,429,v031
X8AP2,36,309,273,v005
X8AP2,535,703,168,v008
AO8RW,0,165,165,v016
AO8RW,280,809,529,v003
AO8RW,74,302,228,v016
AO8RW,52,412,360,v023
AO8RW,530,712,182,v006
QVYE2,28,424,396,v031
QVYE2,0,758,758,v003
QVYE2,547,758,211,v008
QVYE2,0,86,86,v008
0KER3,0,408,408,v012
0KER3,326,585,259,v023
0KER3,477,665,188,v008
0KER3,0,665,665,v008
0KER3,0,665,665,v014
0KER3,280,408,128,v016
0KER3,0,134,134,v023
0KER3,218,357,139,v023
0KER3,208,665,457,v031
0KER3,0,665,665,v008
0KER3,0,665,665,v018
QXBTG,292,458,166,v028
QXBTG,7,144,137,v001
QXBTG,177,436,259,v008
QXBTG,74,235,161,v023
QXBTG,355,490,135,v022
QXBTG,345,490,145,v025
QXBTG,0,93,93,v012
QXBTG,57,204,147,v008
QXBTG,57,261,204,v016
QXBTG,0,136,136,v008
7NLXI,0,576,576,v008
7NLXI,201,420,219,v020
ZXKUH,0,506,506,v026
ZXKUH,417,733,316,v008
ZXKUH,0,513,513,v003
ZXKUH,530,724,194,v029
ZXKUH,420,590,170,v023
NYZ5Q,302,432,130,v022
NYZ5Q,0,340,340,v026
NYZ5Q,0,312,312,v026
NYZ5Q,307,432,125,v001
PBV4T,81,208,127,v022
PBV4T,0,204,204,v018
PBV4T,60,194,134,v016
PBV4T,122,208,86,v010
PBV4T,0,165,165,v005
PBV4T,0,98,98,v008
PBV4T,0,103,103,v005
PBV4T,72,194,122,v016
PBV4T,0,76,76,v023
PBV4T,127,208,81,v018
PBV4T,21,132,111,v008
PBV4T,69,194,125,v016
PBV4T,45,156,111,v004
PBV4T,0,100,100,v008
PBV4T,2,103,101,v016
PBV4T,0,62,62,v023
PBV4T,0,192,192,v008
PBV4T,28,129,101,v023
PBV4T,84,194,110,v016
8030U,412,847,435,v031
8030U,0,489,489,v010
8030U,0,540,540,v008
8030U,456,847,391,v018
8030U,660,847,187,v006
1JGRO,57,731,674,v031
1JGRO,160,508,348,v005
1JGRO,0,731,731,v008
SCTNB,12,158,146,v012
SCTNB,50,199,149,v029
SCTNB,129,755,626,v008
SCTNB,0,112,112,v017
SCTNB,151,755,604,v023
TE421,458,767,309,v024
TE421,381,532,151,v029
TE421,28,156,128,v005
TE421,559,767,208,v001
TE421,386,523,137,v020
TE421,120,336,216,v004
NZ6PU,580,687,107,v027
NZ6PU,153,687,534,v006
NZ6PU,165,662,497,v007
MNBEI,0,110,110,v029
MNBEI,16,156,140,v018
MNBEI,156,441,285,v003
MNBEI,319,513,194,v022
MNBEI,9,244,235,v018
MNBEI,0,120,120,v012
MNBEI,0,117,117,v001
ZHPZ1,14,624,610,v018
ZHPZ1,472,688,216,v008
ZHPZ1,0,115,115,v018
ZHPZ1,549,667,118,v022
ZHPZ1,309,650,341,v026
ZHPZ1,0,715,715,v008
ZHPZ1,0,398,398,v021
V2I7S,0,759,759,v008
V2I7S,0,759,759,v024
V2I7S,266,396,130,v029
11DD3,0,348,348,v031
11DD3,374,741,367,v031
11DD3,0,141,141,v022
11DD3,26,273,247,v001
11DD3,307,741,434,v008
11DD3,381,741,360,v019
11DD3,196,374,178,v018
11DD3,297,420,123,v023
11DD3,364,549,185,v031
11DD3,333,444,111,v026
11DD3,0,108,108,v018
LKYCT,247,595,348,v005
LKYCT,542,730,188,v004
LKYCT,91,242,151,v018
LKYCT,0,91,91,v029
LKYCT,156,607,451,v005
LKYCT,168,609,441,v008
LKYCT,163,607,444,v023
LKYCT,105,242,137,v018
LKYCT,504,624,120,v016
TGUKM,0,79,79,v008
TGUKM,0,124,124,v025
TGUKM,0,124,124,v025
TGUKM,0,132,132,v016
TGUKM,237,770,533,v008
TGUKM,192,396,204,v027
TGUKM,213,770,557,v014
5YA6D,64,307,243,v001
5YA6D,0,750,750,v008
5YA6D,336,556,220,v028
5YA6D,290,552,262,v028
Y5ZU3,0,448,448,v018
Y5ZU3,412,735,323,v026
Y5ZU3,393,735,342,v008
Y5ZU3,388,530,142,v023
Y5ZU3,415,735,320,v026
Y5ZU3,319,475,156,v022
Y5ZU3,0,446,446,v016
Y5ZU3,0,446,446,v032
Y5ZU3,0,446,446,v008
97HAH,362,482,120,v001
97HAH,117,252,135,v012
97HAH,14,256,242,v016
97HAH,280,412,132,v012
97HAH,513,643,130,v004
97HAH,400,542,142,v023
97HAH,9,170,161,v012
97HAH,24,266,242,v016
97HAH,597,643,46,v016
J4TLX,444,710,266,v009
J4TLX,588,744,156,v029
J4TLX,379,549,170,v000
J4TLX,0,624,624,v018
J4TLX,460,643,183,v019
J4TLX,0,633,633,v018
J4TLX,540,655,115,v022
XJE4Y,360,760,400,v008
XJE4Y,355,760,405,v026
XJE4Y,67,333,266,v008
XJE4Y,0,182,182,v025
XJE4Y,360,501,141,v023
XJE4Y,379,760,381,v026
XJE4Y,132,333,201,v016
XJE4Y,0,153,153,v023
XJE4Y,9,352,343,v003
XJE4Y,0,81,81,v012
673VM,2500,3883,1383,v008
673VM,3528,3818,290,v016
673VM,3722,3924,202,v023
673VM,2200,2467,267,v029
673VM,3422,3818,396,v016
673VM,2457,3967,1510,v014
75ZOJ,0,268,268,v032
75ZOJ,597,750,153,v008
75ZOJ,583,693,110,v023
75ZOJ,0,288,288,v031
75ZOJ,0,750,750,v018
75ZOJ,139,261,122,v001
75ZOJ,607,750,143,v012
75ZOJ,177,295,118,v025
75ZOJ,0,288,288,v008
75ZOJ,338,494,156,v004
RM1FR,340,482,142,v001
RM1FR,76,256,180,v012
RM1FR,160,444,284,v026
RM1FR,76,228,152,v012
RM1FR,345,496,151,v001
RM1FR,172,465,293,v026
RM1FR,537,751,214,v019
RM1FR,537,765,228,v019
7W8E0,189,460,271,v008
7W8E0,96,460,364,v008
7W8E0,172,309,137,v023
7W8E0,79,460,381,v008
7W8E0,0,112,112,v029
7W8E0,180,460,280,v014
7W8E0,0,460,460,v022
7W8E0,206,460,254,v019
LWBPP,0,232,232,v008
LWBPP,105,228,123,v016
LWBPP,43,151,108,v027
LWBPP,146,236,90,v019
CUD1T,240,640,400,v008
CUD1T,0,67,67,v016
CUD1T,208,348,140,v023
CUD1T,0,640,640,v008
CUD1T,0,333,333,v014
CUD1T,266,556,290,v009
CUD1T,0,640,640,v018
CUD1T,218,357,139,v014
ZEC1D,403,758,355,v008
ZEC1D,403,643,240,v023
ZEC1D,525,676,151,v023
ZEC1D,559,758,199,v013
ZEC1D,513,758,245,v008
ZEC1D,516,758,242,v014
NHB5N,0,739,739,v005
NHB5N,0,739,739,v005
NHB5N,0,739,739,v008
NHB5N,0,739,739,v008
NHB5N,0,739,739,v018
NHB5N,0,739,739,v014
NHB5N,0,739,739,v018
EXPOA,244,388,144,v016
EXPOA,441,664,223,v028
EXPOA,261,400,139,v018
EXPOA,559,676,117,v023
EXPOA,295,556,261,v018
EXPOA,7,206,199,v004
EXPOA,206,400,194,v018
EXPOA,535,850,315,v003
EXPOA,537,655,118,v016
JHRXJ,0,747,747,v008
JHRXJ,0,747,747,v018
JHRXJ,0,747,747,v014
JHRXJ,0,747,747,v008
JHRXJ,0,747,747,v008
Z1LE8,124,528,404,v005
Z1LE8,124,528,404,v005
Z1LE8,72,535,463,v018
Z1LE8,43,175,132,v018
Z1LE8,436,556,120,v022
Z1LE8,110,381,271,v008
Z1LE8,88,218,130,v008
Z1LE8,278,420,142,v016
Z1LE8,93,220,127,v023
Z1LE8,252,415,163,v016
Z1LE8,252,422,170,v016
Z1LE8,79,220,141,v023
Z1LE8,124,372,248,v008
Z1LE8,72,535,463,v018
K43ZC,0,648,648,v028
K43ZC,480,621,141,v022
K43ZC,52,177,125,v005
K43ZC,244,379,135,v005
K43ZC,396,530,134,v005
K43ZC,0,648,648,v026
K43ZC,0,612,612,v018
I8I5F,0,184,184,v008
I8I5F,146,283,137,v016
I8I5F,204,451,247,v026
I8I5F,372,651,279,v009
I8I5F,0,139,139,v029
I8I5F,136,460,324,v026
I8I5F,67,228,161,v016
CMZOB,249,386,137,v001
CMZOB,146,348,202,v012
CMZOB,16,189,173,v012
CMZOB,362,470,108,v016
CMZOB,357,482,125,v016
CMZOB,343,463,120,v016
CMZOB,211,352,141,v016
CMZOB,494,621,127,v029
CMZOB,112,230,118,v023
313G8,0,662,662,v008
313G8,525,662,137,v016
313G8,590,814,224,v005
313G8,0,814,814,v018
313G8,0,616,616,v014
313G8,520,674,154,v016
DD5SD,0,333,333,v002
DD5SD,0,568,568,v026
DD5SD,0,605,605,v026
DD5SD,0,605,605,v008
DD5SD,0,605,605,v030
0F453,273,480,207,v023
0F453,7,508,501,v008
0F453,7,189,182,v012
TAGS2,408,544,136,v001
TAGS2,348,508,160,v012
TAGS2,0,590,590,v008
TAGS2,0,590,590,v024
TAGS2,165,391,226,v009
JIGAJ,628,768,140,v027
JIGAJ,50,410,360,v031
JIGAJ,664,794,130,v001
JIGAJ,664,792,128,v007
JIGAJ,676,794,118,v029
60W9B,115,256,141,v001
60W9B,43,182,139,v012
60W9B,244,483,239,v002
60W9B,52,206,154,v023
PM1VD,0,2572,2572,v014
PM1VD,2419,2632,213,v018
PM1VD,2498,3499,1001,v023
PM1VD,2652,3499,847,v008
PM1VD,2575,3036,461,v023
PM1VD,0,3633,3633,v008
Q18ZQ,0,312,312,v008
Q18ZQ,427,823,396,v008
Q18ZQ,799,993,194,v001
Q18ZQ,199,470,271,v016
Q18ZQ,535,868,333,v016
Q18ZQ,60,321,261,v012
Q18ZQ,0,100,100,v008
Q18ZQ,4,280,276,v016
Q18ZQ,28,192,164,v012
Q18ZQ,789,957,168,v001
Q18ZQ,24,177,153,v007
N78RL,0,691,691,v008
N78RL,0,691,691,v029
WT7GN,0,755,755,v008
WT7GN,595,755,160,v007
WT7GN,628,755,127,v012
WT7GN,240,376,136,v019
WT7GN,667,755,88,v029
6YN3J,530,751,221,v031
6YN3J,0,216,216,v005
6YN3J,249,405,156,v020
6YN3J,396,571,175,v022
6YN3J,139,314,175,v016
6YN3J,0,314,314,v008
6YN3J,146,314,168,v016
6YN3J,0,348,348,v016
6YN3J,0,235,235,v008
6YN3J,0,441,441,v018
6YN3J,199,312,113,v016
6YN3J,0,295,295,v008
6YN3J,0,367,367,v005
Y5NDR,297,518,221,v026
Y5NDR,62,357,295,v017
Y5NDR,132,292,160,v028
Y5NDR,297,520,223,v026
Y5NDR,24,156,132,v027
M2AKR,12,192,180,v004
M2AKR,0,447,447,v008
M2AKR,129,447,318,v031
M2AKR,216,447,231,v019
8PXPO,705,781,76,v001
8PXPO,240,758,518,v026
8PXPO,0,242,242,v008
8PXPO,0,177,177,v023
8PXPO,199,396,197,v016
8PXPO,268,453,185,v016
8PXPO,724,781,57,v012
ETS92,638,749,111,v018
ETS92,285,396,111,v001
ETS92,352,475,123,v012
ETS92,110,216,106,v031
ETS92,633,749,116,v018
ETS92,160,288,128,v006
3QY79,285,700,415,v028
3QY79,213,374,161,v016
3QY79,619,890,271,v023
3QY79,38,271,233,v004
3QY79,285,1543,1258,v003
3QY79,516,708,192,v016
3QY79,0,79,79,v029
3QY79,516,708,192,v008
3QY79,0,144,144,v023
3QY79,24,326,302,v008
3QY79,739,883,144,v001
3QY79,619,780,161,v012
XNXW6,108,316,208,v002
XNXW6,252,412,160,v009
XNXW6,240,412,172,v008
XNXW6,232,345,113,v023
XNXW6,242,412,170,v019
09W8V,316,621,305,v008
09W8V,528,652,124,v016
09W8V,295,460,165,v023
09W8V,0,384,384,v031
09W8V,302,643,341,v016
09W8V,81,667,586,v031
09W8V,482,624,142,v029
5JSFE,470,691,221,v012
5JSFE,525,696,171,v023
5JSFE,0,715,715,v004
5JSFE,477,691,214,v007
5JSFE,465,681,216,v029
5JSFE,0,740,740,v008
5JSFE,554,696,142,v001
P03FP,76,525,449,v024
P03FP,266,460,194,v006
P03FP,576,698,122,v023
P03FP,0,578,578,v008
P03FP,0,751,751,v008
P03FP,578,724,146,v016
P03FP,631,751,120,v005
G4MDY,16,136,120,v027
G4MDY,196,611,415,v016
G4MDY,0,268,268,v008
G4MDY,206,316,110,v016
G4MDY,264,403,139,v016
G4MDY,352,480,128,v016
G4MDY,156,273,117,v012
G4MDY,148,259,111,v016
LEG82,247,367,120,v008
LEG82,0,717,717,v018
LEG82,376,573,197,v020
LEG82,247,439,192,v005
LEG82,340,496,156,v016
LEG82,0,249,249,v004
LEG82,264,446,182,v005
LEG82,0,717,717,v018
LEG82,0,717,717,v023
LEG82,0,285,285,v008
LEG82,0,717,717,v008
LEG82,232,717,485,v023
LEG82,139,273,134,v016
LEG82,38,439,401,v031
LEG82,228,717,489,v008
4FGLC,0,523,523,v018
4FGLC,0,511,511,v008
4FGLC,427,731,304,v009
4FGLC,0,516,516,v016
4FGLC,0,511,511,v008
4FGLC,0,516,516,v016
4FGLC,0,518,518,v023
4FGLC,436,731,295,v019
4FGLC,0,180,180,v023
4FGLC,120,285,165,v023
4FGLC,208,434,226,v023
NYZL3,278,621,343,v008
NYZL3,501,619,118,v016
NYZL3,304,621,317,v008
NYZL3,300,429,129,v023
NYZL3,0,741,741,v032
NYZL3,0,741,741,v018
NYZL3,264,429,165,v023
NYZL3,0,367,367,v008
NYZL3,333,580,247,v008
68YR6,504,742,238,v030
68YR6,379,492,113,v001
68YR6,364,468,104,v012
68YR6,0,742,742,v031
68YR6,434,742,308,v030
68YR6,352,492,140,v029
O1XYF,0,163,163,v007
O1XYF,43,737,694,v005
O1XYF,21,737,716,v008
O1XYF,12,737,725,v005
O1XYF,0,129,129,v029
O1XYF,84,737,653,v031
G8YWY,244,635,391,v004
G8YWY,0,321,321,v002
G8YWY,230,635,405,v008
G8YWY,230,635,405,v016
G8YWY,146,312,166,v008
G8YWY,98,196,98,v023
G8YWY,100,211,111,v016
G8YWY,230,340,110,v023
RXBUJ,48,319,271,v001
XJU8U,427,566,139,v001
XJU8U,290,465,175,v008
XJU8U,141,295,154,v008
XJU8U,31,160,129,v029
XJU8U,0,175,175,v012
XJU8U,108,280,172,v023
XJU8U,201,393,192,v023
XJU8U,31,170,139,v007
ZVMAY,0,811,811,v008
ZVMAY,780,931,151,v004
ZVMAY,132,931,799,v019
ZVMAY,614,775,161,v018
ZVMAY,398,530,132,v009
ZVMAY,398,595,197,v015
ZVMAY,136,516,380,v014
ZVMAY,628,1004,376,v018
ZVMAY,840,1004,164,v016
ZVMAY,52,223,171,v012
ZVMAY,62,249,187,v029
M3EAQ,307,473,166,v008
M3EAQ,288,473,185,v021
M3EAQ,302,434,132,v023
M3EAQ,0,473,473,v014
M3EAQ,216,473,257,v019
M3EAQ,216,473,257,v009
M3EAQ,288,473,185,v008
M3EAQ,0,473,473,v031
67MSU,64,571,507,v016
67MSU,544,728,184,v001
67MSU,86,316,230,v008
67MSU,0,91,91,v012
67MSU,489,638,149,v016
42MC3,220,384,164,v027
42MC3,252,403,151,v027
42MC3,444,569,125,v005
42MC3,0,76,76,v001
42MC3,0,132,132,v012
42MC3,444,569,125,v005
M40WF,612,866,254,v008
M40WF,612,820,208,v023
M40WF,756,866,110,v025
M40WF,0,866,866,v018
M40WF,316,460,144,v022
M40WF,264,408,144,v009
M40WF,43,187,144,v014
M40WF,60,182,122,v019
M40WF,672,847,175,v023
M40WF,31,172,141,v008
M40WF,0,105,105,v023
3GXB7,645,754,109,v018
3GXB7,0,504,504,v002
3GXB7,559,746,187,v018
3GXB7,633,754,121,v019
3GXB7,0,448,448,v008
YP1HM,753,831,78,v016
YP1HM,0,571,571,v032
YP1HM,304,446,142,v009
YP1HM,0,831,831,v018
YP1HM,7,831,824,v019
YP1HM,0,831,831,v023
YP1HM,0,831,831,v026
YP1HM,0,831,831,v032
YP1HM,0,831,831,v016
YP1HM,532,645,113,v008
YP1HM,588,696,108,v008
YP1HM,0,504,504,v031
YP1HM,446,576,130,v001
YP1HM,2,384,382,v019
L42OQ,69,739,670,v005
L42OQ,0,110,110,v016
L42OQ,163,739,576,v008
L42OQ,69,739,670,v005
L42OQ,36,739,703,v008
L42OQ,76,739,663,v023
PSCWP,566,708,142,v025
PSCWP,0,201,201,v028
PSCWP,240,436,196,v030
PSCWP,672,806,134,v023
PSCWP,693,847,154,v008
PSCWP,141,292,151,v016
PSCWP,172,285,113,v025
PSCWP,134,290,156,v008
PSCWP,249,847,598,v016
HA8MN,0,578,578,v008
HA8MN,76,477,401,v004
HA8MN,592,762,170,v009
HA8MN,386,489,103,v023
HA8MN,386,657,271,v016
HA8MN,0,482,482,v031
EFIA2,74,693,619,v008
EFIA2,580,708,128,v016
EFIA2,218,417,199,v008
EFIA2,206,331,125,v023
EFIA2,132,261,129,v029
EFIA2,300,424,124,v016
EFIA2,669,763,94,v030
5N7DP,7,223,216,v016
5N7DP,0,793,793,v008
5N7DP,578,793,215,v024
5N7DP,276,793,517,v020
5N7DP,0,278,278,v025
5N7DP,7,357,350,v028
5N7DP,439,793,354,v023
1C6P3,9,722,713,v008
1C6P3,0,722,722,v008
1C6P3,0,722,722,v018
1C6P3,16,206,190,v005
1C6P3,16,206,190,v005
1C6P3,0,722,722,v018
1C6P3,0,206,206,v008
1C6P3,0,722,722,v008
F44A2,0,386,386,v008
F44A2,573,748,175,v008
F44A2,619,758,139,v019
F44A2,604,741,137,v013
F44A2,460,602,142,v023
F44A2,0,520,520,v031
F44A2,0,758,758,v018
F44A2,0,552,552,v032
F44A2,482,758,276,v014
F44A2,0,758,758,v018
F44A2,0,79,79,v016
F44A2,0,578,578,v008
M506V,33,328,295,v008
M506V,225,427,202,v025
M506V,105,420,315,v030
M506V,0,738,738,v008
M506V,0,738,738,v031
M506V,153,412,259,v030
M506V,74,412,338,v026
M506V,336,738,402,v026
EVHDE,105,364,259,v023
EVHDE,0,645,645,v018
EVHDE,518,729,211,v022
EVHDE,496,696,200,v008
EVHDE,511,691,180,v023
EVHDE,0,626,626,v018
EVHDE,0,576,576,v032
EVHDE,0,592,592,v014
EVHDE,506,652,146,v023
36VYU,0,168,168,v016
36VYU,7,165,158,v016
36VYU,0,122,122,v008
36VYU,523,576,53,v022
36VYU,79,576,497,v014
36VYU,0,576,576,v008
36VYU,81,576,495,v018
1YAYG,45,235,190,v016
1YAYG,132,895,763,v030
1YAYG,122,895,773,v030
1YAYG,0,895,895,v008
1YAYG,72,218,146,v016
1YAYG,304,420,116,v016
1YAYG,506,633,127,v016
1YAYG,9,146,137,v029
1YAYG,0,895,895,v008
SSKK6,556,655,99,v016
SSKK6,307,774,467,v005
SSKK6,520,652,132,v016
SSKK6,496,655,159,v008
SSKK6,556,655,99,v025
SSKK6,0,124,124,v018
SSKK6,0,100,100,v008
SSKK6,0,69,69,v023
SSKK6,2,100,98,v023
SSKK6,0,124,124,v005
SSKK6,501,674,173,v012
SSKK6,280,571,291,v008
SSKK6,108,372,264,v023
SSKK6,544,681,137,v016
SSKK6,0,774,774,v018
SSKK6,482,679,197,v016
1ZBUS,0,254,254,v008
1ZBUS,96,326,230,v016
1ZBUS,124,259,135,v018
1ZBUS,264,505,241,v008
1ZBUS,108,259,151,v012
1ZBUS,50,199,149,v016
1ZBUS,28,273,245,v016
1ZBUS,0,505,505,v018
1ZBUS,247,505,258,v005
COM6M,252,415,163,v001
COM6M,0,381,381,v026
COM6M,367,552,185,v001
COM6M,60,381,321,v016
COM6M,0,81,81,v012
COM6M,0,355,355,v023
KSAGF,0,194,194,v031
KSAGF,381,501,120,v029
YQSN8,0,744,744,v008
YQSN8,81,331,250,v001
YQSN8,561,744,183,v031
61WIS,19,168,149,v008
61WIS,52,331,279,v031
61WIS,230,386,156,v016
61WIS,484,612,128,v022
61WIS,0,134,134,v018
61WIS,477,626,149,v023
61WIS,0,573,573,v014
61WIS,242,386,144,v023
61WIS,14,148,134,v018
61WIS,271,391,120,v025
61WIS,511,619,108,v016
N79WJ,376,595,219,v016
N79WJ,0,540,540,v008
N79WJ,384,583,199,v016
N79WJ,156,691,535,v031
N79WJ,494,655,161,v001
N79WJ,86,290,204,v029
EUK1Y,0,148,148,v008
EUK1Y,0,96,96,v031
EUK1Y,156,739,583,v008
EUK1Y,36,172,136,v016
EUK1Y,33,172,139,v016
6PYRZ,0,144,144,v008
6PYRZ,43,144,101,v025
6PYRZ,0,769,769,v008
6PYRZ,218,552,334,v020
6PYRZ,33,156,123,v016
6PYRZ,0,168,168,v008
6PYRZ,112,633,521,v008
8ATVC,0,237,237,v001
8ATVC,0,103,103,v030
3D81G,0,752,752,v031
3D81G,0,752,752,v008
3D81G,0,146,146,v023
3D81G,0,208,208,v005
3D81G,0,752,752,v008
3D81G,0,752,752,v018
WFUK2,247,493,246,v009
WFUK2,0,319,319,v028
WFUK2,290,493,203,v019
WFUK2,220,493,273,v009
WFUK2,43,493,450,v031
WFUK2,0,326,326,v023
WFUK2,223,493,270,v008
N0DXI,292,468,176,v005
N0DXI,84,278,194,v008
N0DXI,304,614,310,v005
N0DXI,290,446,156,v008
N0DXI,72,326,254,v023
ECXEX,120,300,180,v016
ECXEX,117,300,183,v016
ECXEX,525,749,224,v008
ECXEX,460,604,144,v016
ECXEX,117,295,178,v016
ECXEX,348,576,228,v008
ECXEX,348,576,228,v023
ECXEX,475,604,129,v016
ECXEX,0,189,189,v008
ECXEX,693,749,56,v025
ECXEX,688,749,61,v023
HURN7,0,144,144,v028
HURN7,475,733,258,v030
HURN7,48,312,264,v028
HURN7,295,561,266,v002
HURN7,266,458,192,v016
HURN7,0,326,326,v016
MV9N4,0,696,696,v002
MV9N4,0,696,696,v022
MV9N4,88,211,123,v012
MV9N4,242,364,122,v015
MV9N4,360,696,336,v008
MV9N4,384,508,124,v004
MV9N4,360,480,120,v001
0CFQV,103,501,398,v031
0CFQV,48,163,115,v012
0CFQV,0,62,62,v029
2YT8V,0,752,752,v008
2YT8V,0,208,208,v019
2YT8V,0,752,752,v008
YLE12,0,734,734,v026
YLE12,72,230,158,v023
YLE12,172,297,125,v023
YLE12,237,393,156,v023
YLE12,151,264,113,v016
YLE12,201,319,118,v016
YLE12,285,408,123,v016
EO6XX,280,700,420,v031
EO6XX,0,700,700,v008
EO6XX,194,700,506,v023
EO6XX,204,700,496,v031
G1JBI,698,854,156,v001
G1JBI,0,129,129,v012
G1JBI,698,859,161,v001
G1JBI,0,129,129,v012
G1JBI,33,784,751,v026
G1JBI,21,885,864,v016
G1JBI,43,784,741,v026
G1JBI,12,204,192,v007
G1JBI,204,355,151,v016
NL1WG,60,745,685,v018
NL1WG,156,745,589,v008
NL1WG,112,745,633,v014
NL1WG,0,745,745,v018
EIZFC,302,739,437,v031
EIZFC,81,381,300,v023
EIZFC,588,739,151,v009
EIZFC,364,739,375,v019
EIZFC,0,739,739,v018
EIZFC,67,432,365,v003
YIV35,578,736,158,v005
YIV35,626,736,110,v016
YIV35,379,523,144,v001
YIV35,14,175,161,v012
YIV35,470,614,144,v020
YIV35,542,739,197,v008
YIV35,0,739,739,v018
YIV35,564,736,172,v008
YIV35,484,660,176,v023
YIV35,0,506,506,v008
YIV35,408,556,148,v016
YIV35,662,739,77,v022
YIV35,640,739,99,v023
YIV35,566,734,168,v005
YIV35,542,739,197,v008
YIV35,0,504,504,v031
9I3HW,62,496,434,v011
9I3HW,0,496,496,v008
9I3HW,0,496,496,v018
9I3HW,0,496,496,v008
9I3HW,0,496,496,v008
9I3HW,31,496,465,v008
IM96T,0,540,540,v008
UN86L,499,764,265,v008
UN86L,480,602,122,v023
UN86L,0,566,566,v028
UN86L,592,724,132,v021
UN86L,417,583,166,v016
UN86L,405,544,139,v008
UN86L,456,764,308,v021
UN86L,242,480,238,v016
UN86L,242,487,245,v008
I4N6K,0,523,523,v032
I4N6K,0,708,708,v018
I4N6K,357,626,269,v026
I4N6K,583,722,139,v022
I4N6K,487,614,127,v016
I4N6K,350,475,125,v001
I4N6K,482,619,137,v016
I4N6K,475,631,156,v008
I4N6K,0,470,470,v031
I4N6K,427,583,156,v023
I4N6K,458,612,154,v008
0M1X0,0,242,242,v028
0M1X0,146,350,204,v016
0M1X0,0,525,525,v028
0M1X0,429,667,238,v016
XTC0F,0,237,237,v012
XTC0F,177,384,207,v012
XTC0F,300,624,324,v008
XTC0F,187,556,369,v023
XTC0F,103,715,612,v026
JNQOB,345,460,115,v023
JNQOB,0,496,496,v008
JNQOB,0,405,405,v014
M2XIS,86,225,139,v012
M2XIS,151,508,357,v031
M2XIS,26,153,127,v018
M2XIS,0,153,153,v016
M2XIS,43,196,153,v018
M2XIS,0,141,141,v016
M2XIS,0,151,151,v008
M2XIS,0,88,88,v029
M2XIS,64,177,113,v018
M2XIS,115,295,180,v014
M2XIS,225,362,137,v032
MDOSW,192,707,515,v030
MDOSW,0,707,707,v018
MDOSW,0,705,705,v008
MDOSW,0,240,240,v023
MDOSW,0,288,288,v005
MDOSW,196,707,511,v008
MDOSW,0,324,324,v008
V2WXW,266,597,331,v022
V2WXW,381,525,144,v023
V2WXW,0,134,134,v019
V2WXW,381,525,144,v023
M0ENV,0,580,580,v014
M0ENV,530,657,127,v025
M0ENV,0,752,752,v018
M0ENV,0,752,752,v018
9A58F,192,307,115,v008
9A58F,261,504,243,v014
9A58F,69,194,125,v025
9A58F,381,508,127,v001
9A58F,64,204,140,v025
9A58F,153,309,156,v012
9A58F,136,261,125,v023
9A58F,396,511,115,v016
9A58F,208,470,262,v031
W9XY8,50,391,341,v023
W9XY8,26,201,175,v012
W9XY8,26,201,175,v012
H0R3P,0,218,218,v008
H0R3P,175,352,177,v025
H0R3P,158,307,149,v016
L37YS,348,693,345,v008
L37YS,0,285,285,v012
L37YS,0,290,290,v007
L37YS,0,278,278,v012
L37YS,0,753,753,v008
L37YS,276,753,477,v023
XYWWG,40,773,733,v018
XYWWG,26,773,747,v032
XYWWG,0,773,773,v021
XYWWG,0,773,773,v021
XYWWG,0,773,773,v010
XYWWG,26,280,254,v014
XYWWG,184,489,305,v008
GF6UG,0,448,448,v008
GF6UG,0,448,448,v013
EI5M3,170,357,187,v016
EI5M3,302,545,243,v008
EI5M3,348,545,197,v019
EI5M3,0,196,196,v012
EI5M3,38,244,206,v023
EI5M3,304,468,164,v023
EI5M3,26,168,142,v012
EI5M3,273,489,216,v023
EI5M3,74,223,149,v029
EI5M3,189,357,168,v016
EI5M3,7,132,125,v007
NIPVQ,103,229,126,v008
NIPVQ,76,194,118,v023
NIPVQ,153,229,76,v025
NIPVQ,52,189,137,v012
I5ZWF,417,564,147,v008
I5ZWF,417,580,163,v025
I5ZWF,388,508,120,v016
I5ZWF,374,508,134,v025
I5ZWF,21,192,171,v009
I5ZWF,456,573,117,v016
I5ZWF,396,513,117,v016
I5ZWF,648,721,73,v023
I5ZWF,460,636,176,v025
I5ZWF,374,520,146,v025
I5ZWF,0,508,508,v008
857S9,189,829,640,v005
857S9,36,256,220,v004
857S9,0,189,189,v019
857S9,0,829,829,v018
857S9,192,829,637,v005
857S9,0,829,829,v018
857S9,38,304,266,v008
857S9,38,304,266,v008
857S9,38,314,276,v016
857S9,139,829,690,v008
CNX6I,268,443,175,v008
CNX6I,0,242,242,v014
CNX6I,103,285,182,v022
CNX6I,0,256,256,v018
CNX6I,0,264,264,v018
CNX6I,0,240,240,v032
ANZ0S,340,489,149,v001
ANZ0S,0,165,165,v012
ANZ0S,259,429,170,v004
ANZ0S,453,688,235,v018
CHQ41,290,564,274,v004
CHQ41,0,665,665,v008
CHQ41,21,665,644,v008
CHQ41,0,665,665,v018
CHQ41,468,665,197,v016
CHQ41,0,665,665,v014
8MX1T,9,532,523,v008
8MX1T,379,564,185,v003
8MX1T,33,175,142,v018
8MX1T,460,602,142,v022
8MX1T,64,576,512,v018
8MX1T,487,760,273,v008
8MX1T,530,698,168,v004
8MX1T,626,760,134,v016
JHU46,43,309,266,v012
JHU46,110,352,242,v023
JHU46,0,470,470,v008
JHU46,240,381,141,v016
20YRU,0,237,237,v008
20YRU,2,733,731,v026
DOGYU,0,746,746,v018
DOGYU,91,384,293,v018
DOGYU,463,746,283,v001
DOGYU,0,230,230,v012
DOGYU,14,208,194,v023
DOGYU,148,304,156,v009
DOGYU,141,304,163,v019
DOGYU,0,746,746,v008
NQKZB,0,300,300,v026
NQKZB,316,765,449,v008
NQKZB,645,854,209,v016
NQKZB,283,434,151,v023
NQKZB,897,1120,223,v016
NQKZB,0,396,396,v026
H4M0N,0,587,587,v008
H4M0N,0,587,587,v014
H4M0N,0,587,587,v008
H4M0N,4,472,468,v019
JPEM7,132,570,438,v018
JPEM7,132,352,220,v018
JPEM7,0,570,570,v005
JPEM7,160,314,154,v016
JPEM7,136,360,224,v018
JPEM7,266,570,304,v018
JPEM7,0,72,72,v005
JPEM7,74,276,202,v008
JPEM7,165,304,139,v016
1Q4SL,0,136,136,v004
1Q4SL,0,74,74,v009
1Q4SL,48,271,223,v031
1Q4SL,456,650,194,v023
1Q4SL,0,134,134,v008
1Q4SL,657,742,85,v027
1Q4SL,482,742,260,v029
1Q4SL,216,360,144,v006
1Q4SL,472,633,161,v007
1Q4SL,364,742,378,v008
1Q4SL,482,652,170,v012
X1EZQ,0,136,136,v032
X1EZQ,530,700,170,v012
X1EZQ,696,767,71,v008
X1EZQ,48,271,223,v005
X1EZQ,48,175,127,v023
X1EZQ,0,386,386,v010
X1EZQ,472,767,295,v008
HVZUQ,439,604,165,v008
HVZUQ,40,501,461,v003
HVZUQ,0,158,158,v023
HVZUQ,424,583,159,v023
Q9TIN,451,595,144,v007
Q9TIN,472,729,257,v031
Q9TIN,453,648,195,v001
Q9TIN,0,729,729,v022
53FPM,830,935,105,v022
53FPM,0,127,127,v018
53FPM,55,273,218,v014
53FPM,672,921,249,v005
53FPM,26,285,259,v031
53FPM,741,904,163,v004
53FPM,0,132,132,v018
53FPM,628,912,284,v016
53FPM,638,787,149,v016
53FPM,36,935,899,v032
53FPM,0,146,146,v018
53FPM,578,729,151,v015
53FPM,189,580,391,v008
53FPM,508,614,106,v023
53FPM,513,772,259,v008
IGH70,67,622,555,v008
IGH70,0,103,103,v008
V47ZW,127,343,216,v028
V47ZW,108,709,601,v008
V47ZW,0,709,709,v031
V47ZW,247,352,105,v016
V47ZW,247,352,105,v025
V47ZW,314,709,395,v026
TTJNS,0,350,350,v028
TTJNS,79,355,276,v016
TTJNS,367,460,93,v023
EVGRN,0,729,729,v018
EVGRN,160,597,437,v031
EVGRN,177,415,238,v029
R13US,144,312,168,v019
R13US,0,698,698,v008
R13US,144,312,168,v019
R13US,0,698,698,v022
R13US,0,698,698,v014
R13US,0,698,698,v008
R13US,168,456,288,v031
R13US,237,384,147,v006
XUV0Y,72,537,465,v008
XUV0Y,72,537,465,v008
XUV0Y,228,492,264,v008
XUV0Y,206,331,125,v023
XUV0Y,340,489,149,v005
XUV0Y,235,504,269,v008
XUV0Y,206,352,146,v023
XUV0Y,69,223,154,v023
XUV0Y,381,501,120,v016
XUV0Y,160,285,125,v001
XUV0Y,112,237,125,v023
2HEUO,664,891,227,v023
2HEUO,0,891,891,v018
2HEUO,0,760,760,v032
2HEUO,0,891,891,v018
2HEUO,652,891,239,v023
2HEUO,0,891,891,v032
2HEUO,664,891,227,v016
2HEUO,664,891,227,v008
2HEUO,0,891,891,v031
YOOHJ,0,752,752,v021
YOOHJ,0,752,752,v008
Z9XLJ,180,441,261,v028
Z9XLJ,285,451,166,v012
Z9XLJ,324,484,160,v025
Z9XLJ,376,516,140,v001
Z9XLJ,319,446,127,v012
Z9XLJ,0,110,110,v029
Z9XLJ,319,520,201,v007
Z9XLJ,374,508,134,v001
XSGYC,0,472,472,v005
XSGYC,458,585,127,v025
XSGYC,458,585,127,v025
XSGYC,441,590,149,v025
XSGYC,0,626,626,v008
XSGYC,338,506,168,v016
XSGYC,0,626,626,v008
XSGYC,0,626,626,v008
XSGYC,0,528,528,v008
XSGYC,0,580,580,v008
XSGYC,484,626,142,v023
J5TTU,0,463,463,v008
J5TTU,458,729,271,v030
J5TTU,638,792,154,v008
J5TTU,657,792,135,v030
J5TTU,324,511,187,v016
J5TTU,0,420,420,v014
4JQBM,84,396,312,v008
4JQBM,0,336,336,v008
4JQBM,0,739,739,v008
HAR5P,175,348,173,v008
HAR5P,331,669,338,v031
HAR5P,0,242,242,v000
HAR5P,604,758,154,v017
HAR5P,542,703,161,v022
HAR5P,391,564,173,v006
HAR5P,271,386,115,v016
HAR5P,338,703,365,v008
HAR5P,187,328,141,v012
HAR5P,199,324,125,v031
81R3C,0,175,175,v016
81R3C,352,566,214,v001
81R3C,204,420,216,v031
81R3C,583,730,147,v001
81R3C,532,672,140,v012
81R3C,2,187,185,v016
81R3C,624,730,106,v029
81R3C,0,146,146,v008
81R3C,554,730,176,v007
5JVMD,432,576,144,v004
5JVMD,0,264,264,v016
5JVMD,0,676,676,v008
5JVMD,316,542,226,v015
5JVMD,0,247,247,v025
5JVMD,0,676,676,v018
ZJNXZ,261,1128,867,v008
ZJNXZ,240,427,187,v022
ZJNXZ,0,285,285,v026
MVO1W,0,330,330,v031
MVO1W,0,132,132,v006
O1J7D,168,753,585,v025
O1J7D,0,759,759,v008
O1J7D,148,288,140,v025
O1J7D,225,343,118,v025
O1J7D,312,432,120,v025
O1J7D,50,242,192,v026
H5DQ6,62,386,324,v030
H5DQ6,0,381,381,v012
H5DQ6,0,381,381,v001
H5DQ6,297,468,171,v020
H5DQ6,292,456,164,v004
H5DQ6,489,614,125,v016
H5DQ6,0,386,386,v008
BOKLM,518,648,130,v022
BOKLM,172,391,219,v016
BOKLM,429,600,171,v020
BOKLM,160,297,137,v018
BOKLM,631,744,113,v012
BOKLM,0,518,518,v003
BOKLM,196,633,437,v018
M0KKW,0,192,192,v008
M0KKW,76,189,113,v016
M0KKW,110,292,182,v012
M0KKW,242,372,130,v001
UZTIW,290,429,139,v023
UZTIW,96,444,348,v023
4D7GX,163,630,467,v008
4D7GX,100,249,149,v012
4D7GX,146,630,484,v008
4D7GX,115,328,213,v029
4D7GX,583,630,47,v029
334W9,326,498,172,v004
334W9,0,304,304,v006
334W9,216,498,282,v022
OGA0C,0,230,230,v018
OGA0C,0,230,230,v005
OGA0C,0,115,115,v009
OGA0C,0,230,230,v023
OGA0C,0,230,230,v016
OGA0C,0,230,230,v008
OGA0C,0,230,230,v019
OGA0C,0,230,230,v018
KUBPN,0,736,736,v010
KUBPN,0,736,736,v018
KUBPN,0,736,736,v004
KUBPN,55,225,170,v005
KUBPN,55,225,170,v005
KUBPN,0,736,736,v008
KUBPN,0,736,736,v021
KUBPN,0,736,736,v008
UOBM0,168,708,540,v008
UOBM0,360,544,184,v008
UOBM0,422,708,286,v005
UOBM0,0,206,206,v008
UOBM0,0,146,146,v023
UOBM0,0,64,64,v016
024PD,0,1418,1418,v008
024PD,0,1408,1408,v031
024PD,1255,1416,161,v001
024PD,50,254,204,v016
024PD,0,218,218,v008
024PD,36,254,218,v016
YBW3D,492,643,151,v026
YBW3D,211,552,341,v000
YBW3D,122,470,348,v010
YBW3D,561,753,192,v017
YBW3D,26,225,199,v008
YBW3D,285,492,207,v022
YBW3D,381,786,405,v026
X226B,504,652,148,v016
X226B,496,710,214,v018
X226B,398,544,146,v018
X226B,0,228,228,v002
BTR60,69,1560,1491,v026
BTR60,69,381,312,v016
BTR60,285,782,497,v016
BTR60,847,1317,470,v016
BTR60,184,374,190,v026
BTR60,604,916,312,v026
BTR60,1029,1334,305,v026
4FW7I,0,766,766,v005
4FW7I,280,766,486,v027
4FW7I,0,724,724,v008
8WQOP,2,139,137,v008
8WQOP,223,508,285,v031
8WQOP,530,681,151,v001
8WQOP,372,626,254,v012
8WQOP,494,732,238,v020
8WQOP,475,660,185,v029
8WQOP,384,520,136,v007
8WQOP,0,621,621,v008
B6S6T,0,158,158,v008
B6S6T,31,180,149,v016
B6S6T,194,307,113,v031
B6S6T,0,307,307,v030
B6S6T,0,160,160,v016
GNA1H,0,585,585,v004
GNA1H,0,718,718,v008
GNA1H,0,718,718,v032
GNA1H,516,669,153,v020
GNA1H,0,718,718,v018
GNA1H,0,718,718,v008
GNA1H,0,718,718,v031
808H5,348,506,158,v004
808H5,307,456,149,v012
808H5,156,326,170,v005
808H5,252,381,129,v023
808H5,237,736,499,v008
808H5,288,448,160,v012
RYXCI,62,345,283,v018
RYXCI,297,624,327,v008
RYXCI,194,345,151,v000
RYXCI,249,372,123,v022
RYXCI,40,180,140,v018
RYXCI,74,326,252,v018
PQX96,316,460,144,v018
PQX96,0,362,362,v031
PQX96,297,427,130,v018
PQX96,492,730,238,v027
PQX96,28,355,327,v001
4L664,302,652,350,v008
4L664,292,434,142,v023
4L664,0,729,729,v008
4L664,312,640,328,v016
4L664,542,652,110,v025
4CHXK,24,175,151,v029
4CHXK,302,480,178,v031
4CHXK,499,582,83,v025
4CHXK,508,582,74,v016
4CHXK,139,290,151,v001
UCPP8,12,228,216,v007
UCPP8,830,1173,343,v028
UCPP8,837,1166,329,v016
UCPP8,818,1214,396,v023
UCPP8,38,254,216,v012
UCPP8,856,1027,171,v028
UCPP8,530,919,389,v016
UCPP8,72,220,148,v012
UCPP8,417,595,178,v016
AJZYE,1010,1178,168,v004
AJZYE,55,247,192,v012
AJZYE,708,1041,333,v008
AJZYE,0,163,163,v007
AJZYE,55,247,192,v012
AJZYE,230,422,192,v001
AJZYE,235,384,149,v001
NJU3G,48,218,170,v005
NJU3G,319,448,129,v016
NJU3G,36,156,120,v029
NJU3G,321,451,130,v016
NJU3G,19,148,129,v008
NJU3G,48,211,163,v005
NJU3G,448,739,291,v003
NJU3G,367,513,146,v023
NJU3G,333,456,123,v016
NJU3G,386,588,202,v008
NJU3G,28,436,408,v008
NJU3G,19,434,415,v008
NJU3G,340,444,104,v016
T1NS2,0,873,873,v008
T1NS2,0,873,873,v032
T1NS2,0,873,873,v008
T1NS2,0,873,873,v021
DGPR1,141,717,576,v007
DGPR1,26,184,158,v025
DGPR1,199,717,518,v018
DGPR1,139,331,192,v018
DGPR1,0,120,120,v008
3VWR9,86,271,185,v016
3VWR9,74,266,192,v008
3VWR9,79,264,185,v016
3VWR9,256,405,149,v001
3VWR9,194,316,122,v019
3VWR9,74,266,192,v016
3VWR9,235,364,129,v007
4KZHT,0,729,729,v032
4KZHT,31,729,698,v005
4KZHT,0,729,729,v018
4KZHT,28,729,701,v005
4KZHT,0,729,729,v008
DB07P,0,187,187,v009
DB07P,0,177,177,v008
FQWTE,218,386,168,v023
FQWTE,237,420,183,v016
FQWTE,314,492,178,v028
FQWTE,302,504,202,v023
8NU39,513,762,249,v031
8NU39,0,762,762,v018
8NU39,410,655,245,v004
8NU39,556,762,206,v016
YQCYJ,132,312,180,v030
YQCYJ,645,835,190,v023
YQCYJ,132,312,180,v030
YQCYJ,127,324,197,v030
YQCYJ,573,758,185,v016
YQCYJ,0,110,110,v012
YQCYJ,662,835,173,v010
YQCYJ,0,76,76,v031
YQCYJ,52,758,706,v008
YQCYJ,98,211,113,v001
Y8XYL,571,733,162,v031
Y8XYL,0,348,348,v018
Y8XYL,244,372,128,v022
5LH8B,9,261,252,v019
5LH8B,4,759,755,v031
5LH8B,9,266,257,v019
MUZMD,436,847,411,v008
MUZMD,0,837,837,v031
MUZMD,2,338,336,v008
MUZMD,302,475,173,v016
MUZMD,528,908,380,v026
GI7JM,0,674,674,v008
GI7JM,0,674,674,v014
GI7JM,535,657,122,v016
EQ4GN,559,826,267,v023
EQ4GN,583,826,243,v030
EQ4GN,0,288,288,v005
EQ4GN,724,826,102,v008
EQ4GN,463,576,113,v016
EQ4GN,72,196,124,v005
EQ4GN,741,826,85,v026
EQ4GN,108,826,718,v008
EQ4GN,187,588,401,v004
EQ4GN,175,602,427,v016
EQ4GN,158,604,446,v005
EQ4GN,576,826,250,v026
O55V6,0,706,706,v008
O55V6,0,706,706,v009
O55V6,0,706,706,v019
O55V6,0,528,528,v026
O55V6,0,528,528,v026
9IY50,0,523,523,v018
9IY50,427,528,101,v023
9IY50,120,499,379,v019
9IY50,424,528,104,v022
9IY50,0,520,520,v018
9IY50,0,528,528,v008
9IY50,0,468,468,v032
9IY50,0,472,472,v031
J4U86,679,854,175,v005
J4U86,0,628,628,v016
J4U86,520,662,142,v009
VTIUW,268,379,111,v023
VTIUW,362,534,172,v024
VTIUW,444,534,90,v008
VTIUW,441,534,93,v023
VTIUW,0,534,534,v018
VTIUW,201,523,322,v008
VTIUW,0,534,534,v018
P8ZU6,0,506,506,v018
P8ZU6,475,729,254,v008
P8ZU6,247,441,194,v028
P8ZU6,417,631,214,v023
P8ZU6,384,554,170,v022
P8ZU6,206,412,206,v023
P8ZU6,256,408,152,v016
P8ZU6,566,729,163,v029
P8ZU6,235,513,278,v028
974PN,0,733,733,v031
974PN,0,201,201,v019
974PN,117,362,245,v009
974PN,0,733,733,v018
974PN,0,733,733,v031
974PN,0,733,733,v018
8GP10,0,631,631,v031
8GP10,180,420,240,v005
8GP10,0,295,295,v001
S38BY,355,472,117,v019
S38BY,0,726,726,v031
S38BY,0,638,638,v004
S38BY,0,726,726,v008
S38BY,115,726,611,v009
S38BY,0,156,156,v019
JYDCI,424,740,316,v000
JYDCI,0,740,740,v008
JYDCI,412,740,328,v000
JYDCI,0,708,708,v010
JYDCI,0,693,693,v021
PB0TU,0,201,201,v009
PB0TU,0,570,570,v018
PB0TU,0,570,570,v008
PB0TU,0,570,570,v019
AIT3V,273,697,424,v008
AIT3V,259,424,165,v023
AIT3V,230,484,254,v022
AIT3V,0,417,417,v010
AIT3V,530,693,163,v012
AIT3V,0,446,446,v018
AIT3V,564,697,133,v029
DJ6ZW,48,679,631,v031
DJ6ZW,316,537,221,v004
DJ6ZW,48,405,357,v015
DJ6ZW,52,182,130,v030
DJ6ZW,316,540,224,v008
DJ6ZW,271,412,141,v023
S6W5T,0,634,634,v008
S6W5T,412,634,222,v028
S6W5T,9,129,120,v019
S6W5T,33,163,130,v008
S6W5T,24,153,129,v014
6ERRL,208,398,190,v008
6ERRL,211,321,110,v012
6ERRL,259,372,113,v018
6ERRL,33,290,257,v026
6ERRL,254,379,125,v018
6ERRL,333,398,65,v001
6ERRL,211,319,108,v023
6ERRL,316,398,82,v032
6ERRL,52,165,113,v012
6WZ1K,0,297,297,v014
6WZ1K,352,743,391,v024
6WZ1K,398,516,118,v022
6WZ1K,201,743,542,v023
6WZ1K,496,645,149,v016
6WZ1K,494,643,149,v023
6WZ1K,0,504,504,v018
6WZ1K,513,638,125,v025
6WZ1K,0,427,427,v032
6WZ1K,237,743,506,v008
V2BCZ,417,659,242,v016
V2BCZ,400,659,259,v012
V2BCZ,0,225,225,v010
V2BCZ,2,182,180,v000
V2BCZ,81,295,214,v022
V2BCZ,180,659,479,v016
V2BCZ,182,477,295,v012
AXIW1,616,830,214,v028
AXIW1,0,705,705,v031
AXIW1,0,700,700,v032
AXIW1,0,899,899,v018
AXIW1,765,899,134,v008
AXIW1,789,899,110,v004
P2UBC,108,312,204,v003
P2UBC,199,631,432,v000
P2UBC,362,554,192,v022
P2UBC,259,703,444,v012
P2UBC,518,787,269,v023
P2UBC,396,643,247,v008
P2UBC,386,523,137,v023
P2UBC,136,328,192,v020
P2UBC,0,223,223,v010
P2UBC,396,799,403,v003
P2UBC,710,799,89,v007
P2UBC,144,376,232,v018
P2UBC,28,192,164,v019
P2UBC,691,799,108,v027
M0RUS,448,612,164,v029
M0RUS,0,540,540,v008
M0RUS,0,513,513,v014
E6P07,156,688,532,v019
E6P07,36,319,283,v031
E6P07,172,453,281,v009
E6P07,79,513,434,v019
E6P07,43,732,689,v008
3SNSC,278,436,158,v001
3SNSC,0,482,482,v008
3SNSC,0,124,124,v012
3SNSC,0,439,439,v031
3SNSC,384,566,182,v020
3SNSC,532,708,176,v005
3SNSC,355,525,170,v016
3SNSC,463,725,262,v008
UBUKL,14,218,204,v008
UBUKL,117,326,209,v023
UBUKL,153,369,216,v016
UBUKL,278,432,154,v016
UBUKL,264,398,134,v008
UBUKL,288,448,160,v016
UBUKL,110,288,178,v018
UBUKL,74,204,130,v022
UBUKL,16,127,111,v016
UBUKL,12,110,98,v023
MB1MR,369,720,351,v003
MB1MR,0,379,379,v010
MB1MR,172,432,260,v008
MB1MR,0,184,184,v000
MB1MR,194,340,146,v014
MB1MR,636,760,124,v022
BBYHD,482,609,127,v007
BBYHD,50,525,475,v005
BBYHD,50,525,475,v005
BBYHD,0,634,634,v008
BBYHD,559,634,75,v001
BBYHD,492,634,142,v012
BBYHD,530,634,104,v029
DVDU2,372,571,199,v025
DVDU2,434,676,242,v025
DVDU2,592,724,132,v005
DVDU2,105,724,619,v018
DVDU2,278,566,288,v008
DVDU2,513,703,190,v008
DVDU2,278,429,151,v023
DVDU2,499,657,158,v023
DVDU2,74,232,158,v023
DVDU2,0,777,777,v018
DVDU2,585,691,106,v016
RIV6I,0,297,297,v020
RIV6I,364,712,348,v010
WGUW8,295,657,362,v016
WGUW8,14,778,764,v031
WGUW8,2,372,370,v028
0VQCH,52,133,81,v019
0VQCH,0,133,133,v031
0VQCH,57,133,76,v009
0VQCH,26,133,107,v016
0VQCH,2,133,131,v025
KAKSU,0,96,96,v025
KAKSU,48,204,156,v027
KAKSU,220,391,171,v029
KAKSU,124,247,123,v027
AVSN8,148,609,461,v015
AVSN8,528,739,211,v002
AVSN8,151,590,439,v008
AVSN8,516,631,115,v016
AVSN8,144,276,132,v023
LTA22,146,470,324,v015
LTA22,0,172,172,v001
LTA22,0,172,172,v012
LTA22,410,556,146,v016
2ECXI,50,194,144,v010
2ECXI,136,316,180,v012
2ECXI,24,208,184,v008
2ECXI,21,220,199,v021
2ECXI,33,206,173,v008
2ECXI,4,136,132,v022
2ECXI,242,369,127,v008
2ECXI,240,357,117,v016
2ECXI,206,463,257,v031
2ECXI,364,506,142,v001
2ECXI,220,336,116,v023
2ECXI,415,530,115,v016
ZZ9RN,237,470,233,v020
ZZ9RN,0,199,199,v011
ZZ9RN,28,156,128,v016
ZZ9RN,295,441,146,v023
ZZ9RN,422,547,125,v029
ZZ9RN,0,156,156,v008
9IO0Y,388,583,195,v028
9IO0Y,480,636,156,v022
9IO0Y,156,424,268,v010
9IO0Y,112,254,142,v018
9IO0Y,600,865,265,v016
NVF2S,396,600,204,v005
NVF2S,511,712,201,v004
NVF2S,0,744,744,v018
NVF2S,343,477,134,v008
NVF2S,0,393,393,v014
NVF2S,451,561,110,v016
NVF2S,0,410,410,v019
NVF2S,0,744,744,v018
NVF2S,451,568,117,v016
NVF2S,321,436,115,v023
NVF2S,0,386,386,v032
NVF2S,324,552,228,v008
RPPCV,0,739,739,v008
RPPCV,0,247,247,v030
RPPCV,472,672,200,v020
RPPCV,655,739,84,v029
6N4BD,348,602,254,v012
6N4BD,511,631,120,v008
6N4BD,535,799,264,v005
6N4BD,40,432,392,v000
6N4BD,172,799,627,v018
L347E,679,811,132,v025
L347E,679,811,132,v016
L347E,0,648,648,v014
L347E,0,821,821,v008
V0XW3,492,611,119,v004
V0XW3,0,487,487,v014
V0XW3,0,611,611,v008
V0XW3,530,611,81,v016
DG33V,316,470,154,v001
DG33V,427,554,127,v016
DG33V,134,484,350,v023
DG33V,16,482,466,v012
DG33V,427,660,233,v016
0ZUMU,213,739,526,v031
0ZUMU,259,739,480,v006
RNCN8,436,626,190,v012
RNCN8,316,463,147,v023
RNCN8,0,338,338,v008
RNCN8,535,706,171,v010
RNCN8,218,336,118,v016
RNCN8,391,518,127,v016
RNCN8,0,388,388,v008
RNCN8,429,706,277,v018
RNCN8,482,706,224,v031
CCTIO,139,309,170,v028
CCTIO,225,396,171,v025
CCTIO,127,455,328,v010
CCTIO,98,213,115,v018
CCTIO,69,206,137,v018
CCTIO,237,376,139,v025
CCTIO,184,362,178,v008
GA4EI,120,362,242,v008
GA4EI,228,477,249,v023
GA4EI,494,645,151,v008
GA4EI,338,720,382,v022
GA4EI,571,844,273,v008
GA4EI,576,698,122,v016
GA4EI,321,520,199,v012
GA4EI,727,860,133,v016
GA4EI,0,285,285,v019
GA4EI,705,844,139,v027
WCY52,544,662,118,v025
WCY52,223,408,185,v002
WCY52,669,804,135,v029
WCY52,511,657,146,v016
WCY52,50,468,418,v002
WCY52,544,691,147,v025
WCY52,496,688,192,v026
WCY52,511,640,129,v008
YXQWH,559,724,165,v016
YXQWH,0,669,669,v008
YXQWH,559,727,168,v012
YXQWH,494,626,132,v016
YXQWH,494,626,132,v016
YXQWH,0,626,626,v008
YXQWH,494,626,132,v016
DUEEE,266,614,348,v014
DUEEE,0,730,730,v002
DUEEE,288,631,343,v008
DUEEE,0,384,384,v008
DUEEE,295,628,333,v023
DUEEE,288,621,333,v016
DUEEE,307,631,324,v013
BP94L,0,326,326,v026
BP94L,312,484,172,v008
BP94L,0,295,295,v026
BP94L,182,295,113,v020
BP94L,0,352,352,v008
TOYP5,0,612,612,v018
TOYP5,0,607,607,v004
TOYP5,0,597,597,v008
TOYP5,0,600,600,v008
TOYP5,537,660,123,v029
XXCS6,0,756,756,v031
XXCS6,0,756,756,v022
XXCS6,127,756,629,v008
XXCS6,403,756,353,v013
XXCS6,98,756,658,v014
4L6GZ,715,907,192,v026
4L6GZ,364,734,370,v012
4L6GZ,703,907,204,v026
4L6GZ,0,266,266,v026
4L6GZ,364,688,324,v031
4L6GZ,98,225,127,v016
4L6GZ,216,372,156,v023
4L6GZ,276,458,182,v016
VS2RI,141,360,219,v031
VS2RI,86,213,127,v022
VS2RI,0,196,196,v018
VS2RI,0,204,204,v031
VS2RI,0,206,206,v018
VS2RI,278,360,82,v017
VS2RI,273,360,87,v019
UN6O9,0,657,657,v002
UN6O9,0,489,489,v025
UN6O9,105,223,118,v025
UN6O9,180,307,127,v025
BLFEV,0,907,907,v018
BLFEV,816,929,113,v022
BLFEV,0,216,216,v014
BLFEV,686,861,175,v004
BLFEV,175,801,626,v008
BLFEV,487,698,211,v015
BLFEV,640,782,142,v005
BLFEV,0,237,237,v032
BLFEV,129,892,763,v008
BLFEV,134,912,778,v023
BLFEV,0,929,929,v018
CII5H,0,273,273,v008
CII5H,264,475,211,v016
CII5H,420,573,153,v001
CII5H,36,208,172,v012
CII5H,278,480,202,v016
CII5H,50,177,127,v012
CII5H,259,475,216,v016
CII5H,259,489,230,v016
CII5H,156,352,196,v026
CII5H,0,372,372,v008
CII5H,0,453,453,v008
CII5H,393,583,190,v001
CII5H,103,482,379,v026
TW2F4,439,755,316,v021
TW2F4,636,755,119,v018
TW2F4,638,755,117,v018
TW2F4,309,444,135,v008
TW2F4,91,391,300,v028
TW2F4,626,755,129,v018
OXEMQ,242,436,194,v025
OXEMQ,0,175,175,v028
OXEMQ,480,708,228,v003
OXEMQ,69,232,163,v003
OXEMQ,110,235,125,v016
OXEMQ,144,369,225,v023
OXEMQ,264,410,146,v008
OXEMQ,331,511,180,v016
OXEMQ,108,249,141,v008
OXEMQ,192,518,326,v023
OXEMQ,146,261,115,v016
LIP4U,0,316,316,v028
LIP4U,19,804,785,v009
LIP4U,595,703,108,v016
LIP4U,391,489,98,v008
LIP4U,451,571,120,v019
LIP4U,691,804,113,v023
2PRCP,290,458,168,v004
2PRCP,127,727,600,v008
2PRCP,134,727,593,v023
2PRCP,206,357,151,v019
2PRCP,134,345,211,v031
2PRCP,67,727,660,v008
KC863,643,789,146,v001
KC863,566,734,168,v012
KC863,684,843,159,v008
KC863,0,110,110,v008
KC863,0,326,326,v008
KC863,237,427,190,v016
S8PVE,124,705,581,v008
S8PVE,456,703,247,v019
S8PVE,0,715,715,v018
S8PVE,81,712,631,v016
S8PVE,0,715,715,v018
S8PVE,542,715,173,v016
S8PVE,360,523,163,v031
S8PVE,0,91,91,v023
BY6ZZ,393,632,239,v021
BY6ZZ,0,348,348,v005
BY6ZZ,0,369,369,v018
BY6ZZ,297,405,108,v022
BY6ZZ,372,632,260,v010
BY6ZZ,0,105,105,v008
BY6ZZ,43,256,213,v008
BY6ZZ,189,336,147,v016
BY6ZZ,189,336,147,v016
YS9RE,532,680,148,v013
YS9RE,88,480,392,v000
YS9RE,0,177,177,v010
YS9RE,458,585,127,v008
YS9RE,453,680,227,v014
LK3BW,0,110,110,v001
LK3BW,0,84,84,v012
LK3BW,160,295,135,v027
LK3BW,79,348,269,v031
LK3BW,0,76,76,v029
Y1KKI,0,284,284,v016
Y1KKI,0,284,284,v016
Y1KKI,0,284,284,v012
Y1KKI,0,284,284,v026
Y1KKI,0,284,284,v012
Y1KKI,0,284,284,v008
Y1KKI,0,284,284,v004
NZCG8,537,736,199,v001
NZCG8,0,662,662,v014
NZCG8,0,729,729,v032
C9FMC,110,292,182,v001
C9FMC,0,225,225,v016
C9FMC,590,906,316,v008
C9FMC,513,705,192,v001
C9FMC,12,160,148,v012
C9FMC,0,108,108,v016
C9FMC,667,895,228,v015
C9FMC,667,895,228,v016
T35WB,0,96,96,v018
T35WB,393,564,171,v009
T35WB,396,748,352,v019
T35WB,0,748,748,v018
7QEQN,0,100,100,v006
ZXTY5,249,733,484,v007
ZXTY5,285,733,448,v001
ZXTY5,640,733,93,v012
75RPN,304,514,210,v008
75RPN,38,304,266,v023
75RPN,16,139,123,v029
75RPN,244,403,159,v023
75RPN,91,514,423,v008
75RPN,328,514,186,v019
XBRO4,0,585,585,v032
XBRO4,592,722,130,v017
XBRO4,0,585,585,v032
XBRO4,0,585,585,v018
XBRO4,496,624,128,v022
XBRO4,614,734,120,v029
XBRO4,0,592,592,v018
XBRO4,535,660,125,v023
FM6KD,710,866,156,v008
FM6KD,751,1020,269,v016
FM6KD,93,249,156,v019
FM6KD,74,256,182,v009
FM6KD,1039,1221,182,v026
FM6KD,648,866,218,v012
FM6KD,0,146,146,v012
FM6KD,50,628,578,v031
FM6KD,672,799,127,v023
FM6KD,196,328,132,v019
FM6KD,532,664,132,v001
FFBK3,72,799,727,v008
FFBK3,4,799,795,v008
FFBK3,535,698,163,v016
FFBK3,79,456,377,v006
TVDWJ,211,541,330,v004
TVDWJ,208,357,149,v023
TVDWJ,175,362,187,v018
TVDWJ,60,232,172,v016
TVDWJ,57,225,168,v023
TVDWJ,232,541,309,v008
TVDWJ,211,541,330,v018
TVDWJ,24,134,110,v016
TVDWJ,216,541,325,v018
7FTZR,388,576,188,v023
7FTZR,0,830,830,v031
7FTZR,374,830,456,v008
7FTZR,0,830,830,v019
7FTZR,0,830,830,v008
PVN01,422,544,122,v007
PVN01,0,357,357,v008
PVN01,278,458,180,v008
ED6VQ,204,420,216,v008
ED6VQ,163,312,149,v016
ED6VQ,0,249,249,v004
ED6VQ,228,523,295,v005
ED6VQ,0,586,586,v018
ED6VQ,165,276,111,v016
ED6VQ,0,586,586,v018
MEZVN,0,158,158,v012
MEZVN,0,709,709,v008
MEZVN,33,268,235,v020
MEZVN,48,228,180,v029
0WHOH,554,708,154,v029
0WHOH,184,583,399,v008
0WHOH,0,264,264,v028
55OAL,180,492,312,v008
55OAL,184,400,216,v023
55OAL,211,360,149,v012
55OAL,201,309,108,v012
55OAL,288,403,115,v001
55OAL,271,388,117,v001
SHZ84,0,746,746,v008
SHZ84,0,170,170,v023
67EEN,12,187,175,v018
67EEN,307,448,141,v022
67EEN,55,439,384,v018
VX82P,0,769,769,v008
VX82P,72,228,156,v016
VX82P,110,769,659,v008
VX82P,36,276,240,v016
VX82P,175,475,300,v020
VX82P,367,769,402,v009
VX82P,124,237,113,v023
VX82P,355,628,273,v019
64F1C,542,664,122,v025
64F1C,0,348,348,v026
64F1C,535,657,122,v025
64F1C,0,721,721,v026
64F1C,540,679,139,v025
64F1C,388,592,204,v026
64F1C,288,721,433,v026
64F1C,124,290,166,v023
64F1C,0,211,211,v023
7UU9S,0,254,254,v008
7UU9S,0,117,117,v013
7UU9S,0,254,254,v006
7UU9S,0,254,254,v022
MA1ON,0,62,62,v017
MA1ON,24,104,80,v029
MA1ON,24,104,80,v010
QQM8M,0,64,64,v007
QQM8M,0,64,64,v008
QQM8M,0,64,64,v024
QQM8M,0,64,64,v012
QQM8M,0,64,64,v029
QQM8M,0,64,64,v008
CMI7U,350,511,161,v016
CMI7U,288,422,134,v016
CMI7U,7,163,156,v022
CMI7U,172,295,123,v012
CMI7U,669,849,180,v029
CMI7U,0,124,124,v018
CMI7U,240,506,266,v016
TM0RL,271,439,168,v004
TM0RL,31,643,612,v008
TM0RL,547,693,146,v016
LPR6Z,674,792,118,v027
LPR6Z,0,746,746,v003
LPR6Z,0,799,799,v016
1YBKW,0,228,228,v019
1YBKW,247,528,281,v027
1YBKW,0,184,184,v019
1YBKW,439,693,254,v003
1YBKW,158,266,108,v031
1YBKW,218,530,312,v031
1YBKW,0,254,254,v008
LF49A,232,633,401,v008
LF49A,230,393,163,v012
LF49A,223,345,122,v025
LF49A,0,319,319,v008
V3B51,0,153,153,v031
V3B51,28,211,183,v027
V3B51,0,290,290,v008
V3B51,194,302,108,v025
V3B51,194,302,108,v016
3NOML,273,422,149,v016
3NOML,379,729,350,v028
3NOML,0,117,117,v029
3NOML,604,729,125,v016
3NOML,62,204,142,v007
3NOML,0,88,88,v012
3NOML,547,696,149,v008
3NOML,55,201,146,v001
3NOML,0,429,429,v008
3NOML,386,729,343,v016
IHGNV,0,199,199,v008
IHGNV,105,436,331,v012
IHGNV,420,716,296,v025
IHGNV,420,716,296,v016
IHGNV,391,537,146,v023
IHGNV,266,520,254,v008
IHGNV,420,588,168,v025
IHGNV,499,716,217,v025
00YZL,16,626,610,v005
00YZL,228,797,569,v004
00YZL,52,741,689,v005
00YZL,609,797,188,v012
00YZL,717,797,80,v001
00YZL,16,746,730,v008
00YZL,64,729,665,v008
2LMQF,225,362,137,v016
2LMQF,225,362,137,v016
2LMQF,0,316,316,v005
2LMQF,0,278,278,v005
2LMQF,415,556,141,v023
2LMQF,0,691,691,v018
2LMQF,290,691,401,v008
2LMQF,249,362,113,v016
2LMQF,0,336,336,v008
2LMQF,331,549,218,v015
2LMQF,0,691,691,v018
2LMQF,460,588,128,v016
2LMQF,453,652,199,v023
47I6H,288,429,141,v027
47I6H,52,252,200,v028
47I6H,153,379,226,v001
9PP4V,266,415,149,v018
9PP4V,271,384,113,v023
9PP4V,333,748,415,v014
9PP4V,307,748,441,v008
A6GZT,0,677,677,v023
A6GZT,0,677,677,v018
A6GZT,381,624,243,v023
A6GZT,69,677,608,v005
A6GZT,0,677,677,v018
A6GZT,0,677,677,v008
A6GZT,0,677,677,v008
KJ8G2,362,477,115,v008
KJ8G2,340,477,137,v016
KJ8G2,124,249,125,v016
KJ8G2,0,247,247,v008
KJ8G2,345,720,375,v023
KJ8G2,352,720,368,v026
DM2HW,326,502,176,v027
DM2HW,132,420,288,v027
DM2HW,240,429,189,v023
34DKM,703,1130,427,v008
34DKM,698,1130,432,v023
34DKM,0,667,667,v026
34DKM,115,235,120,v023
34DKM,127,458,331,v008
34DKM,463,590,127,v016
6BI70,26,254,228,v007
6BI70,69,273,204,v012
6BI70,201,754,553,v031
6BI70,333,720,387,v003
6BI70,105,244,139,v029
6BI70,408,508,100,v006
6BI70,182,326,144,v026
2WW04,0,117,117,v008
N5895,0,596,596,v008
N5895,86,596,510,v008
N5895,81,196,115,v023
N5895,112,596,484,v014
5776I,132,324,192,v008
5776I,230,400,170,v016
5776I,0,86,86,v031
5776I,0,158,158,v018
5776I,199,400,201,v016
5776I,288,400,112,v025
5776I,288,400,112,v025
5776I,79,208,129,v029
DMI87,146,736,590,v008
DMI87,81,249,168,v008
DMI87,2,228,226,v026
DMI87,434,614,180,v019
DMI87,0,276,276,v030
DMI87,112,736,624,v018
DMI87,36,172,136,v023
DMI87,124,736,612,v014
DMI87,324,530,206,v016
NSUHV,0,535,535,v031
NSUHV,158,506,348,v008
NSUHV,144,506,362,v008
NSUHV,204,367,163,v023
NSUHV,321,472,151,v016
NSUHV,216,376,160,v023
NSUHV,0,535,535,v008
NSUHV,297,427,130,v016
6VMGZ,0,511,511,v018
6VMGZ,0,675,675,v031
6VMGZ,0,518,518,v026
6VMGZ,168,508,340,v008
BPDTY,163,472,309,v008
BPDTY,266,448,182,v012
BPDTY,232,472,240,v019
BPDTY,158,444,286,v023
TWLUH,0,163,163,v012
TWLUH,38,694,656,v018
TWLUH,55,660,605,v004
TWLUH,0,165,165,v018
TWLUH,0,165,165,v008
MFSGO,103,539,436,v008
MFSGO,240,460,220,v001
MFSGO,237,422,185,v012
MFSGO,74,196,122,v023
M0QER,0,1128,1128,v008
M0QER,12,1082,1070,v031
M0QER,0,1060,1060,v018
M0QER,0,86,86,v018
M0QER,933,1068,135,v022
M0QER,1010,1142,132,v016
M0QER,0,1089,1089,v012
M0QER,897,1149,252,v001
M0QER,1219,1329,110,v026
M0QER,1010,1135,125,v016
M0QER,1084,1499,415,v026
RQJWI,0,667,667,v016
RQJWI,0,739,739,v005
RQJWI,0,739,739,v018
RQJWI,0,88,88,v016
RQJWI,100,252,152,v023
RQJWI,0,280,280,v008
RQJWI,0,739,739,v026
RQJWI,0,739,739,v030
RQJWI,0,739,739,v005
RQJWI,0,739,739,v008
RQJWI,0,739,739,v018
RQJWI,0,739,739,v008
7S3KW,0,736,736,v008
7S3KW,643,736,93,v001
7S3KW,0,103,103,v012
7S3KW,0,736,736,v026
7S3KW,0,736,736,v026
7S3KW,0,736,736,v018
7S3KW,69,736,667,v014
USXHZ,0,448,448,v008
USXHZ,0,448,448,v008
USXHZ,96,408,312,v029
AQ3CP,513,744,231,v028
AQ3CP,621,776,155,v008
AQ3CP,0,79,79,v018
AQ3CP,0,441,441,v003
3LLSZ,0,528,528,v008
3LLSZ,0,528,528,v031
3LLSZ,446,703,257,v029
5AHQV,2,115,113,v027
5AHQV,0,211,211,v008
5AHQV,151,350,199,v025
5AHQV,453,597,144,v012
5AHQV,31,158,127,v007
5AHQV,206,360,154,v025
5AHQV,0,151,151,v029
UJXLL,158,321,163,v025
UJXLL,105,345,240,v008
UJXLL,201,388,187,v016
UJXLL,48,386,338,v023
UJXLL,158,619,461,v025
30LGT,93,314,221,v008
30LGT,144,369,225,v008
30LGT,249,422,173,v008
30LGT,343,700,357,v022
30LGT,0,432,432,v018
30LGT,487,607,120,v001
30LGT,0,326,326,v031
4VODV,717,845,128,v005
4VODV,0,374,374,v000
4VODV,0,247,247,v010
4VODV,662,820,158,v023
4VODV,595,724,129,v008
4VODV,684,818,134,v023
4VODV,624,729,105,v025
4VODV,712,845,133,v008
4VODV,619,780,161,v012
4VODV,508,698,190,v028
74Q66,0,600,600,v008
74Q66,288,441,153,v004
74Q66,0,600,600,v008
74Q66,0,600,600,v008
74Q66,0,600,600,v026
SCCZG,0,456,456,v008
SCCZG,96,477,381,v008
SCCZG,415,736,321,v031
TKWJB,338,564,226,v008
TKWJB,530,753,223,v005
TKWJB,338,564,226,v008
TKWJB,530,753,223,v005
TKWJB,328,448,120,v023
TKWJB,434,556,122,v016
O1ILB,261,376,115,v001
O1ILB,213,408,195,v008
O1ILB,268,427,159,v023
O1ILB,297,432,135,v017
IXISD,309,448,139,v016
IXISD,93,314,221,v009
IXISD,86,441,355,v009
IXISD,196,324,128,v028
IXISD,0,727,727,v018
IXISD,0,727,727,v031
IXISD,256,374,118,v016
0RROG,0,254,254,v006
0RROG,357,453,96,v008
3LLDC,0,129,129,v008
3LLDC,0,134,134,v016
3LLDC,0,153,153,v008
3LLDC,36,163,127,v016
3LLDC,0,96,96,v017
3LLDC,0,174,174,v016
5HWX0,384,737,353,v008
5HWX0,424,729,305,v020
5HWX0,0,737,737,v018
5HWX0,0,737,737,v031
X00I8,0,704,704,v018
X00I8,0,704,704,v008
X00I8,0,704,704,v031
X00I8,0,704,704,v008
X00I8,0,704,704,v008
X00I8,88,288,200,v004
X00I8,0,84,84,v029
ZBBP9,0,708,708,v008
ZBBP9,2,708,706,v020
ZBBP9,0,708,708,v026
U2FA5,369,721,352,v008
U2FA5,364,540,176,v023
U2FA5,434,721,287,v014
U2FA5,276,446,170,v022
U2FA5,0,388,388,v030
U2FA5,285,403,118,v025
U2FA5,415,721,306,v012
U2FA5,422,721,299,v031
U2FA5,333,504,171,v018
U2FA5,393,518,125,v018
U2FA5,240,388,148,v025
XJH5D,0,400,400,v014
XJH5D,396,588,192,v023
XJH5D,0,391,391,v008
XJH5D,566,728,162,v016
XJH5D,619,728,109,v016
XJH5D,386,728,342,v026
XJH5D,386,728,342,v026
XJH5D,604,728,124,v025
XJH5D,381,724,343,v008
XJH5D,218,338,120,v020
N7ZBM,0,732,732,v008
N7ZBM,146,312,166,v008
N7ZBM,211,326,115,v025
N7ZBM,540,732,192,v026
N7ZBM,180,297,117,v022
N7ZBM,0,732,732,v008
U6XPZ,0,596,596,v008
U6XPZ,218,596,378,v031
U6XPZ,0,254,254,v004
U6XPZ,0,218,218,v008
U6XPZ,24,180,156,v016
U6XPZ,247,596,349,v023
2ZTNY,218,627,409,v031
2ZTNY,216,627,411,v010
2ZTNY,0,218,218,v016
2ZTNY,0,271,271,v018
2ZTNY,554,627,73,v001
2ZTNY,91,627,536,v008
2ZTNY,228,627,399,v012
TF6P8,115,336,221,v016
TF6P8,319,465,146,v023
TF6P8,84,600,516,v012
TF6P8,504,624,120,v001
YUOQW,0,799,799,v009
YUOQW,12,494,482,v019
YUOQW,0,799,799,v008
YUOQW,398,799,401,v009
YUOQW,57,278,221,v008
YUOQW,688,799,111,v008
YUOQW,117,297,180,v008
YUOQW,108,796,688,v031
4ETXZ,388,637,249,v008
4ETXZ,244,369,125,v027
4ETXZ,324,480,156,v023
9GA3H,0,743,743,v026