FYDYO,405,699,294,v008
FYDYO,249,453,204,v020
FYDYO,0,699,699,v018
FYDYO,412,699,287,v019
FYDYO,381,699,318,v016
FYDYO,360,699,339,v023
FYDYO,379,699,320,v014
KHWI5,273,439,166,v008
KHWI5,549,641,92,v016
KHWI5,240,360,120,v023
KHWI5,357,607,250,v024
KHWI5,151,331,180,v000
KHWI5,0,264,264,v010
KHWI5,237,641,404,v018
KHWI5,256,641,385,v014
PC0M6,21,235,214,v023
PC0M6,31,158,127,v016
PC0M6,31,158,127,v016
PC0M6,240,393,153,v001
PC0M6,206,336,130,v012
85ABO,0,108,108,v016
85ABO,7,105,98,v025
85ABO,50,612,562,v010
85ABO,194,612,418,v008
85ABO,228,612,384,v031
Z2A7Q,412,530,118,v016
Z2A7Q,124,340,216,v026
Z2A7Q,124,340,216,v025
Z2A7Q,0,218,218,v017
Z2A7Q,136,254,118,v023
Z2A7Q,79,196,117,v014
8SA46,144,837,693,v018
8SA46,158,837,679,v016
8SA46,160,837,677,v016
8SA46,160,837,677,v018
8SA46,0,93,93,v001
8SA46,40,160,120,v029
8SA46,182,837,655,v023
BQ07S,405,964,559,v014
BQ07S,0,367,367,v015
BQ07S,338,501,163,v018
BQ07S,338,964,626,v008
BQ07S,854,964,110,v022
KPNJ5,396,516,120,v014
KPNJ5,153,292,139,v016
KPNJ5,300,422,122,v029
KPNJ5,456,612,156,v016
KPNJ5,290,683,393,v008
KPNJ5,0,683,683,v026
70S6Y,124,319,195,v005
70S6Y,124,369,245,v008
70S6Y,232,379,147,v016
70S6Y,314,475,161,v027
70S6Y,0,304,304,v017
70S6Y,120,338,218,v005
70S6Y,100,362,262,v008
70S6Y,213,355,142,v016
70S6Y,100,376,276,v023
N30A9,0,811,811,v008
N30A9,24,650,626,v030
N30A9,0,626,626,v030
DTJS6,0,376,376,v008
DTJS6,691,859,168,v017
DTJS6,434,607,173,v031
DTJS6,384,902,518,v008
DTJS6,384,902,518,v008
DTJS6,115,386,271,v016
DTJS6,336,472,136,v023
107YZ,0,576,576,v010
107YZ,621,723,102,v008
107YZ,158,333,175,v021
107YZ,0,384,384,v000
107YZ,288,463,175,v008
107YZ,592,723,131,v023
107YZ,0,489,489,v000
107YZ,72,247,175,v008
U6QKX,204,333,129,v023
U6QKX,192,340,148,v016
U6QKX,196,344,148,v016
U6QKX,165,344,179,v008
U6QKX,0,160,160,v030
U6QKX,0,72,72,v023
U6QKX,0,165,165,v008
U6QKX,0,307,307,v026
MUK89,506,645,139,v027
MUK89,451,738,287,v029
MUK89,424,540,116,v030
41FNM,96,252,156,v003
41FNM,88,247,159,v016
41FNM,367,700,333,v012
41FNM,0,369,369,v008
DHVLP,216,796,580,v008
DHVLP,0,1511,1511,v008
DHVLP,1320,1511,191,v029
LK13H,0,436,436,v031
LK13H,360,552,192,v023
LK13H,422,742,320,v008
5K0KJ,432,709,277,v008
5K0KJ,432,607,175,v023
5K0KJ,336,709,373,v014
5K0KJ,16,232,216,v030
U72GG,398,628,230,v023
U72GG,304,489,185,v016
U72GG,45,460,415,v030
2U0QT,240,439,199,v004
2U0QT,148,285,137,v023
2U0QT,55,172,117,v012
2U0QT,55,172,117,v012
2U0QT,148,740,592,v008
2U0QT,489,602,113,v001
2U0QT,489,602,113,v001
2U0QT,280,410,130,v031
PFLFU,0,731,731,v014
PFLFU,0,731,731,v032
PFLFU,343,731,388,v031
PFLFU,0,731,731,v018
72HTA,24,300,276,v028
72HTA,115,278,163,v030
72HTA,216,619,403,v028
72HTA,362,535,173,v016
72HTA,180,350,170,v026
72HTA,182,340,158,v026
72HTA,0,264,264,v023
72HTA,345,487,142,v025
72HTA,2,722,720,v026
72HTA,165,492,327,v026
72HTA,165,492,327,v023
72HTA,14,492,478,v008
I77FD,216,480,264,v016
I77FD,31,499,468,v030
I77FD,0,711,711,v016
I77FD,9,711,702,v008
I77FD,0,711,711,v032
I77FD,91,711,620,v026
I77FD,136,268,132,v023
I77FD,0,711,711,v030
8370R,0,758,758,v008
8370R,0,549,549,v010
8370R,0,441,441,v010
8370R,460,758,298,v018
PD30D,0,851,851,v008
PD30D,0,724,724,v030
YQ9ML,604,751,147,v008
YQ9ML,211,415,204,v006
YQ9ML,324,492,168,v004
YQ9ML,0,103,103,v029
YQ9ML,604,751,147,v014
CLVGY,367,492,125,v020
CLVGY,40,153,113,v030
CLVGY,244,350,106,v019
KZTDH,489,614,125,v023
KZTDH,304,516,212,v016
KZTDH,19,290,271,v030
KZTDH,501,627,126,v029
KZTDH,415,544,129,v016
KZTDH,290,547,257,v008
KZTDH,499,627,128,v008
KZTDH,0,290,290,v031
I5F23,136,767,631,v016
I5F23,139,278,139,v023
I5F23,561,767,206,v022
I5F23,151,271,120,v016
I5F23,213,331,118,v016
I5F23,144,254,110,v023
I5F23,204,328,124,v023
I5F23,144,271,127,v008
I5F23,213,338,125,v008
I5F23,62,232,170,v012
I5F23,146,261,115,v023
I5F23,204,328,124,v023
I5F23,4,124,120,v027
I5F23,67,220,153,v012
I5F23,136,278,142,v016
I5F23,196,367,171,v016
I5F23,273,451,178,v016
I5F23,60,196,136,v007
I5F23,710,767,57,v008
WLKEF,0,450,450,v009
WLKEF,0,450,450,v022
WLKEF,0,450,450,v008
WLKEF,0,450,450,v008
WLKEF,0,450,450,v009
WLKEF,0,450,450,v031
ZURT8,254,570,316,v021
ZURT8,0,570,570,v008
ZURT8,0,280,280,v013
ZURT8,0,570,570,v008
F99PM,0,738,738,v018
F99PM,465,612,147,v022
F99PM,602,729,127,v012
F99PM,537,738,201,v001
F99PM,98,384,286,v019
F99PM,33,542,509,v018
IN2RL,789,916,127,v025
IN2RL,0,873,873,v031
IN2RL,172,868,696,v014
IN2RL,818,916,98,v025
IN2RL,772,876,104,v016
IN2RL,144,876,732,v008
IN2RL,0,916,916,v018
2P273,74,537,463,v007
2P273,0,784,784,v008
2P273,74,537,463,v001
2P273,160,424,264,v029
2P273,0,72,72,v008
2P273,484,631,147,v019
QLQNJ,343,604,261,v004
QLQNJ,266,723,457,v008
QLQNJ,225,376,151,v017
QLQNJ,285,470,185,v018
QLQNJ,343,723,380,v018
QLQNJ,343,723,380,v018
GBDJX,122,307,185,v023
GBDJX,211,355,144,v001
GBDJX,0,117,117,v012
GBDJX,372,543,171,v005
GBDJX,316,472,156,v023
GBDJX,254,374,120,v012
GBDJX,0,112,112,v012
GBDJX,134,292,158,v023
GBDJX,194,543,349,v008
GBDJX,184,543,359,v008
GBDJX,225,355,130,v001
CG7FL,273,441,168,v025
CG7FL,254,436,182,v008
CG7FL,0,388,388,v008
CG7FL,0,386,386,v026
CG7FL,206,345,139,v023
CG7FL,254,447,193,v025
CG7FL,0,345,345,v026
CG7FL,280,429,149,v025
VXM6A,343,484,141,v001
VXM6A,0,336,336,v026
VXM6A,312,444,132,v016
VXM6A,261,379,118,v008
VXM6A,172,288,116,v018
VXM6A,432,592,160,v022
VXM6A,484,662,178,v008
VXM6A,405,573,168,v016
VXM6A,43,182,139,v023
VXM6A,297,465,168,v023
VXM6A,314,472,158,v016
VXM6A,235,393,158,v008
VXM6A,177,492,315,v026
VXM6A,0,120,120,v016
VXM6A,0,662,662,v026
5AR9B,81,426,345,v026
5AR9B,0,141,141,v004
5AR9B,0,170,170,v008
5AR9B,0,426,426,v018
5AR9B,0,175,175,v008
5AR9B,88,426,338,v026
5AR9B,57,175,118,v016
9UNLE,0,501,501,v031
9UNLE,638,777,139,v004
9UNLE,0,506,506,v019
9UNLE,729,777,48,v012
9OEWM,0,223,223,v004
9OEWM,288,412,124,v027
9OEWM,160,398,238,v017
9OEWM,117,240,123,v022
9OEWM,0,232,232,v018
9OEWM,0,240,240,v018
9OEWM,333,441,108,v027
9OEWM,376,487,111,v027
N9VOV,134,652,518,v008
N9VOV,139,554,415,v015
N9VOV,499,660,161,v016
N9VOV,98,235,137,v023
N9VOV,456,583,127,v016
N9VOV,516,640,124,v016
OXKR5,74,613,539,v008
OXKR5,96,307,211,v012
OXKR5,177,613,436,v031
OXKR5,0,613,613,v002
OXKR5,64,192,128,v023
RSLIM,0,735,735,v008
WDCGH,120,278,158,v001
WDCGH,81,268,187,v008
WDCGH,0,69,69,v012
WDCGH,0,91,91,v031
WDCGH,223,735,512,v031
WDCGH,0,735,735,v018
WDCGH,0,735,735,v018
WDCGH,0,276,276,v032
WDCGH,0,278,278,v019
8JTF4,0,666,666,v008
8JTF4,0,666,666,v019
8JTF4,0,666,666,v008
AERV9,33,873,840,v018
AERV9,84,897,813,v031
AERV9,247,717,470,v004
AERV9,271,756,485,v008
AERV9,19,199,180,v018
AERV9,772,940,168,v022
AERV9,98,883,785,v018
4CV3F,96,668,572,v003
4CV3F,0,201,201,v008
4CV3F,86,668,582,v018
4CV3F,0,67,67,v008
4CV3F,0,88,88,v016
4CV3F,31,182,151,v016
4CV3F,64,235,171,v018
4CV3F,88,668,580,v016
4CV3F,170,668,498,v003
I713Z,81,276,195,v016
I713Z,180,403,223,v008
I713Z,309,489,180,v008
I713Z,386,549,163,v022
I713Z,585,723,138,v012
I713Z,0,228,228,v018
I713Z,465,592,127,v012
JUNX2,0,372,372,v008
JUNX2,0,372,372,v014
EJFBM,213,362,149,v004
EJFBM,115,605,490,v031
EJFBM,9,605,596,v008
EJFBM,216,554,338,v004
EJFBM,40,187,147,v018
EJFBM,60,544,484,v018
EJFBM,427,578,151,v022
EJFBM,0,605,605,v008
IB987,0,746,746,v010
IB987,0,616,616,v008
IB987,376,626,250,v025
FWQYI,16,496,480,v026
FWQYI,26,427,401,v030
FWQYI,386,936,550,v016
FWQYI,458,609,151,v026
FWQYI,0,496,496,v016
FWQYI,0,496,496,v008
FWQYI,720,936,216,v026
F2EA8,240,477,237,v004
F2EA8,50,264,214,v015
F2EA8,141,352,211,v016
F2EA8,393,624,231,v022
F2EA8,0,568,568,v018
F2EA8,0,206,206,v008
F2EA8,237,463,226,v023
F2EA8,98,482,384,v018
F2EA8,446,672,226,v015
F2EA8,432,568,136,v016
DGSBQ,0,648,648,v016
DGSBQ,0,648,648,v026
DGSBQ,0,648,648,v016
DGSBQ,583,724,141,v001
DGSBQ,120,326,206,v008
DGSBQ,237,388,151,v008
DGSBQ,556,667,111,v027
DGSBQ,48,158,110,v027
DGSBQ,7,139,132,v029
DGSBQ,194,480,286,v016
DGSBQ,578,733,155,v001
SFWBN,108,242,134,v018
SFWBN,264,745,481,v031
SFWBN,0,127,127,v003
SFWBN,60,177,117,v023
SFWBN,132,259,127,v016
SFWBN,180,372,192,v014
SFWBN,105,235,130,v018
SFWBN,14,127,113,v025
3BH39,0,452,452,v018
3BH39,0,163,163,v012
3BH39,64,452,388,v014
Q7RK6,182,321,139,v016
Q7RK6,230,573,343,v031
Q7RK6,0,132,132,v028
Q7RK6,52,199,147,v025
Q7RK6,232,379,147,v006
5U1IT,168,225,57,v020
H5RDP,0,793,793,v010
H5RDP,0,793,793,v018
H5RDP,0,793,793,v010
H5RDP,0,793,793,v018
H5RDP,0,793,793,v008
H5RDP,0,793,793,v021
Z1LVD,230,427,197,v001
Z1LVD,26,223,197,v012
Z1LVD,127,290,163,v031
Z1LVD,410,531,121,v023
AM4QC,103,254,151,v001
AM4QC,252,582,330,v032
AM4QC,93,333,240,v008
AM4QC,199,340,141,v016
AM4QC,7,242,235,v012
AM4QC,108,348,240,v008
AM4QC,12,396,384,v023
AM4QC,9,403,394,v016
AM4QC,0,144,144,v012
AM4QC,86,254,168,v001
AM4QC,88,348,260,v023
QTRIN,0,738,738,v008
QTRIN,602,738,136,v012
QTRIN,0,738,738,v008
WQWT0,117,405,288,v016
WQWT0,0,122,122,v012
WQWT0,21,405,384,v023
WQWT0,321,765,444,v023
WQWT0,739,869,130,v022
WQWT0,333,760,427,v005
WQWT0,264,400,136,v018
WQWT0,26,408,382,v008
WQWT0,338,679,341,v008
WQWT0,352,600,248,v005
WQWT0,74,343,269,v026
WQWT0,247,405,158,v016
WQWT0,247,405,158,v016
WQWT0,256,396,140,v018
WQWT0,256,396,140,v018
WQWT0,247,405,158,v016
WQWT0,360,792,432,v032
R6XU9,187,737,550,v008
R6XU9,201,737,536,v019
R6XU9,201,737,536,v009
R6XU9,201,737,536,v019
R6XU9,0,288,288,v003
R6XU9,213,737,524,v031
R6XU9,0,737,737,v018
6XT4W,309,578,269,v008
6XT4W,484,650,166,v016
6XT4W,283,393,110,v023
6XT4W,314,597,283,v031
YGYU5,0,592,592,v008
YGYU5,456,566,110,v022
YGYU5,115,552,437,v018
YGYU5,141,504,363,v004
YGYU5,0,79,79,v018
YGYU5,523,877,354,v026
PUY9Q,48,168,120,v012
PUY9Q,302,465,163,v016
PUY9Q,379,508,129,v001
PUY9Q,115,472,357,v016
PUY9Q,19,562,543,v008
PUY9Q,139,444,305,v016
00X3U,0,117,117,v029
00X3U,232,369,137,v023
00X3U,357,492,135,v001
00X3U,410,507,97,v017
00X3U,103,204,101,v019
00X3U,244,507,263,v008
CPFLM,194,530,336,v016
CPFLM,0,530,530,v008
CPFLM,0,237,237,v020
CPFLM,218,530,312,v023
CPFLM,43,156,113,v021
CPFLM,184,343,159,v025
CPFLM,247,412,165,v025
CPFLM,199,324,125,v008
CPFLM,259,386,127,v008
GX4B1,321,528,207,v025
GX4B1,261,393,132,v025
OSVF7,436,785,349,v004
OSVF7,67,785,718,v029
OSVF7,307,785,478,v008
9S0NZ,0,590,590,v031
9S0NZ,0,590,590,v008
9S0NZ,0,590,590,v013
9S0NZ,0,633,633,v014
Z2UX3,0,664,664,v019
Z2UX3,0,664,664,v009
Z2UX3,0,664,664,v031
S29H6,300,583,283,v012
S29H6,463,640,177,v029
S29H6,0,244,244,v008
S29H6,0,220,220,v031
S29H6,81,266,185,v022
S29H6,153,357,204,v016
7JTEK,448,612,164,v016
7JTEK,439,595,156,v009
7JTEK,0,848,848,v005
7JTEK,372,585,213,v008
7JTEK,0,848,848,v005
7JTEK,0,848,848,v002
7JTEK,172,429,257,v019
7JTEK,0,848,848,v008
7JTEK,0,848,848,v008
7JTEK,432,848,416,v023
7JTEK,0,848,848,v008
7JTEK,753,848,95,v016
7JTEK,0,124,124,v023
7JTEK,12,148,136,v016
T9ZNR,62,271,209,v023
T9ZNR,175,369,194,v020
6LR93,242,715,473,v008
6LR93,242,715,473,v030
6LR93,252,715,463,v030
6LR93,0,357,357,v016
6LR93,261,484,223,v023
6LR93,280,715,435,v008
6LR93,0,225,225,v026
6LR93,523,638,115,v016
6LR93,242,355,113,v023
6LR93,0,309,309,v026
CVK5Z,175,355,180,v012
CVK5Z,321,542,221,v023
CVK5Z,530,792,262,v016
CVK5Z,0,206,206,v018
CVK5Z,0,136,136,v022
CVK5Z,304,643,339,v028
CVK5Z,48,530,482,v018
CVK5Z,288,468,180,v016
CVK5Z,141,400,259,v008
CVK5Z,146,408,262,v023
CVK5Z,436,809,373,v028
CVK5Z,436,809,373,v031
CVK5Z,163,283,120,v023
CVK5Z,640,780,140,v025
CVK5Z,146,456,310,v023
4SW5W,0,738,738,v007
4SW5W,0,738,738,v005
4SW5W,0,738,738,v031
4SW5W,0,738,738,v008
5LFGO,0,374,374,v006
5LFGO,652,881,229,v008
5LFGO,410,585,175,v003
5LFGO,552,760,208,v026
5LFGO,516,881,365,v023
5LFGO,542,881,339,v023
5LFGO,273,432,159,v023
58JKZ,0,364,364,v031
58JKZ,0,551,551,v018
58JKZ,0,551,551,v018
ME7RO,0,211,211,v008
ME7RO,0,211,211,v008
ME7RO,50,211,161,v019
ME7RO,52,211,159,v013
ME7RO,0,211,211,v008
ME7RO,0,211,211,v010
1MZJF,405,578,173,v018
1MZJF,403,547,144,v018
1MZJF,264,427,163,v022
1MZJF,50,388,338,v028
1MZJF,0,424,424,v018
1MZJF,333,468,135,v029
1MZJF,496,578,82,v031
662ZU,151,847,696,v006
DEXMO,458,600,142,v023
DEXMO,172,520,348,v026
DEXMO,403,745,342,v008
4MPPQ,0,932,932,v006
4MPPQ,0,932,932,v018
4MPPQ,852,932,80,v026
23Y3I,0,218,218,v008
23Y3I,81,343,262,v016
23Y3I,129,273,144,v025
23Y3I,297,612,315,v012
23Y3I,40,158,118,v029
H6BT7,0,686,686,v008
H6BT7,0,693,693,v008
H6BT7,0,146,146,v012
H6BT7,794,1296,502,v010
H6BT7,432,724,292,v001
H6BT7,0,544,544,v012
H6BT7,636,897,261,v018
H6BT7,0,153,153,v029
H6BT7,0,693,693,v016
H6BT7,268,528,260,v023
H6BT7,0,703,703,v023
H6BT7,544,693,149,v025
5FSDB,0,673,673,v014
5FSDB,0,673,673,v030
5FSDB,0,98,98,v030
5FSDB,0,96,96,v008
Q4SH4,76,240,164,v018
Q4SH4,38,192,154,v018
Q4SH4,0,134,134,v002
H32FR,285,386,101,v008
H32FR,208,309,101,v023
H32FR,547,648,101,v016
H32FR,26,127,101,v012
H32FR,532,948,416,v008
H32FR,228,446,218,v016
H32FR,0,146,146,v029
H32FR,0,117,117,v007
5BQMX,76,194,118,v025
5BQMX,0,115,115,v022
5BQMX,76,189,113,v016
5BQMX,31,175,144,v023
5BQMX,0,96,96,v018
5BQMX,343,537,194,v012
5BQMX,364,537,173,v012
5BQMX,172,285,113,v027
5BQMX,453,537,84,v031
5BQMX,43,184,141,v008
7FTBS,74,206,132,v016
7FTBS,940,1072,132,v016
7FTBS,940,1200,260,v018
7FTBS,1111,1213,102,v018
7FTBS,559,746,187,v001
7FTBS,60,182,122,v016
7FTBS,984,1207,223,v004
7FTBS,480,619,139,v012
7FTBS,830,1207,377,v018
7FTBS,36,187,151,v016
7FTBS,48,175,127,v008
7FTBS,31,156,125,v023
MSW4E,0,690,690,v008
MSW4E,19,319,300,v004
MSW4E,2,312,310,v008
MSW4E,148,333,185,v016
MSW4E,240,396,156,v023
MSW4E,259,463,204,v005
MSW4E,0,690,690,v014
O7FDB,165,396,231,v024
O7FDB,266,547,281,v001
O7FDB,444,600,156,v012
O7FDB,439,576,137,v016
O7FDB,307,619,312,v012
O7FDB,504,710,206,v001
O7FDB,72,721,649,v008
O7FDB,151,626,475,v016
O7FDB,146,264,118,v016
O7FDB,240,367,127,v016
T5FHD,0,554,554,v030
T5FHD,0,554,554,v026
T5FHD,0,728,728,v008
T5FHD,511,655,144,v023
T5FHD,547,676,129,v029
ZAJAJ,12,240,228,v008
ZAJAJ,86,218,132,v021
ZAJAJ,292,422,130,v023
ZAJAJ,0,175,175,v018
ZAJAJ,57,292,235,v016
ZAJAJ,331,756,425,v008
ZAJAJ,278,812,534,v031
ZAJAJ,744,812,68,v022
ZAJAJ,50,812,762,v018
ZAJAJ,501,657,156,v014
ZAJAJ,578,698,120,v012
ZAJAJ,460,588,128,v031
ZAJAJ,655,772,117,v016
APJQ8,100,266,166,v016
APJQ8,60,220,160,v016
APJQ8,64,292,228,v030
APJQ8,69,172,103,v008
JQY4L,172,307,135,v008
JQY4L,172,326,154,v017
JQY4L,168,309,141,v016
JQY4L,180,343,163,v026
L4FWN,266,410,144,v009
L4FWN,0,739,739,v010
L4FWN,0,408,408,v009
L4FWN,691,739,48,v016
L4FWN,691,739,48,v018
L4FWN,691,739,48,v008
L4FWN,691,739,48,v014
E7CJ0,357,770,413,v008
E7CJ0,0,496,496,v008
E7CJ0,381,592,211,v020
E7CJ0,696,770,74,v019
E7CJ0,0,408,408,v014
DCNQI,0,134,134,v005
DCNQI,168,257,89,v029
Q166J,182,360,178,v012
Q166J,151,448,297,v019
Q166J,168,735,567,v031
Q166J,0,735,735,v008
Q166J,0,735,735,v024
Q166J,139,532,393,v019
Q166J,160,285,125,v016
Q166J,0,735,735,v018
Q166J,151,302,151,v023
8ESHT,43,489,446,v008
8ESHT,194,412,218,v016
8ESHT,405,634,229,v008
8ESHT,396,592,196,v023
8ESHT,206,393,187,v018
8ESHT,52,194,142,v016
8ESHT,343,568,225,v012
8ESHT,340,465,125,v018
8ESHT,148,492,344,v031
8ESHT,316,634,318,v014
8ESHT,326,634,308,v031
8ESHT,31,379,348,v008
R1OUC,650,784,134,v008
R1OUC,717,968,251,v030
R1OUC,364,710,346,v026
R1OUC,62,247,185,v012
R1OUC,103,328,225,v029
76BFU,432,738,306,v023
76BFU,434,738,304,v024
76BFU,0,523,523,v030
76BFU,379,542,163,v016
76BFU,0,537,537,v008
TOUXU,0,393,393,v021
TOUXU,199,328,129,v001
TOUXU,81,302,221,v029
TOUXU,127,307,180,v012
TOUXU,0,760,760,v018
TOUXU,122,261,139,v012
TOUXU,184,316,132,v001
TOUXU,129,276,147,v012
LTBKU,156,304,148,v009
LTBKU,398,621,223,v019
LTBKU,0,729,729,v014
LTBKU,0,744,744,v008
LTBKU,0,720,720,v018
LTBKU,621,748,127,v022
GFH4E,0,352,352,v008
GFH4E,0,350,350,v031
X8DZV,156,309,153,v018
X8DZV,391,698,307,v023
X8DZV,151,319,168,v018
X8DZV,33,208,175,v027
X8DZV,206,427,221,v004
X8DZV,652,765,113,v025
X8DZV,374,525,151,v022
X8DZV,434,691,257,v023
X8DZV,595,722,127,v025
X8DZV,328,470,142,v016
X8DZV,182,458,276,v008
X8DZV,242,470,228,v018
X8DZV,393,686,293,v012
X8DZV,516,765,249,v016
ON6CG,31,292,261,v020
XKLW2,196,328,132,v029
XKLW2,134,691,557,v015
XKLW2,0,691,691,v008
XKLW2,0,691,691,v008
1AI3U,124,1239,1115,v018
1AI3U,199,1239,1040,v014
1AI3U,124,1239,1115,v032
1AI3U,124,1239,1115,v031
1AI3U,26,189,163,v018
1AI3U,182,1239,1057,v032
1AI3U,136,1239,1103,v018
UIIF3,38,185,147,v008
UIIF3,14,158,144,v023
UIIF3,67,185,118,v019
Q9IYO,0,553,553,v008
Q9IYO,0,553,553,v021
Q9IYO,0,553,553,v008
Q9IYO,64,553,489,v031
Q9IYO,84,228,144,v012
L0NFK,456,600,144,v025
L0NFK,0,769,769,v018
L0NFK,0,720,720,v009
L0NFK,475,655,180,v025
L0NFK,0,424,424,v019
VNVRA,115,230,115,v016
VNVRA,0,412,412,v012
VNVRA,12,139,127,v023
VNVRA,38,228,190,v008
VNVRA,170,446,276,v001
VNVRA,0,79,79,v012
VNVRA,127,240,113,v016
AYKC6,122,254,132,v022
AYKC6,7,175,168,v000
AYKC6,0,218,218,v018
AYKC6,0,218,218,v018
SFHY2,115,237,122,v016
SFHY2,50,216,166,v008
SFHY2,98,225,127,v025
SFHY2,48,192,144,v029
SFHY2,108,223,115,v016
EN9TD,79,254,175,v004
EN9TD,0,463,463,v008
EN9TD,319,463,144,v001
4BSR0,0,261,261,v008
4BSR0,84,264,180,v016
4BSR0,0,276,276,v008
4BSR0,81,644,563,v002
4BSR0,0,247,247,v015
1NDVD,0,254,254,v008
1NDVD,208,554,346,v003
1NDVD,458,633,175,v014
EB1RG,67,324,257,v023
EB1RG,194,566,372,v023
EB1RG,86,674,588,v008
EB1RG,9,153,144,v029
EB1RG,578,674,96,v008
AZTTC,64,348,284,v008
AZTTC,307,528,221,v001
AZTTC,609,726,117,v016
AZTTC,398,530,132,v029
AZTTC,616,726,110,v016
NJM82,0,633,633,v006
NJM82,631,1221,590,v026
NJM82,1149,1248,99,v018
NJM82,1132,1248,116,v018
NJM82,662,1221,559,v026
L9H3O,672,795,123,v005
L9H3O,326,679,353,v008
L9H3O,571,691,120,v016
L9H3O,0,79,79,v022
L9H3O,384,576,192,v004
L9H3O,216,456,240,v015
L9H3O,336,456,120,v016
L9H3O,696,795,99,v005
L9H3O,0,72,72,v018
L9H3O,568,700,132,v023
L2LF6,31,247,216,v029
L2LF6,302,823,521,v008
L2LF6,302,823,521,v021
L2LF6,302,506,204,v023
L2LF6,105,357,252,v001
L2LF6,777,823,46,v028
5OB3W,0,724,724,v016
5OB3W,312,583,271,v016
5OB3W,312,583,271,v023
5OB3W,0,737,737,v016
5OB3W,0,151,151,v012
5OB3W,0,576,576,v008
5OB3W,312,578,266,v008
5OB3W,496,645,149,v023
AHLVF,0,218,218,v031
AHLVF,163,535,372,v003
AHLVF,681,799,118,v029
AHLVF,609,784,175,v012
P8Y27,0,110,110,v008
P8Y27,14,122,108,v025
P8Y27,88,220,132,v012
P8Y27,129,254,125,v030
P8Y27,0,96,96,v023
WGZ29,43,300,257,v018
WGZ29,295,532,237,v004
WGZ29,0,208,208,v018
WGZ29,1051,1180,129,v022
WGZ29,0,1212,1212,v008
WGZ29,0,105,105,v023
WGZ29,192,1173,981,v031
WGZ29,1058,1224,166,v016
I20N2,235,770,535,v008
I20N2,201,336,135,v023
I20N2,655,789,134,v025
I20N2,252,789,537,v026
I20N2,57,276,219,v031
I20N2,0,187,187,v017
I20N2,240,746,506,v008
I20N2,189,367,178,v023
I20N2,638,789,151,v016
I20N2,638,789,151,v025
PW3GG,26,520,494,v008
PW3GG,26,535,509,v026
PW3GG,69,496,427,v026
PW3GG,420,566,146,v012
PW3GG,7,132,125,v029
OZ6SB,0,453,453,v008
OZ6SB,180,391,211,v020
GIA8M,0,729,729,v008
GIA8M,0,343,343,v019
GIA8M,0,729,729,v026
GIA8M,0,729,729,v023
XTZYM,523,696,173,v004
XTZYM,0,787,787,v008
XTZYM,513,628,115,v008
XTZYM,124,542,418,v003
XTZYM,0,86,86,v003
XTZYM,0,271,271,v008
XTZYM,105,554,449,v016
2CDEG,60,542,482,v031
QNQOG,105,256,151,v016
QNQOG,88,259,171,v025
QNQOG,360,632,272,v020
QNQOG,24,180,156,v008
QNQOG,112,220,108,v025
QNQOG,312,456,144,v031
QNQOG,0,115,115,v028
KLP7V,309,572,263,v004
KLP7V,110,242,132,v016
KLP7V,189,391,202,v016
KLP7V,0,415,415,v026
VFDQU,67,381,314,v008
VFDQU,55,168,113,v001
VFDQU,336,487,151,v006
VFDQU,528,638,110,v009
VFDQU,0,211,211,v031
VFDQU,127,388,261,v004
VFDQU,62,249,187,v023
VFDQU,0,127,127,v012
VFDQU,0,163,163,v023
KOAQD,292,492,200,v008
KOAQD,847,1032,185,v021
KOAQD,0,177,177,v015
KOAQD,0,1287,1287,v018
KOAQD,280,626,346,v005
KOAQD,144,273,129,v004
KOAQD,595,866,271,v028
KOAQD,81,196,115,v016
KOAQD,794,1287,493,v008
KOAQD,1015,1287,272,v031
KOAQD,0,292,292,v008
KOAQD,280,544,264,v008
G4JHX,115,240,125,v008
G4JHX,14,194,180,v008
G4JHX,0,120,120,v023
G4JHX,480,660,180,v018
G4JHX,124,417,293,v012
G4JHX,429,588,159,v016
T53HV,297,410,113,v027
T53HV,292,822,530,v008
T53HV,729,822,93,v025
LA0DB,0,110,110,v025
LA0DB,86,232,146,v027
LA0DB,156,739,583,v003
LA0DB,26,739,713,v016
LA0DB,26,739,713,v023
LA0DB,26,739,713,v008
NOGF3,0,156,156,v021
NOGF3,103,156,53,v023
NOGF3,16,139,123,v022
NOGF3,0,117,117,v018
NOGF3,0,156,156,v008
O18DS,148,314,166,v027
O18DS,588,746,158,v031
O18DS,357,771,414,v023
O18DS,357,771,414,v016
O18DS,357,771,414,v012
O18DS,357,771,414,v016
O18DS,0,278,278,v029
O18DS,379,771,392,v008
O18DS,465,580,115,v001
KBJL0,297,441,144,v018
AAGZ2,264,811,547,v002
2UZUJ,652,710,58,v008
2UZUJ,0,420,420,v014
2UZUJ,338,489,151,v008
2UZUJ,381,710,329,v026
2UZUJ,655,710,55,v008
2UZUJ,393,588,195,v026
2UZUJ,612,710,98,v031
9GUX4,153,724,571,v008
9GUX4,180,297,117,v012
9GUX4,374,724,350,v019
9GUX4,72,240,168,v006
9GUX4,0,288,288,v031
3GFIC,372,518,146,v001
3GFIC,0,487,487,v008
3GFIC,345,508,163,v016
3GFIC,0,444,444,v014
3GFIC,422,540,118,v022
3GFIC,0,528,528,v018
3GFIC,496,677,181,v031
3GFIC,0,501,501,v031
WHJ70,0,103,103,v008
WHJ70,48,278,230,v012
WHJ70,213,355,142,v030
WHJ70,163,280,117,v001
WHJ70,0,639,639,v008
EKBW4,28,511,483,v016
EKBW4,4,492,488,v016
EKBW4,381,571,190,v029
EKBW4,496,742,246,v026
EKBW4,7,492,485,v016
K87AC,0,117,117,v012
K87AC,348,472,124,v008
K87AC,182,304,122,v003
K87AC,664,767,103,v029
K87AC,16,244,228,v001
K87AC,144,396,252,v028
K87AC,300,751,451,v003
K87AC,304,446,142,v023
K87AC,206,393,187,v016
DHVYY,571,678,107,v008
DHVYY,175,348,173,v030
DHVYY,252,432,180,v016
DHVYY,0,415,415,v008
FRXS5,295,714,419,v008
FRXS5,0,165,165,v017
FRXS5,67,208,141,v026
AUYOZ,120,367,247,v004
AUYOZ,417,710,293,v014
AUYOZ,26,146,120,v018
AUYOZ,48,439,391,v018
AUYOZ,285,403,118,v016
AUYOZ,405,691,286,v008
AUYOZ,352,472,120,v022
AUYOZ,264,410,146,v016
AUYOZ,57,218,161,v023
AUYOZ,374,487,113,v023
AUYOZ,91,386,295,v008
ABHC6,0,662,662,v008
ABHC6,60,288,228,v012
ABHC6,420,573,153,v027
ABHC6,60,480,420,v016
ABHC6,0,117,117,v029
ABHC6,72,244,172,v012
ABHC6,249,364,115,v023
ABHC6,256,388,132,v008
JSBMM,146,290,144,v012
JSBMM,206,338,132,v016
JSBMM,355,621,266,v005
JSBMM,254,607,353,v008
2GGH3,93,244,151,v016
2GGH3,0,216,216,v008
2GGH3,223,520,297,v008
2GGH3,36,172,136,v025
2GGH3,0,182,182,v016
HUU4X,132,326,194,v016
HUU4X,336,518,182,v012
HUU4X,0,117,117,v029
HUU4X,81,228,147,v020
HUU4X,14,172,158,v023
HUU4X,568,777,209,v001
HUU4X,290,765,475,v006
HUU4X,655,784,129,v022
6CGRP,0,280,280,v008
6CGRP,602,768,166,v010
EIB97,148,628,480,v003
EIB97,549,776,227,v008
EIB97,0,194,194,v003
EIB97,0,86,86,v023
EIB97,614,751,137,v016
EIB97,0,242,242,v008
EIB97,7,112,105,v016
EIB97,607,776,169,v026
EIB97,0,110,110,v012
EIB97,537,776,239,v016
D0E8H,612,1236,624,v005
D0E8H,249,410,161,v018
D0E8H,88,1404,1316,v021
D0E8H,496,1281,785,v005
D0E8H,909,1092,183,v016
D0E8H,1279,1432,153,v022
D0E8H,712,1070,358,v008
D0E8H,192,396,204,v018
D0E8H,271,1389,1118,v018
D0E8H,712,880,168,v023
D0E8H,784,998,214,v004
6YGBD,0,76,76,v004
6YGBD,0,249,249,v008
6YGBD,0,700,700,v004
6YGBD,0,731,731,v031
6YGBD,0,731,731,v018
6YGBD,146,532,386,v005
6YGBD,168,731,563,v005
6YGBD,0,731,731,v018
6YGBD,139,249,110,v023
6YGBD,0,731,731,v008
6YGBD,156,273,117,v005
TKAFY,573,756,183,v016
TKAFY,696,825,129,v009
TKAFY,0,235,235,v000
TKAFY,249,482,233,v003
TKAFY,568,746,178,v018
TKAFY,787,914,127,v031
TKAFY,0,129,129,v010
TKAFY,458,624,166,v029
KMAQ2,0,722,722,v031
KMAQ2,554,672,118,v025
KMAQ2,223,405,182,v008
KMAQ2,182,333,151,v023
KMAQ2,0,211,211,v023
VMQ20,76,178,102,v017
VMQ20,38,170,132,v023
VMQ20,48,175,127,v008
T4NAU,357,463,106,v004
T4NAU,7,124,117,v001
T4NAU,81,199,118,v012
T4NAU,331,475,144,v001
T4NAU,0,91,91,v012
T4NAU,7,552,545,v016
T4NAU,422,547,125,v016
T4NAU,470,669,199,v023
T4NAU,564,676,112,v016
T4NAU,0,552,552,v023
T4NAU,163,398,235,v015
T4NAU,499,734,235,v008
T4NAU,504,751,247,v028
XSY2P,441,636,195,v016
XSY2P,612,759,147,v008
XSY2P,456,585,129,v012
XSY2P,96,484,388,v003
XSY2P,0,144,144,v023
XSY2P,578,759,181,v023
WBS4I,136,769,633,v023
WBS4I,24,129,105,v027
WBS4I,540,729,189,v031
WBS4I,213,372,159,v001
WBS4I,412,732,320,v012
WBS4I,340,501,161,v008
WBS4I,0,81,81,v029
WBS4I,340,489,149,v012
VI2TX,0,751,751,v005
VI2TX,0,751,751,v005
VI2TX,0,751,751,v030
VI2TX,31,134,103,v016
VI2TX,165,295,130,v008
VI2TX,0,751,751,v026
VI2TX,0,751,751,v030
VI2TX,0,751,751,v018
K95WN,84,735,651,v032
K95WN,0,213,213,v024
K95WN,72,192,120,v029
K95WN,0,192,192,v008
K95WN,96,735,639,v010
JTM7L,136,302,166,v007
JTM7L,165,319,154,v012
RSG1C,69,381,312,v001
RSG1C,117,304,187,v012
RSG1C,372,676,304,v026
RSG1C,415,867,452,v019
RSG1C,31,333,302,v008
RSG1C,21,396,375,v016
RSG1C,252,386,134,v001
RSG1C,26,148,122,v012
RSG1C,355,504,149,v016
RSG1C,220,396,176,v022
Y9WZW,52,864,812,v032
Y9WZW,916,1190,274,v016
Y9WZW,1041,1190,149,v022
Y9WZW,28,1190,1162,v018
Y9WZW,784,1118,334,v004
Y9WZW,0,1154,1154,v018
Y9WZW,172,864,692,v032
Y9WZW,760,888,128,v023
Y9WZW,768,892,124,v008
S7RGX,525,662,137,v016
S7RGX,720,948,228,v020
S7RGX,127,552,425,v030
F8SNW,69,1063,994,v008
F8SNW,936,1058,122,v016
F8SNW,1130,1291,161,v018
F8SNW,1092,1260,168,v018
F8SNW,1190,1303,113,v022
5NG8W,2,761,759,v031
5NG8W,705,761,56,v019
5NG8W,712,761,49,v009
5NG8W,712,761,49,v008
5NG8W,712,761,49,v014
CUONA,0,648,648,v008
CUONA,0,477,477,v031
CUONA,405,725,320,v023
P4DL9,220,434,214,v002
P4DL9,600,772,172,v023
P4DL9,213,696,483,v002
P4DL9,0,172,172,v001
J10KY,571,765,194,v025
J10KY,0,540,540,v028
OY50Q,192,417,225,v012
OY50Q,40,420,380,v008
OY50Q,36,436,400,v023
OY50Q,199,436,237,v029
OY50Q,240,446,206,v007
OY50Q,304,451,147,v001
OY50Q,429,544,115,v016
646CU,0,211,211,v028
646CU,172,307,135,v027
OO4FE,254,718,464,v018
OO4FE,2,158,156,v025
OO4FE,321,718,397,v008
OO4FE,288,446,158,v012
OO4FE,132,271,139,v018
OO4FE,249,439,190,v023
OO4FE,0,163,163,v023
OO4FE,0,165,165,v026
OO4FE,0,151,151,v008
OO4FE,343,718,375,v031
OO4FE,168,718,550,v018
X0VAO,0,708,708,v031
X0VAO,484,746,262,v008
X0VAO,578,712,134,v022
X0VAO,650,746,96,v014
X0VAO,0,691,691,v018
52WDV,300,504,204,v031
52WDV,468,640,172,v012
52WDV,112,357,245,v003
52WDV,21,208,187,v008
52WDV,554,913,359,v031
52WDV,532,913,381,v008
52WDV,28,244,216,v023
AZFKK,0,127,127,v008
AZFKK,16,211,195,v012
AZFKK,0,132,132,v016
AZFKK,79,316,237,v023
AZFKK,235,386,151,v023
AZFKK,0,81,81,v025
AZFKK,31,182,151,v023
AZFKK,290,424,134,v016
DVO31,832,1011,179,v004
DVO31,811,964,153,v023
DVO31,285,468,183,v023
DVO31,422,823,401,v008
DVO31,948,1011,63,v016
DVO31,276,468,192,v008
DVO31,352,468,116,v025
DVO31,806,1011,205,v008
DVO31,280,468,188,v025
DVO31,290,463,173,v016
DVO31,280,472,192,v026
DVO31,0,357,357,v026
DVO31,727,856,129,v022
AFY5E,254,752,498,v026
AFY5E,0,168,168,v012
AFY5E,122,350,228,v004
AFY5E,9,175,166,v029
AFY5E,249,752,503,v026
AFY5E,0,127,127,v007
AFY5E,9,752,743,v008
T2EIY,458,592,134,v016
T2EIY,417,573,156,v004
T2EIY,273,501,228,v015
T2EIY,686,750,64,v016
T2EIY,518,750,232,v023
T2EIY,518,750,232,v008
T2EIY,0,336,336,v003
2846J,0,232,232,v008
2846J,112,252,140,v016
2846J,0,156,156,v029
12QGZ,175,420,245,v025
12QGZ,0,561,561,v018
12QGZ,410,530,120,v022
12QGZ,0,592,592,v018
12QGZ,0,588,588,v008
12QGZ,0,556,556,v014
12QGZ,0,695,695,v008
9S0QC,146,504,358,v003
9S0QC,285,412,127,v016
9S0QC,585,732,147,v012
9S0QC,508,624,116,v017
9S0QC,559,698,139,v007
9S0QC,290,535,245,v008
9S0QC,232,405,173,v012
9S0QC,0,110,110,v025
W4Z9Z,0,592,592,v018
W4Z9Z,0,592,592,v008
W4Z9Z,189,583,394,v020
NF9ZR,0,170,170,v007
NF9ZR,415,556,141,v025
NF9ZR,134,326,192,v012
NF9ZR,297,544,247,v008
NF9ZR,324,508,184,v026
NF9ZR,278,396,118,v022
NF9ZR,0,237,237,v006
NF9ZR,520,742,222,v003
NF9ZR,415,561,146,v016
NF9ZR,112,300,188,v012
34IUI,0,278,278,v021
34IUI,88,444,356,v000
34IUI,355,496,141,v016
34IUI,362,605,243,v021
34IUI,295,412,117,v025
34IUI,127,333,206,v000
34IUI,360,605,245,v008
QJPA0,0,672,672,v022
QJPA0,0,732,732,v002
QJPA0,0,336,336,v026
QJPA0,0,328,328,v026
QJPA0,336,453,117,v025
HLMQ8,220,374,154,v031
HLMQ8,0,391,391,v008
HLMQ8,172,352,180,v012
HLMQ8,0,175,175,v009
HLMQ8,0,117,117,v029
HLMQ8,314,391,77,v025
HLMQ8,0,189,189,v019
LSVHK,434,571,137,v025
LSVHK,499,609,110,v007
LSVHK,501,655,154,v012
LSVHK,585,753,168,v029
LSVHK,367,496,129,v023
LSVHK,420,564,144,v008
FX1T5,14,735,721,v008
FX1T5,0,735,735,v008
FX1T5,108,343,235,v012
FX1T5,199,735,536,v031
FX1T5,62,288,226,v016
FX1T5,91,280,189,v031
FX1T5,21,578,557,v001
ILKXV,446,652,206,v008
ILKXV,446,652,206,v026
ILKXV,472,738,266,v019
ILKXV,48,403,355,v029
ILKXV,432,583,151,v023
ILKXV,0,115,115,v012
ILKXV,638,738,100,v009
ILKXV,475,667,192,v026
ILKXV,343,576,233,v026
DP8U3,132,271,139,v021
DP8U3,4,532,528,v009
DP8U3,0,610,610,v008
DP8U3,165,542,377,v023
DP8U3,0,319,319,v019
DP8U3,379,610,231,v010
92TUQ,0,504,504,v008
92TUQ,120,264,144,v028
92TUQ,120,271,151,v025
92TUQ,0,520,520,v016
9JZO3,400,703,303,v000
T9BED,350,549,199,v004
T9BED,384,610,226,v008
T9BED,105,610,505,v008
T9BED,177,530,353,v004
T9BED,0,136,136,v012
T9BED,45,273,228,v018
85OEC,552,746,194,v008
85OEC,672,852,180,v018
85OEC,76,583,507,v031
85OEC,556,852,296,v018
D1VWG,372,546,174,v008
D1VWG,388,528,140,v001
D1VWG,103,240,137,v012
D1VWG,105,546,441,v018
D1VWG,74,546,472,v018
D1VWG,64,546,482,v016
D1VWG,12,124,112,v029
D1VWG,439,546,107,v016
D1VWG,74,194,120,v018
D1VWG,343,470,127,v023
08QQS,511,672,161,v007
08QQS,568,720,152,v012
08QQS,175,350,175,v004
08QQS,0,715,715,v008
FS94F,33,297,264,v015
FS94F,319,739,420,v009
FS94F,367,743,376,v007
FS94F,364,743,379,v019
FS94F,189,333,144,v023
FS94F,271,405,134,v016
FS94F,0,134,134,v023
FS94F,201,374,173,v008
FS94F,283,396,113,v016
FS94F,19,290,271,v008
FS94F,271,393,122,v016
XIVBU,0,722,722,v018
XIVBU,0,156,156,v004
XIVBU,0,722,722,v008
XIVBU,0,722,722,v024
XIVBU,0,722,722,v031
XIVBU,0,722,722,v031
XIVBU,50,319,269,v008
XIVBU,324,643,319,v008
XIVBU,0,722,722,v010
I0588,463,597,134,v001
I0588,213,338,125,v012
I0588,151,302,151,v001
I0588,14,144,130,v012
I0588,192,528,336,v016
I0588,312,516,204,v016
I0588,312,518,206,v016
Q49E0,595,776,181,v031
Q49E0,0,776,776,v024
Q49E0,0,213,213,v008
Q49E0,0,583,583,v018
Q49E0,0,776,776,v008
Q49E0,165,518,353,v005
Q49E0,444,657,213,v022
Q49E0,607,776,169,v012
05124,0,734,734,v008
05124,0,734,734,v008
05124,0,734,734,v004
05124,0,734,734,v008
05124,456,734,278,v018
05124,0,734,734,v014
05124,410,734,324,v018
05124,292,410,118,v029
89MAO,379,570,191,v008
89MAO,350,520,170,v023
89MAO,0,398,398,v003
89MAO,146,348,202,v020
89MAO,357,570,213,v008
89MAO,0,360,360,v016
89MAO,0,348,348,v023
89MAO,364,570,206,v014
89MAO,405,570,165,v013
89MAO,372,570,198,v023
VX1GX,110,235,125,v001
VX1GX,0,129,129,v012
VX1GX,679,909,230,v012
VX1GX,192,410,218,v016
VX1GX,936,1172,236,v015
VX1GX,21,165,144,v023
VX1GX,0,112,112,v012
VX1GX,187,300,113,v016
VX1GX,391,511,120,v016
VX1GX,948,1172,224,v008
VX1GX,69,300,231,v008
VX1GX,321,516,195,v008
2J4MA,0,369,369,v008
2J4MA,0,151,151,v005
2J4MA,295,494,199,v012
Y1BWP,108,271,163,v008
Y1BWP,0,103,103,v029
Y1BWP,86,242,156,v012
Y1BWP,175,292,117,v020
Y1BWP,489,628,139,v016
Y1BWP,412,571,159,v023
Y1BWP,247,391,144,v023
Y1BWP,177,348,171,v025
Y1BWP,434,636,202,v019
Y1BWP,0,110,110,v001
Y1BWP,170,292,122,v025
DTUJD,276,385,109,v023
DTUJD,0,357,357,v008
DTUJD,26,283,257,v030
DTUJD,309,385,76,v016
DTUJD,26,273,247,v030
DTUJD,31,280,249,v030
DTUJD,316,385,69,v012
DTUJD,4,280,276,v031
DTUJD,220,331,111,v016
DTUJD,220,331,111,v025
8UQVB,504,813,309,v014
8UQVB,0,544,544,v032
8UQVB,19,153,134,v020
8UQVB,0,820,820,v018
8UQVB,0,532,532,v031
8UQVB,494,808,314,v031
K0C0A,0,343,343,v008
K0C0A,0,304,304,v031
K0C0A,45,376,331,v019
K0C0A,40,232,192,v019
K0C0A,0,372,372,v018
K0C0A,360,511,151,v012
K0C0A,256,376,120,v022
K0C0A,566,898,332,v016
G8R5Q,0,308,308,v019
G8R5Q,0,308,308,v009
G8R5Q,0,308,308,v019
G8R5Q,0,308,308,v031
G8R5Q,259,308,49,v022
61Y90,739,1036,297,v016
61Y90,0,777,777,v026
61Y90,0,792,792,v032
CL9M5,662,743,81,v008
CL9M5,0,645,645,v016
CL9M5,0,482,482,v008
DP7DG,297,552,255,v016
DP7DG,0,712,712,v008
DP7DG,225,379,154,v012
DP7DG,0,98,98,v012
DP7DG,616,719,103,v016
DP7DG,664,719,55,v026
DP7DG,24,184,160,v008
DP7DG,0,105,105,v023
7YV59,19,853,834,v030
7YV59,16,820,804,v031
7YV59,676,853,177,v025
7YV59,28,853,825,v030
7YV59,686,837,151,v025
LUU2S,0,727,727,v010
LUU2S,2,549,547,v004
LUU2S,0,727,727,v008
LUU2S,0,727,727,v008
UI0QG,0,206,206,v016
UI0QG,0,206,206,v016
UI0QG,0,206,206,v016
UI0QG,84,208,124,v023
UI0QG,93,723,630,v008
UI0QG,2,136,134,v012
4A81E,187,856,669,v018
4A81E,93,283,190,v018
4A81E,338,830,492,v005
4A81E,739,878,139,v022
4A81E,55,789,734,v008
4A81E,672,820,148,v016
4A81E,676,820,144,v025
2MAZY,470,739,269,v001
2MAZY,0,739,739,v008
2MAZY,12,194,182,v016
2MAZY,141,283,142,v016
2MAZY,24,144,120,v023
2MAZY,146,264,118,v023
2MAZY,52,170,118,v020
2MAZY,228,343,115,v020
2MAZY,0,96,96,v012
C0207,0,875,875,v008
C0207,0,875,875,v018
U5M7E,276,400,124,v016
U5M7E,391,549,158,v007
U5M7E,391,583,192,v001
U5M7E,0,396,396,v014
U5M7E,0,393,393,v008
U5M7E,388,528,140,v029
U5M7E,264,388,124,v025
01K8X,0,170,170,v008
01K8X,506,612,106,v008
01K8X,662,743,81,v012
01K8X,129,556,427,v016
01K8X,460,631,171,v004
01K8X,0,460,460,v030
01K8X,652,743,91,v029
HSH5R,208,379,171,v022
HSH5R,0,324,324,v032
HSH5R,0,314,314,v032
HSH5R,0,312,312,v018
HSH5R,326,422,96,v026
HSH5R,0,96,96,v018
HSH5R,278,393,115,v008
HSH5R,398,504,106,v030
6TV29,43,405,362,v008
6TV29,136,609,473,v016
6TV29,285,696,411,v003
6TV29,324,513,189,v016
6TV29,576,957,381,v012
6TV29,876,969,93,v029
6TV29,890,969,79,v001
6TV29,828,969,141,v007
6TV29,0,969,969,v030
MTUR3,283,739,456,v010
MTUR3,739,1183,444,v019
MTUR3,643,876,233,v021
MTUR3,141,444,303,v018
MTUR3,69,314,245,v029
MTUR3,720,1183,463,v009
MTUR3,259,1183,924,v010
YD26T,67,513,446,v008
YD26T,134,271,137,v020
BNSQN,146,420,274,v023
BNSQN,391,660,269,v029
CVH2Y,0,304,304,v003
CVH2Y,0,510,510,v008
CVH2Y,0,510,510,v018
CVH2Y,0,108,108,v008
KSIYE,0,624,624,v008
KSIYE,0,609,609,v026
KSIYE,559,642,83,v010
NSHA7,386,662,276,v012
NSHA7,271,484,213,v023
NSHA7,376,753,377,v031
NSHA7,336,753,417,v008
NSHA7,336,753,417,v023
NSHA7,0,417,417,v026
NSHA7,360,753,393,v008
4YAR6,0,839,839,v018
4YAR6,0,839,839,v008
4YAR6,0,839,839,v031
4YAR6,0,839,839,v008
HXLVN,571,724,153,v018
HXLVN,211,355,144,v022
STG2D,115,333,218,v008
STG2D,160,290,130,v001
STG2D,0,132,132,v012
STG2D,0,290,290,v012
STG2D,9,136,127,v012
OM2NF,0,127,127,v008
OM2NF,0,645,645,v018
OM2NF,141,259,118,v016
OM2NF,52,211,159,v004
OM2NF,549,712,163,v023
OM2NF,9,242,233,v008
OM2NF,0,844,844,v018
OM2NF,304,518,214,v008
OM2NF,739,876,137,v022
OM2NF,818,1056,238,v002
OM2NF,568,835,267,v003
OM2NF,444,628,184,v026
OM2NF,0,619,619,v008
OM2NF,559,818,259,v003
OM2NF,168,624,456,v032
OM2NF,21,122,101,v008
CW4AU,324,460,136,v008
CW4AU,0,669,669,v018
CW4AU,578,715,137,v022
CW4AU,444,669,225,v003
CW4AU,619,834,215,v017
CW4AU,408,686,278,v016
CW4AU,194,314,120,v000
CW4AU,0,86,86,v018
OCVY4,122,381,259,v002
OCVY4,31,177,146,v012
OCVY4,0,117,117,v016
OCVY4,93,240,147,v016
OCVY4,26,194,168,v023
OCVY4,0,132,132,v008
OCVY4,446,832,386,v026
OCVY4,520,832,312,v016
OCVY4,513,832,319,v023
OCVY4,213,472,259,v016
OCVY4,100,256,156,v008
O6FSN,0,115,115,v012
O6FSN,396,638,242,v008
O6FSN,398,648,250,v023
O6FSN,391,588,197,v023
O6FSN,364,672,308,v008
O6FSN,0,144,144,v012
O6FSN,448,583,135,v001
O6FSN,364,552,188,v023
DLCH0,62,1165,1103,v006
DLCH0,0,105,105,v012
DLCH0,0,129,129,v012
DLCH0,0,93,93,v007
FEKJQ,0,127,127,v031
FEKJQ,518,712,194,v008
FEKJQ,31,355,324,v020
FEKJQ,422,712,290,v023
TW12W,0,451,451,v018
TW12W,100,415,315,v005
TW12W,470,614,144,v031
TW12W,379,597,218,v008
TW12W,352,619,267,v025
TW12W,530,686,156,v008
TW12W,556,736,180,v025
TW12W,556,736,180,v025
TW12W,693,742,49,v008
TW12W,691,742,51,v008
TW12W,693,742,49,v016
TW12W,528,742,214,v025
TW12W,535,742,207,v016
TW12W,530,664,134,v023
KXAIZ,194,343,149,v012
KXAIZ,256,1036,780,v026
KXAIZ,9,136,127,v029
KXAIZ,444,624,180,v016
KXAIZ,216,1036,820,v023
KXAIZ,264,1036,772,v026
KXAIZ,542,691,149,v008
KXAIZ,434,556,122,v016
869NM,117,554,437,v026
869NM,0,554,554,v018
869NM,24,247,223,v012
869NM,98,307,209,v023
869NM,72,328,256,v023
869NM,72,336,264,v023
TQ9GQ,626,782,156,v016
TQ9GQ,189,840,651,v016
TQ9GQ,696,852,156,v001
TQ9GQ,477,662,185,v016
16WZF,158,400,242,v006
16WZF,0,187,187,v008
16WZF,67,204,137,v016
16WZF,144,400,256,v031
16WZF,0,160,160,v020
F3ULU,369,525,156,v016
F3ULU,304,501,197,v016
F3ULU,36,204,168,v029
F3ULU,379,511,132,v016
F3ULU,12,506,494,v023
RUMS5,518,669,151,v001
RUMS5,0,132,132,v012
RUMS5,122,276,154,v027
RUMS5,583,710,127,v017
RUMS5,583,700,117,v009
RUMS5,14,636,622,v023
RUMS5,504,662,158,v001
RUMS5,0,117,117,v012
RUMS5,290,556,266,v014
RUMS5,216,386,170,v008
RUMS5,105,266,161,v008
WSS3R,252,403,151,v008
WSS3R,307,552,245,v003
WSS3R,398,878,480,v003
IUGG8,511,941,430,v008
IUGG8,31,204,173,v015
IUGG8,412,650,238,v023
IUGG8,417,602,185,v012
IUGG8,127,312,185,v004
H31ZH,0,927,927,v021
H31ZH,0,927,927,v021
H31ZH,0,927,927,v010
LB4AR,81,213,132,v008
LB4AR,230,400,170,v012
LB4AR,0,108,108,v025
LB4AR,0,72,72,v023
LB4AR,0,72,72,v028
LB4AR,518,660,142,v016
LB4AR,451,576,125,v023
LB4AR,0,98,98,v025
LB4AR,439,583,144,v001
S0Z00,96,216,120,v008
S0Z00,384,480,96,v001
S0Z00,360,456,96,v012
S0Z00,105,218,113,v016
S0Z00,84,350,266,v008
S0Z00,489,728,239,v009
S0Z00,362,480,118,v001
S0Z00,141,268,127,v031
S0Z00,439,571,132,v020
S0Z00,232,360,128,v016
S0Z00,679,728,49,v016
S0Z00,679,728,49,v008
S0Z00,679,728,49,v012
S0Z00,679,728,49,v019
QU8YS,156,506,350,v004
QU8YS,0,506,506,v018
QU8YS,0,506,506,v031
QU8YS,0,506,506,v008
QU8YS,0,506,506,v018
QU8YS,0,506,506,v008
KU656,0,163,163,v010
KU656,189,307,118,v023
KU656,0,175,175,v000
KU656,81,271,190,v022
KU656,175,316,141,v026
KU656,189,523,334,v008
KU656,360,506,146,v029
KU656,338,516,178,v007
KU656,208,526,318,v023
KU656,0,254,254,v000
N6R39,105,764,659,v008
N6R39,132,242,110,v023
N6R39,0,764,764,v018
N6R39,504,648,144,v001
N6R39,48,764,716,v016
N6R39,600,696,96,v025
N6R39,0,764,764,v018
H4YTC,4,693,689,v026
H4YTC,2,693,691,v026
H4YTC,655,789,134,v027
H4YTC,717,827,110,v029
VOX2S,410,559,149,v001
VOX2S,405,624,219,v008
VOX2S,319,465,146,v012
VOX2S,122,244,122,v029
VOX2S,352,643,291,v023
Z9IF5,12,180,168,v018
Z9IF5,168,338,170,v022
Z9IF5,0,709,709,v008
7EBTI,168,698,530,v005
7EBTI,446,708,262,v016
7EBTI,168,612,444,v005
7EBTI,175,616,441,v008
7EBTI,460,645,185,v023
7EBTI,439,708,269,v016
7EBTI,612,742,130,v029
7EBTI,177,679,502,v008
7EBTI,100,225,125,v023
7EBTI,177,679,502,v008
7EBTI,588,698,110,v023
7EBTI,588,698,110,v016
7EBTI,86,252,166,v022
7EBTI,112,271,159,v016
LVLVR,64,194,130,v008
LVLVR,98,252,154,v012
LVLVR,357,604,247,v005
LVLVR,0,786,786,v018
AZXRK,115,393,278,v015
AZXRK,40,196,156,v018
AZXRK,0,735,735,v018
AZXRK,0,735,735,v018
AZXRK,208,340,132,v001
AZXRK,0,348,348,v031
AZXRK,26,735,709,v008
AZXRK,19,735,716,v008
AFY37,14,158,144,v025
AFY37,91,273,182,v004
AFY37,172,367,195,v004
AFY37,0,144,144,v008
HDMN4,415,571,156,v026
HDMN4,0,175,175,v004
HDMN4,338,463,125,v016
HDMN4,158,393,235,v028
HDMN4,501,728,227,v010
HDMN4,115,230,115,v016
HDMN4,403,564,161,v016
HDMN4,396,513,117,v023
HDMN4,475,592,117,v018
HDMN4,91,232,141,v016
IM4UD,26,735,709,v016
IM4UD,0,103,103,v012
IM4UD,0,199,199,v028
IM4UD,103,735,632,v028
SL401,0,105,105,v016
SL401,0,81,81,v029
SL401,50,105,55,v008
SL401,50,105,55,v023
WI6NB,108,480,372,v004
WI6NB,321,626,305,v005
WI6NB,758,993,235,v030
WI6NB,391,561,170,v019
WI6NB,86,892,806,v008
VQOBM,129,362,233,v008
VQOBM,235,393,158,v016
VQOBM,74,321,247,v023
VQOBM,7,168,161,v012
VQOBM,7,168,161,v012
F1DQD,261,767,506,v019
F1DQD,264,767,503,v031
F1DQD,0,767,767,v019
F1DQD,0,767,767,v018
F1DQD,249,767,518,v008
F1DQD,230,410,180,v023
F1DQD,0,767,767,v018
F1DQD,0,767,767,v009
F1DQD,254,767,513,v008
F1DQD,283,396,113,v012
DWU60,580,709,129,v030
DWU60,196,345,149,v018
DWU60,187,300,113,v016
DWU60,573,679,106,v023
DWU60,160,403,243,v018
DWU60,187,709,522,v026
DWU60,0,285,285,v030
DWU60,172,709,537,v026
DWU60,0,709,709,v008
FET0V,60,867,807,v008
FET0V,103,794,691,v004
FET0V,108,867,759,v008
FET0V,43,867,824,v008
FET0V,139,867,728,v031
FET0V,252,867,615,v009
FET0V,264,867,603,v019
BBZKE,0,829,829,v008
BBZKE,616,829,213,v019
BBZKE,0,829,829,v008
36EK5,172,764,592,v031
36EK5,16,254,238,v029
36EK5,196,764,568,v006
36EK5,100,242,142,v020
YKD6U,285,508,223,v018
YKD6U,439,801,362,v018
YKD6U,180,297,117,v025
YKD6U,276,420,144,v018
YKD6U,715,844,129,v022
YKD6U,218,355,137,v023
YKD6U,0,338,338,v029
YKD6U,180,446,266,v008
YKD6U,307,823,516,v005
YKD6U,43,340,297,v012
YKD6U,0,91,91,v007
YKD6U,52,158,106,v016
77HDM,288,391,103,v027
77HDM,0,348,348,v008
77HDM,252,357,105,v025
77HDM,295,415,120,v029
GKVBS,0,840,840,v006
GKVBS,0,444,444,v008
GKVBS,758,902,144,v016
GKVBS,811,955,144,v009
GKVBS,0,100,100,v018
ZISOA,0,194,194,v008
ZISOA,151,292,141,v027
XMANZ,0,755,755,v032
XMANZ,0,755,755,v018
XMANZ,204,566,362,v019
XMANZ,0,755,755,v008
HUOZ0,268,867,599,v008
HUOZ0,295,477,182,v012
HUOZ0,300,746,446,v031
HUOZ0,278,460,182,v023
HUOZ0,472,804,332,v019
HUOZ0,81,230,149,v016
D444N,112,355,243,v016
D444N,391,714,323,v008
D444N,264,458,194,v009
D444N,0,244,244,v018
D444N,192,714,522,v014
D444N,345,499,154,v019
9JHH9,595,689,94,v001
9JHH9,0,689,689,v008
9JHH9,0,689,689,v014
QODUB,648,786,138,v001
QODUB,0,744,744,v031
QODUB,0,736,736,v013
QODUB,0,741,741,v008
QODUB,0,732,732,v014
U3T5A,448,621,173,v008
U3T5A,21,196,175,v023
U3T5A,201,391,190,v015
U3T5A,48,225,177,v023
U3T5A,79,228,149,v012
U3T5A,540,667,127,v016
U3T5A,398,535,137,v004
U3T5A,439,571,132,v016
U3T5A,540,669,129,v023
U3T5A,24,182,158,v016
U3T5A,24,168,144,v016
P73KX,31,225,194,v028
P73KX,252,489,237,v018
P73KX,256,391,135,v018
P73KX,247,391,144,v018
P73KX,136,285,149,v026
PGGRZ,0,112,112,v008
PGGRZ,0,103,103,v023
PGGRZ,9,132,123,v025
PGGRZ,115,300,185,v021
PGGRZ,0,300,300,v018
PGGRZ,4,151,147,v025
PGGRZ,115,300,185,v021
PGGRZ,74,206,132,v023
PGGRZ,110,300,190,v008
IUOC0,408,684,276,v018
IUOC0,266,400,134,v001
IUOC0,532,684,152,v005
IUOC0,398,684,286,v018
IUOC0,122,360,238,v017
IUOC0,369,684,315,v018
IUOC0,153,590,437,v008
IUOC0,508,684,176,v005
T9V1I,21,454,433,v008
T9V1I,194,444,250,v030
T9V1I,199,321,122,v008
T9V1I,393,454,61,v014
9L71W,252,684,432,v008
9L71W,724,772,48,v031
9L71W,724,772,48,v009
9L71W,724,772,48,v019
9L71W,724,772,48,v016
EO9UA,412,769,357,v026
EO9UA,0,444,444,v026
EO9UA,0,444,444,v030
EO9UA,0,314,314,v026
EN3QY,487,772,285,v031
EN3QY,0,590,590,v008
EN3QY,0,669,669,v026
YV874,33,223,190,v020
YV874,314,456,142,v018
YV874,340,727,387,v018
XI9LI,160,523,363,v009
XI9LI,103,556,453,v031
XI9LI,460,631,171,v012
XI9LI,122,684,562,v019
XI9LI,470,631,161,v012
XI9LI,679,758,79,v023
XI9LI,163,340,177,v009
VYW49,432,749,317,v018
VYW49,0,528,528,v026
VYW49,504,660,156,v018
VYW49,0,528,528,v026
VYW49,700,749,49,v018
LKKQQ,0,465,465,v032
LKKQQ,396,520,124,v025
LKKQQ,487,565,78,v022
LKKQQ,38,333,295,v019
LKKQQ,398,565,167,v026
LKKQQ,0,463,463,v008
RXNW7,0,651,651,v008
RXNW7,220,566,346,v032
FXIVQ,129,518,389,v004
FXIVQ,494,559,65,v016
FXIVQ,0,559,559,v008
FXIVQ,487,559,72,v016
FXIVQ,124,508,384,v008
FXIVQ,31,223,192,v023
FXIVQ,7,180,173,v012
FXIVQ,379,559,180,v016
FXIVQ,139,427,288,v008
FXIVQ,192,559,367,v023
FXIVQ,120,352,232,v022
FXIVQ,501,559,58,v016
FXIVQ,0,559,559,v008
GSIYV,0,427,427,v008
GSIYV,600,731,131,v023
GSIYV,508,698,190,v016
GSIYV,148,290,142,v016
GSIYV,362,518,156,v008
GSIYV,350,518,168,v023
GSIYV,194,434,240,v026
GSIYV,0,266,266,v026
B8WPE,657,788,131,v023
B8WPE,295,487,192,v008
B8WPE,302,458,156,v016
B8WPE,67,446,379,v026
B8WPE,636,788,152,v008
TK76G,297,375,78,v005
TK76G,259,375,116,v016
TK76G,0,333,333,v030
TK76G,0,340,340,v008
TK76G,0,199,199,v023
TK76G,0,375,375,v026
AI6KJ,124,295,171,v016
AI6KJ,120,295,175,v016
AI6KJ,278,441,163,v001
AI6KJ,0,314,314,v008
AI6KJ,136,314,178,v025
AI6KJ,240,376,136,v007
AI6KJ,19,177,158,v029
SMRL1,0,760,760,v026
SMRL1,0,760,760,v022
KOF86,588,758,170,v005
KOF86,64,576,512,v028
KOF86,559,940,381,v031
KOF86,134,283,149,v025
KOF86,530,940,410,v008
KOF86,607,792,185,v005
EU10X,429,544,115,v004
EU10X,240,713,473,v008
EU10X,237,713,476,v014
EU10X,100,328,228,v031
EU10X,0,196,196,v005
EU10X,211,333,122,v016
EU10X,0,713,713,v018
EU10X,0,713,713,v018
EU10X,0,336,336,v008
EU10X,211,336,125,v016
MERBU,477,755,278,v008
MERBU,0,451,451,v017
MERBU,499,755,256,v005
MERBU,424,547,123,v018
MERBU,472,755,283,v008
MERBU,151,283,132,v029
MERBU,216,547,331,v019
NJ8KM,0,403,403,v031
NJ8KM,420,526,106,v023
29E4A,408,871,463,v003
29E4A,67,477,410,v003
8817I,156,540,384,v008
8817I,21,216,195,v028
8817I,2,216,214,v023
8817I,117,237,120,v025
8817I,199,525,326,v013
8817I,52,635,583,v023
8817I,168,537,369,v016
8817I,88,216,128,v023
8817I,168,535,367,v014
KNN3G,0,309,309,v016
KNN3G,436,726,290,v004
KNN3G,292,508,216,v016
KNN3G,0,448,448,v023
KNN3G,2,528,526,v016
KNN3G,2,549,547,v026
KNN3G,427,590,163,v018
KNN3G,381,614,233,v016
KNN3G,84,350,266,v016
KNN3G,432,726,294,v018
KNN3G,537,726,189,v023
KNN3G,544,726,182,v005
KNN3G,256,528,272,v015
KNN3G,532,726,194,v005
KNN3G,525,726,201,v008
KNN3G,518,726,208,v023
KNN3G,326,513,187,v008
2GF6R,256,372,116,v008
2GF6R,84,316,232,v000
2GF6R,151,388,237,v005
2GF6R,67,208,141,v031
2GF6R,103,518,415,v005
2GF6R,0,100,100,v023
2GF6R,21,196,175,v022
2GF6R,0,60,60,v010
2GF6R,16,518,502,v008
OEYA3,0,268,268,v018
OEYA3,0,79,79,v018
OEYA3,307,714,407,v026
OEYA3,165,312,147,v022
OEYA3,300,714,414,v026
RY8ZS,0,362,362,v030
RY8ZS,264,463,199,v019
RY8ZS,0,564,564,v001
RY8ZS,0,244,244,v016
RY8ZS,21,276,255,v025
7UPGT,384,532,148,v009
7UPGT,384,532,148,v019
7UPGT,360,480,120,v001
7UPGT,336,552,216,v008
7UPGT,0,120,120,v012
7UPGT,333,472,139,v023
7UPGT,340,558,218,v008
7UPGT,120,268,148,v023
F1C8I,148,319,171,v016
F1C8I,0,302,302,v008
F1C8I,2,722,720,v031
F1C8I,583,708,125,v023
KA8IR,100,343,243,v016
KA8IR,460,710,250,v008
KA8IR,266,626,360,v023
KA8IR,218,518,300,v023
KA8IR,0,201,201,v028
KA8IR,472,710,238,v016
KA8IR,170,292,122,v022
KA8IR,252,710,458,v008
KA8IR,472,710,238,v008
KA8IR,266,710,444,v016
4WUNC,136,340,204,v001
4WUNC,434,686,252,v023
4WUNC,561,904,343,v008
4WUNC,561,734,173,v023
4WUNC,0,160,160,v012
4WUNC,213,381,168,v016
4WUNC,621,904,283,v005
4WUNC,182,355,173,v016
4WUNC,648,904,256,v005
4WUNC,192,904,712,v016
4WUNC,192,720,528,v008
4WUNC,168,904,736,v016
4WUNC,72,648,576,v023
4WUNC,792,904,112,v009
XXX1O,0,129,129,v012
XXX1O,333,480,147,v015
XXX1O,72,314,242,v005
XXX1O,518,662,144,v018
XXX1O,0,139,139,v023
XXX1O,532,731,199,v018
XXX1O,264,376,112,v022
XXX1O,0,352,352,v018
XXX1O,0,355,355,v018
MOWLI,69,175,106,v007
MOWLI,69,271,202,v012
MOWLI,96,259,163,v029
MOWLI,460,590,130,v023
MOWLI,463,706,243,v008
4UR1F,0,73,73,v008
4UR1F,0,73,73,v020
Y3KJW,0,674,674,v008
Y3KJW,0,674,674,v026
Y3KJW,0,674,674,v008
Y3KJW,0,674,674,v026
DS5J7,0,597,597,v031
DS5J7,415,597,182,v019
DS5J7,0,597,597,v018
RP64Z,0,412,412,v008
RP64Z,0,410,410,v026
RP64Z,364,484,120,v029
RP64Z,0,350,350,v026
RP64Z,0,199,199,v009
OCYT9,165,379,214,v001
OCYT9,2,364,362,v008
OCYT9,393,736,343,v016
OCYT9,0,345,345,v031
OCYT9,537,655,118,v023
OCYT9,326,508,182,v029
OCYT9,0,386,386,v014
OCYT9,537,736,199,v008
9V66G,134,374,240,v016
9V66G,453,849,396,v008
9V66G,492,849,357,v031
9V66G,19,295,276,v023
9V66G,112,312,200,v012
9V66G,7,400,393,v023
9V66G,292,412,120,v001
9V66G,19,278,259,v008
9V66G,19,278,259,v016
9V66G,547,820,273,v004
SM5WL,0,158,158,v008
SM5WL,72,745,673,v032
SM5WL,0,225,225,v000
SM5WL,0,745,745,v018
SM5WL,115,745,630,v018
SM5WL,0,199,199,v010
SM5WL,0,192,192,v008
SM5WL,148,410,262,v026
EFX3U,254,393,139,v001
EFX3U,0,468,468,v008
EFX3U,0,412,412,v031
EFX3U,429,734,305,v005
EFX3U,436,734,298,v005
EFX3U,427,734,307,v008
EFX3U,312,508,196,v016
MGBLJ,266,568,302,v004
MGBLJ,532,749,217,v031
MGBLJ,24,268,244,v018
MGBLJ,0,235,235,v022
MGBLJ,151,614,463,v018
3IRHH,513,691,178,v012
3IRHH,590,732,142,v016
3IRHH,0,789,789,v002
3IRHH,16,175,159,v023
3IRHH,350,511,161,v016
3IRHH,715,868,153,v029
3IRHH,0,160,160,v008
6E6GF,100,242,142,v027
6E6GF,662,1082,420,v016
6E6GF,122,616,494,v002
YLGF5,194,352,158,v028
YLGF5,0,160,160,v008
YLGF5,52,170,118,v025
YLGF5,96,211,115,v023
YLGF5,182,304,122,v025
YLGF5,112,413,301,v008
YLGF5,50,196,146,v016
YLGF5,127,413,286,v019
YLGF5,192,362,170,v028
YLGF5,52,184,132,v016
XDS14,0,230,230,v001
XDS14,986,1142,156,v008
XDS14,0,204,204,v023
XDS14,0,163,163,v012
XDS14,1046,1352,306,v030
XDS14,156,1352,1196,v005
XDS14,120,1352,1232,v008
XDS14,0,1068,1068,v002
XDS14,0,1352,1352,v008
XDS14,0,1352,1352,v023
4ZY8C,499,657,158,v025
4ZY8C,319,480,161,v016
4ZY8C,487,614,127,v001
4ZY8C,580,734,154,v012
4ZY8C,16,163,147,v004
4ZY8C,602,746,144,v016
4ZY8C,384,501,117,v023
4ZY8C,424,542,118,v012
4ZY8C,448,568,120,v031
4ZY8C,384,771,387,v008
4ZY8C,0,468,468,v016
4ZY8C,0,453,453,v008
QDOXA,549,709,160,v020
QDOXA,187,374,187,v028
QDOXA,256,388,132,v025
QDOXA,242,360,118,v016
QDOXA,460,709,249,v008
QDOXA,216,338,122,v008
G3K6P,0,292,292,v004
G3K6P,196,732,536,v030
G3K6P,0,732,732,v031
G3K6P,0,110,110,v023
G3K6P,307,424,117,v023
G3K6P,0,732,732,v008
G3K6P,312,604,292,v008
G3K6P,0,732,732,v008
XVBTO,0,475,475,v003
XVBTO,0,487,487,v016
VYNEU,0,180,180,v029
VYNEU,0,759,759,v021
VYNEU,247,759,512,v004
VYNEU,168,360,192,v018
VYNEU,172,759,587,v018
SNU9T,266,751,485,v008
SNU9T,0,566,566,v008
SNU9T,0,254,254,v008
SNU9T,360,751,391,v004
SNU9T,256,708,452,v005
SXI64,0,774,774,v031
SXI64,134,324,190,v028
SXI64,0,237,237,v006
SXI64,199,362,163,v016
SXI64,228,362,134,v025
SXI64,288,774,486,v003
SXI64,254,403,149,v023
SXI64,187,338,151,v008
5EDX4,376,609,233,v001
5EDX4,508,758,250,v001
5EDX4,429,662,233,v022
5EDX4,528,715,187,v022
5EDX4,631,758,127,v016
5EDX4,0,748,748,v014
5EDX4,631,758,127,v012
5EDX4,0,703,703,v018
5EDX4,0,624,624,v031
5EDX4,0,631,631,v032
7SXQS,24,168,144,v001
7SXQS,436,746,310,v021
7SXQS,0,554,554,v018
7SXQS,458,746,288,v018
7SXQS,362,480,118,v008
7SXQS,264,420,156,v023
7SXQS,0,103,103,v022
7SXQS,0,60,60,v031
7SXQS,0,86,86,v018
914NC,0,368,368,v023
914NC,0,368,368,v008
3ZUVI,189,316,127,v001
3ZUVI,148,276,128,v012
3ZUVI,0,177,177,v008
3ZUVI,24,163,139,v012
3ZUVI,0,134,134,v008
3ZUVI,0,134,134,v016
3ZUVI,0,81,81,v023
3ZUVI,67,175,108,v025
3ZUVI,67,182,115,v025
3ZUVI,67,182,115,v016
9FH1E,76,744,668,v006
9FH1E,0,787,787,v011
9FH1E,160,336,176,v012
9FH1E,14,115,101,v023
9FH1E,67,288,221,v012
9FH1E,0,96,96,v016
9FH1E,0,96,96,v008
9FH1E,504,619,115,v023
9FH1E,302,410,108,v016
9FH1E,475,583,108,v016
9FH1E,235,372,137,v023
QK5KC,0,741,741,v018
QK5KC,204,530,326,v009
QK5KC,264,547,283,v008
QK5KC,266,537,271,v031
QK5KC,0,741,741,v018
QK5KC,297,532,235,v019
QK5KC,7,129,122,v012
QK5KC,588,741,153,v031
QK5KC,604,741,137,v001
QK5KC,0,88,88,v023
1IYEW,0,738,738,v021
1IYEW,0,738,738,v018
1IYEW,0,738,738,v031
1IYEW,0,738,738,v008
D2T7Z,0,115,115,v031
D2T7Z,165,513,348,v023
D2T7Z,122,396,274,v010
D2T7Z,444,732,288,v022
D2T7Z,285,446,161,v001
D2T7Z,33,211,178,v012
D2T7Z,403,576,173,v025
D2T7Z,396,583,187,v025
D2T7Z,0,91,91,v018
D2T7Z,0,624,624,v008
YVOM4,218,439,221,v017
YVOM4,0,674,674,v026
YVOM4,216,328,112,v029
Y716N,374,580,206,v008
Y716N,0,376,376,v010
Y716N,494,709,215,v018
MWAGL,400,525,125,v001
MWAGL,369,516,147,v023
MWAGL,216,381,165,v012
MWAGL,220,520,300,v012
MWAGL,0,146,146,v010
MWAGL,91,261,170,v022
MWAGL,379,969,590,v008
MWAGL,508,724,216,v023
MWAGL,554,700,146,v016
MWAGL,0,136,136,v000
MWAGL,355,511,156,v023
MWAGL,355,660,305,v008
MWAGL,355,660,305,v012
MWAGL,355,660,305,v016
ZZXQF,67,552,485,v031
ZZXQF,0,208,208,v008
ZZXQF,153,352,199,v008
ZZXQF,225,403,178,v005
ZZXQF,228,436,208,v005
AR4S6,9,470,461,v008
AR4S6,0,494,494,v008
AR4S6,542,679,137,v001
AR4S6,501,638,137,v012
GJN99,0,495,495,v018
GJN99,0,495,495,v014
GJN99,0,495,495,v008
GJN99,0,495,495,v031
I0THD,530,736,206,v020
I0THD,501,736,235,v012
I0THD,0,475,475,v026
TWU2U,338,928,590,v016
TWU2U,338,566,228,v016
TWU2U,338,566,228,v023
TWU2U,242,429,187,v012
TWU2U,242,429,187,v012
TWU2U,348,556,208,v008
TWU2U,367,856,489,v008
TWU2U,348,919,571,v023
0RJKT,278,647,369,v008
0RJKT,369,647,278,v008
0RJKT,292,647,355,v018
0RJKT,206,398,192,v018
0RJKT,343,647,304,v014
0RJKT,0,439,439,v028
1UI6I,244,393,149,v008
1UI6I,280,400,120,v031
1UI6I,0,211,211,v003
1UI6I,0,208,208,v012
1UI6I,108,312,204,v001
ET224,290,518,228,v023
ET224,208,1128,920,v010
ET224,223,1113,890,v021
ET224,1156,1296,140,v012
ET224,48,216,168,v018
ET224,1068,1207,139,v022
ET224,1339,1468,129,v025
ET224,48,180,132,v008
ET224,134,283,149,v008
ET224,1082,1317,235,v008
ET224,1317,1435,118,v007
ET224,1207,1346,139,v001
ET224,376,1214,838,v005
ET224,604,782,178,v006
ET224,1142,1317,175,v029
B9F4P,0,763,763,v031
B9F4P,228,434,206,v007
B9F4P,264,415,151,v001
B9F4P,0,763,763,v008
B9F4P,216,360,144,v012
B9F4P,0,763,763,v008
B9F4P,249,364,115,v001
5I4UT,0,908,908,v021
5I4UT,0,908,908,v031
5I4UT,0,908,908,v010
5I4UT,64,194,130,v010
5I4UT,79,256,177,v031
HJH7H,0,288,288,v031
HJH7H,264,384,120,v025
HJH7H,0,616,616,v010
HJH7H,216,336,120,v022
HJH7H,302,580,278,v019
GEAB1,674,763,89,v004
GEAB1,331,736,405,v008
GEAB1,295,441,146,v023
GEAB1,352,717,365,v005
GEAB1,621,751,130,v016
GEAB1,357,732,375,v005
GEAB1,0,763,763,v031
GEAB1,331,456,125,v023
GEAB1,364,693,329,v008
GEAB1,609,736,127,v016
F8PNY,297,451,154,v018
F8PNY,0,254,254,v001
F8PNY,204,448,244,v018
F8PNY,679,727,48,v018
L5842,127,331,204,v008
L5842,194,427,233,v016
L5842,436,631,195,v005
L5842,592,757,165,v009
L5842,271,465,194,v019
L5842,429,590,161,v019
L5842,424,612,188,v023
H3LUW,525,851,326,v004
H3LUW,79,851,772,v018
H3LUW,88,851,763,v018
H3LUW,50,295,245,v018
H3LUW,487,851,364,v019
H3LUW,508,851,343,v008
H3LUW,93,851,758,v008
H3LUW,751,851,100,v016
H3LUW,266,412,146,v016
H3LUW,96,600,504,v005
H3LUW,504,840,336,v023
H3LUW,2,175,173,v008
H3LUW,12,192,180,v023
H3LUW,93,256,163,v005
H3LUW,619,851,232,v016
WJ6JM,100,680,580,v008
WJ6JM,0,103,103,v022
WJ6JM,316,680,364,v019
WJ6JM,316,680,364,v019
DPJH4,172,345,173,v001
DPJH4,124,304,180,v012
DPJH4,355,525,170,v023
DPJH4,276,424,148,v020
DPJH4,0,108,108,v029
DPJH4,352,607,255,v008
NCRCW,148,547,399,v021
NCRCW,48,211,163,v018
NCRCW,127,244,117,v023
NCRCW,465,604,139,v022
NCRCW,160,554,394,v021
NCRCW,88,559,471,v018
NCRCW,463,597,134,v016
MPBM1,208,720,512,v008
MPBM1,268,638,370,v005
MPBM1,237,720,483,v005
MPBM1,187,391,204,v018
MPBM1,0,105,105,v029
OLSMC,0,115,115,v031
OLSMC,31,204,173,v008
OLSMC,0,98,98,v020
OLSMC,67,204,137,v016
OLSMC,148,204,56,v025
5MDL5,0,139,139,v016
5MDL5,110,436,326,v020
5MDL5,0,156,156,v008
ERC0T,307,636,329,v006
ERC0T,0,758,758,v008
ERC0T,273,758,485,v022
ERC0T,0,376,376,v018
ERC0T,547,676,129,v018
ONT61,120,432,312,v016
ONT61,127,432,305,v016
ONT61,405,554,149,v031
ONT61,424,664,240,v026
ONT61,508,633,125,v006
ONT61,0,513,513,v008
ONT61,48,501,453,v026
47DR8,0,754,754,v008
47DR8,0,96,96,v026
47DR8,237,648,411,v026
47DR8,0,754,754,v019
3RN5M,273,422,149,v025
3RN5M,0,336,336,v008
3RN5M,271,405,134,v023
3RN5M,300,422,122,v025
3RN5M,0,91,91,v029
08F85,511,717,206,v008
08F85,24,362,338,v012
08F85,607,717,110,v016
08F85,266,592,326,v012
08F85,182,412,230,v016
08F85,345,556,211,v005
WLE0F,55,632,577,v008
WLE0F,79,220,141,v012
WLE0F,55,632,577,v023
WLE0F,372,597,225,v017
WLE0F,48,170,122,v029
OVYAC,139,662,523,v008
OVYAC,170,331,161,v012
OVYAC,16,172,156,v008
OVYAC,72,196,124,v016
OVYAC,237,566,329,v023
OVYAC,31,204,173,v025
OVYAC,21,151,130,v022
7L0TN,292,758,466,v008
7L0TN,0,756,756,v008
7L0TN,16,753,737,v031
7L0TN,259,434,175,v023
7L0TN,0,146,146,v012
7L0TN,0,225,225,v029
7L0TN,247,472,225,v026
IFFPZ,0,427,427,v010
IFFPZ,0,127,127,v021
IFFPZ,48,196,148,v000
IFFPZ,292,513,221,v025
IFFPZ,57,581,524,v000
J6WE2,657,801,144,v008
J6WE2,693,837,144,v025
J6WE2,52,304,252,v012
J6WE2,0,84,84,v029
J6WE2,549,732,183,v016
J6WE2,156,720,564,v008
J6WE2,192,374,182,v023
DIB6D,0,436,436,v013
DIB6D,0,480,480,v014
DIB6D,453,585,132,v004
DIB6D,220,434,214,v019
DIB6D,0,434,434,v019
DIB6D,0,728,728,v031
DIB6D,381,516,135,v023
DIB6D,660,728,68,v016
DIB6D,0,472,472,v008
DIB6D,340,480,140,v016
DIB6D,679,728,49,v019
DIB6D,679,728,49,v031
UCOGP,26,744,718,v008
UCOGP,319,744,425,v018
UCOGP,302,482,180,v018
5GITI,26,172,146,v016
5GITI,189,434,245,v008
5GITI,408,580,172,v016
5GITI,60,771,711,v005
5GITI,0,146,146,v008
5GITI,91,343,252,v023
5GITI,21,153,132,v016
YWO77,237,350,113,v016
YWO77,7,146,139,v029
YWO77,91,394,303,v008
KVYBY,38,319,281,v005
KVYBY,235,391,156,v020
KVYBY,21,158,137,v023
KVYBY,40,400,360,v008
8B9CX,0,362,362,v004
8B9CX,0,446,446,v008
8B9CX,0,410,410,v018
BALXZ,201,367,166,v001
BALXZ,38,264,226,v008
BALXZ,38,266,228,v005
BALXZ,151,288,137,v007
BALXZ,168,312,144,v012
BALXZ,0,336,336,v008
BALXZ,0,96,96,v017
BALXZ,48,240,192,v005
BALXZ,153,352,199,v029
BALXZ,12,160,148,v023
2DPW0,148,412,264,v004
2DPW0,0,153,153,v008
2DPW0,0,192,192,v016
2DPW0,0,201,201,v016
2DPW0,103,506,403,v008
2DPW0,43,182,139,v016
2DPW0,86,218,132,v023
ICPRQ,0,580,580,v032
ICPRQ,0,735,735,v014
ICPRQ,0,735,735,v018
FJM2Y,252,400,148,v008
FJM2Y,261,580,319,v016
FJM2Y,484,715,231,v023
FJM2Y,204,333,129,v019
FJM2Y,0,175,175,v008
FJM2Y,0,391,391,v016
FJM2Y,597,728,131,v008
FJM2Y,624,728,104,v031
FJM2Y,182,340,158,v012
FJM2Y,254,405,151,v016
FJM2Y,381,547,166,v008
ETT15,0,180,180,v018
ETT15,201,613,412,v026
ETT15,72,352,280,v008
ETT15,136,297,161,v022
ETT15,0,223,223,v018
ETT15,91,211,120,v001
2C2AI,0,194,194,v031
2C2AI,350,737,387,v031
2C2AI,156,324,168,v020
2C2AI,110,259,149,v022
2C2AI,232,737,505,v003
SHMU7,24,168,144,v016
SHMU7,96,743,647,v018
SHMU7,24,743,719,v016
SHMU7,384,743,359,v005
SHMU7,168,372,204,v023
SHMU7,168,422,254,v012
SHMU7,28,144,116,v016
SHMU7,0,117,117,v008
SHMU7,112,244,132,v018
SHMU7,153,743,590,v018
SHMU7,103,456,353,v019
0ACZ8,0,244,244,v019
0ACZ8,0,96,96,v019
0ACZ8,0,549,549,v031
0ACZ8,532,748,216,v008
HOLED,0,740,740,v018
HOLED,0,740,740,v018
HOLED,223,676,453,v004
HOLED,201,312,111,v016
HOLED,45,192,147,v015
HOLED,0,297,297,v008
HOLED,40,319,279,v019
HOLED,0,84,84,v023
4MFE0,9,206,197,v008
4MFE0,156,465,309,v012
4MFE0,280,501,221,v031
4MFE0,9,146,137,v005
4MFE0,331,576,245,v008
4MFE0,475,652,177,v023
4MFE0,0,585,585,v008
4MFE0,312,672,360,v023
4MFE0,480,672,192,v029
D8BTU,100,247,147,v008
D8BTU,148,261,113,v016
D8BTU,261,532,271,v026
D8BTU,163,544,381,v018
D8BTU,444,552,108,v022
D8BTU,129,300,171,v012
D8BTU,86,225,139,v018
D8BTU,252,496,244,v026
NSV0N,21,194,173,v018
NSV0N,48,736,688,v008
NSV0N,48,736,688,v014
NSV0N,50,736,686,v018
622EX,547,727,180,v008
622EX,508,662,154,v023
622EX,609,727,118,v025
622EX,0,626,626,v002
622EX,0,494,494,v031
2YO6G,151,264,113,v001
2YO6G,151,264,113,v001
2YO6G,0,120,120,v012
2YO6G,62,278,216,v023
9JPV3,0,697,697,v024
9JPV3,0,86,86,v001
9JPV3,45,697,652,v028
9JPV3,381,525,144,v016
9JPV3,388,535,147,v008
ELFEW,0,710,710,v008
41CZS,194,324,130,v025
41CZS,276,679,403,v008
41CZS,343,561,218,v012
41CZS,55,376,321,v028
41CZS,300,564,264,v016
41CZS,300,470,170,v023
41CZS,446,568,122,v029
41CZS,211,319,108,v008
41CZS,170,333,163,v025
41CZS,264,470,206,v023
MNXXD,60,799,739,v008
MNXXD,528,674,146,v004
MNXXD,67,794,727,v008
I6H4R,381,487,106,v027
I6H4R,208,348,140,v012
I6H4R,0,103,103,v029
I6H4R,487,600,113,v007
I6H4R,446,624,178,v001
I6H4R,153,278,125,v023
I6H4R,163,590,427,v008
7G6F0,489,652,163,v004
7G6F0,0,535,535,v016
7G6F0,408,542,134,v001
7G6F0,475,600,125,v023
7G6F0,489,737,248,v008
TIY7F,0,321,321,v002
TIY7F,0,146,146,v004
PKRP5,300,468,168,v016
PKRP5,0,756,756,v018
PKRP5,98,756,658,v026
PKRP5,69,256,187,v018
PKRP5,72,264,192,v018
HORZO,115,214,99,v015
HORZO,0,132,132,v012
HORZO,0,148,148,v029
HORZO,36,214,178,v008
OEHJD,0,728,728,v008
OEHJD,0,728,728,v019
OEHJD,0,728,728,v031
OEHJD,0,728,728,v026
OEHJD,0,728,728,v023
OEHJD,0,405,405,v029
XP6CJ,288,959,671,v031
XP6CJ,0,192,192,v018
XP6CJ,28,321,293,v018
XP6CJ,172,345,173,v022
XP6CJ,307,959,652,v014
RIE30,232,400,168,v004
RIE30,184,345,161,v023
RIE30,72,240,168,v009
RIE30,240,408,168,v016
RIE30,72,240,168,v009
RIE30,24,408,384,v008
TZV01,410,624,214,v022
TZV01,410,624,214,v022
TZV01,528,755,227,v008
TZV01,537,679,142,v008
TZV01,645,755,110,v001
TZV01,568,684,116,v008
TZV01,84,237,153,v026
TZV01,91,218,127,v029
7SLK1,0,326,326,v008
7SLK1,312,525,213,v001
7SLK1,0,331,331,v014
7SLK1,326,484,158,v007
297S4,148,636,488,v022
297S4,660,832,172,v001
297S4,1111,1264,153,v012
297S4,914,1108,194,v004
297S4,926,1140,214,v008
297S4,914,1135,221,v016
297S4,888,1173,285,v007
297S4,1039,1200,161,v029
297S4,684,832,148,v001
QNXGG,261,504,243,v008
QNXGG,295,504,209,v015
QNXGG,220,384,164,v008
QNXGG,43,273,230,v028
QNXGG,2,218,216,v016
7FOBX,7,160,153,v016
7FOBX,218,451,233,v028
7FOBX,441,794,353,v008
7FOBX,504,844,340,v028
7FOBX,237,864,627,v026
7FOBX,160,292,132,v025
7FOBX,160,292,132,v016
G9JMG,2,597,595,v008
G9JMG,84,576,492,v031
G9JMG,468,592,124,v022
G9JMG,84,571,487,v018
G9JMG,482,604,122,v016
G9JMG,0,115,115,v023
G9JMG,67,199,132,v018
G9JMG,0,600,600,v008
FT3D7,124,261,137,v008
FT3D7,141,259,118,v022
FT3D7,0,74,74,v018
FT3D7,0,211,211,v005
FT3D7,0,208,208,v005
FT3D7,105,273,168,v008
FT3D7,12,244,232,v019
FT3D7,103,230,127,v009
NAF1C,638,825,187,v009
NAF1C,14,528,514,v031
NAF1C,535,720,185,v022
NAF1C,31,590,559,v018
NAF1C,664,808,144,v009
NAF1C,638,760,122,v031
NAF1C,4,523,519,v014
NAF1C,753,880,127,v012
KP53W,403,590,187,v001
KP53W,244,369,125,v025
KP53W,691,739,48,v025
U4FR1,0,91,91,v012
U4FR1,122,1071,949,v026
U4FR1,122,1071,949,v008
U4FR1,122,1071,949,v026
U4FR1,0,91,91,v007
LGS4C,0,744,744,v008
LGS4C,384,744,360,v014
LGS4C,141,472,331,v031
LGS4C,0,271,271,v017
LGS4C,379,588,209,v001
LGS4C,662,744,82,v009
Z9W47,122,355,233,v008
Z9W47,261,376,115,v025
Z9W47,345,554,209,v019
Z9W47,0,141,141,v012
Z9W47,0,141,141,v012
Z9W47,0,386,386,v016
V34GF,0,460,460,v008
V34GF,405,501,96,v029
V34GF,0,468,468,v004
V34GF,309,489,180,v016
V34GF,307,492,185,v016
V34GF,0,456,456,v008
AFUBV,0,398,398,v004
AFUBV,0,769,769,v008
AFUBV,0,769,769,v008
AFUBV,0,769,769,v008
BV5CC,424,561,137,v023
BV5CC,14,134,120,v012
BV5CC,480,723,243,v008
BV5CC,343,528,185,v001
BV5CC,465,723,258,v005
BV5CC,309,511,202,v001
BV5CC,292,477,185,v016
BV5CC,165,297,132,v023
BV5CC,309,424,115,v016
LM4GS,0,705,705,v018
LM4GS,278,650,372,v008
LM4GS,189,624,435,v031
LM4GS,571,777,206,v000
LM4GS,727,1107,380,v022
LM4GS,0,746,746,v018
LM4GS,748,1107,359,v012
LM4GS,321,700,379,v032
ZP5TG,0,69,69,v008
ZP5TG,0,139,139,v005
ZP5TG,79,256,177,v009
ZP5TG,0,914,914,v018
ZP5TG,0,1020,1020,v008
ZP5TG,0,1020,1020,v018
ZP5TG,0,931,931,v019
TW46G,156,309,153,v005
TW46G,84,204,120,v001
TW46G,0,120,120,v012
TW46G,0,723,723,v018
TW46G,108,400,292,v008
J3UGZ,360,528,168,v008
J3UGZ,0,436,436,v014
J3UGZ,0,384,384,v009
J3UGZ,381,501,120,v018
J3UGZ,506,553,47,v022
J3UGZ,506,553,47,v019
J3UGZ,506,553,47,v008
XNBUT,108,220,112,v001
XNBUT,0,220,220,v008
XNBUT,0,175,175,v013
XNBUT,108,220,112,v007
XNBUT,0,172,172,v014
892RS,405,628,223,v008
892RS,532,672,140,v001
892RS,372,499,127,v016
892RS,652,737,85,v029
892RS,520,638,118,v016
892RS,499,609,110,v012
892RS,0,465,465,v008
892RS,0,465,465,v030
892RS,0,206,206,v031
892RS,350,480,130,v025
892RS,535,669,134,v001
892RS,499,650,151,v016
892RS,0,737,737,v022
892RS,0,532,532,v026
892RS,691,737,46,v023
892RS,484,737,253,v016
892RS,506,643,137,v012
892RS,451,609,158,v008
21A0W,660,754,94,v008
21A0W,645,754,109,v023
21A0W,0,754,754,v008
21A0W,316,715,399,v008
21A0W,612,754,142,v016
21A0W,619,754,135,v016
21A0W,0,754,754,v005
21A0W,0,754,754,v005
21A0W,0,754,754,v008
TCGAY,0,424,424,v014
TCGAY,439,662,223,v008
TCGAY,477,600,123,v023
TCGAY,511,755,244,v030
TCGAY,487,755,268,v008
TCGAY,415,561,146,v016
TCGAY,592,755,163,v016
TCGAY,328,523,195,v016
TCGAY,420,696,276,v023
TCGAY,494,755,261,v016
TCGAY,0,477,477,v008
W0A0Z,0,660,660,v032
W0A0Z,19,312,293,v008
W0A0Z,0,674,674,v018
W0A0Z,216,384,168,v012
W0A0Z,312,528,216,v031
W0A0Z,624,703,79,v016
W0A0Z,0,703,703,v018
W0A0Z,0,703,703,v032
MT9NE,0,228,228,v008
MT9NE,496,722,226,v008
MT9NE,338,472,134,v016
MT9NE,50,271,221,v005
MT9NE,223,722,499,v010
MT9NE,0,139,139,v012
4FD1T,595,744,149,v008
4FD1T,616,744,128,v019
4FD1T,0,67,67,v030
4FD1T,48,374,326,v026
4FD1T,602,720,118,v029
2Z0LU,211,764,553,v003
2Z0LU,208,764,556,v003
2Z0LU,216,764,548,v018
2Z0LU,0,213,213,v000
2Z0LU,0,259,259,v010
2Z0LU,208,343,135,v023
CXXVI,0,622,622,v008
J5WOX,0,725,725,v010
J5WOX,100,725,625,v005
J5WOX,2,725,723,v031
YBP5F,211,653,442,v008
YBP5F,177,372,195,v023
YBP5F,312,653,341,v024
YBP5F,98,220,122,v006
YBP5F,60,653,593,v002
YBP5F,148,280,132,v023
6AVDE,302,429,127,v008
6AVDE,0,139,139,v005
6AVDE,607,795,188,v012
9CCDY,163,393,230,v009
9CCDY,0,530,530,v031
9CCDY,124,422,298,v009
9CCDY,158,266,108,v004
XJLHC,0,640,640,v018
XJLHC,612,746,134,v001
XJLHC,0,640,640,v014
XJLHC,530,700,170,v022
XJLHC,0,768,768,v018
XJLHC,0,760,760,v031
6R7QY,525,731,206,v008
6R7QY,633,731,98,v016
6R7QY,0,103,103,v022
6R7QY,50,513,463,v006
6R7QY,633,731,98,v016
6R7QY,544,720,176,v029
R0OGE,775,1022,247,v004
R0OGE,0,156,156,v023
R0OGE,724,902,178,v026
R0OGE,0,196,196,v016
GQR08,0,182,182,v008
GQR08,91,319,228,v008
GQR08,4,244,240,v023
GQR08,117,331,214,v023
GQR08,122,372,250,v022
GQR08,417,752,335,v029
E27NK,146,580,434,v032
E27NK,0,568,568,v018
E27NK,432,597,165,v022
E27NK,0,597,597,v014
E27NK,600,761,161,v001
E27NK,537,679,142,v027
E27NK,0,592,592,v032
E27NK,0,580,580,v018
E27NK,127,633,506,v012
E27NK,612,748,136,v029
E27NK,168,631,463,v031
E27NK,0,254,254,v031
E27NK,122,235,113,v001
E27NK,583,761,178,v007
E27NK,580,708,128,v012
7YUJR,0,369,369,v026
7YUJR,0,688,688,v008
7YUJR,0,688,688,v005
7YUJR,0,688,688,v026
W0RSP,64,283,219,v008
W0RSP,28,165,137,v000
W0RSP,0,163,163,v000
W0RSP,81,276,195,v013
W0RSP,0,334,334,v008
W0RSP,0,334,334,v010
W0RSP,0,334,334,v021
W0RSP,60,292,232,v014
HG8G1,0,885,885,v010
HG8G1,0,885,885,v005
HG8G1,0,885,885,v008
HG8G1,0,885,885,v005
HG8G1,624,885,261,v019
BWLA8,0,360,360,v023
BWLA8,381,722,341,v031
BWLA8,276,422,146,v018
BWLA8,144,312,168,v001
BWLA8,144,312,168,v012
BWLA8,264,434,170,v018
MFOVZ,187,508,321,v030
MFOVZ,0,117,117,v005
MFOVZ,619,737,118,v029
MFOVZ,12,144,132,v016
MFOVZ,0,110,110,v005
30TL5,4,208,204,v001
30TL5,184,369,185,v031
30TL5,220,631,411,v022
30TL5,331,458,127,v016
30TL5,0,417,417,v018
30TL5,396,578,182,v012
30TL5,0,453,453,v008
E5O0F,254,511,257,v008
E5O0F,348,741,393,v014
E5O0F,62,468,406,v016
E5O0F,420,722,302,v025
E5O0F,280,400,120,v001
E5O0F,0,376,376,v031
E5O0F,420,813,393,v030
E5O0F,856,956,100,v016
E5O0F,249,396,147,v022
E5O0F,746,866,120,v023
E5O0F,780,956,176,v008
DPDER,429,578,149,v003
DPDER,580,823,243,v027
DPDER,304,508,204,v022
DPDER,360,504,144,v001
DPDER,0,427,427,v014
DPDER,355,504,149,v016
DPDER,0,520,520,v008
DPDER,626,739,113,v007
DPDER,631,823,192,v012
DPDER,700,823,123,v029
E1U37,127,247,120,v023
E1U37,175,247,72,v025
E1U37,127,247,120,v023
E1U37,158,247,89,v025
E1U37,0,247,247,v022
E1U37,0,74,74,v012
E1U37,4,115,111,v012
E1U37,122,240,118,v025
FSKKQ,388,746,358,v008
FSKKQ,566,811,245,v006
FSKKQ,520,657,137,v022
FSKKQ,448,612,164,v031
FSKKQ,163,458,295,v000
FSKKQ,727,847,120,v007
FSKKQ,384,523,139,v023
FSKKQ,736,847,111,v029
A42FN,0,480,480,v008
A42FN,12,136,124,v023
A42FN,496,602,106,v012
A42FN,4,326,322,v016
A42FN,52,216,164,v016
A42FN,201,544,343,v001
A42FN,141,412,271,v005
A42FN,0,487,487,v008
A42FN,506,744,238,v026
A42FN,362,484,122,v016
ROEB7,0,396,396,v008
ROEB7,0,412,412,v008
ROEB7,96,261,165,v017
N7IH0,388,566,178,v008
N7IH0,477,698,221,v005
N7IH0,254,424,170,v012
N7IH0,0,848,848,v024
N7IH0,0,848,848,v018
N7IH0,168,340,172,v023
N7IH0,338,463,125,v025
N7IH0,180,848,668,v023
N7IH0,189,456,267,v025
N7IH0,0,848,848,v008
N7IH0,189,463,274,v008
391VK,336,669,333,v008
391VK,360,470,110,v025
391VK,417,540,123,v025
391VK,0,360,360,v026
391VK,345,648,303,v025
391VK,580,723,143,v001
391VK,264,424,160,v012
391VK,360,499,139,v016
391VK,424,568,144,v016
HEIW9,0,208,208,v008
HEIW9,93,244,151,v016
HEIW9,230,417,187,v018
HEIW9,0,117,117,v029
UHDEF,0,363,363,v008
UHDEF,96,363,267,v008
UHDEF,134,363,229,v016
UHDEF,98,363,265,v023
UHDEF,103,363,260,v025
UHDEF,110,363,253,v026
UHDEF,0,76,76,v008
UHDEF,50,177,127,v008
UHDEF,0,67,67,v023
UHDEF,43,182,139,v026
UHDEF,31,163,132,v023
UHDEF,0,93,93,v016
UHDEF,69,187,118,v016
UVRMR,350,552,202,v023
UVRMR,693,806,113,v016
UVRMR,230,350,120,v008
UVRMR,12,160,148,v023
UVRMR,12,160,148,v026
UVRMR,100,249,149,v026
UVRMR,201,350,149,v026
UVRMR,57,189,132,v016
UVRMR,165,297,132,v016
UVRMR,242,367,125,v016
UVRMR,129,278,149,v008
UVRMR,12,192,180,v016
UVRMR,367,760,393,v016
UVRMR,367,758,391,v008
RYHHP,0,964,964,v031
RYHHP,0,940,940,v018
RYHHP,830,964,134,v022
RYHHP,0,388,388,v006
RYHHP,0,940,940,v018
RYHHP,0,972,972,v014
RYHHP,0,1013,1013,v008
RYHHP,0,1013,1013,v026
RYHHP,0,1013,1013,v018
Y1BRA,0,98,98,v004
Y1BRA,0,98,98,v008
8EKYA,40,513,473,v008
8EKYA,48,216,168,v029
8EKYA,0,168,168,v012
8EKYA,120,268,148,v001
F5C5M,549,734,185,v008
F5C5M,549,734,185,v031
F5C5M,0,520,520,v032
F5C5M,0,734,734,v018
F5C5M,549,734,185,v013
F5C5M,439,568,129,v023
F5C5M,492,734,242,v014
F5C5M,0,734,734,v018
F5C5M,0,734,734,v008
E5WJJ,900,1048,148,v017
E5WJJ,669,1003,334,v018
E5WJJ,686,996,310,v003
E5WJJ,465,693,228,v016
E5WJJ,376,504,128,v016
E5WJJ,340,513,173,v008
E5WJJ,199,384,185,v026
E5WJJ,355,494,139,v023
E5WJJ,0,64,64,v029
E5WJJ,523,662,139,v016
9RLQK,36,737,701,v030
37Y0B,0,216,216,v015
HAA4O,326,960,634,v008
HAA4O,297,432,135,v023
HAA4O,110,316,206,v001
HAA4O,787,960,173,v016
HAA4O,384,724,340,v013
HAA4O,868,960,92,v016
HAA4O,62,220,158,v029
HAA4O,374,907,533,v031
1GQ73,0,110,110,v025
1GQ73,432,549,117,v022
1GQ73,28,739,711,v009
1GQ73,0,739,739,v019
HMTRB,211,362,151,v012
HMTRB,0,662,662,v008
HMTRB,36,280,244,v008
HMTRB,218,372,154,v001
RVZ7X,218,470,252,v001
RVZ7X,424,792,368,v019
RVZ7X,194,444,250,v012
RVZ7X,69,568,499,v028
RVZ7X,76,556,480,v016
RVZ7X,168,312,144,v008
6EZH6,0,480,480,v008
6EZH6,0,480,480,v008
6EZH6,28,465,437,v009
6EZH6,26,480,454,v017
F87XT,0,225,225,v008
F87XT,0,225,225,v021
F87XT,0,225,225,v031
F87XT,0,225,225,v019
F87XT,0,225,225,v019
P9RNA,300,422,122,v025
P9RNA,33,396,363,v008
P9RNA,21,129,108,v023
P9RNA,300,417,117,v025
P9RNA,302,432,130,v016
P9RNA,36,396,360,v026
STY6W,93,236,143,v008
STY6W,72,192,120,v023
STY6W,0,148,148,v004
STY6W,0,236,236,v008
STY6W,115,236,121,v019
9TL3J,400,573,173,v016
9TL3J,0,136,136,v030
9TL3J,765,855,90,v027
9TL3J,532,727,195,v004
9TL3J,88,312,224,v030
9TL3J,525,818,293,v008
9TL3J,696,830,134,v016
9TL3J,696,840,144,v016
68JOO,194,386,192,v018
68JOO,0,88,88,v008
68JOO,283,470,187,v021
68JOO,194,386,192,v018
68JOO,0,91,91,v022
68JOO,249,735,486,v018
BKEYX,124,276,152,v016
BKEYX,108,326,218,v016
BKEYX,559,770,211,v004
XDVAY,0,168,168,v010
XDVAY,72,764,692,v018
XDVAY,297,722,425,v004
XDVAY,264,764,500,v008
XDVAY,0,189,189,v000
XDVAY,0,764,764,v000
XDVAY,249,432,183,v023
EAGYP,355,722,367,v005
EAGYP,580,748,168,v016
EAGYP,333,465,132,v023
EAGYP,369,710,341,v005
EAGYP,0,754,754,v017
EAGYP,348,465,117,v023
FMXZS,0,189,189,v012
FMXZS,170,422,252,v012
FMXZS,40,698,658,v016
FMXZS,628,768,140,v001
FMXZS,175,460,285,v008
FMXZS,0,79,79,v012
FMXZS,828,1040,212,v004
FMXZS,624,777,153,v016
SGUK6,0,642,642,v008
SGUK6,0,412,412,v005
SGUK6,0,412,412,v008
SGUK6,0,412,412,v005
SGUK6,0,391,391,v008
SGUK6,292,642,350,v019
SGUK6,292,642,350,v009
LP1F3,26,470,444,v008
LP1F3,280,494,214,v016
LP1F3,21,201,180,v023
LP1F3,415,628,213,v007
LP1F3,0,153,153,v020
LP1F3,439,628,189,v022
LP1F3,513,643,130,v029
LP1F3,0,568,568,v018
LP1F3,520,652,132,v001
LP1F3,429,609,180,v012
DIDRB,0,336,336,v004
DIDRB,0,345,345,v008
DIDRB,252,727,475,v030
YH7K4,0,336,336,v008
YH7K4,316,482,166,v012
YH7K4,120,393,273,v004
YH7K4,405,695,290,v005
YH7K4,74,695,621,v008
YH7K4,0,695,695,v018
TDD74,28,244,216,v008
TDD74,295,492,197,v003
TDD74,52,182,130,v023
CK6OL,0,100,100,v016
CK6OL,0,100,100,v016
7LYA9,194,348,154,v008
7LYA9,184,314,130,v023
7LYA9,247,360,113,v025
7LYA9,247,360,113,v025
7LYA9,232,532,300,v009
7LYA9,223,590,367,v019
4YL07,360,720,360,v008
4YL07,290,609,319,v015
4YL07,578,720,142,v004
4YL07,168,312,144,v031
4YL07,0,76,76,v023
4YL07,232,340,108,v023
4YL07,489,607,118,v016
G13QI,0,892,892,v026
G13QI,0,892,892,v008
TBU3U,180,350,170,v023
TBU3U,0,120,120,v029
PM2GT,91,225,134,v008
PM2GT,120,237,117,v016
PM2GT,218,343,125,v012
PM2GT,100,230,130,v008
PM2GT,554,686,132,v016
KAHM2,9,151,142,v029
KAHM2,43,319,276,v008
KAHM2,223,448,225,v030
KAHM2,45,819,774,v030
V58VE,259,758,499,v008
V58VE,0,758,758,v018
V58VE,398,556,158,v019
V58VE,0,758,758,v008
V58VE,0,758,758,v014
GADLP,0,754,754,v008
GADLP,564,754,190,v019
GADLP,235,754,519,v013
GADLP,0,754,754,v014
VKKIQ,268,408,140,v001
VKKIQ,4,201,197,v012
VKKIQ,134,264,130,v008
VKKIQ,273,415,142,v001
VKKIQ,7,177,170,v012
VKKIQ,86,264,178,v023
53HOB,242,691,449,v008
53HOB,242,691,449,v008
FVITB,585,787,202,v008
FVITB,528,691,163,v001
FVITB,0,787,787,v002
FVITB,475,607,132,v012
FVITB,148,268,120,v023
3EHAJ,0,336,336,v008
3EHAJ,0,328,328,v016
3EHAJ,204,731,527,v032
3EHAJ,0,168,168,v019
3EHAJ,0,168,168,v009
3EHAJ,482,657,175,v031
QXI52,535,755,220,v029
QXI52,518,664,146,v022
QXI52,628,755,127,v001
QXI52,0,112,112,v031
QXI52,0,621,621,v008
QXI52,50,547,497,v020
QXI52,583,732,149,v012
QXI52,0,614,614,v018
QXI52,0,621,621,v018
QXI52,0,621,621,v031
22A2G,276,875,599,v008
22A2G,312,875,563,v018
22A2G,760,875,115,v020
22A2G,739,861,122,v001
22A2G,206,861,655,v031
2SKOA,192,489,297,v016
2SKOA,192,489,297,v016
2SKOA,134,304,170,v016
2SKOA,0,336,336,v008
2SKOA,0,336,336,v008
KCLMY,240,405,165,v031
KCLMY,0,91,91,v029
KCLMY,254,398,144,v023
KCLMY,302,412,110,v008
DDUXF,427,772,345,v008
DDUXF,0,787,787,v031
DDUXF,0,789,789,v005
DDUXF,0,513,513,v032
DDUXF,436,624,188,v023
DDUXF,585,758,173,v014
R1RDT,120,312,192,v010
R1RDT,292,484,192,v014
R1RDT,496,626,130,v001
R1RDT,0,235,235,v021
R1RDT,0,175,175,v000
R1RDT,187,631,444,v008
R1RDT,242,463,221,v022
R1RDT,458,626,168,v029
YMM1Z,388,508,120,v001
YMM1Z,0,393,393,v002
YMM1Z,345,532,187,v017
YMM1Z,357,487,130,v012
YMM1Z,412,544,132,v029
FL6DF,9,472,463,v008
FL6DF,247,381,134,v025
FL6DF,367,482,115,v022
FL6DF,21,470,449,v018
FL6DF,144,331,187,v023
FL6DF,76,194,118,v012
FL6DF,0,117,117,v018
FL6DF,213,333,120,v016
FL6DF,144,326,182,v026
FL6DF,146,324,178,v008
FL6DF,350,472,122,v016
MRXEW,321,652,331,v008
MRXEW,468,652,184,v016
MRXEW,259,432,173,v023
7N4TW,1874,2011,137,v010
7N4TW,892,1082,190,v028
7N4TW,254,2089,1835,v018
7N4TW,108,664,556,v028
7N4TW,871,1216,345,v023
7N4TW,1456,1605,149,v016
7N4TW,1843,2011,168,v021
7N4TW,192,350,158,v018
7N4TW,912,1478,566,v003
7N4TW,1644,1771,127,v023
7N4TW,1404,1646,242,v016
7N4TW,1404,1562,158,v022
7N4TW,484,780,296,v008
WZO6V,0,168,168,v012
WZO6V,240,750,510,v021
WZO6V,76,206,130,v023
WZO6V,93,292,199,v008
WZO6V,19,180,161,v029
WZO6V,264,410,146,v001
WZO6V,204,369,165,v016
3PXGQ,568,705,137,v023
3PXGQ,115,475,360,v003
3PXGQ,4,264,260,v008
3PXGQ,532,705,173,v026
3PXGQ,0,235,235,v026
3PXGQ,0,297,297,v023
3PXGQ,72,492,420,v016
B3HCE,420,559,139,v012
B3HCE,105,290,185,v016
B3HCE,108,295,187,v016
B3HCE,249,424,175,v001
B3HCE,31,201,170,v012
B3HCE,105,244,139,v029
B3HCE,396,726,330,v008
B3HCE,381,494,113,v023
B3HCE,424,726,302,v031
B3HCE,52,487,435,v007
B3HCE,31,309,278,v008
AA104,91,376,285,v015
AA104,0,561,561,v008
EZ3CG,268,753,485,v014
EZ3CG,240,760,520,v018
EZ3CG,189,350,161,v023
EZ3CG,124,336,212,v018
EZ3CG,0,199,199,v016
EZ3CG,60,177,117,v029
EZ3CG,232,760,528,v031
GG4UR,240,369,129,v012
GG4UR,328,456,128,v001
GG4UR,0,86,86,v031
GG4UR,264,408,144,v023
GG4UR,240,360,120,v012
GG4UR,120,216,96,v018
GG4UR,283,474,191,v023
GG4UR,283,474,191,v008
GG4UR,321,451,130,v001
GG4UR,0,228,228,v018
GG4UR,0,117,117,v020
V4HY4,242,391,149,v008
V4HY4,0,120,120,v029
KSPZY,33,770,737,v026
KSPZY,367,770,403,v008
KSPZY,374,770,396,v013
KSPZY,0,770,770,v008
KSPZY,0,91,91,v001
KSPZY,350,770,420,v014
KSPZY,38,770,732,v026
CYT5I,472,652,180,v029
CYT5I,170,398,228,v016
CYT5I,501,660,159,v001
CYT5I,266,369,103,v016
CYT5I,259,360,101,v025
CYT5I,477,626,149,v007
CYT5I,0,369,369,v008
CYT5I,336,439,103,v016
ZS9XR,36,218,182,v023
ZS9XR,355,480,125,v022
ZS9XR,0,451,451,v008
ZS9XR,57,420,363,v005
ZS9XR,4,139,135,v018
ZS9XR,31,451,420,v018
ZS9XR,362,1005,643,v026
ZS9XR,782,1036,254,v030
ZS9XR,388,573,185,v026
ZS9XR,213,345,132,v008
ZS9XR,559,799,240,v016
ZS9XR,254,410,156,v005
NQ1V6,398,652,254,v003
NQ1V6,0,177,177,v008
NQ1V6,168,398,230,v028
NQ1V6,295,405,110,v016
NQ1V6,244,372,128,v023
NNUHF,38,218,180,v018
NNUHF,81,743,662,v008
NNUHF,19,223,204,v016
NNUHF,0,743,743,v008
NNUHF,0,230,230,v016
NNUHF,72,743,671,v018
NNUHF,55,192,137,v018
EM1K2,0,156,156,v015
EM1K2,151,304,153,v018
EM1K2,192,742,550,v031
EM1K2,189,742,553,v018
EM1K2,81,196,115,v029
L5GEN,64,621,557,v031
L5GEN,525,643,118,v019
L5GEN,314,472,158,v029
MAMJ8,0,136,136,v029
MAMJ8,592,737,145,v008
MAMJ8,564,708,144,v023
MAMJ8,40,259,219,v026
1DW7H,0,698,698,v014
1DW7H,0,748,748,v008
1DW7H,669,748,79,v031
MN1O2,0,425,425,v008
MN1O2,45,232,187,v008
MN1O2,158,355,197,v019
MN1O2,220,338,118,v031
MN1O2,158,355,197,v019
MN1O2,0,425,425,v026
MN1O2,144,398,254,v009
X58SH,384,638,254,v016
X58SH,43,307,264,v015
X58SH,621,746,125,v023
X58SH,475,643,168,v026
X58SH,345,643,298,v016
X58SH,616,832,216,v016
X58SH,432,561,129,v012
X58SH,470,643,173,v016
GQ4PM,0,196,196,v008
GQ4PM,0,196,196,v031
GQ4PM,0,196,196,v019
SYGU0,0,355,355,v030
Y9SMX,496,732,236,v004
Y9SMX,1034,1169,135,v012
Y9SMX,1034,1169,135,v012
Y9SMX,484,1058,574,v031
Y9SMX,0,458,458,v015
Y9SMX,1120,1169,49,v016
Y9SMX,1120,1169,49,v023
Y9SMX,1120,1169,49,v008
SN85M,614,734,120,v025
SN85M,0,136,136,v006
SN85M,604,734,130,v025
HRFGY,249,398,149,v016
HRFGY,232,439,207,v020
HRFGY,158,271,113,v001
HRFGY,33,252,219,v031
HRFGY,237,386,149,v016
HRFGY,9,372,363,v008
HRFGY,24,134,110,v012
85LEB,355,480,125,v014
85LEB,0,112,112,v004
85LEB,0,487,487,v018
85LEB,391,528,137,v022
85LEB,602,732,130,v026
85LEB,0,751,751,v008
A53A6,0,697,697,v008
A53A6,0,697,697,v018
A53A6,0,697,697,v023
JWVW9,9,237,228,v020
JWVW9,0,493,493,v018
JWVW9,0,493,493,v008
03D66,0,204,204,v023
03D66,206,304,98,v019
03D66,108,223,115,v008
03D66,115,746,631,v005
03D66,216,746,530,v031
03D66,0,746,746,v008
E1TJI,0,273,273,v008
E1TJI,134,343,209,v016
E1TJI,520,783,263,v019
E1TJI,559,783,224,v031
E1TJI,540,648,108,v020
FZVQN,0,516,516,v008
FZVQN,148,412,264,v016
FZVQN,0,522,522,v026
FZVQN,146,388,242,v012
FZVQN,146,388,242,v023
FZVQN,148,388,240,v008
NIG0Z,84,410,326,v004
NIG0Z,446,614,168,v008
NIG0Z,549,691,142,v016
NIG0Z,530,645,115,v018
NIG0Z,9,120,111,v018
NIG0Z,38,312,274,v008
TTRAJ,0,285,285,v008
TTRAJ,108,295,187,v016
TTRAJ,165,412,247,v020
TTRAJ,0,604,604,v008
TTRAJ,434,607,173,v023
TTRAJ,0,607,607,v023
QX89T,132,762,630,v018
QX89T,139,451,312,v006
QX89T,96,228,132,v018
QX89T,482,762,280,v013
QX89T,468,762,294,v019
QX89T,352,487,135,v023
QX89T,0,88,88,v029
QX89T,372,762,390,v014
QX89T,504,762,258,v019
QX89T,76,762,686,v031
QX89T,374,762,388,v008
2B3BL,127,624,497,v008
2B3BL,0,182,182,v012
2B3BL,535,1030,495,v016
2B3BL,213,424,211,v012
2B3BL,276,1030,754,v008
2B3BL,396,1030,634,v026
2B3BL,105,1030,925,v026
2B3BL,100,938,838,v023
2B3BL,316,636,320,v016
2B3BL,136,268,132,v023
UWL8I,0,672,672,v008
UWL8I,492,655,163,v008
UWL8I,350,580,230,v017
L5G6N,609,720,111,v027
L5G6N,2,218,216,v001
L5G6N,516,705,189,v022
L5G6N,12,189,177,v026
JJLTF,69,811,742,v008
JJLTF,192,369,177,v020
JJLTF,127,288,161,v004
JJLTF,657,811,154,v016
JJLTF,57,811,754,v008
5E01W,228,489,261,v014
5E01W,0,300,300,v008
5E01W,247,477,230,v023
5E01W,247,477,230,v008
7L4DW,0,331,331,v008
7L4DW,105,424,319,v012
7L4DW,172,348,176,v016
7L4DW,0,86,86,v023
5J9HP,297,609,312,v008
5J9HP,494,674,180,v005
5J9HP,64,324,260,v012
5J9HP,499,652,153,v005
5J9HP,218,842,624,v008
5J9HP,0,168,168,v017
5J9HP,340,844,504,v005
XKM5R,0,734,734,v008
XKM5R,0,700,700,v004
XKM5R,0,734,734,v008
2MR5K,537,778,241,v008
2MR5K,0,328,328,v014
2MR5K,237,384,147,v008
2MR5K,0,391,391,v008
2MR5K,0,360,360,v031
2MR5K,525,645,120,v023
2MR5K,232,391,159,v016
O5FR0,0,302,302,v028
O5FR0,0,520,520,v008
LWB5E,0,127,127,v016
LWB5E,0,108,108,v016
LWB5E,0,199,199,v023
LWB5E,525,748,223,v023
LWB5E,0,1207,1207,v008
NIRNP,122,295,173,v008
NIRNP,163,304,141,v016
NIRNP,105,223,118,v023
NIRNP,74,406,332,v008
NIRNP,72,204,132,v017
NIRNP,124,256,132,v020
0KISF,0,733,733,v008
0KISF,484,733,249,v009
0KISF,187,316,129,v018
0KISF,0,733,733,v008
0KISF,96,729,633,v026
0KISF,237,733,496,v019
YX0YS,0,744,744,v031
YX0YS,283,523,240,v008
YX0YS,0,744,744,v008
A3OWG,0,242,242,v008
A3OWG,290,422,132,v008
A3OWG,254,408,154,v023
A3OWG,242,422,180,v019
S6RYI,141,528,387,v008
S6RYI,415,534,119,v023
S6RYI,201,328,127,v020
S6RYI,67,532,465,v008
S6RYI,276,528,252,v008
S6RYI,280,525,245,v004
S6RYI,72,218,146,v023
MI7WU,0,559,559,v031
MI7WU,0,566,566,v018
MI7WU,456,597,141,v022
03TL7,331,516,185,v008
03TL7,235,364,129,v022
03TL7,0,213,213,v005
03TL7,0,350,350,v018
03TL7,638,904,266,v016
03TL7,511,904,393,v016
03TL7,0,360,360,v018
QKIYJ,0,256,256,v006
QKIYJ,38,208,170,v031
QKIYJ,352,669,317,v031
QKIYJ,136,468,332,v009
QKIYJ,184,429,245,v020
QKIYJ,640,786,146,v023
QKIYJ,0,108,108,v029
N8XDV,43,189,146,v005
N8XDV,211,386,175,v031
N8XDV,0,425,425,v018
N8XDV,376,425,49,v008
N8XDV,376,425,49,v014
N8XDV,376,425,49,v016
N8XDV,376,425,49,v008
N8XDV,0,288,288,v031
N8XDV,60,180,120,v005
N8XDV,0,240,240,v008
N8XDV,376,425,49,v031
N8XDV,376,425,49,v005
N8XDV,376,425,49,v008
N8XDV,376,425,49,v016
2K755,0,74,74,v002
2K755,362,496,134,v028
2K755,0,132,132,v005
2K755,0,439,439,v023
2K755,470,726,256,v016
2K755,0,439,439,v016
2K755,470,726,256,v016
4IWYR,60,223,163,v031
4IWYR,4,158,154,v018
4IWYR,38,690,652,v018
4IWYR,0,690,690,v008
JDQB8,0,509,509,v008
JDQB8,0,472,472,v008
JDQB8,0,509,509,v024
8ISS6,456,612,156,v021
8ISS6,0,480,480,v003
8ISS6,0,81,81,v023
8ISS6,417,761,344,v008
5I54H,151,309,158,v016
5I54H,297,570,273,v008
5I54H,381,508,127,v020
5I54H,0,122,122,v012
E0IME,0,417,417,v005
E0IME,712,805,93,v017
E0IME,705,805,100,v022
E0IME,72,789,717,v031
E0IME,24,784,760,v032
E0IME,112,780,668,v008
E0IME,0,112,112,v023
E0IME,0,789,789,v018
E0IME,0,91,91,v016
E0IME,684,804,120,v025
E0IME,0,805,805,v016
E0IME,0,801,801,v018
E0IME,0,801,801,v032
IRF8X,0,740,740,v032
IRF8X,0,740,740,v014
IRF8X,141,300,159,v020
UD7R8,14,304,290,v003
UD7R8,237,369,132,v020
UD7R8,280,583,303,v018
UD7R8,530,720,190,v003
UD7R8,655,731,76,v012
UD7R8,16,468,452,v023
UD7R8,679,731,52,v029
UD7R8,650,731,81,v007
UD7R8,504,643,139,v022
2JTRG,0,764,764,v005
2JTRG,602,764,162,v023
2JTRG,0,764,764,v005
2JTRG,0,764,764,v018
2JTRG,0,764,764,v018
2JTRG,189,379,190,v016
2JTRG,360,602,242,v009
2JTRG,360,604,244,v019
2JTRG,31,662,631,v008
2JTRG,28,132,104,v023
2JTRG,31,144,113,v008
2JTRG,616,764,148,v008
MLS4T,62,252,190,v008
MLS4T,50,249,199,v016
MLS4T,218,499,281,v016
MLS4T,177,468,291,v004
MLS4T,124,482,358,v008
MLS4T,112,295,183,v023
MLS4T,55,180,125,v025
YGQ7E,0,213,213,v018
YGQ7E,213,396,183,v026
YGQ7E,182,292,110,v022
YGQ7E,0,223,223,v018
YGQ7E,0,451,451,v032
YGQ7E,405,517,112,v012
OC6YU,285,540,255,v008
OC6YU,230,444,214,v018
OC6YU,237,434,197,v018
OC6YU,290,880,590,v018
OC6YU,67,343,276,v015
OC6YU,268,417,149,v016
OC6YU,448,880,432,v019
PVSVG,0,730,730,v008
PVSVG,100,730,630,v009
PVSVG,0,98,98,v019
PVSVG,28,230,202,v023
275W0,0,522,522,v008
275W0,336,460,124,v016
275W0,7,124,117,v029
275W0,0,522,522,v008
275W0,458,522,64,v016
275W0,0,312,312,v008
BCUTT,0,662,662,v014
BCUTT,0,740,740,v008
BCUTT,405,576,171,v020
BCUTT,0,720,720,v018
BCUTT,636,740,104,v022
BCUTT,127,333,206,v031
GWQ73,208,340,132,v008
GWQ73,0,744,744,v006
GWQ73,208,340,132,v005
HXAIA,0,175,175,v008
SWZWL,501,763,262,v008
SWZWL,523,763,240,v014
SWZWL,477,619,142,v023
SWZWL,0,604,604,v026
SWZWL,520,763,243,v013
SWZWL,0,600,600,v016
SWZWL,0,763,763,v019
SWZWL,0,763,763,v008
SWZWL,21,151,130,v008
SWZWL,16,158,142,v023
P71W7,0,738,738,v008
P71W7,14,738,724,v009
P71W7,0,74,74,v029
4YVE0,21,626,605,v008
4YVE0,256,628,372,v021
4YVE0,16,597,581,v031
5VS8B,223,597,374,v008
5VS8B,0,88,88,v010
5VS8B,350,598,248,v029
5VS8B,120,598,478,v022
5VS8B,0,204,204,v021
56JT8,211,492,281,v026
56JT8,0,196,196,v008
56JT8,0,122,122,v005
56JT8,0,220,220,v008
56JT8,110,225,115,v016
3IJGQ,0,362,362,v008
3IJGQ,0,405,405,v008
3IJGQ,288,434,146,v016
3IJGQ,0,393,393,v005
3IJGQ,0,242,242,v019
3IJGQ,0,343,343,v005
3IJGQ,324,520,196,v023
3IJGQ,355,720,365,v008
3IJGQ,453,720,267,v004
QUPLC,134,275,141,v016
QUPLC,0,105,105,v012
QUPLC,110,240,130,v008
QUPLC,33,204,171,v001
QUPLC,134,275,141,v016
QUPLC,134,275,141,v016
QUPLC,0,108,108,v029
Z06HO,163,386,223,v026
Z06HO,427,703,276,v008
Z06HO,4,292,288,v030
Z06HO,0,328,328,v030
Z06HO,156,273,117,v025
Z06HO,367,540,173,v023
Z06HO,158,280,122,v025
Z06HO,165,276,111,v025
Z06HO,14,242,228,v030
BAUQE,120,244,124,v023
BAUQE,196,352,156,v026
BAUQE,2,129,127,v026
BAUQE,180,352,172,v026
BAUQE,0,168,168,v026
4UW2K,367,487,120,v026
4UW2K,410,547,137,v026
4UW2K,93,432,339,v004
561H5,132,273,141,v018
561H5,0,288,288,v008
561H5,309,451,142,v005
561H5,254,451,197,v031
561H5,292,417,125,v008
561H5,0,163,163,v029
4ISIX,28,386,358,v008
4ISIX,374,520,146,v023
4ISIX,465,621,156,v029
4ISIX,446,621,175,v012
4ISIX,120,381,261,v025
ZSJ2I,561,741,180,v001
ZSJ2I,235,424,189,v004
ZSJ2I,0,468,468,v018
ZSJ2I,40,367,327,v004
ZSJ2I,304,568,264,v029
ZSJ2I,297,542,245,v022
ZSJ2I,0,110,110,v018
ZSJ2I,0,408,408,v008
ZSJ2I,547,741,194,v007
ZSJ2I,12,386,374,v015
M3IK4,0,797,797,v018
M3IK4,362,797,435,v030
M3IK4,0,797,797,v008
M3IK4,0,797,797,v008
CVPFH,528,811,283,v016
CVPFH,0,316,316,v027
CVPFH,446,811,365,v028
CVPFH,324,811,487,v008
YC9FL,43,235,192,v001
YC9FL,180,496,316,v022
YC9FL,72,480,408,v030
YC9FL,76,720,644,v008
OWAA9,487,643,156,v012
OWAA9,388,525,137,v016
OWAA9,0,499,499,v008
OWAA9,436,552,116,v022
OWAA9,456,583,127,v007
OWAA9,376,513,137,v016
OWAA9,0,554,554,v018
OWAA9,494,631,137,v029
OWAA9,381,528,147,v016
OWAA9,513,676,163,v001
OWAA9,0,520,520,v018
5NE5A,264,662,398,v031
5NE5A,0,662,662,v008
5NE5A,312,662,350,v022
5NE5A,38,328,290,v013
D9UBV,0,655,655,v008
D9UBV,0,655,655,v008
D9UBV,0,655,655,v009
BGQIF,748,979,231,v016
BGQIF,189,468,279,v005
BGQIF,48,172,124,v018
BGQIF,936,1048,112,v022
BGQIF,38,160,122,v018
BGQIF,69,225,156,v016
BGQIF,268,424,156,v008
BGQIF,494,897,403,v008
E3UFX,0,278,278,v006
E3UFX,0,290,290,v022
E3UFX,201,298,97,v019
5RET1,0,742,742,v018
5RET1,446,742,296,v023
5RET1,160,742,582,v008
5RET1,242,374,132,v018
5RET1,264,525,261,v016
5RET1,266,508,242,v026
5RET1,156,523,367,v016
5RET1,487,742,255,v008
WJ33D,268,410,142,v023
WJ33D,194,350,156,v023
WJ33D,379,554,175,v022
WJ33D,254,576,322,v008
WJ33D,211,458,247,v023
WJ33D,235,412,177,v008
WJ33D,0,484,484,v010
WJ33D,256,369,113,v023
WJ33D,537,715,178,v020
WJ33D,340,576,236,v016
WJ33D,340,576,236,v008
APVAD,304,504,200,v025
APVAD,0,331,331,v028
APVAD,410,723,313,v017
APVAD,535,698,163,v001
APVAD,506,628,122,v012
APVAD,160,420,260,v008
APVAD,276,396,120,v025
APVAD,415,525,110,v023
X3952,415,638,223,v010
X3952,297,621,324,v021
X3952,0,132,132,v028
X3952,278,638,360,v008
X3952,26,180,154,v016
X3952,240,379,139,v018
0HD9F,463,658,195,v023
0HD9F,242,439,197,v001
0HD9F,228,408,180,v012
0HD9F,64,276,212,v026
E1TUD,0,134,134,v028
E1TUD,422,578,156,v012
E1TUD,21,168,147,v008
E1TUD,132,355,223,v031
E1TUD,266,508,242,v003
E1TUD,501,610,109,v001
E1TUD,232,465,233,v016
E1TUD,336,477,141,v023
E1TUD,458,604,146,v029
A0MZ9,0,244,244,v001
A0MZ9,235,789,554,v008
A0MZ9,314,789,475,v024
EGNZB,290,532,242,v008
EGNZB,417,561,144,v016
EGNZB,43,172,129,v007
EGNZB,55,196,141,v012
EGNZB,48,192,144,v029
EGNZB,266,480,214,v023
EGNZB,266,480,214,v016
2URXS,0,645,645,v021
2URXS,568,793,225,v020
2URXS,0,652,652,v010
2URXS,556,724,168,v000
10J88,0,485,485,v008
10J88,192,485,293,v014
10J88,0,264,264,v017
OZ5SV,45,480,435,v031
OZ5SV,0,120,120,v010
OZ5SV,141,480,339,v031
OZ5SV,139,379,240,v022
OZ5SV,206,364,158,v023
OZ5SV,0,199,199,v008
OZ5SV,64,204,140,v016
OZ5SV,64,175,111,v001
OZ5SV,228,388,160,v016
OZ5SV,228,388,160,v028
F17JD,463,645,182,v001
F17JD,398,556,158,v012
F17JD,405,547,142,v007
F17JD,422,566,144,v029
P4HXN,60,787,727,v008
P4HXN,643,799,156,v016
P4HXN,244,775,531,v014
P4HXN,19,530,511,v030
IYNUU,0,477,477,v008
IYNUU,326,499,173,v022
IYNUU,564,715,151,v013
IYNUU,669,780,111,v016
IYNUU,434,573,139,v023
IYNUU,475,780,305,v008
IYNUU,0,465,465,v026
UF91R,295,417,122,v001
UF91R,237,343,106,v012
UF91R,175,290,115,v001
UF91R,0,259,259,v032
UF91R,0,259,259,v014
UF91R,338,724,386,v005
UF91R,232,420,188,v023
UF91R,271,724,453,v008
03XSP,513,710,197,v026
03XSP,0,326,326,v014
03XSP,643,775,132,v023
03XSP,578,804,226,v023
03XSP,0,715,715,v008
03XSP,650,804,154,v016
03XSP,525,758,233,v016
R77MC,72,801,729,v008
R77MC,328,501,173,v016
R77MC,91,760,669,v018
R77MC,84,244,160,v023
R77MC,100,228,128,v018
R77MC,124,240,116,v012
R77MC,163,360,197,v008
R77MC,657,792,135,v022
R77MC,139,801,662,v019
R77MC,537,700,163,v001
NVQ84,0,1040,1040,v006
NVQ84,98,302,204,v012
NVQ84,40,208,168,v018
NVQ84,103,926,823,v008
NVQ84,98,943,845,v026
NVQ84,98,948,850,v008
NVQ84,211,458,247,v004
NVQ84,523,708,185,v022
NVQ84,129,626,497,v016
WKP5N,86,283,197,v008
WKP5N,79,386,307,v004
WKP5N,244,520,276,v008
WKP5N,412,631,219,v019
WKP5N,259,542,283,v022
WKP5N,434,619,185,v012
WKP5N,470,767,297,v003
WKP5N,290,662,372,v003
WKP5N,316,458,142,v023
WKP5N,182,585,403,v005
WKP5N,86,420,334,v003
WKP5N,0,189,189,v018
WKP5N,504,619,115,v016
WKP5N,110,767,657,v022
WKP5N,98,638,540,v031
WKP5N,328,588,260,v004
WKP5N,549,676,127,v019
WKP5N,168,381,213,v005
WKP5N,0,213,213,v018
G2QG2,0,719,719,v002
G2QG2,218,374,156,v023
G2QG2,549,719,170,v016
G2QG2,520,662,142,v016
G2QG2,242,705,463,v008
V6LP3,216,667,451,v004
V6LP3,0,650,650,v008
V6LP3,0,621,621,v005
V6LP3,14,192,178,v018
V6LP3,568,693,125,v016
V6LP3,0,684,684,v008
V6LP3,580,693,113,v016
V6LP3,684,827,143,v018
UGKZ4,561,732,171,v023
UGKZ4,0,772,772,v008
UGKZ4,148,276,128,v020
UGKZ4,0,772,772,v018
UGKZ4,0,772,772,v018
0NZVB,276,424,148,v004
0NZVB,403,799,396,v008
0NZVB,885,981,96,v001
0NZVB,98,252,154,v012
0NZVB,912,1015,103,v022
0NZVB,830,962,132,v016
0NZVB,88,412,324,v012
1CITG,110,254,144,v027
1CITG,230,740,510,v008
LMX0P,0,160,160,v008
LMX0P,453,804,351,v014
LMX0P,0,807,807,v018
51O3C,0,278,278,v031
51O3C,64,328,264,v028
51O3C,204,405,201,v016
EP19T,84,208,124,v029
EP19T,84,261,177,v017
EP19T,340,631,291,v013
EP19T,0,753,753,v008
EP19T,528,753,225,v014
GWDF9,64,312,248,v017
GWDF9,244,812,568,v026
GWDF9,357,770,413,v016
GWDF9,439,645,206,v023
GWDF9,484,794,310,v016
GWDF9,362,592,230,v016
GWDF9,0,278,278,v029
GWDF9,765,812,47,v023
GWDF9,765,812,47,v016
GWDF9,765,812,47,v016
GWDF9,765,812,47,v029
RYRQT,0,652,652,v005
RYRQT,292,446,154,v020
RYRQT,0,708,708,v008
RYRQT,609,739,130,v029
RYRQT,4,650,646,v005
RYRQT,0,739,739,v008
05GIA,160,297,137,v016
05GIA,72,249,177,v023
05GIA,115,273,158,v022
05GIA,172,297,125,v016
05GIA,0,292,292,v012
ZCULX,374,595,221,v031
ZCULX,139,336,197,v005
ZCULX,0,192,192,v004
ZCULX,139,336,197,v005
ZCULX,309,439,130,v012
ZCULX,134,240,106,v023
ZCULX,309,595,286,v008
PQYWB,0,892,892,v014
PQYWB,45,374,329,v016
PQYWB,708,866,158,v007
PQYWB,0,1100,1100,v008
PQYWB,36,369,333,v025
PQYWB,36,374,338,v023
PQYWB,753,892,139,v029
PQYWB,715,866,151,v012
PQYWB,50,264,214,v008
PQYWB,146,256,110,v016
PQYWB,763,960,197,v001
PQYWB,1056,1100,44,v012
PQYWB,1056,1100,44,v008
PQYWB,1056,1100,44,v016
PQYWB,1056,1100,44,v001
70FXC,0,805,805,v018
70FXC,0,805,805,v008
70FXC,592,777,185,v004
70FXC,0,559,559,v019
70FXC,576,805,229,v005
C8WLX,43,218,175,v019
C8WLX,468,660,192,v018
C8WLX,208,403,195,v029
C8WLX,290,573,283,v006
C8WLX,580,827,247,v003
C8WLX,552,827,275,v018
C8WLX,494,672,178,v018
C8WLX,48,218,170,v008
C8WLX,604,827,223,v023
UVMZ8,2,160,158,v008
UVMZ8,168,422,254,v027
UVMZ8,127,355,228,v004
UVMZ8,189,499,310,v008
UVMZ8,439,734,295,v023
UVMZ8,439,734,295,v008
UVMZ8,0,734,734,v014
KAMP0,0,631,631,v018
KAMP0,0,631,631,v008
KAMP0,0,631,631,v019
KAMP0,0,631,631,v031
KAMP0,21,631,610,v009
KAMP0,0,631,631,v008
NO0WS,0,266,266,v008
NO0WS,168,448,280,v016
NO0WS,0,244,244,v005
NO0WS,148,420,272,v016
NO0WS,424,728,304,v026
NO0WS,340,477,137,v025
NO0WS,374,513,139,v023
NO0WS,0,252,252,v023
NO0WS,204,307,103,v016
NO0WS,256,379,123,v016
NO0WS,141,266,125,v023
NO0WS,148,463,315,v016
NO0WS,148,444,296,v016
NO0WS,148,444,296,v023
NO0WS,148,444,296,v026
NO0WS,170,316,146,v008
NO0WS,352,728,376,v008
NO0WS,355,728,373,v026
NO0WS,175,316,141,v023
NO0WS,309,458,149,v016
NO0WS,0,187,187,v008
NO0WS,7,117,110,v023
UWEWX,0,731,731,v018
UWEWX,0,731,731,v031
UWEWX,0,731,731,v008
UWEWX,0,731,731,v008
OSTTS,0,738,738,v031
OSTTS,0,554,554,v026
LFU36,321,446,125,v001
LFU36,0,302,302,v008
LFU36,321,446,125,v001
LFU36,338,659,321,v004
LFU36,64,218,154,v012
LFU36,172,319,147,v016
LFU36,288,429,141,v023
LFU36,283,429,146,v023
5TLQE,405,549,144,v001
5TLQE,0,571,571,v008
5TLQE,0,108,108,v012
5TLQE,33,242,209,v031
I1OLQ,201,350,149,v001
I1OLQ,177,737,560,v008
I1OLQ,336,737,401,v018
I1OLQ,345,737,392,v019
I1OLQ,153,283,130,v029
I1OLQ,139,302,163,v012
I1OLQ,0,357,357,v031
I1OLQ,624,737,113,v012
I1OLQ,345,737,392,v018
I1OLQ,345,737,392,v031
PRQSR,489,652,163,v001
PRQSR,38,232,194,v028
PRQSR,144,288,144,v016
PRQSR,144,288,144,v008
PRQSR,144,288,144,v025
PRQSR,144,288,144,v025
67RSR,0,201,201,v010
67RSR,105,400,295,v000
67RSR,355,621,266,v031
67RSR,134,393,259,v000
67RSR,453,583,130,v008
67RSR,480,628,148,v025
67RSR,300,458,158,v018
WVB7F,458,739,281,v008
WVB7F,165,802,637,v021
WVB7F,60,434,374,v023
WVB7F,0,180,180,v020
WVB7F,667,799,132,v005
1YC83,0,182,182,v016
1YC83,0,304,304,v005
1YC83,244,536,292,v003
1YC83,0,216,216,v005
1YC83,0,216,216,v023
1YC83,192,312,120,v022
1YC83,0,264,264,v018
1YC83,0,136,136,v023
1YC83,48,220,172,v016
39850,324,453,129,v021
39850,0,350,350,v008
39850,0,372,372,v018
39850,235,360,125,v016
39850,218,328,110,v001
39850,0,355,355,v031
LRTNA,38,787,749,v008
LRTNA,252,676,424,v016
LRTNA,259,684,425,v025
LRTNA,206,729,523,v016
LRTNA,0,820,820,v023
68K01,4,480,476,v008
68K01,0,189,189,v016
68K01,434,759,325,v008
68K01,64,360,296,v016
68K01,0,480,480,v023
68K01,141,367,226,v004
68K01,271,460,189,v008
68K01,355,477,122,v016
68K01,0,134,134,v012
68K01,585,759,174,v026
472B0,350,492,142,v023
472B0,16,302,286,v000
472B0,0,208,208,v010
472B0,266,767,501,v018
472B0,21,302,281,v000
472B0,343,767,424,v008
472B0,357,767,410,v012
472B0,520,767,247,v031
4UYGY,439,720,281,v008
4UYGY,439,720,281,v014
4UYGY,420,544,124,v023
4UYGY,194,463,269,v000
4UYGY,0,492,492,v010
998SY,165,292,127,v001
998SY,189,398,209,v018
998SY,136,805,669,v008
998SY,244,805,561,v018
998SY,112,302,190,v023
M1FNW,36,736,700,v031
M1FNW,74,736,662,v014
M1FNW,0,736,736,v018
M1FNW,50,184,134,v016
M1FNW,650,736,86,v019
M1FNW,43,165,122,v023
M1FNW,48,165,117,v008
M1FNW,0,736,736,v008
LYO14,211,362,151,v016
LYO14,9,362,353,v015
LYO14,0,384,384,v016
LYO14,2,384,382,v008
LYO14,0,98,98,v023
HJ8U7,376,679,303,v004
HJ8U7,0,321,321,v003
HJ8U7,686,779,93,v016
HJ8U7,446,710,264,v031
HJ8U7,350,492,142,v023
TUPTT,403,803,400,v008
TUPTT,0,240,240,v031
TUPTT,607,803,196,v003
TUPTT,244,405,161,v029
ZXSRR,139,876,737,v005
ZXSRR,170,876,706,v008
ZXSRR,0,876,876,v008
ZXSRR,0,876,876,v031
ZXSRR,175,876,701,v005
ZXSRR,117,876,759,v008
ZXSRR,117,876,759,v023
ZXSRR,117,876,759,v023
ZXSRR,0,110,110,v016
ZXSRR,307,520,213,v019
ZXSRR,16,876,860,v023
3Q3YY,540,715,175,v001
3Q3YY,285,489,204,v008
3Q3YY,624,902,278,v008
3Q3YY,9,144,135,v029
3Q3YY,811,998,187,v026
3Q3YY,873,1015,142,v022
3Q3YY,352,544,192,v012
3Q3YY,0,144,144,v012
3Q3YY,280,1041,761,v023
3Q3YY,31,331,300,v007
3Q3YY,280,1041,761,v016
3Q3YY,31,331,300,v001
CXGSD,127,700,573,v008
CXGSD,396,693,297,v023
CXGSD,36,324,288,v025
CXGSD,136,321,185,v025
CXGSD,396,712,316,v016
CXGSD,148,316,168,v008
CXGSD,103,266,163,v022
CXGSD,0,199,199,v018
CXGSD,0,201,201,v031
CXGSD,360,717,357,v026
CXGSD,158,273,115,v023
CXGSD,196,324,128,v016
CXGSD,355,708,353,v026
XQ4RB,566,700,134,v027
XQ4RB,0,525,525,v008
XQ4RB,0,249,249,v018
XQ4RB,566,776,210,v019
XQ4RB,511,776,265,v022
XQ4RB,108,556,448,v018
XQ4RB,530,650,120,v029
8GQJO,0,555,555,v018
8GQJO,33,223,190,v020
NC1OC,417,645,228,v018
NC1OC,400,640,240,v018
NC1OC,376,612,236,v016
NC1OC,388,645,257,v031
NC1OC,422,669,247,v018
NC1OC,652,1149,497,v032
NC1OC,595,744,149,v019
NC1OC,0,633,633,v008
NC1OC,578,698,120,v009
NC1OC,388,518,130,v016
NC1OC,360,484,124,v009
NC1OC,681,859,178,v031
NC1OC,648,806,158,v012
NC1OC,607,748,141,v008
NC1OC,487,645,158,v016
NC1OC,681,1149,468,v032
ENT4H,105,772,667,v014
ENT4H,67,772,705,v032
ENT4H,28,163,135,v018
ENT4H,36,772,736,v018
3G3PH,0,719,719,v018
3G3PH,0,719,719,v026
W8ZTH,0,408,408,v010
W8ZTH,79,357,278,v020
UUX4G,74,319,245,v023
UUX4G,40,743,703,v018
UUX4G,74,348,274,v005
UUX4G,357,501,144,v027
UUX4G,448,743,295,v032
UUX4G,0,158,158,v018
UUX4G,67,743,676,v018
XEGTL,0,535,535,v008
XEGTL,0,494,494,v026
XEGTL,482,732,250,v031
XEGTL,376,542,166,v016
XEGTL,472,732,260,v019
XEGTL,542,693,151,v009
XEGTL,0,458,458,v026
VEV4O,26,669,643,v008
VEV4O,175,345,170,v025
VEV4O,57,285,228,v008
VEV4O,160,314,154,v016
G06QC,302,448,146,v016
G06QC,0,127,127,v004
G06QC,0,398,398,v008
G06QC,403,600,197,v023
G06QC,0,717,717,v008
4I00F,0,675,675,v011
4I00F,333,504,171,v001
4I00F,434,564,130,v008
4I00F,621,675,54,v016
4I00F,117,232,115,v008
4I00F,0,84,84,v016
4I00F,223,436,213,v016
4I00F,0,319,319,v023
4I00F,482,669,187,v012
4I00F,225,439,214,v023
4I00F,228,379,151,v012
4I00F,0,448,448,v016
4I00F,242,427,185,v008
4I00F,76,288,212,v023
4I00F,158,381,223,v023
38NUC,0,424,424,v021
38NUC,314,779,465,v005
38NUC,0,779,779,v018
38NUC,388,779,391,v008
38NUC,364,499,135,v023
38NUC,0,779,779,v018
PRV4N,408,960,552,v012
PRV4N,312,432,120,v016
PRV4N,72,408,336,v008
PRV4N,0,1073,1073,v008
PRV4N,117,1020,903,v031
PRV4N,242,374,132,v004
PRV4N,64,208,144,v023
PRV4N,278,439,161,v016
PRV4N,48,1063,1015,v008
CB1Z2,405,528,123,v008
CB1Z2,0,429,429,v018
CB1Z2,0,429,429,v032
CB1Z2,420,628,208,v029
CB1Z2,0,436,436,v008
PWW6X,187,267,80,v001
PWW6X,48,177,129,v012
PWW6X,0,247,247,v018
PWW6X,45,184,139,v022
PWW6X,0,84,84,v018
RV48T,64,735,671,v008
RV48T,14,735,721,v031
RV48T,7,139,132,v029
RV48T,43,264,221,v001
XYTEU,242,701,459,v031
XYTEU,57,701,644,v008
XYTEU,57,701,644,v026
XYTEU,74,338,264,v023
XYTEU,576,701,125,v006
K4LQP,0,731,731,v008
K4LQP,0,731,731,v031
PV856,4,144,140,v029
PV856,62,175,113,v001
PV856,664,799,135,v012
PV856,280,1056,776,v008
PV856,0,211,211,v007
PV856,259,1056,797,v023
X16WJ,0,103,103,v016
X16WJ,0,91,91,v018
X16WJ,0,355,355,v008
X16WJ,120,309,189,v004
X16WJ,19,160,141,v005
X16WJ,278,355,77,v022
X16WJ,0,67,67,v018
X16WJ,86,271,185,v023
X16WJ,0,355,355,v008
X16WJ,98,237,139,v023
X16WJ,0,79,79,v008
X16WJ,43,153,110,v005
OPSC0,0,144,144,v008
OPSC0,7,737,730,v016
OPSC0,62,737,675,v016
OPSC0,74,737,663,v016
OPSC0,31,737,706,v032
NNG97,33,158,125,v016
NNG97,14,153,139,v016
NNG97,223,685,462,v008
NNG97,271,685,414,v031
NNG97,192,685,493,v008
NNG97,0,62,62,v025
NNG97,216,336,120,v023
NNG97,240,685,445,v014
QCIV0,62,189,127,v016
QCIV0,364,504,140,v027
QCIV0,0,184,184,v005
QCIV0,122,384,262,v016
QCIV0,0,525,525,v018
QCIV0,115,439,324,v008
QCIV0,0,187,187,v023
QCIV0,115,456,341,v003
QCIV0,0,187,187,v008
QCIV0,103,451,348,v023
XUTJZ,0,844,844,v008
XUTJZ,307,576,269,v031
XUTJZ,0,844,844,v026
XUTJZ,0,844,844,v026
OJVOV,554,710,156,v008
OJVOV,556,710,154,v031
OJVOV,506,710,204,v008
OJVOV,0,710,710,v018
OJVOV,561,710,149,v030
OJVOV,561,710,149,v030
O6DZ0,0,333,333,v030
O6DZ0,0,647,647,v008
O6DZ0,0,333,333,v030
O6DZ0,194,647,453,v019
O6DZ0,0,647,647,v031
ML12Q,19,672,653,v009
ML12Q,110,436,326,v009
ML12Q,619,735,116,v022
ML12Q,0,590,590,v019
ML12Q,0,729,729,v018
5ZGRN,0,165,165,v012
5ZGRN,28,312,284,v016
5ZGRN,81,463,382,v023
5ZGRN,0,132,132,v019
5ZGRN,168,511,343,v022
5ZGRN,0,153,153,v012
5ZGRN,230,379,149,v001
5ZGRN,369,480,111,v023
5ZGRN,379,695,316,v008
M4D35,0,296,296,v008
M4D35,43,271,228,v003
M4D35,237,296,59,v023
B76OZ,211,388,177,v019
B76OZ,0,733,733,v010
B76OZ,0,733,733,v008
B76OZ,216,733,517,v009
2JWHI,36,240,204,v007
2JWHI,249,725,476,v010
2JWHI,192,324,132,v025
2JWHI,271,725,454,v021
2JWHI,187,297,110,v025
2JWHI,0,331,331,v008
HEOJM,64,237,173,v025
HEOJM,19,237,218,v008
HEOJM,88,247,159,v016
HEOJM,19,177,158,v023
HEOJM,64,232,168,v025
HEOJM,0,96,96,v029
ZS2WD,2,124,122,v025
ZS2WD,57,184,127,v023
ZS2WD,0,114,114,v008
R4ENI,0,355,355,v008
R4ENI,261,427,166,v004
R4ENI,360,544,184,v005
R4ENI,72,290,218,v012
R4ENI,204,722,518,v018
R4ENI,381,508,127,v005
R4ENI,410,604,194,v016
R4ENI,74,278,204,v031
R4ENI,283,451,168,v008
DYGB7,158,316,158,v016
DYGB7,357,511,154,v022
DYGB7,316,735,419,v026
DYGB7,278,412,134,v026
DYGB7,657,735,78,v023
DYGB7,276,412,136,v023
DYGB7,139,271,132,v020
DYGB7,285,735,450,v008
DYGB7,669,735,66,v008
DYGB7,324,504,180,v030
DYGB7,429,732,303,v030
DYGB7,664,735,71,v016
DYGB7,0,463,463,v018
DFVXX,480,718,238,v008
DFVXX,480,718,238,v023
DFVXX,480,718,238,v022
DFVXX,0,576,576,v018
DFVXX,494,718,224,v026
XRMVW,105,556,451,v008
XRMVW,141,523,382,v019
XRMVW,384,602,218,v029
XRMVW,0,132,132,v008
XRMVW,0,156,156,v023
4QSRS,199,350,151,v016
4QSRS,300,747,447,v008
4QSRS,187,357,170,v025
4QSRS,259,652,393,v023
4QSRS,206,338,132,v016
4QSRS,57,175,118,v031
4QSRS,0,304,304,v008
342XO,0,657,657,v004
342XO,0,664,664,v008
342XO,556,705,149,v016
342XO,621,787,166,v028
342XO,648,787,139,v025
342XO,0,681,681,v008
TLDA3,36,206,170,v016
TLDA3,160,772,612,v014
TLDA3,136,261,125,v018
TLDA3,172,307,135,v022
TLDA3,79,213,134,v016
TLDA3,0,79,79,v008
9PWEK,446,829,383,v005
9PWEK,93,252,159,v008
9PWEK,0,829,829,v005
9PWEK,0,829,829,v008
8FOD6,393,768,375,v030
8FOD6,0,364,364,v008
ZRITA,0,288,288,v005
ZRITA,0,350,350,v010
ZRITA,0,278,278,v005
ZRITA,0,576,576,v018
ZRITA,0,117,117,v008
ZRITA,69,189,120,v008
ZRITA,112,230,118,v008
ZRITA,0,576,576,v018
ZRITA,0,292,292,v008
KPHP5,561,735,174,v008
KPHP5,228,735,507,v018
KPHP5,0,583,583,v005
KPHP5,189,338,149,v018
KPHP5,0,624,624,v005
KPHP5,573,735,162,v020
KPHP5,55,249,194,v027
KPHP5,568,735,167,v008
KPHP5,0,276,276,v008
KPHP5,0,256,256,v008
KPHP5,0,264,264,v029
MTLT3,559,777,218,v020
MTLT3,748,871,123,v001
MTLT3,729,856,127,v012
MTLT3,0,799,799,v018
MTLT3,0,796,796,v031
MTLT3,664,813,149,v023
MTLT3,674,866,192,v008
MTLT3,756,871,115,v029
MTLT3,765,866,101,v007
MTLT3,686,823,137,v022
M0AS3,0,723,723,v031
M0AS3,45,309,264,v004
M0AS3,43,316,273,v008
O3SQK,0,591,591,v008
O3SQK,38,591,553,v008
O3SQK,141,591,450,v005
O3SQK,38,410,372,v008
O3SQK,0,591,591,v018
O3SQK,360,523,163,v020
7SAFU,640,840,200,v026
7SAFU,249,580,331,v008
7SAFU,24,170,146,v000
7SAFU,0,115,115,v010
7SAFU,40,194,154,v000
7SAFU,249,595,346,v026
7SAFU,628,840,212,v008
7SAFU,249,840,591,v026
7SAFU,624,840,216,v008
D1TY3,0,835,835,v008
D1TY3,504,672,168,v023
D1TY3,432,583,151,v029
D1TY3,0,424,424,v021
X75PJ,338,571,233,v008
X75PJ,441,571,130,v013
X75PJ,595,681,86,v027
X75PJ,72,280,208,v020
X75PJ,0,297,297,v017
AXKNF,153,300,147,v015
AXKNF,636,765,129,v008
AXKNF,633,751,118,v023
AXKNF,691,765,74,v026
AXKNF,595,765,170,v026
AXKNF,388,556,168,v016
W1KJ9,19,446,427,v006
W1KJ9,0,446,446,v018
XP305,249,415,166,v025
XP305,350,430,80,v009
XP305,110,220,110,v018
XP305,170,300,130,v022
XP305,350,430,80,v018
XP305,309,427,118,v025
X8XQE,189,331,142,v001
X8XQE,307,712,405,v002
X8XQE,748,931,183,v008
X8XQE,708,991,283,v014
X8XQE,758,967,209,v013
X8XQE,12,290,278,v026
1NT8P,0,357,357,v008
1NT8P,192,530,338,v031
1NT8P,232,499,267,v019
1NT8P,552,746,194,v026
1NT8P,206,655,449,v009
1NT8P,391,609,218,v006
WWPEN,432,590,158,v012
WWPEN,192,350,158,v022
WWPEN,0,364,364,v008
WWPEN,405,580,175,v012
WWPEN,638,705,67,v008
WWPEN,0,312,312,v010
WWPEN,434,554,120,v007
WWPEN,0,290,290,v014
WWPEN,506,681,175,v029
VHOYB,14,244,230,v023
VHOYB,112,350,238,v013
VHOYB,0,480,480,v018
VHOYB,7,489,482,v014
VHOYB,408,657,249,v001
VHOYB,336,487,151,v016
VHOYB,9,475,466,v008
VHOYB,422,624,202,v007
ZUU2X,340,540,200,v008
ZUU2X,470,607,137,v016
ZUU2X,0,362,362,v008
ZUU2X,0,355,355,v014
ZUU2X,0,740,740,v018
ZUU2X,45,288,243,v031
ZUU2X,223,388,165,v029
ZUU2X,352,480,128,v027
CPH1Y,184,328,144,v001
CPH1Y,148,302,154,v012
CPH1Y,124,259,135,v023
CPH1Y,189,439,250,v004
UTR56,405,564,159,v007
UTR56,0,743,743,v022
UTR56,0,743,743,v008
9ZQ0R,0,726,726,v032
9ZQ0R,0,726,726,v032
9ZQ0R,0,530,530,v024
9ZQ0R,561,693,132,v020
9ZQ0R,0,726,726,v018
9ZQ0R,192,331,139,v023
9ZQ0R,0,516,516,v008
9ZQ0R,434,573,139,v016
9ZQ0R,244,388,144,v016
9ZQ0R,0,726,726,v018
9ZQ0R,199,396,197,v004
BFW9A,0,672,672,v008
BFW9A,0,120,120,v004
BFW9A,216,336,120,v001
BFW9A,252,660,408,v030
BFW9A,552,691,139,v016
BFW9A,552,691,139,v016
DH9JU,201,714,513,v008
DH9JU,206,714,508,v026
DH9JU,206,714,508,v026
DH9JU,0,129,129,v008
DH9JU,0,355,355,v030
DH9JU,292,410,118,v023
DH9JU,0,86,86,v016
FNLLG,151,312,161,v031
EFR6I,456,838,382,v008
EFR6I,456,676,220,v031
EFR6I,508,832,324,v007
EFR6I,585,823,238,v020
EFR6I,456,835,379,v008
EFR6I,405,564,159,v023
EFR6I,0,412,412,v030
8QL4N,288,529,241,v005
8QL4N,0,295,295,v002
8QL4N,290,529,239,v005
8QL4N,0,312,312,v011
8QL4N,240,529,289,v016
2LERW,314,390,76,v008
2LERW,273,390,117,v023
2LERW,264,390,126,v029
2LERW,100,340,240,v023
2LERW,96,390,294,v003
2LERW,278,390,112,v016
ZAOWM,0,498,498,v008
ZAOWM,0,163,163,v005
ZAOWM,0,498,498,v008
ZAOWM,0,498,498,v008
ZAOWM,0,498,498,v024
52IYR,0,821,821,v006
N2TPE,196,448,252,v023
N2TPE,36,192,156,v016
N2TPE,393,755,362,v030
N2TPE,163,304,141,v012
N2TPE,360,700,340,v016
N2TPE,31,199,168,v016
N2TPE,175,436,261,v012
WD6WB,273,446,173,v006
WD6WB,0,288,288,v008
WD6WB,0,290,290,v026
WD6WB,0,271,271,v026
WD6WB,220,355,135,v012
WD6WB,220,357,137,v029
FB895,0,783,783,v014
FB895,0,783,783,v018
KD2H4,460,612,152,v012
KD2H4,0,302,302,v030
KD2H4,458,609,151,v001
VSZ4W,0,120,120,v004
VSZ4W,0,280,280,v031
VSZ4W,160,523,363,v018
VSZ4W,0,244,244,v004
VSZ4W,165,523,358,v031
VSZ4W,177,523,346,v008
VSZ4W,28,254,226,v006
VSZ4W,0,523,523,v008
DVT6L,14,696,682,v009
DVT6L,12,696,684,v019
DVT6L,50,696,646,v019
DVT6L,19,180,161,v025
DVT6L,0,696,696,v031
94AT2,0,722,722,v018
94AT2,158,261,103,v004
94AT2,0,722,722,v008
94AT2,0,175,175,v019
I3Q65,0,168,168,v026
I3Q65,242,415,173,v016
I3Q65,67,240,173,v018
I3Q65,127,264,137,v018
I3Q65,247,578,331,v016
I3Q65,511,618,107,v019
I3Q65,156,304,148,v022
NKCXF,0,367,367,v008
NKCXF,235,367,132,v016
NKCXF,278,671,393,v008
NKCXF,278,403,125,v023
NKCXF,381,671,290,v019
NKCXF,0,671,671,v018
NKCXF,117,350,233,v021
NKCXF,355,671,316,v014
NKCXF,619,671,52,v016
W2LM5,0,129,129,v008
W2LM5,0,129,129,v024
W2LM5,2,129,127,v008
W2LM5,0,98,98,v023
XYSX1,0,758,758,v018
XYSX1,148,758,610,v019
6Z9ZC,228,357,129,v012
6Z9ZC,235,420,185,v016
6Z9ZC,609,744,135,v018
6Z9ZC,244,434,190,v016
5EFVR,0,667,667,v024
5EFVR,0,667,667,v008
5EFVR,91,667,576,v030
5EFVR,0,667,667,v031
5EFVR,124,235,111,v016
5EFVR,206,321,115,v016
5EFVR,312,444,132,v016
5EFVR,81,201,120,v023
5EFVR,146,278,132,v023
5EFVR,237,384,147,v023
BAGJW,357,745,388,v026
BAGJW,139,331,192,v016
BAGJW,336,745,409,v008
BAGJW,86,259,173,v016
BAGJW,86,259,173,v016
BAGJW,0,62,62,v022
BAGJW,86,256,170,v016
JQLD3,144,285,141,v008
JQLD3,170,345,175,v005
JQLD3,0,728,728,v018
JQLD3,108,254,146,v023
JQLD3,232,391,159,v005
JQLD3,0,532,532,v008
JQLD3,175,372,197,v008
JQLD3,0,728,728,v032
JQLD3,204,324,120,v005
JQLD3,120,280,160,v023
JQLD3,247,372,125,v016
Q9H04,38,165,127,v028
Q9H04,213,352,139,v005
Q9H04,189,314,125,v019
Q9H04,285,475,190,v008
Q9H04,561,719,158,v009
Q9H04,67,230,163,v016
Q9H04,175,309,134,v031
Q9H04,168,719,551,v008
Q9H04,76,244,168,v025
XIYIK,391,616,225,v008
XIYIK,319,492,173,v012
XIYIK,333,571,238,v023
XIYIK,52,348,296,v008
XIYIK,45,343,298,v016
XIYIK,43,355,312,v026
XIYIK,110,537,427,v026
3JSX7,172,374,202,v027
3JSX7,312,552,240,v008
3JSX7,0,134,134,v022
3JSX7,0,139,139,v018
3JSX7,0,158,158,v018
TPJJJ,21,721,700,v008
TPJJJ,43,721,678,v014
TPJJJ,0,721,721,v010
TPJJJ,0,103,103,v000
O8N4M,0,460,460,v010
O8N4M,336,588,252,v004
O8N4M,182,427,245,v000
O8N4M,492,669,177,v022
O8N4M,316,568,252,v008
O8N4M,249,607,358,v018
O8N4M,540,681,141,v023
O8N4M,304,465,161,v023
O8N4M,417,580,163,v016
O8N4M,566,745,179,v008
DY5VP,0,510,510,v005
DY5VP,0,510,510,v008
DY5VP,0,510,510,v005
DY5VP,0,156,156,v025
DY5VP,0,156,156,v025
DY5VP,0,510,510,v008
KTXE0,0,60,60,v018
KTXE0,672,731,59,v018
KTXE0,0,731,731,v018
KTXE0,492,643,151,v023
KTXE0,0,731,731,v032
KTXE0,600,731,131,v005
KTXE0,542,731,189,v008
X7HCQ,0,91,91,v025
X7HCQ,45,782,737,v014
X7HCQ,9,122,113,v016
X7HCQ,74,782,708,v008
X7HCQ,0,117,117,v008
4LU0G,48,194,146,v016
4LU0G,134,266,132,v018
4LU0G,141,770,629,v018
4LU0G,578,784,206,v032
4LU0G,67,199,132,v016
4LU0G,139,266,127,v018
4LU0G,424,772,348,v008
4LU0G,0,187,187,v008
4LU0G,158,772,614,v018
9XOED,362,738,376,v014
9XOED,0,379,379,v027
9XOED,343,738,395,v023
9XOED,343,738,395,v016
9XOED,343,738,395,v008
YHFKO,108,197,89,v008
YHFKO,108,197,89,v014
YHFKO,19,158,139,v016
YHFKO,0,93,93,v020
472EJ,362,511,149,v016
472EJ,535,665,130,v001
472EJ,91,492,401,v008
472EJ,4,196,192,v023
472EJ,96,482,386,v005
472EJ,432,665,233,v012
472EJ,194,328,134,v019
ZWDVG,0,189,189,v016
ZWDVG,115,488,373,v008
ZWDVG,165,488,323,v022
ZWDVG,242,488,246,v018
ZWDVG,24,488,464,v026
ZWDVG,0,391,391,v010
ZWDVG,168,340,172,v000
ZWDVG,21,165,144,v016
ZWDVG,184,488,304,v000
ZWDVG,16,187,171,v023
ZWDVG,50,177,127,v025
BQ6UI,182,520,338,v030
BQ6UI,688,793,105,v029
QNKDI,446,655,209,v012
QNKDI,0,532,532,v031
QNKDI,0,774,774,v008
QNKDI,0,679,679,v018
QNKDI,439,774,335,v031
QNKDI,0,774,774,v008
QNKDI,597,774,177,v022
MEW6T,559,806,247,v020
MEW6T,0,525,525,v026
MEW6T,55,504,449,v023
MEW6T,55,504,449,v026
MEW6T,55,504,449,v026
MEW6T,448,756,308,v023
MEW6T,451,758,307,v016
MEW6T,813,862,49,v016
MEW6T,813,862,49,v026
MEW6T,813,862,49,v031
MEW6T,813,862,49,v029
MEW6T,813,862,49,v008
1FPW9,50,252,202,v021
1FPW9,427,609,182,v004
1FPW9,386,724,338,v018
1FPW9,72,297,225,v000
1FPW9,235,432,197,v026
1FPW9,0,156,156,v010
1FPW9,57,309,252,v000
1FPW9,172,295,123,v022
1FPW9,405,724,319,v023
1FPW9,242,446,204,v016
1FPW9,408,724,316,v008
1FPW9,194,472,278,v018
6AGSX,0,149,149,v004
XQSXK,292,451,159,v023
XQSXK,201,357,156,v016
XQSXK,40,352,312,v008
XQSXK,280,470,190,v008
XQSXK,276,386,110,v023
0D5I8,424,735,311,v013
0D5I8,0,735,735,v018
0D5I8,333,506,173,v022
0D5I8,0,436,436,v008
0D5I8,0,434,434,v014
6KUUU,9,376,367,v003
6KUUU,504,755,251,v005
6KUUU,4,376,372,v003
6KUUU,499,755,256,v005
6KUUU,0,755,755,v018
6KUUU,340,600,260,v008
6KUUU,340,600,260,v008
6KUUU,0,108,108,v008
BSDSA,576,696,120,v018
BSDSA,48,168,120,v031
BSDSA,576,696,120,v018
BSDSA,528,648,120,v008
BSDSA,340,513,173,v030
BSDSA,592,729,137,v023
BSDSA,535,679,144,v023
HVUH9,0,122,122,v016
HVUH9,40,159,119,v008
HVUH9,0,86,86,v008
HVUH9,48,159,111,v008
HVUH9,0,105,105,v016
HVUH9,52,159,107,v008
O1NO0,84,165,81,v008
O1NO0,14,134,120,v023
O1NO0,0,165,165,v026
GWLAI,0,222,222,v008
GWLAI,120,222,102,v008
GWLAI,122,222,100,v008
GWLAI,0,222,222,v023
GWLAI,0,222,222,v008
GWLAI,0,222,222,v023
DMKRS,0,855,855,v008
0KEZF,0,429,429,v014
0KEZF,300,708,408,v016
0KEZF,0,735,735,v008
0KEZF,218,448,230,v019
0KEZF,304,676,372,v012
0KEZF,0,643,643,v008
KNXCB,0,420,420,v014
KNXCB,0,218,218,v005
KNXCB,0,420,420,v008
KNXCB,0,420,420,v022
KX7FC,768,880,112,v001
KX7FC,0,746,746,v010
KX7FC,628,823,195,v022
KX7FC,0,768,768,v018
XNYAH,652,814,162,v031
XNYAH,0,580,580,v005
XNYAH,448,621,173,v022
XNYAH,0,547,547,v018
XNYAH,0,148,148,v023
XNYAH,0,547,547,v018
IWOUL,19,316,297,v012
IWOUL,76,268,192,v029
IWOUL,278,580,302,v008
IWOUL,220,523,303,v016
IWOUL,285,709,424,v019
IWOUL,0,228,228,v003
5A3FT,0,345,345,v032
5A3FT,0,345,345,v032
5A3FT,508,652,144,v010
5A3FT,0,619,619,v018
5A3FT,333,530,197,v028
5A3FT,280,424,144,v016
5A3FT,0,650,650,v031
9UZEY,264,391,127,v030
9UZEY,213,340,127,v001
9UZEY,0,304,304,v012
9UZEY,2,307,305,v026
9UZEY,0,288,288,v016
9UZEY,264,391,127,v030
TD6CM,489,758,269,v021
TD6CM,96,336,240,v003
TD6CM,448,602,154,v018
TD6CM,0,115,115,v023
TD6CM,0,108,108,v028
TD6CM,12,180,168,v008
TD6CM,0,124,124,v016
TD6CM,0,112,112,v025
TD6CM,266,758,492,v008
T0PJG,55,261,206,v029
T0PJG,343,822,479,v016
T0PJG,355,822,467,v031
T0PJG,182,324,142,v018
T0PJG,264,614,350,v026
T0PJG,182,324,142,v018
T0PJG,638,751,113,v022
T0PJG,187,302,115,v018
T0PJG,273,816,543,v008
T0PJG,708,822,114,v016
XJH0X,456,614,158,v008
XJH0X,252,573,321,v030
XJH0X,0,343,343,v023
XJH0X,496,614,118,v023
XJH0X,26,165,139,v008
XJH0X,280,530,250,v030
XJH0X,21,333,312,v030
NYPOF,158,277,119,v001
NYPOF,26,277,251,v008
NYPOF,21,148,127,v023
NYPOF,0,277,277,v008
NYPOF,148,277,129,v012
NYPOF,180,277,97,v001
NYPOF,21,148,127,v023
NYPOF,48,160,112,v008
ABU7B,600,748,148,v030
ABU7B,506,748,242,v030
ABU7B,453,609,156,v023
ABU7B,93,571,478,v019
ABU7B,456,748,292,v008
40309,537,700,163,v012
40309,631,745,114,v001
40309,525,693,168,v012
9BCOH,0,537,537,v031
9BCOH,0,537,537,v008
9BCOH,0,537,537,v018
V6ZO7,0,1437,1437,v008
V6ZO7,0,1437,1437,v014
V6ZO7,0,1437,1437,v018
1FGXJ,376,707,331,v008
1FGXJ,0,482,482,v008
1FGXJ,0,355,355,v005
1FGXJ,0,494,494,v008
1FGXJ,0,352,352,v005
1FGXJ,369,489,120,v016
1FGXJ,367,554,187,v023
MUGVM,98,494,396,v031
MUGVM,424,607,183,v023
MUGVM,259,554,295,v004
MUGVM,362,535,173,v026
MUGVM,480,626,146,v006
MUGVM,319,472,153,v016
MUGVM,0,444,444,v026
MUGVM,0,165,165,v030
MUGVM,326,472,146,v016
MUGVM,0,172,172,v030
MUGVM,405,731,326,v008
7L7P4,81,208,127,v016
7L7P4,146,348,202,v018
7L7P4,458,599,141,v022
7L7P4,201,573,372,v016
7L7P4,93,208,115,v018
3HUXR,0,878,878,v008
3HUXR,0,1000,1000,v027
3HUXR,0,892,892,v005
3HUXR,0,957,957,v010
3HUXR,0,1000,1000,v008
3HUXR,0,1000,1000,v031
3HUXR,897,1000,103,v027
W4MEA,352,568,216,v004
W4MEA,7,127,120,v027
W4MEA,129,352,223,v020
W4MEA,0,722,722,v018
W4MEA,0,696,696,v018
W4MEA,592,722,130,v022
W4MEA,444,595,151,v016
W4MEA,0,204,204,v032
W4MEA,451,583,132,v016
W4MEA,364,595,231,v008
W4MEA,0,684,684,v032
W4MEA,338,583,245,v023
W4MEA,52,583,531,v014
E06A2,96,314,218,v020
E06A2,244,367,123,v023
E06A2,249,398,149,v008
E06A2,33,187,154,v016
E06A2,45,175,130,v008
KDH19,0,492,492,v008
KDH19,31,492,461,v031
WJOR3,0,731,731,v018
WJOR3,98,731,633,v008
WJOR3,0,194,194,v031
TGKHG,424,849,425,v005
TGKHG,693,816,123,v005
TGKHG,38,204,166,v029
TGKHG,283,916,633,v008
TGKHG,36,177,141,v012
TGKHG,307,463,156,v020
TGKHG,288,919,631,v023
TGKHG,72,242,170,v001
VD8PU,0,364,364,v018
VD8PU,242,640,398,v023
VD8PU,196,648,452,v016
VD8PU,196,398,202,v023
VD8PU,134,405,271,v008
VD8PU,324,453,129,v029
VD8PU,0,501,501,v008
VD8PU,216,384,168,v022
VD8PU,0,343,343,v018
VD8PU,403,592,189,v016
29757,0,561,561,v010
29757,552,733,181,v031
29757,482,645,163,v017
29757,0,523,523,v018
29757,0,561,561,v008
29757,472,592,120,v022
G3CDA,52,555,503,v026
G3CDA,218,400,182,v020
G3CDA,43,547,504,v023
G3CDA,304,554,250,v016
PM6U2,129,338,209,v025
PM6U2,309,480,171,v023
PM6U2,165,343,178,v008
PM6U2,182,369,187,v025
PM6U2,328,573,245,v008
PM6U2,43,566,523,v008
PM6U2,136,338,202,v023
PM6U2,376,561,185,v029
7UZZI,50,640,590,v008
7UZZI,396,624,228,v008
7UZZI,194,326,132,v020
BQ4IN,0,216,216,v018
BQ4IN,168,764,596,v010
BQ4IN,0,235,235,v018
BQ4IN,132,259,127,v022
8TRIW,98,338,240,v005
8TRIW,352,786,434,v008
8TRIW,408,786,378,v026
8TRIW,172,336,164,v004
8TRIW,2,405,403,v023
8TRIW,309,786,477,v026
8TRIW,302,669,367,v029
8TRIW,14,393,379,v016
8TRIW,57,177,120,v016
8TRIW,117,259,142,v016
8TRIW,340,786,446,v023
8TRIW,259,398,139,v019
80YWL,0,100,100,v004
80YWL,0,180,180,v008
80YWL,60,194,134,v016
80YWL,57,252,195,v031
80YWL,55,175,120,v016
80YWL,208,315,107,v001
LK3LF,0,650,650,v031
LK3LF,290,532,242,v004
LK3LF,333,609,276,v016
LK3LF,175,331,156,v023
LK3LF,220,650,430,v008
LK3LF,321,504,183,v023
LK3LF,0,650,650,v018
LK3LF,444,595,151,v025
0SA65,0,90,90,v014
0SA65,0,72,72,v016
0SA65,0,90,90,v018
0SA65,0,90,90,v032
89IBC,16,453,437,v005
89IBC,28,441,413,v005
89IBC,0,672,672,v008
BID6Z,715,791,76,v001
BID6Z,465,619,154,v012
BID6Z,0,542,542,v026
BID6Z,513,705,192,v016
BID6Z,415,595,180,v023
BID6Z,14,523,509,v008
BID6Z,26,578,552,v026
BID6Z,398,566,168,v012
BID6Z,530,791,261,v001
BID6Z,458,621,163,v016
9M9OB,110,756,646,v025
9M9OB,36,199,163,v029
9M9OB,72,756,684,v008
KI6RS,429,585,156,v023
KI6RS,0,568,568,v010
KI6RS,456,616,160,v022
KI6RS,451,652,201,v008
KI6RS,412,540,128,v018
UBC9N,554,735,181,v008
UBC9N,345,585,240,v015
UBC9N,247,398,151,v016
UBC9N,499,735,236,v019
UBC9N,249,386,137,v016
UBC9N,268,735,467,v026
UBC9N,0,225,225,v020
ZZ2SF,0,422,422,v008
ZZ2SF,420,590,170,v008
ZZ2SF,0,456,456,v013
ZZ2SF,388,612,224,v005
ZZ2SF,0,362,362,v014
ZZ2SF,508,741,233,v004
SHTLT,0,777,777,v005
SHTLT,0,777,777,v008
SHTLT,278,436,158,v029
SHTLT,0,374,374,v005
SHTLT,391,580,189,v007
SHTLT,374,576,202,v001
SHTLT,0,777,777,v008
8L9AJ,446,748,302,v001
8L9AJ,64,405,341,v012
8L9AJ,302,778,476,v008
8L9AJ,328,487,159,v023
8L9AJ,328,487,159,v023
IZSPN,28,199,171,v012
IZSPN,74,739,665,v008
IZSPN,412,739,327,v028
IZSPN,218,432,214,v018
IZSPN,115,252,137,v001
IZSPN,21,148,127,v012
IZSPN,132,292,160,v023
IZSPN,288,739,451,v014
IZSPN,115,252,137,v001
T8DK4,0,388,388,v019
T8DK4,376,640,264,v016
T8DK4,0,252,252,v009
T8DK4,0,151,151,v019
T8DK4,0,731,731,v018
T8DK4,391,559,168,v006
T8DK4,84,559,475,v031
U896B,0,799,799,v019
U896B,0,799,799,v009
U896B,0,127,127,v028
U896B,96,343,247,v028
9X208,532,728,196,v008
9X208,0,554,554,v010
9X208,336,614,278,v000
9X208,518,657,139,v022
9X208,556,728,172,v029
9X208,532,643,111,v023
9X208,451,621,170,v000
9X208,576,728,152,v012
9X208,561,688,127,v007
QQUU5,84,242,158,v001
QQUU5,0,342,342,v008
QQUU5,0,115,115,v004
QQUU5,26,153,127,v016
QQUU5,84,247,163,v007
8XICU,0,603,603,v021
8XICU,235,603,368,v008
8XICU,235,603,368,v014
8XICU,168,288,120,v031
RJCNV,276,681,405,v018
RJCNV,319,681,362,v032
RJCNV,259,391,132,v018
RJCNV,0,81,81,v012
RJCNV,292,429,137,v012
RJCNV,0,69,69,v007
RJCNV,268,681,413,v018
RJCNV,76,220,144,v001
RJCNV,312,681,369,v031
61KCY,513,733,220,v008
61KCY,549,672,123,v023
61KCY,0,528,528,v003
61KCY,444,708,264,v020
61KCY,204,408,204,v016
FPU57,144,276,132,v001
FPU57,24,216,192,v012
FPU57,273,429,156,v018
FPU57,400,585,185,v031
FPU57,465,602,137,v006
FPU57,388,693,305,v006
FPU57,76,220,144,v029
FPU57,100,216,116,v007
FPU57,261,400,139,v018
FPU57,597,727,130,v022
MHI9B,636,780,144,v008
MHI9B,684,806,122,v016
MHI9B,0,230,230,v029
MHI9B,192,571,379,v015
MHI9B,213,789,576,v008
MHI9B,727,887,160,v023
MHI9B,736,887,151,v026
MHI9B,40,261,221,v006
CNQA9,0,754,754,v010
CNQA9,0,754,754,v008
CNQA9,0,754,754,v000
CNQA9,31,754,723,v009
TD1KD,436,631,195,v008
TD1KD,31,321,290,v008
TD1KD,144,319,175,v016
IJN3M,0,206,206,v008
IJN3M,600,995,395,v014
IJN3M,127,660,533,v008
IJN3M,86,206,120,v018
IJN3M,0,196,196,v014
IJN3M,105,674,569,v003
IJN3M,72,995,923,v018
VP6ID,93,763,670,v005
VP6ID,93,758,665,v005
VP6ID,0,912,912,v008
VP6ID,0,249,249,v018
VP6ID,0,912,912,v008
C6F8V,0,288,288,v019
C6F8V,0,447,447,v008
C6F8V,336,447,111,v009
C6F8V,0,447,447,v021
C6F8V,0,447,447,v031
C4DFA,170,316,146,v008
C4DFA,0,228,228,v023
C4DFA,316,441,125,v008
C4DFA,316,441,125,v023
C4DFA,333,463,130,v016
C4DFA,148,300,152,v012
C4DFA,660,838,178,v016
C4DFA,316,468,152,v016
C4DFA,19,324,305,v009
C4DFA,321,468,147,v016
C4DFA,676,838,162,v016
PNAXO,98,791,693,v005
PNAXO,0,791,791,v018
PNAXO,98,791,693,v005
PNAXO,0,791,791,v018
PNAXO,0,791,791,v008
PNAXO,0,791,791,v008
PNAXO,0,120,120,v023
1G2QC,309,691,382,v004
1G2QC,0,410,410,v003
1G2QC,595,815,220,v016
1G2QC,612,815,203,v008
1G2QC,547,684,137,v016
1G2QC,0,415,415,v008
1G2QC,621,815,194,v023
1G2QC,648,815,167,v008
U3EH7,76,403,327,v008
U3EH7,192,374,182,v008
U3EH7,364,705,341,v031
U3EH7,244,847,603,v009
U3EH7,0,858,858,v014
KLARI,0,864,864,v008
KLARI,19,864,845,v012
BBAVF,0,187,187,v031
BBAVF,290,472,182,v022
BBAVF,88,240,152,v018
BBAVF,144,393,249,v028
BBAVF,84,261,177,v018
BBAVF,256,487,231,v008
BBAVF,376,528,152,v029
BBAVF,172,393,221,v023
D4LRR,0,352,352,v008
D4LRR,460,731,271,v010
D4LRR,278,458,180,v012
D4LRR,480,731,251,v019
D4LRR,0,266,266,v013
D4LRR,0,278,278,v014
X2QWR,0,636,636,v018
X2QWR,616,722,106,v027
X2QWR,0,633,633,v031
X2QWR,561,722,161,v022
LW51F,271,389,118,v001
LW51F,0,389,389,v008
LW51F,0,364,364,v008
LW51F,0,148,148,v008
LW51F,62,367,305,v030
LW51F,0,364,364,v030
Q5BXH,0,1137,1137,v026
Q5BXH,0,1137,1137,v016
Q5BXH,0,1137,1137,v016
Q5BXH,0,1137,1137,v016
L57L2,72,480,408,v008
L57L2,369,525,156,v016
L57L2,547,763,216,v001
L57L2,472,674,202,v018
L57L2,578,2920,2342,v018
L57L2,352,628,276,v016
L57L2,338,628,290,v008
BL9JK,0,74,74,v008
BL9JK,556,751,195,v025
BL9JK,556,691,135,v025
BL9JK,523,679,156,v023
M91YM,100,199,99,v027
M91YM,237,588,351,v001
M91YM,184,576,392,v012
M91YM,0,93,93,v029
S1UFD,547,691,144,v008
S1UFD,0,141,141,v029
S1UFD,614,732,118,v027
S1UFD,160,499,339,v016
S1UFD,21,501,480,v016
S1UFD,52,196,144,v016
S1UFD,67,724,657,v026
ZV4JV,446,550,104,v008
ZV4JV,0,268,268,v008
ZV4JV,420,550,130,v023
ZV4JV,141,278,137,v016
L2N0G,88,194,106,v008
ETY8D,12,369,357,v020
ETY8D,278,405,127,v001
ETY8D,52,352,300,v016
ETY8D,184,396,212,v008
ETY8D,184,396,212,v023
ETY8D,266,408,142,v001
ETY8D,180,396,216,v016
ETY8D,180,396,216,v016
79QDP,9,538,529,v008
79QDP,242,408,166,v020
79QDP,0,538,538,v008
87ZB1,0,530,530,v032
87ZB1,249,412,163,v009
87ZB1,249,576,327,v019
87ZB1,165,338,173,v004
87ZB1,115,266,151,v023
87ZB1,0,613,613,v008
87ZB1,141,613,472,v008
MKDCU,0,820,820,v008
MKDCU,0,768,768,v021
MKDCU,667,899,232,v022
MKDCU,0,856,856,v031
MKDCU,676,806,130,v016
MKDCU,0,187,187,v000
MKDCU,811,899,88,v029
MKDCU,0,763,763,v010
LJ0JS,0,326,326,v031
LJ0JS,0,613,613,v021
LJ0JS,0,290,290,v004
LJ0JS,0,613,613,v008
LJ0JS,511,613,102,v029
6E4JA,0,103,103,v005
6E4JA,0,103,103,v005
6E4JA,124,295,171,v018
6E4JA,410,691,281,v018
6E4JA,175,384,209,v012
6E4JA,266,741,475,v008
6E4JA,0,544,544,v008
ORUV6,0,577,577,v018
ORUV6,355,475,120,v004
ORUV6,300,577,277,v008
ORUV6,0,352,352,v008
ORUV6,0,391,391,v019
ORUV6,0,352,352,v008
ORUV6,256,475,219,v016
3XH1V,0,915,915,v018
3XH1V,0,915,915,v031
3XH1V,0,915,915,v032
3XH1V,708,915,207,v019
3XH1V,0,915,915,v018
G6GQP,0,364,364,v031
G6GQP,98,362,264,v009
G6GQP,0,668,668,v008
G6GQP,55,523,468,v019
G6GQP,64,668,604,v019
1221S,321,547,226,v026
1221S,372,518,146,v029
1221S,319,446,127,v023
1221S,184,300,116,v022
1221S,410,564,154,v016
1221S,326,552,226,v008
WP8D0,91,290,199,v018
WP8D0,0,120,120,v012
WP8D0,132,580,448,v004
WP8D0,62,228,166,v008
WP8D0,108,273,165,v018
WP8D0,55,180,125,v022
WP8D0,206,480,274,v032
WP8D0,144,695,551,v018
WP8D0,192,309,117,v016
WP8D0,220,695,475,v032
WP8D0,24,163,139,v029
RS2H9,0,767,767,v004
RS2H9,240,767,527,v008
RS2H9,254,720,466,v009
RS2H9,0,767,767,v018
PHN7Z,480,648,168,v001
PHN7Z,0,228,228,v008
PHN7Z,153,434,281,v003
6YZOL,0,746,746,v008
6YZOL,0,103,103,v023
6YZOL,120,295,175,v026
6YZOL,489,698,209,v001
00HFP,326,525,199,v025
00HFP,67,537,470,v008
00HFP,468,645,177,v025
7OHQP,91,352,261,v031
7OHQP,700,752,52,v024
7OHQP,158,340,182,v006
7OHQP,264,566,302,v020
7OHQP,573,748,175,v023
PO74I,184,622,438,v008
PO74I,139,280,141,v023
PO74I,0,141,141,v017
WPPAT,398,578,180,v012
WPPAT,100,386,286,v029
WPPAT,492,616,124,v001
OBT3Q,139,708,569,v004
OBT3Q,0,708,708,v018
OBT3Q,0,708,708,v008
OBT3Q,0,247,247,v015
RVLXD,420,564,144,v001
RVLXD,477,575,98,v007
RVLXD,398,561,163,v001
RVLXD,276,417,141,v012
RVLXD,0,352,352,v003
RVLXD,492,575,83,v012
NNUCA,0,170,170,v008
NNUCA,38,163,125,v025
NNUCA,175,578,403,v021
NNUCA,360,477,117,v020
NNUCA,396,549,153,v009
NNUCA,12,177,165,v016
NNUCA,148,540,392,v008
NNUCA,84,235,151,v023
NNUCA,472,578,106,v019
NNUCA,168,355,187,v001
NNUCA,206,362,156,v001
I4IFT,372,775,403,v012
I4IFT,50,369,319,v003
I4IFT,276,410,134,v022
I4IFT,648,822,174,v017
I4IFT,384,744,360,v031
VSJ05,0,496,496,v004
VSJ05,0,528,528,v008
VSJ05,0,756,756,v018
VSJ05,62,336,274,v009
VSJ05,57,756,699,v019
N1FIJ,19,795,776,v004
N1FIJ,0,795,795,v008
AKNRA,55,211,156,v018
AKNRA,511,636,125,v022
AKNRA,115,607,492,v018
AKNRA,163,302,139,v031
H26YY,218,571,353,v005
H26YY,468,588,120,v016
H26YY,81,225,144,v016
H26YY,79,218,139,v016
H26YY,196,552,356,v005
H26YY,247,391,144,v008
H26YY,144,300,156,v023
H26YY,0,184,184,v008
H26YY,9,124,115,v008
H26YY,0,96,96,v029
H26YY,88,206,118,v016
H26YY,172,300,128,v023
9ITF3,559,703,144,v027
9ITF3,0,717,717,v008
9ITF3,0,103,103,v012
9ITF3,0,110,110,v016
9ITF3,0,88,88,v023
9ITF3,0,628,628,v016
U928R,0,276,276,v005
U928R,0,388,388,v009
U928R,369,544,175,v023
U928R,0,324,324,v019
U928R,0,544,544,v008
U928R,300,544,244,v029
U928R,420,544,124,v008
6QSON,0,412,412,v008
6QSON,372,583,211,v012
6QSON,403,638,235,v008
6QSON,549,672,123,v016
6QSON,307,434,127,v016
6QSON,228,417,189,v016
EXB02,278,427,149,v029
EXB02,0,228,228,v008
EXB02,0,540,540,v026
EXB02,45,374,329,v019
EXB02,0,723,723,v022
EXB02,321,723,402,v009
EXB02,288,723,435,v008
9GKCA,0,730,730,v008
9GKCA,0,730,730,v021
9GKCA,0,730,730,v018
9GKCA,326,710,384,v000
W8H3C,0,74,74,v008
W8H3C,204,436,232,v018
W8H3C,340,721,381,v018
W8H3C,0,721,721,v021
W8H3C,288,721,433,v018
W8H3C,0,721,721,v019
W8H3C,38,192,154,v027
W8H3C,369,721,352,v016
Q3HZI,0,336,336,v008
Q3HZI,0,225,225,v021
Q3HZI,206,424,218,v012
Q3HZI,376,506,130,v012
Q3HZI,228,336,108,v007
Q3HZI,357,554,197,v023
Q3HZI,0,88,88,v023
Q3HZI,295,412,117,v029
2YJUQ,172,818,646,v008
2YJUQ,566,758,192,v031
2YJUQ,465,583,118,v022
2YJUQ,321,547,226,v004
2YJUQ,172,376,204,v015
2YJUQ,103,232,129,v018
2YJUQ,285,412,127,v016
2YJUQ,456,578,122,v018
2YJUQ,717,832,115,v016
2YJUQ,81,441,360,v019
2YJUQ,122,564,442,v018
J8SHW,741,934,193,v011
J8SHW,600,777,177,v001
J8SHW,0,710,710,v026
J8SHW,0,772,772,v023
J8SHW,0,669,669,v026
J95X1,376,549,173,v012
J95X1,698,962,264,v010
J95X1,604,914,310,v000
J95X1,0,463,463,v021
J95X1,0,172,172,v000
J95X1,458,679,221,v022
J95X1,792,1000,208,v026
5ZHUE,134,775,641,v030
5ZHUE,0,86,86,v016
5ZHUE,48,261,213,v023
74S1R,50,201,151,v029
74S1R,228,460,232,v005
74S1R,96,336,240,v008
74S1R,223,487,264,v023
74S1R,103,324,221,v008
74S1R,112,278,166,v023
74S1R,0,156,156,v027
74S1R,290,480,190,v005
74S1R,223,403,180,v012
W4S0Q,43,736,693,v018
W4S0Q,261,736,475,v018
W4S0Q,48,736,688,v031
W4S0Q,228,736,508,v008
RH44U,0,259,259,v008
RH44U,216,803,587,v008
RH44U,170,307,137,v023
RH44U,110,259,149,v016
RH44U,57,559,502,v004
RH44U,98,400,302,v016
RH44U,168,564,396,v012
RH44U,93,360,267,v031
RH44U,434,803,369,v018
RH44U,626,803,177,v001
Q6IU9,439,597,158,v005
Q6IU9,686,773,87,v016
Q6IU9,362,535,173,v023
Q6IU9,288,439,151,v001
Q6IU9,0,391,391,v014
Q6IU9,463,655,192,v005
Q6IU9,0,415,415,v031
OYGP0,117,266,149,v012
OYGP0,40,194,154,v008
OYGP0,439,607,168,v016
OYGP0,237,544,307,v026
OYGP0,237,714,477,v008
BE51K,0,240,240,v031
BE51K,0,88,88,v008
BE51K,0,348,348,v016
BE51K,110,475,365,v018
BE51K,271,475,204,v018
YFBA1,55,206,151,v012
YFBA1,14,146,132,v023
YFBA1,0,103,103,v029
YFBA1,93,249,156,v010
YFBA1,43,552,509,v031
YFBA1,40,552,512,v010
YFBA1,9,552,543,v008
YFBA1,7,177,170,v018
TVTV7,316,674,358,v008
TVTV7,0,405,405,v018
TVTV7,285,422,137,v022
TVTV7,302,674,372,v026
8TDNF,0,817,817,v018
8TDNF,0,817,817,v031
8TDNF,0,817,817,v003
8TDNF,0,136,136,v016
I049A,0,386,386,v010
I049A,398,564,166,v018
I049A,98,501,403,v000
I049A,98,501,403,v000
I049A,568,727,159,v003
830OE,0,163,163,v008
830OE,62,184,122,v025
830OE,151,288,137,v009
830OE,146,764,618,v019
2I871,0,357,357,v008
2I871,460,755,295,v017
2I871,283,537,254,v008
2I871,264,398,134,v023
2I871,0,350,350,v010
2I871,264,547,283,v016
2I871,326,451,125,v029
2I871,0,350,350,v024
91J8K,180,400,220,v007
91J8K,0,700,700,v008
91J8K,0,700,700,v008
91J8K,0,750,750,v012
QNPDC,885,1030,145,v008
QNPDC,136,276,140,v008
QNPDC,163,312,149,v016
QNPDC,266,590,324,v015
QNPDC,391,595,204,v008
QNPDC,890,1030,140,v023
QNPDC,936,1030,94,v008
QNPDC,127,300,173,v016
0J1AQ,753,924,171,v001
0J1AQ,302,765,463,v014
0J1AQ,60,919,859,v018
0J1AQ,76,873,797,v008
0J1AQ,823,948,125,v022
0J1AQ,21,156,135,v018
0J1AQ,292,868,576,v031
0J1AQ,50,928,878,v018
0J1AQ,213,336,123,v016
0J1AQ,254,408,154,v012
LQGMM,40,1348,1308,v002
LQGMM,516,784,268,v012
LQGMM,943,1329,386,v002
LQGMM,681,888,207,v023
LQGMM,192,331,139,v004
LQGMM,674,825,151,v008
TOY9V,0,168,168,v012
TOY9V,88,218,130,v008
TOY9V,288,705,417,v012
TOY9V,244,384,140,v019
TOY9V,160,326,166,v001
TOY9V,288,723,435,v031
FNRYR,0,739,739,v006
FNRYR,0,739,739,v008
S3FY2,664,731,67,v008
S3FY2,664,731,67,v025
S3FY2,552,731,179,v028
S3FY2,602,731,129,v008
S3FY2,0,158,158,v019
S3FY2,0,731,731,v016
W7J00,0,609,609,v008
W7J00,9,576,567,v005
W7J00,561,751,190,v025
W7J00,0,597,597,v008
W7J00,98,225,127,v019
W7J00,540,751,211,v008
W7J00,535,700,165,v025
W7J00,604,751,147,v016
W7J00,0,96,96,v023
W7J00,0,153,153,v016
7O2LP,350,523,173,v025
7O2LP,0,499,499,v008
7O2LP,0,506,506,v008
7O2LP,556,679,123,v026
9KGIR,50,211,161,v001
9KGIR,108,324,216,v008
9KGIR,208,604,396,v005
9KGIR,19,158,139,v012
9KGIR,52,561,509,v008
9KGIR,650,777,127,v029
BXRSI,0,955,955,v026
BXRSI,0,955,955,v026
JN2E8,348,484,136,v016
JN2E8,0,384,384,v021
JN2E8,283,460,177,v025
JN2E8,0,333,333,v004
QNHM7,156,333,177,v004
QNHM7,367,625,258,v016
QNHM7,242,460,218,v016
QNHM7,0,151,151,v017
QNHM7,242,458,216,v016
QNHM7,129,616,487,v008
QNHM7,120,624,504,v004
QNHM7,96,264,168,v023
QNHM7,136,614,478,v008
QNHM7,139,247,108,v023
QNHM7,468,602,134,v016
YPUYO,170,764,594,v008
YPUYO,326,764,438,v019
YPUYO,216,764,548,v031
YPUYO,372,764,392,v009
YPUYO,204,475,271,v022
YPUYO,204,403,199,v012
YPUYO,189,391,202,v023
YPUYO,367,764,397,v019
YPUYO,62,268,206,v018
WKU7H,266,434,168,v016
WKU7H,115,280,165,v001
WKU7H,28,168,140,v012
WKU7H,115,280,165,v001
WKU7H,429,590,161,v023
WKU7H,494,804,310,v004
6VUKN,0,744,744,v018
6VUKN,62,357,295,v004
6VUKN,580,744,164,v029
6VUKN,432,528,96,v022
6VUKN,0,494,494,v031
6VUKN,0,508,508,v018
6VUKN,576,729,153,v012
I6UIG,0,585,585,v031
I6UIG,484,756,272,v025
96GC9,0,261,261,v004
96GC9,160,345,185,v016
96GC9,0,709,709,v018
96GC9,172,463,291,v005
96GC9,0,129,129,v023
96GC9,0,316,316,v008
96GC9,280,573,293,v008
96GC9,165,300,135,v023
96GC9,160,398,238,v008
96GC9,165,355,190,v016
96GC9,182,417,235,v008
96GC9,0,709,709,v018
96GC9,264,398,134,v016
CRTUY,182,468,286,v008
CRTUY,146,312,166,v023
CRTUY,2,232,230,v008
CRTUY,117,261,144,v016
CRTUY,530,638,108,v001
CRTUY,9,187,178,v025
CRTUY,31,242,211,v026
CRTUY,196,350,154,v016
CRTUY,424,530,106,v025
CRTUY,516,638,122,v001
CRTUY,7,244,237,v023
CRTUY,148,254,106,v016
CRTUY,7,607,600,v026
B5226,549,725,176,v008
B5226,0,638,638,v004
B5226,0,592,592,v005
B5226,0,616,616,v005
B5226,465,628,163,v016
B5226,477,643,166,v016
B5226,0,631,631,v008
B5226,561,725,164,v023
B5226,0,636,636,v008
3FEYY,254,393,139,v016
3FEYY,0,384,384,v030
3FEYY,0,391,391,v008
3FEYY,295,415,120,v016
3FEYY,0,391,391,v030
3FEYY,0,300,300,v015
3FEYY,288,487,199,v023
3FEYY,312,624,312,v002
3FEYY,16,434,418,v016
3FEYY,0,415,415,v008
3FEYY,0,408,408,v030
HCM54,0,520,520,v031
HCM54,96,252,156,v019
HCM54,14,237,223,v028
TPSUY,160,285,125,v025
TPSUY,0,276,276,v008
TPSUY,160,280,120,v025
TPSUY,144,288,144,v016
TPSUY,288,410,122,v026
TPSUY,0,693,693,v008
TPSUY,254,396,142,v025
TPSUY,268,417,149,v025
J9UX5,0,730,730,v021
VPBIO,12,132,120,v008
VPBIO,88,230,142,v016
VPBIO,484,612,128,v008
VPBIO,386,573,187,v028
VPBIO,530,739,209,v028
VPBIO,108,218,110,v012
VPBIO,4,386,382,v016
VPBIO,120,235,115,v025
3U6OZ,446,597,151,v018
3U6OZ,24,254,230,v001
3U6OZ,345,612,267,v018
3U6OZ,439,727,288,v020
3U6OZ,0,81,81,v029
V8LFC,194,350,156,v008
V8LFC,345,727,382,v010
U8V9N,0,357,357,v026
U8V9N,0,1127,1127,v008
U8V9N,621,751,130,v012
U8V9N,453,746,293,v031
U8V9N,780,1039,259,v026
KJOWG,681,753,72,v016
KJOWG,136,698,562,v030
KJOWG,0,753,753,v018
KJOWG,175,688,513,v030
6YZQO,144,264,120,v016
6YZQO,360,624,264,v031
6YZQO,240,360,120,v008
6YZQO,196,436,240,v023
6YZQO,0,256,256,v016
6YZQO,484,775,291,v016
A58GR,472,595,123,v008
A58GR,472,595,123,v023
A58GR,124,771,647,v008
A58GR,33,225,192,v023
A58GR,518,771,253,v001
A58GR,168,348,180,v012
A58GR,391,626,235,v016
A58GR,480,609,129,v016
QYV5R,0,1089,1089,v008
QYV5R,960,1089,129,v029
QYV5R,364,974,610,v016
QYV5R,141,957,816,v016
CG5KY,504,655,151,v016
CG5KY,0,547,547,v010
CG5KY,508,650,142,v016
CG5KY,604,760,156,v022
CG5KY,0,405,405,v000
CG5KY,482,722,240,v018
CG5KY,314,636,322,v008
CG5KY,0,405,405,v000
CG5KY,271,429,158,v023
FW5KJ,0,97,97,v016
FW5KJ,0,97,97,v019
FW5KJ,0,96,96,v008
DLKWO,120,360,240,v012
DLKWO,228,381,153,v023
DLKWO,0,74,74,v001
DLKWO,612,757,145,v016
TY68F,0,504,504,v014
TY68F,115,288,173,v016
TY68F,0,504,504,v008
TY68F,211,393,182,v004
TY68F,0,504,504,v008
TY68F,4,504,500,v008
TY68F,0,232,232,v008
TY68F,0,100,100,v029
TY68F,0,242,242,v008
PCZZS,463,871,408,v023
PCZZS,436,837,401,v023
PCZZS,2,477,475,v016
PCZZS,427,864,437,v026
PCZZS,9,482,473,v016
PCZZS,333,482,149,v016
PCZZS,9,492,483,v008
PCZZS,602,770,168,v008
PCZZS,444,662,218,v008
PCZZS,408,669,261,v023
RB9VI,405,628,223,v004
RB9VI,326,576,250,v023
RB9VI,0,367,367,v008
RB9VI,0,400,400,v026
RB9VI,0,427,427,v026
RB9VI,336,672,336,v008
RB9VI,256,439,183,v012
RB9VI,189,357,168,v025
RB9VI,264,460,196,v008
RB9VI,566,693,127,v029
RB9VI,220,331,111,v016
RB9VI,0,62,62,v023
J647I,283,752,469,v018
J647I,0,235,235,v008
J647I,0,232,232,v014
J647I,136,752,616,v008
J647I,136,752,616,v021
J647I,264,432,168,v018
J647I,0,69,69,v017
J647I,33,187,154,v024
J647I,136,261,125,v023
J647I,98,199,101,v016
J647I,50,165,115,v020
CRW0G,276,648,372,v010
CRW0G,0,288,288,v008
CRW0G,0,84,84,v020
CRW0G,422,648,226,v004
CRW0G,0,235,235,v031
CRW0G,144,360,216,v018
CRW0G,91,204,113,v019
CRW0G,451,619,168,v008
CRW0G,405,535,130,v000
EUJK0,494,752,258,v008
EUJK0,456,638,182,v023
EUJK0,343,530,187,v001
EUJK0,410,578,168,v016
EUJK0,0,752,752,v018
EUJK0,489,752,263,v012
EUJK0,501,752,251,v031
EUJK0,0,540,540,v008
EUJK0,0,530,530,v009
EUJK0,0,511,511,v031
EUJK0,496,752,256,v019
EUJK0,0,537,537,v014
EUJK0,609,752,143,v019
HKJUR,484,655,171,v001
HKJUR,472,778,306,v004
HKJUR,45,261,216,v012
HKJUR,146,280,134,v019
HKJUR,266,600,334,v023
STYTN,374,583,209,v018
STYTN,55,196,141,v023
STYTN,338,489,151,v018
STYTN,52,187,135,v012
STYTN,463,604,141,v022
STYTN,69,254,185,v023
STYTN,240,391,151,v016
STYTN,55,369,314,v008
MZHDX,0,657,657,v010
MZHDX,600,754,154,v026
MZHDX,588,754,166,v022
MZHDX,0,640,640,v008
MZHDX,69,175,106,v023
MZHDX,196,312,116,v023
MZHDX,614,754,140,v026
MZHDX,0,636,636,v026
MZHDX,0,648,648,v016
MZHDX,607,754,147,v023
MZHDX,280,636,356,v026
KVGRN,242,496,254,v013
KVGRN,0,124,124,v031
KVGRN,208,496,288,v008
C5LCU,14,175,161,v012
C5LCU,48,772,724,v031
C5LCU,2,151,149,v018
C5LCU,9,772,763,v018
C5LCU,40,772,732,v018
D2CEL,0,211,211,v008
D2CEL,69,249,180,v016
D2CEL,523,778,255,v003
D2CEL,698,778,80,v031
D2CEL,100,309,209,v023
NY0IW,256,379,123,v016
NY0IW,103,304,201,v028
NY0IW,256,379,123,v016
NY0IW,72,451,379,v023
CXF35,69,420,351,v010
CXF35,350,549,199,v007
CXF35,228,439,211,v022
CXF35,62,412,350,v018
CXF35,60,393,333,v031
CXF35,12,410,398,v018
CXF35,446,624,178,v018
CXF35,328,494,166,v012
CXF35,117,369,252,v016
CXF35,122,336,214,v008
SSX6D,396,640,244,v014
SSX6D,410,559,149,v008
N7GBK,0,105,105,v025
N7GBK,48,121,73,v016
N7GBK,45,121,76,v016
N7GBK,0,105,105,v016
N7GBK,12,121,109,v025
N7GBK,12,121,109,v030
N7GBK,0,117,117,v019
N7GBK,0,105,105,v008
N7GBK,0,121,121,v008
3CW6P,0,576,576,v008
3CW6P,0,576,576,v026
3CW6P,573,720,147,v012
3CW6P,468,585,117,v022
3CW6P,0,576,576,v026
3CW6P,588,705,117,v025
3CW6P,657,726,69,v029
3CW6P,494,674,180,v030
3CW6P,460,688,228,v008
3CW6P,374,501,127,v016
3CW6P,451,604,153,v023
3CW6P,374,501,127,v025
3CW6P,566,684,118,v025
B7SZJ,0,79,79,v008
B7SZJ,60,180,120,v001
B7SZJ,336,453,117,v001
B7SZJ,136,350,214,v008
B7SZJ,240,352,112,v012
B7SZJ,117,256,139,v012
B7SZJ,261,412,151,v016
B7SZJ,132,432,300,v023
B7SZJ,36,170,134,v029
B7SZJ,108,252,144,v029
B7SZJ,405,554,149,v029
MV0TX,12,622,610,v018
MV0TX,235,338,103,v005
MV0TX,211,381,170,v008
MV0TX,0,132,132,v018
MV0TX,547,622,75,v022
MV0TX,228,511,283,v005
MV0TX,79,424,345,v008
MV0TX,223,520,297,v005
MV0TX,7,622,615,v018
MV0TX,520,622,102,v016
MV0TX,494,622,128,v016
MV0TX,216,338,122,v008
MV0TX,172,316,144,v023
MV0TX,172,316,144,v023
MV0TX,508,622,114,v016
GBMNT,328,717,389,v016
GBMNT,0,420,420,v008
GBMNT,249,415,166,v016
GBMNT,242,420,178,v023
GBMNT,381,585,204,v012
GBMNT,0,134,134,v029
GBMNT,177,774,597,v016
D3N3P,324,410,86,v025
D3N3P,0,379,379,v003
D3N3P,324,410,86,v025
D3N3P,0,79,79,v023
D3N3P,0,410,410,v008
K8RW9,302,468,166,v027
K8RW9,0,527,527,v008
YRJMX,417,740,323,v008
YRJMX,422,740,318,v026
YRJMX,415,740,325,v026
YRJMX,0,511,511,v018
8MLCU,84,699,615,v016
8MLCU,45,216,171,v008
8MLCU,105,244,139,v016
8MLCU,204,345,141,v012
8MLCU,112,247,135,v029
WVOQP,398,511,113,v016
WVOQP,484,616,132,v004
WVOQP,0,882,882,v018
WVOQP,256,427,171,v005
WVOQP,832,882,50,v008
WVOQP,832,882,50,v023
WVOQP,832,882,50,v023
WVOQP,832,882,50,v023
WVOQP,225,475,250,v005
WVOQP,220,348,128,v008
WVOQP,21,211,190,v018
WVOQP,369,882,513,v008
WVOQP,357,882,525,v023
WVOQP,314,882,568,v023
34J80,69,537,468,v004
34J80,463,672,209,v016
34J80,0,727,727,v018
34J80,456,638,182,v023
D3PPI,0,803,803,v018
D3PPI,456,803,347,v008
D3PPI,0,803,803,v031
D3PPI,607,803,196,v013
D3PPI,436,556,120,v023
D3PPI,468,803,335,v014
MXW4N,72,446,374,v008
MXW4N,0,194,194,v017
MXW4N,117,761,644,v019
MXW4N,21,761,740,v008
MXW4N,240,761,521,v024
BHTPL,67,253,186,v016
BHTPL,48,253,205,v023
BHTPL,62,208,146,v031
BHTPL,0,122,122,v012
BHTPL,19,223,204,v008
BHTPL,0,165,165,v023
XFS7Z,633,806,173,v016
XFS7Z,559,760,201,v020
XFS7Z,669,998,329,v016
XFS7Z,890,1120,230,v005
XFS7Z,151,806,655,v008
XFS7Z,686,1120,434,v008
XFS7Z,132,484,352,v023
XFS7Z,151,811,660,v025
WREDC,364,576,212,v016
WREDC,79,422,343,v004
WREDC,55,511,456,v008
WREDC,396,549,153,v016
WREDC,357,549,192,v016
WREDC,0,552,552,v008
WREDC,0,288,288,v023
OMBR9,180,1502,1322,v018
OMBR9,1406,1543,137,v022
OMBR9,312,456,144,v023
OMBR9,108,314,206,v018
OMBR9,1156,1512,356,v004
OMBR9,1056,1238,182,v016
OMBR9,592,1238,646,v005
OMBR9,492,1557,1065,v016
OMBR9,578,1041,463,v023
OMBR9,139,345,206,v018
OMBR9,547,705,158,v023
OMBR9,609,861,252,v008
A5CRZ,84,256,172,v018
A5CRZ,192,1101,909,v008
A5CRZ,184,1101,917,v005
A5CRZ,96,1118,1022,v018
A5CRZ,0,220,220,v018
A5CRZ,112,1113,1001,v018
A5CRZ,352,492,140,v006
FTG07,204,410,206,v012
FTG07,127,439,312,v016
FTG07,518,976,458,v016
FTG07,1154,1334,180,v001
FTG07,127,852,725,v008
FTG07,36,969,933,v023
FTG07,693,1159,466,v016
FTG07,21,223,202,v026
FTG07,120,230,110,v023
FTG07,120,844,724,v008
FTG07,307,439,132,v029
FTG07,230,355,125,v007
FTG07,295,460,165,v007
FTG07,427,585,158,v007
OGK5Y,794,943,149,v022
OGK5Y,74,924,850,v018
AJRIJ,0,763,763,v008
AJRIJ,0,261,261,v021
AJRIJ,0,763,763,v018
AJRIJ,0,763,763,v021
ZWE6N,369,873,504,v008
ZWE6N,52,904,852,v008
ZWE6N,182,420,238,v004
ZWE6N,789,906,117,v016
ZWE6N,518,696,178,v023
ZWE6N,736,864,128,v016
ZWE6N,48,211,163,v023
GLGQJ,506,703,197,v001
GLGQJ,0,422,422,v030
GLGQJ,681,938,257,v008
GLGQJ,686,943,257,v014
GLGQJ,468,768,300,v023
GLGQJ,0,242,242,v030
GLGQJ,453,573,120,v016
GLGQJ,0,520,520,v030
MO4WK,0,517,517,v014
MO4WK,314,475,161,v020
MO4WK,0,517,517,v018
MO4WK,0,517,517,v018
MO4WK,0,517,517,v032
MO4WK,0,517,517,v031
8D3M4,592,820,228,v008
FPXL7,96,204,108,v016
FPXL7,326,781,455,v007
FPXL7,88,216,128,v016
FPXL7,441,614,173,v001
FPXL7,379,501,122,v012
FPXL7,108,235,127,v016
FPXL7,168,309,141,v019
EMH48,0,69,69,v008
48EEP,0,720,720,v031
48EEP,0,297,297,v019
48EEP,0,141,141,v009
J5FLP,288,699,411,v009
J5FLP,0,408,408,v031
J5FLP,403,597,194,v031
J5FLP,324,699,375,v019
J5FLP,280,699,419,v018
5D1FD,0,730,730,v008
5D1FD,105,319,214,v023
5D1FD,532,717,185,v027
5D1FD,0,730,730,v008
5D1FD,218,417,199,v005
5D1FD,72,204,132,v019
5D1FD,124,249,125,v012
GM4QR,0,489,489,v008
GM4QR,0,492,492,v026
GM4QR,408,600,192,v008
GM4QR,408,691,283,v023
GM4QR,86,223,137,v020
GM4QR,328,489,161,v016
3YNPY,201,337,136,v018
3YNPY,62,170,108,v016
3YNPY,60,170,110,v016
3YNPY,163,309,146,v018
3YNPY,0,304,304,v022
3YNPY,55,177,122,v025
3YNPY,0,132,132,v026
3YNPY,0,170,170,v008
55FRY,309,556,247,v004
55FRY,79,278,199,v016
55FRY,199,391,192,v018
55FRY,93,201,108,v025
55FRY,542,679,137,v022
55FRY,172,384,212,v018
55FRY,278,640,362,v018
TOOYI,292,458,166,v001
TOOYI,0,112,112,v012
TOOYI,400,573,173,v016
TOOYI,110,448,338,v016
TOOYI,412,573,161,v016
TOOYI,192,508,316,v019
TOOYI,0,573,573,v008
TOOYI,12,136,124,v023
TOOYI,38,177,139,v016
TOOYI,16,168,152,v008
1WAOU,0,110,110,v004
1WAOU,408,564,156,v029
1WAOU,364,765,401,v008
TOE9V,81,206,125,v008
TOE9V,93,223,130,v016
TOE9V,86,218,132,v025
TOE9V,0,120,120,v008
TOE9V,14,136,122,v025
TOE9V,100,230,130,v025
TOE9V,100,230,130,v016
TOE9V,26,136,110,v025
TOE9V,93,199,106,v008
2MGC1,103,242,139,v029
2MGC1,0,846,846,v008
2MGC1,86,216,130,v012
2MGC1,117,268,151,v001
2MGC1,556,846,290,v015
2MGC1,201,319,118,v007
LLLXJ,0,665,665,v014
LLLXJ,0,88,88,v008
LLLXJ,26,247,221,v017
LLLXJ,0,665,665,v008
K7E8L,0,276,276,v026
K7E8L,357,913,556,v026
K7E8L,796,913,117,v020
K7E8L,331,564,233,v026
K7E8L,0,316,316,v008
K7E8L,170,336,166,v016
K7E8L,352,499,147,v023
K7E8L,386,913,527,v008
W1QG3,134,900,766,v008
W1QG3,266,422,156,v020
W1QG3,504,842,338,v016
W1QG3,386,561,175,v023
W1QG3,648,880,232,v006
IKQLJ,0,192,192,v008
IKQLJ,0,1504,1504,v008
IKQLJ,254,1339,1085,v031
IKQLJ,0,199,199,v023
IKQLJ,103,343,240,v016
IKQLJ,1137,1286,149,v004
IKQLJ,1303,1483,180,v022
IKQLJ,134,319,185,v018
IKQLJ,1144,1332,188,v016
IKQLJ,12,184,172,v029
IKQLJ,208,1370,1162,v014
IKQLJ,0,304,304,v023
I5L3Y,156,324,168,v004
I5L3Y,136,324,188,v008
I5L3Y,129,280,151,v012
I5L3Y,314,788,474,v026
I5L3Y,122,276,154,v029
I5L3Y,117,788,671,v031
I5L3Y,211,336,125,v016
E9EKR,153,463,310,v008
E9EKR,364,472,108,v025
E9EKR,0,256,256,v018
E9EKR,153,276,123,v022
E9EKR,0,69,69,v018
E9EKR,151,321,170,v023
5ZXA3,597,738,141,v001
5ZXA3,564,705,141,v031
5ZXA3,494,693,199,v014
5ZXA3,362,499,137,v016
5ZXA3,357,487,130,v016
5ZXA3,0,487,487,v008
5ZXA3,0,451,451,v032
099Y1,472,655,183,v001
099Y1,396,554,158,v008
099Y1,72,259,187,v012
099Y1,249,573,324,v023
099Y1,578,700,122,v031
099Y1,588,734,146,v016
099Y1,585,727,142,v016
099Y1,52,249,197,v007
099Y1,328,727,399,v008
099Y1,52,384,332,v012
099Y1,295,636,341,v023
099Y1,484,745,261,v001
PV745,302,636,334,v008
PV745,364,1286,922,v008
PV745,770,1672,902,v016
PV745,672,1365,693,v018
PV745,972,1180,208,v022
PV745,285,962,677,v023
PV745,276,936,660,v016
PV745,823,1173,350,v028
PV745,57,444,387,v012
PV745,136,391,255,v018
PV745,717,1005,288,v016
PV745,813,1120,307,v003
PV745,136,1207,1071,v018
PV745,873,1758,885,v016
PV745,532,840,308,v016
PV745,172,355,183,v023
PV745,268,566,298,v023
F1FV0,0,724,724,v010
F1FV0,0,81,81,v019
F1FV0,0,724,724,v021
F1FV0,0,81,81,v000
F1FV0,259,544,285,v008
F1FV0,360,717,357,v014
F1FV0,170,355,185,v023
6AQVX,165,705,540,v004
6AQVX,0,740,740,v008
6AQVX,0,740,740,v008
6AQVX,0,740,740,v008
J3UKN,552,791,239,v029
J3UKN,24,552,528,v005
J3UKN,0,170,170,v023
J3UKN,470,621,151,v022
J3UKN,0,122,122,v012
J3UKN,463,609,146,v016
J3UKN,0,607,607,v018
J3UKN,0,607,607,v018
J3UKN,0,590,590,v008
2P6ZP,24,168,144,v016
2P6ZP,31,158,127,v016
2P6ZP,470,751,281,v005
2P6ZP,530,693,163,v019
2P6ZP,482,631,149,v016
2P6ZP,530,693,163,v008
2P6ZP,472,600,128,v005
2P6ZP,0,756,756,v022
2P6ZP,201,540,339,v023
2P6ZP,0,160,160,v008
8JT6S,0,180,180,v008
8JT6S,76,180,104,v016
8JT6S,0,709,709,v008
8JT6S,129,268,139,v016
8JT6S,184,709,525,v021
8JT6S,151,280,129,v010
QWHFE,540,698,158,v001
QWHFE,376,508,132,v012
QWHFE,0,398,398,v002
QWHFE,528,707,179,v016
QWHFE,554,707,153,v008
QWHFE,535,650,115,v023
92II5,0,776,776,v014
92II5,0,776,776,v008
VTYXW,492,655,163,v001
VTYXW,636,921,285,v015
VTYXW,105,254,149,v012
VTYXW,105,254,149,v012
VTYXW,943,1579,636,v002
VTYXW,542,1005,463,v023
6QH7V,475,638,163,v025
6QH7V,0,737,737,v008
6QH7V,43,172,129,v024
6QH7V,268,715,447,v008
6QH7V,268,432,164,v016
0JXN3,271,460,189,v020
0JXN3,88,237,149,v025
0JXN3,115,223,108,v025
OMHFD,0,739,739,v008
OMHFD,477,698,221,v009
OMHFD,422,540,118,v023
OMHFD,0,525,525,v013
OMHFD,367,700,333,v019
OMHFD,0,739,739,v014
OMHFD,357,544,187,v016
2R13Z,0,735,735,v008
2R13Z,0,735,735,v024
2R13Z,0,735,735,v032
2R13Z,81,280,199,v014
2R13Z,0,735,735,v018
BTN7H,520,931,411,v008
BTN7H,21,276,255,v001
BTN7H,194,612,418,v028
BTN7H,542,931,389,v014
BTN7H,744,871,127,v019
BTN7H,352,484,132,v031
BTN7H,530,667,137,v023
KS85E,180,573,393,v008
KS85E,110,312,202,v023
KS85E,91,235,144,v012
KS85E,300,590,290,v005
KS85E,208,321,113,v016
KS85E,129,273,144,v023
KS85E,67,302,235,v008
KS85E,45,314,269,v023
PEY34,230,427,197,v016
PEY34,264,429,165,v016
PEY34,355,573,218,v008
PEY34,0,124,124,v004
PEY34,28,254,226,v009
5TF8P,48,682,634,v008
5TF8P,0,682,682,v026
5TF8P,79,682,603,v023
7RI1Y,0,793,793,v008
7RI1Y,530,705,175,v026
7RI1Y,456,626,170,v012
7RI1Y,549,748,199,v001
DIEEO,0,187,187,v008
DIEEO,64,194,130,v016
DIEEO,0,187,187,v004
DIEEO,103,520,417,v009
DIEEO,0,187,187,v008
DIEEO,105,499,394,v019
DIEEO,0,206,206,v008
DIEEO,0,504,504,v008
DIEEO,144,254,110,v019
NJ0X1,0,564,564,v024
NJ0X1,420,564,144,v018
NJ0X1,0,528,528,v018
YNIWQ,218,417,199,v008
YNIWQ,314,542,228,v025
YNIWQ,26,544,518,v008
YNIWQ,436,552,116,v016
YNIWQ,436,556,120,v025
YNIWQ,504,727,223,v012
YNIWQ,0,69,69,v012
YNIWQ,98,264,166,v001
YNIWQ,74,216,142,v012
YNIWQ,0,136,136,v023
YNIWQ,40,280,240,v031
YNIWQ,662,747,85,v001
YNIWQ,0,571,571,v008
YNIWQ,369,578,209,v016
YNIWQ,415,559,144,v016
YNIWQ,420,559,139,v023
QUGLP,98,312,214,v029
QUGLP,43,758,715,v008
QUGLP,64,244,180,v012
QUGLP,12,127,115,v023
QUGLP,655,770,115,v016
QUGLP,74,189,115,v007
46Z16,50,1161,1111,v008
46Z16,979,1161,182,v016
46Z16,0,182,182,v003
46Z16,136,837,701,v003
46Z16,787,1022,235,v028
46Z16,828,1029,201,v016
46Z16,57,518,461,v028
46Z16,57,878,821,v026
46Z16,0,141,141,v016
46Z16,38,187,149,v008
46Z16,9,1161,1152,v024
S1N2U,297,400,103,v027
S1N2U,0,436,436,v010
S1N2U,357,794,437,v018
S1N2U,547,794,247,v003
S1N2U,127,319,192,v000
S1N2U,141,480,339,v000
E6TED,225,432,207,v008
E6TED,528,731,203,v004
E6TED,62,180,118,v022
E6TED,208,328,120,v023
E6TED,372,595,223,v008
E6TED,484,600,116,v016
E6TED,482,600,118,v016
E6TED,261,417,156,v019
E6TED,364,559,195,v023
E6TED,376,580,204,v015
IZZ3Y,249,434,185,v012
IZZ3Y,127,278,151,v023
IZZ3Y,19,194,175,v008
IZZ3Y,115,295,180,v005
IZZ3Y,192,350,158,v004
IZZ3Y,460,590,130,v008
IZZ3Y,338,796,458,v031
NILOB,0,699,699,v008
MRNFI,38,244,206,v001
MRNFI,160,870,710,v008
MRNFI,208,870,662,v014
MRNFI,0,134,134,v007
FH9AB,705,836,131,v001
FH9AB,696,801,105,v007
FH9AB,2,660,658,v026
NBIR0,381,552,171,v001
NBIR0,487,691,204,v016
NBIR0,36,345,309,v028
NBIR0,297,446,149,v023
NBIR0,746,776,30,v023
NBIR0,468,708,240,v026
NBIR0,266,472,206,v025
NBIR0,648,776,128,v023
NBIR0,420,556,136,v001
NBIR0,468,583,115,v026
NBIR0,139,254,115,v025
6NWDR,343,781,438,v008
6NWDR,602,781,179,v005
6NWDR,28,357,329,v020
6NWDR,285,417,132,v012
T2J3M,595,760,165,v001
T2J3M,170,372,202,v012
T2J3M,314,609,295,v016
T2J3M,609,741,132,v001
T2J3M,220,379,159,v012
T2J3M,537,652,115,v026
T2J3M,288,460,172,v029
T2J3M,189,364,175,v007
T2J3M,364,664,300,v007
T2J3M,141,489,348,v008
215QU,0,757,757,v031
215QU,0,757,757,v014
215QU,0,757,757,v018
215QU,0,757,757,v018
215QU,0,757,757,v032
Y4IIO,595,741,146,v001
Y4IIO,0,124,124,v012
Y4IIO,302,496,194,v030
Y4IIO,319,487,168,v026
Y4IIO,319,487,168,v030
Y4IIO,489,724,235,v026
C83CD,0,132,132,v008
C83CD,0,759,759,v012
C3CGB,88,256,168,v008
C3CGB,302,439,137,v008
C3CGB,477,657,180,v005
0PGAD,261,444,183,v007
0PGAD,36,283,247,v028
0PGAD,307,466,159,v029
0PGAD,278,420,142,v012
0PGAD,38,466,428,v008
SZWKQ,12,175,163,v008
SZWKQ,168,388,220,v020
QUE13,86,157,71,v008
QUE13,28,157,129,v012
QUE13,14,148,134,v016
QUE13,0,108,108,v029
QUE13,81,157,76,v001
8Q0EY,0,720,720,v002
8Q0EY,540,759,219,v008
RJF6F,0,506,506,v008
RJF6F,340,506,166,v023
TS2TD,297,429,132,v015
TS2TD,693,811,118,v031
TS2TD,640,811,171,v008
TS2TD,628,811,183,v016
TS2TD,62,182,120,v016
TS2TD,153,290,137,v023
TS2TD,705,811,106,v012
TS2TD,657,801,144,v018
TS2TD,636,772,136,v023
TS2TD,636,770,134,v018
TS2TD,33,148,115,v022
TS2TD,4,129,125,v019
M52K2,938,1094,156,v023
M52K2,674,866,192,v016
M52K2,945,1094,149,v016
M52K2,175,398,223,v015
M52K2,952,1142,190,v008
M52K2,952,1120,168,v008
M52K2,432,588,156,v022
M52K2,1168,1350,182,v025
M52K2,40,561,521,v018
M52K2,19,170,151,v018
M52K2,60,446,386,v008
M52K2,424,547,123,v016
XLR4B,127,729,602,v005
XLR4B,513,729,216,v031
XLR4B,513,729,216,v018
XLR4B,55,331,276,v002
XLR4B,2,729,727,v008
XLR4B,28,717,689,v005
XLR4B,436,626,190,v018
XLR4B,523,729,206,v018
XLR4B,9,204,195,v008
XLR4B,535,729,194,v031
SPDLO,585,988,403,v016
SPDLO,175,640,465,v026
SPDLO,0,592,592,v016
SPDLO,0,616,616,v016
SPDLO,549,988,439,v023
SPDLO,0,631,631,v016
SPDLO,0,566,566,v023
SPDLO,0,655,655,v008
SPDLO,633,988,355,v026
SPDLO,516,664,148,v016
SBOI8,0,355,355,v005
SBOI8,273,579,306,v016
SBOI8,0,579,579,v018
SBOI8,288,468,180,v016
O5N93,0,655,655,v005
O5N93,0,67,67,v019
O5N93,0,655,655,v005
O5N93,672,810,138,v008
O5N93,566,696,130,v016
O5N93,0,679,679,v008
O5N93,595,696,101,v016
O5N93,595,753,158,v023
O5N93,554,674,120,v016
O5N93,0,691,691,v008
O5N93,0,688,688,v008
XMF8Y,0,666,666,v008
XMF8Y,285,666,381,v008
XMF8Y,0,666,666,v005
XMF8Y,72,666,594,v018
XMF8Y,28,218,190,v018
XMF8Y,201,666,465,v013
XMF8Y,0,127,127,v010
XMF8Y,100,666,566,v014
XMF8Y,28,666,638,v010
XMF8Y,28,666,638,v018
XMF8Y,115,228,113,v023
LFBCQ,14,156,142,v012
LFBCQ,156,304,148,v001
LFBCQ,14,156,142,v012
PXBN0,91,676,585,v008
PXBN0,590,693,103,v005
EXG45,556,691,135,v001
EXG45,585,715,130,v016
EXG45,0,638,638,v032
EXG45,0,732,732,v032
EXG45,0,645,645,v014
EXG45,592,732,140,v025
EXG45,537,662,125,v023
EXG45,528,708,180,v008
UOI76,264,441,177,v016
UOI76,211,374,163,v023
UOI76,0,846,846,v014
UOI76,0,846,846,v018
UOI76,0,846,846,v032
UOI76,180,448,268,v016
GN912,355,487,132,v008
GN912,398,487,89,v023
GN912,412,487,75,v009
GN912,441,487,46,v005
GN912,441,487,46,v005
GN912,441,487,46,v016
GN912,441,487,46,v008
GN912,441,487,46,v008
NSM0B,249,519,270,v008
NSM0B,211,519,308,v031
9GQRI,530,1019,489,v012
9GQRI,0,578,578,v002
9GQRI,247,446,199,v020
9GQRI,595,708,113,v023
9GQRI,640,1019,379,v016
ANAR5,0,189,189,v004
ANAR5,88,228,140,v012
ANAR5,0,723,723,v018
ANAR5,96,278,182,v023
ANAR5,74,278,204,v005
ANAR5,0,69,69,v023
ANAR5,28,153,125,v016
ANAR5,79,256,177,v008
ANAR5,0,170,170,v008
ANAR5,0,723,723,v008
0H04V,444,643,199,v009
0H04V,0,132,132,v008
0H04V,684,795,111,v016
0H04V,333,504,171,v016
0H04V,547,672,125,v016
TZSIE,434,712,278,v029
TZSIE,307,470,163,v022
TZSIE,0,456,456,v018
TZSIE,0,74,74,v012
TZSIE,0,463,463,v018
TZSIE,0,163,163,v001
N67PL,612,734,122,v008
N67PL,0,588,588,v005
N67PL,369,518,149,v009
N67PL,540,664,124,v022
N67PL,0,636,636,v018
N67PL,144,532,388,v019
N67PL,19,216,197,v008
N67PL,105,220,115,v016
N67PL,0,636,636,v018
N67PL,578,734,156,v023
JCLES,360,501,141,v001
JCLES,276,391,115,v012
JCLES,0,192,192,v008
JCLES,55,187,132,v018
JCLES,566,708,142,v023
JCLES,688,734,46,v018
JCLES,688,734,46,v023
JCLES,688,734,46,v016
TIS3Z,31,792,761,v005
TIS3Z,662,792,130,v001
TIS3Z,0,722,722,v008
TIS3Z,50,792,742,v005
TIS3Z,684,792,108,v001
TIS3Z,36,309,273,v008
TIS3Z,0,134,134,v012
TIS3Z,0,792,792,v008
TIS3Z,312,746,434,v016
JCNHL,458,650,192,v012
JCNHL,288,513,225,v025
JCNHL,9,211,202,v019
JCNHL,201,458,257,v028
JCNHL,492,650,158,v026
JCNHL,297,451,154,v008
JCNHL,484,643,159,v016
H4IT6,0,105,105,v008
H4IT6,9,210,201,v029
H4IT6,40,189,149,v009
H4IT6,0,210,210,v024
H4IT6,40,201,161,v019
H4IT6,0,210,210,v014
ORJTD,0,746,746,v018
ORJTD,0,746,746,v026
ORJTD,249,626,377,v016
ORJTD,0,621,621,v008
ORJTD,590,746,156,v025
81NAT,376,578,202,v008
81NAT,67,326,259,v028
81NAT,180,326,146,v016
81NAT,295,436,141,v023
0H5VC,424,554,130,v016
0H5VC,547,769,222,v010
0H5VC,554,681,127,v008
0H5VC,352,475,123,v001
0H5VC,0,448,448,v031
0H5VC,0,494,494,v032
0H5VC,0,628,628,v018
0H5VC,513,769,256,v021
0H5VC,0,494,494,v008
0H5VC,381,496,115,v016
0H5VC,0,463,463,v008
0H5VC,496,648,152,v023
0H5VC,0,506,506,v012
0H5VC,381,489,108,v016
0H5VC,405,528,123,v023
0H5VC,532,660,128,v016
2H56B,60,777,717,v018
2H56B,0,153,153,v008
2H56B,0,153,153,v008
2H56B,57,777,720,v009
2H56B,33,249,216,v018
2H56B,21,144,123,v016
2H56B,0,74,74,v029
CN43X,24,249,225,v023
CN43X,230,424,194,v023
CN43X,259,396,137,v018
CN43X,328,801,473,v005
CN43X,331,809,478,v018
CN43X,112,225,113,v019
FE6RN,110,362,252,v004
FE6RN,112,280,168,v008
FE6RN,232,369,137,v004
FE6RN,273,398,125,v008
FE6RN,52,170,118,v018
FE6RN,55,192,137,v018
FE6RN,249,716,467,v005
3G4PN,0,816,816,v008
3G4PN,0,811,811,v014
3G4PN,0,777,777,v018
3G4PN,633,820,187,v022
3G4PN,652,848,196,v023
3G4PN,643,756,113,v016
3G4PN,676,784,108,v008
3G4PN,554,700,146,v019
FHXKQ,0,117,117,v008
FHXKQ,0,206,206,v016
FHXKQ,0,199,199,v016
FHXKQ,0,69,69,v008
FHXKQ,0,91,91,v016
FHXKQ,64,182,118,v016
FHXKQ,86,723,637,v023
FHXKQ,50,194,144,v008
FHXKQ,0,122,122,v012
FHXKQ,0,139,139,v016
FHXKQ,57,597,540,v008
DR4R7,144,422,278,v031
DR4R7,67,216,149,v016
DR4R7,261,410,149,v019
JXS3A,98,727,629,v008
JXS3A,38,172,134,v018
JXS3A,72,194,122,v023
JXS3A,0,120,120,v016
JXS3A,122,727,605,v014
JXS3A,458,722,264,v013
JXS3A,45,727,682,v018
VA8NL,439,616,177,v023
VA8NL,76,480,404,v008
VA8NL,0,424,424,v026
VA8NL,482,616,134,v022
VA8NL,0,547,547,v018
VA8NL,0,524,524,v030
VA8NL,0,499,499,v008
9REZ6,261,679,418,v008
9REZ6,235,393,158,v023
9REZ6,31,283,252,v008
9REZ6,151,324,173,v016
QXT9W,1034,1504,470,v031
QXT9W,813,957,144,v001
QXT9W,398,580,182,v012
QXT9W,288,439,151,v018
QXT9W,304,981,677,v018
QXT9W,139,1012,873,v008
QXT9W,892,1012,120,v016
QXT9W,900,1027,127,v022
QXT9W,429,933,504,v031
QXT9W,76,228,152,v023
QXT9W,868,1034,166,v016
QXT9W,256,1034,778,v018
QXT9W,1111,1293,182,v006
7UQFM,451,734,283,v004
7UQFM,98,376,278,v008
7UQFM,144,264,120,v014
7UQFM,228,453,225,v016
7UQFM,355,780,425,v008
7UQFM,343,506,163,v023
7UQFM,662,784,122,v016
7UQFM,676,780,104,v016
T5E2T,722,1123,401,v004
T5E2T,494,806,312,v026
T5E2T,297,516,219,v000
T5E2T,501,708,207,v016
T5E2T,722,916,194,v004
T5E2T,640,871,231,v023
T5E2T,873,1132,259,v008
T5E2T,902,1070,168,v005
T5E2T,844,1132,288,v016
T5E2T,448,760,312,v023
T5E2T,844,1111,267,v008
T5E2T,0,516,516,v022
T5E2T,506,1132,626,v026
T5E2T,506,1132,626,v023
T5E2T,400,544,144,v018
T5E2T,151,492,341,v010
N50C6,100,230,130,v008
N50C6,55,182,127,v023
N50C6,136,422,286,v017
9HOV3,192,405,213,v015
9HOV3,0,536,536,v018
9HOV3,40,175,135,v012
9HOV3,432,536,104,v016
9HOV3,432,536,104,v016
9HOV3,24,187,163,v023
9HOV3,0,536,536,v018
LQK90,0,458,458,v031
LQK90,494,733,239,v008
LQK90,362,523,161,v022
LQK90,0,463,463,v014
LQK90,549,733,184,v015
LQK90,0,484,484,v018
YDWN5,0,312,312,v007
YDWN5,148,302,154,v019
YDWN5,146,328,182,v001
YDWN5,0,139,139,v026
YDWN5,153,321,168,v001
YDWN5,146,328,182,v012
YDWN5,0,225,225,v026
W0Y4E,156,333,177,v010
W0Y4E,156,304,148,v021
W0Y4E,81,199,118,v025
W0Y4E,208,465,257,v005
W0Y4E,62,204,142,v016
W0Y4E,0,146,146,v023
W0Y4E,487,602,115,v023
W0Y4E,513,681,168,v008
W0Y4E,585,712,127,v016
W0Y4E,244,597,353,v008
W0Y4E,631,765,134,v022
W0Y4E,532,676,144,v019
W0Y4E,33,184,151,v008
LOP4H,81,446,365,v010
LOP4H,768,1111,343,v028
LOP4H,74,208,134,v018
LOP4H,523,828,305,v003
LOP4H,345,472,127,v022
LOP4H,160,331,171,v025
LOP4H,74,429,355,v018
LOP4H,376,976,600,v016
M0P0H,79,236,157,v008
M0P0H,0,236,236,v008
M0P0H,0,146,146,v004
Q9DW7,120,612,492,v010
Q9DW7,631,775,144,v004
Q9DW7,573,705,132,v023
Q9DW7,866,998,132,v022
Q9DW7,170,576,406,v031
Q9DW7,703,873,170,v016
Q9DW7,724,888,164,v016
FNPOB,40,261,221,v028
FNPOB,268,458,190,v012
FNPOB,213,357,144,v018
FNPOB,237,714,477,v018
FNPOB,33,225,192,v023
D5IDA,141,384,243,v015
D5IDA,588,801,213,v016
D5IDA,364,547,183,v023
D5IDA,691,907,216,v008
D5IDA,542,700,158,v016
D5IDA,0,907,907,v026
D5IDA,0,907,907,v016
D5IDA,0,907,907,v023
D5IDA,2,343,341,v008
D5IDA,518,696,178,v008
D5IDA,532,907,375,v023
D5IDA,247,388,141,v022
D5IDA,528,746,218,v008
D5IDA,2,192,190,v023
D5IDA,110,292,182,v023
D5IDA,374,506,132,v023
EBBKQ,184,360,176,v020
EBBKQ,0,163,163,v031
IO3CI,136,264,128,v019
IO3CI,283,432,149,v005
IO3CI,0,117,117,v018
IO3CI,0,117,117,v018
IO3CI,0,736,736,v023
IO3CI,0,86,86,v023
KNX2Y,0,81,81,v008
KNX2Y,307,481,174,v016
KNX2Y,271,403,132,v016
KNX2Y,312,481,169,v008
KNX2Y,312,481,169,v009
KNX2Y,0,481,481,v018
KNX2Y,0,362,362,v013
KNX2Y,312,481,169,v008
KNX2Y,288,403,115,v016
KNX2Y,0,481,481,v018
KNX2Y,0,384,384,v014
WPY0R,213,771,558,v021
WPY0R,213,771,558,v018
WPY0R,213,771,558,v031
M6HL9,0,743,743,v032
M6HL9,0,743,743,v031
M6HL9,0,743,743,v008
PC3WT,283,619,336,v012
PC3WT,753,857,104,v007
PC3WT,307,559,252,v022
PC3WT,43,189,146,v000
PC3WT,307,631,324,v031
PC3WT,16,278,262,v018
MJZJM,0,726,726,v008
MJZJM,326,726,400,v019
MJZJM,0,201,201,v027
MJZJM,0,726,726,v031
MJZJM,115,252,137,v027
7ZTGM,0,552,552,v006
7ZTGM,38,182,144,v002
ZH4JE,33,177,144,v001
ZH4JE,741,810,69,v012
ZH4JE,571,744,173,v023
ZH4JE,0,225,225,v031
ZH4JE,146,379,233,v016
ZH4JE,151,338,187,v008
ZH4JE,151,338,187,v016
CLW8L,170,314,144,v023
CLW8L,0,470,470,v010
CLW8L,0,482,482,v021
CLW8L,307,533,226,v000
A80GG,0,786,786,v008
A80GG,0,786,786,v018
BWZL2,664,1208,544,v008
BWZL2,621,784,163,v023
BWZL2,0,633,633,v016
BWZL2,0,633,633,v016
BWZL2,1080,1208,128,v016
BWZL2,955,1176,221,v030
BWZL2,0,1208,1208,v016
BWZL2,0,652,652,v016
BWZL2,0,664,664,v008
17RPG,0,168,168,v031
17RPG,0,304,304,v019
17RPG,664,778,114,v005
17RPG,0,237,237,v019
17RPG,640,778,138,v005
17RPG,532,674,142,v008
17RPG,578,724,146,v025
17RPG,141,628,487,v028
DCFYV,21,712,691,v026
DCFYV,7,710,703,v018
DCFYV,614,744,130,v022
DCFYV,0,105,105,v023
DCFYV,14,204,190,v029
DCFYV,211,568,357,v016
DCFYV,0,110,110,v018
DCFYV,0,607,607,v008
LHPQS,0,374,374,v008
LHPQS,208,374,166,v013
LHPQS,0,374,374,v014
63WHZ,0,516,516,v026
63WHZ,72,487,415,v008
63WHZ,460,592,132,v022
63WHZ,38,516,478,v016
63WHZ,739,914,175,v026
63WHZ,43,516,473,v026
63WHZ,0,552,552,v031
63WHZ,93,556,463,v026
63WHZ,0,561,561,v014
63WHZ,0,578,578,v018
JGYF6,276,435,159,v024
JGYF6,0,435,435,v018
JGYF6,33,192,159,v020
JGYF6,0,67,67,v014
JGYF6,124,247,123,v023
JGYF6,0,435,435,v018
JGYF6,0,67,67,v008
2L6E2,0,81,81,v008
2L6E2,192,528,336,v016
2L6E2,84,216,132,v012
2L6E2,0,100,100,v029
2L6E2,0,564,564,v016
2L6E2,453,564,111,v001
2L6E2,146,278,132,v012
MQRFK,316,489,173,v006
MQRFK,0,336,336,v030
GPJ6E,81,388,307,v016
GPJ6E,336,614,278,v016
GPJ6E,336,499,163,v023
GPJ6E,285,417,132,v022
GPJ6E,69,391,322,v026
GPJ6E,328,616,288,v026
GPJ6E,448,609,161,v016
OQSPB,0,331,331,v023
OQSPB,280,588,308,v016
OQSPB,235,793,558,v022
OQSPB,412,793,381,v030
OQSPB,0,192,192,v008
OQSPB,0,283,283,v008
OQSPB,273,793,520,v008
OQSPB,292,429,137,v023
OQSPB,396,739,343,v026
OQSPB,48,199,151,v016
720KV,175,552,377,v008
720KV,180,552,372,v016
720KV,0,708,708,v008
720KV,0,708,708,v008
720KV,216,708,492,v031
S7CH5,72,252,180,v003
S7CH5,12,151,139,v012
S7CH5,48,240,192,v017
S7CH5,2,144,142,v029
ZY8F2,19,506,487,v018
ZY8F2,0,132,132,v018
ZY8F2,26,338,312,v031
ZY8F2,576,706,130,v022
GF6TR,98,225,127,v016
GF6TR,0,216,216,v008
GF6TR,43,216,173,v016
GF6TR,100,220,120,v025
GF6TR,0,117,117,v017
B53VP,100,199,99,v016
B53VP,0,132,132,v023
B53VP,494,760,266,v007
B53VP,0,528,528,v018
B53VP,0,189,189,v008
B53VP,316,451,135,v020
DV6OZ,376,988,612,v006
DV6OZ,98,396,298,v031
DV6OZ,376,643,267,v007
V25D1,206,345,139,v005
V25D1,120,302,182,v023
V25D1,206,345,139,v005
V25D1,0,237,237,v031
V25D1,115,674,559,v008
V25D1,0,172,172,v028
V25D1,117,674,557,v008
V25D1,86,211,125,v016
V25D1,110,297,187,v023
V25D1,86,196,110,v025
MCHRP,36,292,256,v012
MCHRP,45,300,255,v007
MCHRP,24,427,403,v008
MCHRP,45,477,432,v020
MCHRP,273,422,149,v016
MCHRP,129,314,185,v029
K0IGF,492,763,271,v030
K0IGF,26,223,197,v028
K0IGF,484,780,296,v030
K0IGF,60,273,213,v020
K0IGF,662,801,139,v016
K0IGF,487,792,305,v023
K0IGF,144,256,112,v025
YFZRG,518,727,209,v008
YFZRG,93,458,365,v030
YFZRG,487,633,146,v023
YFZRG,0,110,110,v027
YFZRG,427,614,187,v023
YFZRG,518,712,194,v008
YFZRG,388,492,104,v018
YFZRG,391,501,110,v022
IBX56,21,276,255,v005
IBX56,103,256,153,v019
IBX56,285,549,264,v005
IBX56,256,458,202,v026
IBX56,530,731,201,v031
IBX56,0,544,544,v008
IBX56,0,544,544,v008
0PPPL,211,338,127,v004
0PPPL,410,554,144,v004
0PPPL,117,254,137,v031
0PPPL,273,453,180,v023
0PPPL,372,766,394,v008
0PPPL,352,504,152,v023
0PPPL,0,182,182,v029
0PPPL,108,766,658,v008
0PPPL,686,766,80,v016
1SJQX,182,312,130,v016
1SJQX,0,343,343,v008
1SJQX,0,340,340,v014
1SJQX,316,731,415,v002
1SJQX,0,288,288,v008
1SJQX,552,731,179,v005
1SJQX,436,559,123,v023
1SJQX,230,340,110,v016
1SJQX,160,264,104,v012
Z1GUW,192,583,391,v008
Z1GUW,192,583,391,v008
Z1GUW,480,583,103,v016
Z1GUW,480,583,103,v026
Z1GUW,480,583,103,v023
Z1GUW,417,583,166,v016
7C13O,681,1185,504,v018
7C13O,568,746,178,v008
7C13O,0,664,664,v008
7C13O,638,789,151,v018
KV287,172,314,142,v016
KV287,14,280,266,v008
KV287,55,189,134,v029
KV287,0,405,405,v029
V5PK0,0,88,88,v012
V5PK0,703,813,110,v019
V5PK0,578,758,180,v016
V5PK0,686,813,127,v014
V5PK0,703,813,110,v009
I9SSV,484,619,135,v003
I9SSV,775,879,104,v022
I9SSV,396,559,163,v018
I9SSV,115,259,144,v005
I9SSV,410,619,209,v016
I9SSV,110,276,166,v005
I9SSV,396,672,276,v018
I9SSV,465,852,387,v003
I9SSV,84,439,355,v008
BUL4V,436,626,190,v001
BUL4V,616,727,111,v018
BUL4V,0,345,345,v032
BUL4V,451,621,170,v022
BUL4V,0,372,372,v018
BUL4V,0,388,388,v018
BUL4V,0,386,386,v032
BUL4V,0,328,328,v031
YDTH0,0,829,829,v014
YDTH0,681,811,130,v008
YDTH0,0,829,829,v018
YDTH0,0,81,81,v018
YDTH0,628,760,132,v023
YDTH0,708,829,121,v016
HEV65,640,740,100,v001
HEV65,403,568,165,v012
HEV65,158,288,130,v012
HEV65,489,607,118,v016
HEV65,0,588,588,v008
CFWP7,0,820,820,v016
CFWP7,760,867,107,v025
CFWP7,0,820,820,v016
CFWP7,0,867,867,v023
CFWP7,763,867,104,v025
CFWP7,0,867,867,v026
UIPJB,0,554,554,v008
UIPJB,0,554,554,v008
UIPJB,60,208,148,v020
UIPJB,0,112,112,v008
94YTY,52,168,116,v006
94YTY,132,456,324,v028
94YTY,228,535,307,v001
94YTY,384,580,196,v028
94YTY,268,643,375,v007
94YTY,424,727,303,v016
94YTY,619,744,125,v025
94YTY,43,180,137,v012
94YTY,283,456,173,v023
94YTY,79,204,125,v029
94YTY,388,631,243,v031
94YTY,595,708,113,v020
FO035,614,765,151,v008
FO035,494,681,187,v000
FO035,662,801,139,v022
FO035,705,802,97,v017
FO035,168,669,501,v021
FO035,628,782,154,v004
FO035,0,211,211,v018
MTA02,112,591,479,v026
MTA02,0,120,120,v012
MTA02,112,591,479,v026
MTA02,480,591,111,v001
13IJA,0,168,168,v008
13IJA,141,261,120,v025
13IJA,0,669,669,v018
13IJA,573,720,147,v022
13IJA,0,216,216,v021
OOEHL,132,745,613,v008
OOEHL,264,660,396,v026
OOEHL,566,745,179,v016
HONL7,0,760,760,v014
HONL7,0,242,242,v025
HONL7,0,235,235,v025
HONL7,24,264,240,v016
HONL7,67,196,129,v031
HONL7,0,760,760,v010
HONL7,2,139,137,v023
WBT2F,292,743,451,v004
WBT2F,292,743,451,v008
WBT2F,184,367,183,v001
WBT2F,14,204,190,v012
WBT2F,0,312,312,v008
WBT2F,0,319,319,v016
WBT2F,177,388,211,v001
WBT2F,276,405,129,v023
WBT2F,0,244,244,v008
WBT2F,153,285,132,v016
PGKB4,352,537,185,v012
PGKB4,76,340,264,v005
PGKB4,76,340,264,v005
PGKB4,0,448,448,v018
PGKB4,410,740,330,v014
PGKB4,93,192,99,v023
PGKB4,348,740,392,v018
PGKB4,688,740,52,v014
PGKB4,688,740,52,v023
PGKB4,688,740,52,v018
7XKUI,110,252,142,v001
7XKUI,0,206,206,v031
7XKUI,218,348,130,v022
7XKUI,0,307,307,v018
7XKUI,0,240,240,v032
7XKUI,220,331,111,v018
7XKUI,0,237,237,v014
1SMZZ,436,571,135,v023
1SMZZ,0,360,360,v018
1SMZZ,261,412,151,v022
1SMZZ,326,468,142,v016
1SMZZ,79,295,216,v004
1SMZZ,0,480,480,v008
1SMZZ,456,571,115,v008
1SMZZ,0,480,480,v016
F9J4H,148,712,564,v008
F9J4H,127,266,139,v023
F9J4H,0,705,705,v008
F9J4H,0,88,88,v029
RSFBP,362,580,218,v008
RSFBP,549,720,171,v031
RSFBP,136,292,156,v020
OOBMP,0,197,197,v008
OOBMP,33,197,164,v025
5N26T,496,782,286,v031
5N26T,686,858,172,v023
5N26T,698,858,160,v012
5N26T,84,266,182,v029
5N26T,213,374,161,v006
TETZ7,0,249,249,v031
TETZ7,345,548,203,v029
TETZ7,168,302,134,v009
TETZ7,343,518,175,v007
TETZ7,151,297,146,v019
TETZ7,300,468,168,v023
TETZ7,336,494,158,v012
TETZ7,276,417,141,v008
QRLOG,192,309,117,v008
QRLOG,225,783,558,v026
QRLOG,151,271,120,v022
QRLOG,0,220,220,v014
QRLOG,0,228,228,v018
QRLOG,182,345,163,v023
QRLOG,0,240,240,v018
QRLOG,0,220,220,v016
SMQUM,50,539,489,v008
SMQUM,28,153,125,v023
SMQUM,132,539,407,v031
SMQUM,96,539,443,v018
SMQUM,468,539,71,v022
SMQUM,96,206,110,v018
SMQUM,312,427,115,v019
SMQUM,124,539,415,v012
SMQUM,312,427,115,v019
VTICD,516,741,225,v008
VTICD,0,297,297,v002
50TLF,100,240,140,v023
50TLF,124,242,118,v022
50TLF,242,489,247,v005
50TLF,132,707,575,v008
50TLF,117,707,590,v023
50TLF,266,504,238,v004
X8Y9X,362,682,320,v004
X8Y9X,316,682,366,v008
X8Y9X,316,580,264,v023
X8Y9X,0,381,381,v026
X8Y9X,283,682,399,v008
MZ9X7,98,244,146,v018
MZ9X7,139,746,607,v018
MZ9X7,55,746,691,v023
MZ9X7,139,746,607,v012
MZ9X7,55,746,691,v016
MZ9X7,55,746,691,v008
4RLYA,0,652,652,v008
4RLYA,643,751,108,v030
4RLYA,31,580,549,v030
4RLYA,537,686,149,v023
4RLYA,590,751,161,v008
4RLYA,16,280,264,v016
4RLYA,595,751,156,v030
4RLYA,0,240,240,v030
4RLYA,204,465,261,v030
GWK2L,693,905,212,v031
GWK2L,170,369,199,v016
GWK2L,134,271,137,v023
8MR9I,9,163,154,v024
8MR9I,19,156,137,v009
8MR9I,0,74,74,v018
8MR9I,340,472,132,v022
8MR9I,79,453,374,v008
8MR9I,156,451,295,v019
9EP7R,585,752,167,v008
9EP7R,0,465,465,v008
9EP7R,520,752,232,v013
9EP7R,362,752,390,v023
9EP7R,508,693,185,v020
9EP7R,408,532,124,v023
9EP7R,290,441,151,v017
9EP7R,278,405,127,v029
9EP7R,0,752,752,v018
9EP7R,192,314,122,v020
5C3NY,0,542,542,v005
5C3NY,0,547,547,v005
5C3NY,549,733,184,v026
5C3NY,508,733,225,v008
5C3NY,549,733,184,v026
5C3NY,0,733,733,v008
X9WTR,758,969,211,v016
X9WTR,873,1411,538,v032
X9WTR,91,535,444,v031
X9WTR,540,1512,972,v018
X9WTR,688,962,274,v023
X9WTR,0,604,604,v018
X9WTR,556,775,219,v018
X9WTR,470,674,204,v022
X9WTR,796,945,149,v012
X9WTR,765,914,149,v016
X9WTR,588,1504,916,v018
X9WTR,842,1497,655,v031
X9WTR,765,924,159,v016
X9WTR,571,792,221,v023
X9WTR,679,900,221,v008
ZSSNJ,158,827,669,v008
ZSSNJ,50,172,122,v026
ZSSNJ,168,396,228,v009
ZSSNJ,33,160,127,v008
ZSSNJ,244,827,583,v023
ZSSNJ,0,105,105,v029
ZSSNJ,26,827,801,v008
ZSSNJ,76,292,216,v023
ZSSNJ,0,69,69,v027
ZSSNJ,300,827,527,v019
PHH49,0,475,475,v009
PHH49,0,475,475,v009
PHH49,175,475,300,v010
PHH49,199,331,132,v018
PHH49,153,316,163,v018
PHH49,0,235,235,v031
VLX0E,0,475,475,v014
VLX0E,199,475,276,v009
VLX0E,204,475,271,v019
VLX0E,0,475,475,v018
VLX0E,0,475,475,v008
Y6ROG,0,706,706,v024
Y6ROG,0,206,206,v009
Y6ROG,0,706,706,v018
Y6ROG,288,417,129,v016
Y6ROG,0,252,252,v019
Y6ROG,290,412,122,v025
Y6ROG,0,706,706,v008
Y6ROG,228,412,184,v025
Y6ROG,192,412,220,v023
1UNXY,328,593,265,v008
1UNXY,328,585,257,v026
1UNXY,328,585,257,v026
1UNXY,24,156,132,v004
1UNXY,0,100,100,v005
1UNXY,216,388,172,v026
1UNXY,0,593,593,v008
YD9OX,96,333,237,v004
YD9OX,84,396,312,v008
YD9OX,0,626,626,v003
YD9OX,52,386,334,v008
YD9OX,88,266,178,v023
IZTHW,0,453,453,v008
IZTHW,62,434,372,v026
IZTHW,576,696,120,v016
IZTHW,667,789,122,v014
IZTHW,528,660,132,v018
IZTHW,705,789,84,v009
IZTHW,31,655,624,v026
IZTHW,31,696,665,v026
IZTHW,614,789,175,v023
DQGYG,340,460,120,v012
DQGYG,0,386,386,v018
DQGYG,290,420,130,v022
DQGYG,763,969,206,v016
DQGYG,379,576,197,v023
DQGYG,340,960,620,v023
DQGYG,391,1007,616,v008
DQGYG,847,964,117,v016
E5CP9,9,604,595,v028
E5CP9,0,703,703,v019
V95RI,0,534,534,v008
V95RI,0,456,456,v010
V95RI,0,534,534,v008
Q7DEB,0,599,599,v008
Q7DEB,319,599,280,v008
Q7DEB,290,420,130,v023
NGHT9,0,264,264,v008
NGHT9,242,698,456,v020
NGHT9,0,280,280,v029
NGHT9,0,256,256,v008
1JH1W,12,580,568,v030
1JH1W,98,398,300,v031
1JH1W,38,170,132,v029
82XWA,144,412,268,v008
82XWA,141,261,120,v023
82XWA,384,579,195,v019
82XWA,0,244,244,v000
82XWA,0,520,520,v010
82XWA,148,422,274,v016
82XWA,340,579,239,v008
82XWA,434,559,125,v019
82XWA,50,232,182,v021
82XWA,12,518,506,v021
82XWA,441,579,138,v018
82XWA,2,518,516,v008
82XWA,367,579,212,v031
8AT69,0,732,732,v021
8AT69,0,732,732,v018
8AT69,0,732,732,v031
DAS12,662,812,150,v016
DAS12,667,812,145,v016
DAS12,0,410,410,v004
DAS12,326,504,178,v022
DAS12,427,727,300,v016
DAS12,355,477,122,v023
DAS12,367,812,445,v008
DAS12,381,540,159,v012
MS58Y,228,717,489,v008
MS58Y,184,386,202,v023
MS58Y,261,451,190,v030
MS58Y,0,235,235,v029
MS58Y,0,216,216,v017
JOBFJ,0,153,153,v023
JOBFJ,374,665,291,v016
JOBFJ,2,412,410,v016
JOBFJ,57,237,180,v016
JOBFJ,374,665,291,v008
JOBFJ,374,665,291,v023
JOBFJ,14,211,197,v008
JOBFJ,0,665,665,v018
JOBFJ,0,105,105,v018
JOBFJ,40,218,178,v016
QRWQ3,626,799,173,v012
QRWQ3,458,696,238,v002
QRWQ3,751,858,107,v008
QRWQ3,50,657,607,v002
QRWQ3,307,441,134,v016
QRWQ3,144,441,297,v008
QRWQ3,312,441,129,v016
CSHUE,307,434,127,v025
CSHUE,194,393,199,v012
CSHUE,74,256,182,v020
CSHUE,314,429,115,v016
CSHUE,432,518,86,v001
CSHUE,0,182,182,v002
CSHUE,350,480,130,v023
CSHUE,165,424,259,v008
CSHUE,324,429,105,v016
CSHUE,163,276,113,v023
SG8ZR,76,1161,1085,v018
SG8ZR,52,472,420,v021
SG8ZR,52,196,144,v018
SG8ZR,1072,1197,125,v022
SG8ZR,633,856,223,v016
SG8ZR,813,993,180,v016
SG8ZR,40,448,408,v008
SG8ZR,772,981,209,v008
SG8ZR,84,432,348,v010
SG8ZR,681,813,132,v004
SG8ZR,681,813,132,v008
SG8ZR,777,976,199,v012
TDHM0,24,728,704,v007
TDHM0,144,696,552,v014
TDHM0,144,328,184,v020
TDHM0,619,728,109,v012
FU5NY,84,290,206,v025
FU5NY,81,292,211,v025
FU5NY,103,230,127,v016
FU5NY,24,208,184,v008
9HVZN,316,657,341,v023
9HVZN,0,98,98,v029
9HVZN,300,657,357,v008
CK3H7,501,636,135,v012
CK3H7,813,918,105,v021
CK3H7,840,918,78,v010
CK3H7,528,720,192,v016
CK3H7,0,732,732,v026
WL1DJ,453,794,341,v031
WL1DJ,501,815,314,v013
WL1DJ,717,815,98,v016
WL1DJ,290,815,525,v008
WL1DJ,120,268,148,v016
WL1DJ,547,660,113,v019
MF09L,31,720,689,v016
MF09L,0,252,252,v012
MF09L,945,1233,288,v013
MF09L,722,979,257,v008
MF09L,168,398,230,v016
MF09L,0,708,708,v023
MF09L,938,1077,139,v023
MF09L,242,374,132,v016
MF09L,667,813,146,v015
MF09L,180,288,108,v023
MF09L,168,936,768,v008
MF09L,768,888,120,v004
MF09L,936,1176,240,v008
MF09L,936,1176,240,v014
MF09L,1000,1233,233,v023
MF09L,0,1200,1200,v016
MF09L,420,885,465,v015
MF09L,7,1128,1121,v001
QIQUA,26,831,805,v008
QIQUA,81,388,307,v030
FJXBX,0,441,441,v008
FJXBX,14,417,403,v031
FJXBX,352,704,352,v031
FJXBX,192,312,120,v001
FJXBX,28,151,123,v012
FJXBX,403,576,173,v006
FJXBX,172,348,176,v016
FJXBX,0,139,139,v023
GUYVC,0,517,517,v018
GUYVC,0,517,517,v008
GUYVC,0,517,517,v005
GUYVC,0,517,517,v026
HS521,578,712,134,v027
HS521,0,672,672,v024
HS521,163,352,189,v009
HS521,0,705,705,v008
1UFW1,2,333,331,v008
1UFW1,316,532,216,v016
1UFW1,328,643,315,v016
1UFW1,0,730,730,v008
1UFW1,0,124,124,v023
1UFW1,405,730,325,v026
R2KI4,520,786,266,v004
R2KI4,489,786,297,v031
R2KI4,489,614,125,v016
R2KI4,55,170,115,v023
R2KI4,74,614,540,v014
R2KI4,50,604,554,v008
R2KI4,477,786,309,v008
R2KI4,648,786,138,v014
R2KI4,489,626,137,v016
RLA7N,633,908,275,v030
RLA7N,120,324,204,v002
RLA7N,669,908,239,v008
RLA7N,624,741,117,v023
6RQHT,0,489,489,v008
6RQHT,244,518,274,v003
EHYXP,31,168,137,v029
EHYXP,52,184,132,v019
EHYXP,0,144,144,v012
EHYXP,81,235,154,v023
EHYXP,124,386,262,v017
EHYXP,43,158,115,v007
EHYXP,64,192,128,v008
GKII3,364,650,286,v001
GKII3,0,650,650,v008
GKII3,237,362,125,v022
GKII3,0,336,336,v018
GKII3,326,458,132,v007
GKII3,367,523,156,v029
X91NG,0,794,794,v026
X91NG,710,914,204,v001
X91NG,0,924,924,v008
X91NG,0,369,369,v026
X91NG,540,667,127,v012
X91NG,789,909,120,v016
X91NG,307,424,117,v007
X91NG,530,686,156,v007
3S6WL,242,736,494,v008
3S6WL,540,669,129,v022
3S6WL,0,585,585,v018
3S6WL,122,309,187,v023
3S6WL,247,580,333,v012
3S6WL,220,398,178,v023
K8H4G,0,328,328,v016
K8H4G,7,115,108,v023
K8H4G,0,86,86,v008
K8H4G,163,273,110,v016
K8H4G,24,151,127,v012
OJGGZ,789,998,209,v016
OJGGZ,196,907,711,v016
OJGGZ,727,885,158,v012
OJGGZ,276,595,319,v016
OJGGZ,158,993,835,v016
OJGGZ,170,801,631,v016
OJGGZ,919,1062,143,v028
OJGGZ,0,1041,1041,v008
OJGGZ,784,1029,245,v001
M2F66,0,285,285,v008
M2F66,967,1161,194,v008
M2F66,410,552,142,v001
M2F66,26,256,230,v012
M2F66,0,564,564,v016
M2F66,0,122,122,v023
M2F66,230,588,358,v030
M2F66,213,343,130,v008
M2F66,897,1132,235,v001
M2F66,0,141,141,v029
GCWNT,201,357,156,v001
GCWNT,295,550,255,v008
GCWNT,206,357,151,v001
GCWNT,0,283,283,v026
GCWNT,285,400,115,v023
GCWNT,352,550,198,v005
1JYPW,436,715,279,v023
1JYPW,0,439,439,v023
1JYPW,0,732,732,v026
1JYPW,0,84,84,v008
1JYPW,338,508,170,v016
1JYPW,0,434,434,v016
1JYPW,422,669,247,v008
1JYPW,0,525,525,v016
1JYPW,429,660,231,v001
IDACP,300,552,252,v003
IDACP,117,345,228,v003
IKZJE,552,811,259,v013
IKZJE,223,811,588,v008
IKZJE,177,304,127,v031
IKZJE,520,676,156,v023
IKZJE,909,1051,142,v030
IKZJE,0,124,124,v023
IKZJE,7,256,249,v008
IKZJE,201,825,624,v014
I7DWS,0,184,184,v008
I7DWS,0,184,184,v005
I7DWS,0,184,184,v008
OSENM,600,795,195,v008
OSENM,132,357,225,v018
OSENM,592,795,203,v013
OSENM,127,259,132,v016
OSENM,194,795,601,v018
OSENM,0,254,254,v008
HL9YR,748,977,229,v001
HL9YR,0,146,146,v031
HL9YR,328,477,149,v008
HL9YR,451,849,398,v019
HL9YR,60,228,168,v028
HL9YR,0,977,977,v008
HL9YR,0,977,977,v014
HL9YR,45,660,615,v016
HL9YR,456,933,477,v009
HL9YR,36,669,633,v023
XXMN1,0,184,184,v008
XXMN1,388,540,152,v023
XXMN1,19,295,276,v016
XXMN1,403,528,125,v023
XXMN1,0,283,283,v008
XXMN1,508,739,231,v009
XXMN1,88,240,152,v016
XFLQH,624,838,214,v016
XFLQH,504,624,120,v012
XFLQH,624,838,214,v023
XFLQH,696,838,142,v016
XFLQH,480,744,264,v022
XFLQH,360,838,478,v021
XFLQH,388,592,204,v008
XFLQH,307,643,336,v023
XFLQH,0,300,300,v010
XFLQH,554,838,284,v023
XFLQH,91,340,249,v000
XFLQH,175,319,144,v025
XFLQH,91,340,249,v000
WX4AP,228,396,168,v004
WX4AP,0,493,493,v014
WX4AP,189,446,257,v008
WX4AP,0,278,278,v032
WX4AP,0,493,493,v031
WX4AP,0,120,120,v019
WX4AP,0,493,493,v018
WX4AP,0,493,493,v018
WX4AP,196,307,111,v023
24B2K,794,955,161,v023
24B2K,184,463,279,v008
24B2K,650,883,233,v008
24B2K,451,643,192,v004
24B2K,832,1149,317,v021
24B2K,367,482,115,v016
24B2K,664,871,207,v001
24B2K,192,501,309,v005
24B2K,1065,1214,149,v022
24B2K,177,501,324,v005
24B2K,120,288,168,v023
24B2K,645,830,185,v012
24B2K,81,280,199,v018
24B2K,204,1188,984,v018
24B2K,542,688,146,v016
24B2K,1034,1168,134,v016
24B2K,878,1149,271,v019
24B2K,451,657,206,v008
24B2K,158,463,305,v008
24B2K,756,909,153,v023
24B2K,832,1180,348,v008
24B2K,516,696,180,v016
24B2K,756,895,139,v016
24B2K,158,722,564,v023
24B2K,165,727,562,v016
24B2K,158,727,569,v008
24B2K,158,727,569,v023
24B2K,158,727,569,v023
UB3KO,100,268,168,v002
UB3KO,499,631,132,v012
UB3KO,554,924,370,v014
UB3KO,24,213,189,v002
UB3KO,132,280,148,v023
UB3KO,168,487,319,v008
5B2K2,76,237,161,v009
5B2K2,542,730,188,v013
5B2K2,148,295,147,v019
O0R1A,141,741,600,v005
O0R1A,40,206,166,v016
O0R1A,28,206,178,v025
O0R1A,26,211,185,v025
O0R1A,213,403,190,v023
O0R1A,314,484,170,v023
O0R1A,213,398,185,v005
O0R1A,316,484,168,v005
18HFG,2,561,559,v008
18HFG,112,494,382,v013
18HFG,4,184,180,v023
MV37M,242,444,202,v025
MV37M,0,146,146,v005
MV37M,0,163,163,v023
MV37M,244,456,212,v025
MV37M,369,560,191,v019
MV37M,0,124,124,v016
MV37M,0,120,120,v008
MV37M,206,441,235,v008
MV37M,184,300,116,v023
MV37M,489,560,71,v009
T1XP2,434,743,309,v020
T1XP2,148,523,375,v031
T1XP2,4,271,267,v018
T1XP2,7,271,264,v018
T1XP2,28,230,202,v031
T1XP2,28,230,202,v031
1D2OX,0,652,652,v008
1D2OX,160,338,178,v016
1D2OX,0,700,700,v026
1D2OX,0,712,712,v016
LZUAY,0,661,661,v011
LZUAY,199,661,462,v031
LZUAY,0,661,661,v008
W01LY,0,156,156,v008
W01LY,578,700,122,v008
W01LY,0,700,700,v019
03M0K,180,333,153,v012
03M0K,0,91,91,v018
03M0K,156,285,129,v018
03M0K,0,98,98,v022
03M0K,4,237,233,v003
03M0K,192,563,371,v019
03M0K,189,563,374,v014
40WPV,16,372,356,v008
40WPV,0,216,216,v023
40WPV,57,818,761,v008
40WPV,52,758,706,v012
40WPV,52,758,706,v023
40WPV,0,352,352,v026
40WPV,0,352,352,v026
61UIO,0,141,141,v016
61UIO,556,746,190,v022
61UIO,172,369,197,v016
61UIO,26,429,403,v015
61UIO,0,720,720,v008
61UIO,290,453,163,v018
61UIO,355,667,312,v018
61UIO,288,746,458,v019
YC3OE,350,602,252,v018
YC3OE,427,700,273,v026
YC3OE,530,818,288,v005
YC3OE,736,876,140,v026
YC3OE,271,602,331,v005
YC3OE,0,208,208,v028
YC3OE,398,640,242,v022
YC3OE,187,410,223,v016
YC3OE,393,710,317,v026
YC3OE,609,926,317,v018
YC3OE,600,782,182,v008
YC3OE,60,302,242,v023
YC3OE,45,230,185,v008
YC3OE,657,936,279,v016
YC3OE,112,297,185,v016
TQGPM,348,518,170,v023
TQGPM,0,470,470,v018
TQGPM,352,489,137,v022
TQGPM,0,456,456,v031
TQGPM,516,657,141,v016
TQGPM,412,657,245,v008
TQGPM,388,633,245,v016
A6R22,0,760,760,v018
A6R22,16,463,447,v015
A6R22,81,388,307,v019
A6R22,64,420,356,v023
A6R22,0,458,458,v016
A6R22,0,470,470,v008
A6R22,36,151,115,v016
A6R22,247,408,161,v016
ZOBZV,0,935,935,v024
ZOBZV,818,935,117,v016
ZOBZV,0,935,935,v008
ZOBZV,818,935,117,v016
ZFT87,331,448,117,v012
ZFT87,360,602,242,v013
ZFT87,355,600,245,v008
ZFT87,0,391,391,v002
ZFT87,0,62,62,v023
ZFT87,520,703,183,v031
ZFT87,0,223,223,v008
ZFT87,216,372,156,v008
ZFT87,0,189,189,v015
ZFT87,0,242,242,v023
ZFT87,314,530,216,v023
Q5Y02,0,252,252,v004
Q5Y02,196,767,571,v025
Q5Y02,208,767,559,v028
Q5Y02,252,444,192,v025
Q5Y02,304,616,312,v031
Q5Y02,0,132,132,v029
DNXBJ,328,540,212,v001
DNXBJ,16,194,178,v012
DNXBJ,0,333,333,v012
DNXBJ,0,664,664,v003
DNXBJ,225,612,387,v001
DNXBJ,535,744,209,v012
DNXBJ,0,744,744,v022
VUXLB,547,705,158,v016
VUXLB,213,532,319,v004
VUXLB,480,648,168,v016
VUXLB,129,463,334,v008
VUXLB,40,280,240,v023
DRXNL,343,472,129,v016
DRXNL,43,252,209,v016
DRXNL,427,597,170,v026
DRXNL,309,427,118,v023
DRXNL,158,283,125,v016
DRXNL,0,362,362,v008
DRXNL,0,355,355,v023
DRXNL,316,739,423,v008
DRXNL,14,362,348,v025
DRXNL,295,739,444,v016
DRXNL,561,739,178,v016
DRXNL,0,739,739,v026
DRXNL,343,739,396,v026
YO9NC,470,616,146,v018
YO9NC,28,156,128,v022
YO9NC,38,278,240,v028
YO9NC,182,477,295,v016
YO9NC,446,564,118,v023
YO9NC,0,124,124,v000
YO9NC,21,124,103,v018
YO9NC,266,441,175,v012
YO9NC,348,487,139,v001
YO9NC,0,124,124,v000
YO9NC,0,96,96,v010
YO9NC,448,720,272,v023
YO9NC,540,720,180,v031
YO9NC,348,487,139,v001
YO9NC,295,470,175,v016
YO9NC,520,720,200,v012
YO9NC,266,492,226,v012
YO9NC,446,720,274,v008
YJRBY,112,535,423,v004
YJRBY,76,807,731,v008
YJRBY,669,807,138,v019
YJRBY,590,807,217,v008
YJRBY,528,700,172,v023
7CXYB,302,1043,741,v015
7CXYB,103,252,149,v012
7CXYB,631,1043,412,v008
7CXYB,614,1043,429,v030
7CXYB,0,501,501,v008
7CXYB,396,537,141,v001
7CXYB,432,643,211,v004
7CXYB,0,657,657,v008
55NNF,62,429,367,v002
55NNF,355,511,156,v012
55NNF,436,583,147,v001
55NNF,573,688,115,v016
MOKPE,38,220,182,v012
MOKPE,0,81,81,v023
MOKPE,295,412,117,v001
MOKPE,225,369,144,v008
MOKPE,74,403,329,v023
MOKPE,0,477,477,v008
MOKPE,326,508,182,v016
TR0TO,0,343,343,v005
TR0TO,228,355,127,v016
TR0TO,228,355,127,v016
TR0TO,0,343,343,v008
TR0TO,273,386,113,v008
TR0TO,0,343,343,v005
TR0TO,0,326,326,v008
TR0TO,259,398,139,v023
UFWKL,0,120,120,v032
UFWKL,43,172,129,v020
UFWKL,0,706,706,v018
UFWKL,93,706,613,v031
UFWKL,84,199,115,v012
UFWKL,0,706,706,v018
UFWKL,158,706,548,v032
8CUHI,0,523,523,v008
8CUHI,0,108,108,v020
8CUHI,0,523,523,v008
82X3Z,0,314,314,v031
82X3Z,424,542,118,v008
82X3Z,415,592,177,v005
82X3Z,0,742,742,v014
82X3Z,0,742,742,v018
82X3Z,276,468,192,v004
82X3Z,398,530,132,v023
82X3Z,345,482,137,v016
YAPN7,55,158,103,v028
YAPN7,91,206,115,v005
YAPN7,165,261,96,v018
YAPN7,369,530,161,v010
YAPN7,662,799,137,v023
YAPN7,206,943,737,v021
YAPN7,523,921,398,v016
YAPN7,537,921,384,v023
YAPN7,537,921,384,v016
YAPN7,537,921,384,v023
YAPN7,628,763,135,v016
YAPN7,201,429,228,v008
YAPN7,333,554,221,v016
YAPN7,62,420,358,v018
YAPN7,156,271,115,v008
YAPN7,175,280,105,v025
YAPN7,201,364,163,v023
YAPN7,547,931,384,v008
YAPN7,532,892,360,v008
YAPN7,170,290,120,v025
YAPN7,542,664,122,v012
YAPN7,842,986,144,v022
JD3KW,127,410,283,v026
JD3KW,717,1034,317,v016
JD3KW,427,820,393,v031
JD3KW,926,1060,134,v022
JD3KW,336,540,204,v023
JD3KW,427,1000,573,v008
JD3KW,391,595,204,v023
JD3KW,252,458,206,v018
JD3KW,943,1044,101,v018
JD3KW,832,1034,202,v001
JD3KW,319,492,173,v012
5XCUV,501,670,169,v028
5XCUV,230,384,154,v016
5XCUV,501,670,169,v023
5XCUV,544,670,126,v016
5XCUV,0,156,156,v004
9D6WC,223,340,117,v016
9D6WC,16,468,452,v014
9D6WC,117,225,108,v008
9D6WC,79,218,139,v023
9D6WC,4,180,176,v008
9D6WC,112,328,216,v004
57RY4,21,686,665,v018
57RY4,40,655,615,v004
57RY4,580,710,130,v022
57RY4,645,855,210,v016
57RY4,40,720,680,v008
57RY4,592,830,238,v016
XAOUP,184,764,580,v018
XAOUP,364,764,400,v024
XAOUP,170,764,594,v018
XAOUP,0,146,146,v001
XAOUP,144,280,136,v018
XAOUP,218,436,218,v014
XAOUP,364,764,400,v008
XAOUP,172,764,592,v032
F0PNU,192,386,194,v020
OHNF4,331,664,333,v004
OHNF4,0,424,424,v028
OHNF4,328,585,257,v023
OHNF4,0,664,664,v018
OHNF4,439,664,225,v008
OHNF4,434,571,137,v023
1NNFV,290,453,163,v004
1NNFV,516,727,211,v008
1NNFV,583,738,155,v023
1NNFV,0,240,240,v015
1NNFV,192,307,115,v016
1NNFV,544,738,194,v008
1NNFV,225,609,384,v008
1NNFV,681,738,57,v031
1NNFV,192,357,165,v016
1NNFV,376,528,152,v023
E661I,0,84,84,v020
E661I,153,331,178,v017
E661I,0,736,736,v018
E661I,139,268,129,v029
XQDQ4,393,650,257,v012
XQDQ4,201,542,341,v004
XQDQ4,0,292,292,v031
XQDQ4,177,400,223,v023
JQ2SN,19,441,422,v008
JQ2SN,2,427,425,v005
JQ2SN,321,468,147,v022
JQ2SN,0,439,439,v018
JQ2SN,271,412,141,v016
JQ2SN,300,432,132,v016
JQ2SN,372,715,343,v020
JQ2SN,31,314,283,v005
JQ2SN,0,129,129,v023
JQ2SN,292,434,142,v016
JQ2SN,0,396,396,v008
JQ2SN,0,427,427,v008
6B93R,784,1110,326,v008
6B93R,912,1110,198,v004
6B93R,134,314,180,v023
6B93R,307,525,218,v005
6B93R,696,813,117,v023
6B93R,163,292,129,v016
61RMD,0,242,242,v008
61RMD,182,352,170,v004
61RMD,0,127,127,v029
61RMD,0,285,285,v016
61RMD,52,276,224,v016
61RMD,0,655,655,v008
61RMD,278,708,430,v014
FM3TT,0,213,213,v008
FM3TT,67,213,146,v012
IC89C,542,1120,578,v006
IC89C,429,1164,735,v008
IC89C,379,537,158,v023
IC89C,57,374,317,v002
1N1UT,0,714,714,v008
1N1UT,9,714,705,v031
1N1UT,0,714,714,v005
1N1UT,583,714,131,v001
1N1UT,0,714,714,v005
1N1UT,0,624,624,v008
1N1UT,0,108,108,v023
1N1UT,588,714,126,v007
CBXI2,0,722,722,v010
CBXI2,468,600,132,v000
CBXI2,468,600,132,v000
XJS1X,134,295,161,v027
XJS1X,0,180,180,v008
0RNRI,0,436,436,v008
0RNRI,403,566,163,v004
0RNRI,376,506,130,v023
0RNRI,532,734,202,v028
0RNRI,369,492,123,v008
0RNRI,288,439,151,v025
0RNRI,369,492,123,v008
0RNRI,350,492,142,v023
0RNRI,288,439,151,v016
0RNRI,376,621,245,v016
0RNRI,376,621,245,v016
0RNRI,532,746,214,v025
0RNRI,0,424,424,v008
AFTMI,324,456,132,v008
AFTMI,775,912,137,v026
AFTMI,775,907,132,v023
AFTMI,734,866,132,v022
AFTMI,0,835,835,v018
AFTMI,770,919,149,v008
AFTMI,820,919,99,v019
AFTMI,0,830,830,v003
AFTMI,0,842,842,v018
969Z9,0,182,182,v008
969Z9,16,146,130,v018
969Z9,19,177,158,v018
969Z9,91,285,194,v009
969Z9,88,292,204,v019
969Z9,24,292,268,v018
IFQS1,16,300,284,v008
IFQS1,208,319,111,v016
IFQS1,9,148,139,v008
IFQS1,19,151,132,v016
IFQS1,7,304,297,v016
IFQS1,12,146,134,v008
IFQS1,146,398,252,v030
K6DF2,513,660,147,v027
K6DF2,292,583,291,v004
K6DF2,100,249,149,v016
K6DF2,0,247,247,v008
K6DF2,124,249,125,v016
K6DF2,259,381,122,v023
UGQD0,105,786,681,v008
UGQD0,163,393,230,v018
UGQD0,273,786,513,v018
UGQD0,235,520,285,v008
UGQD0,0,350,350,v008
UGQD0,2,163,161,v022
UGQD0,295,460,165,v019
UGQD0,674,786,112,v014
GIZ95,0,252,252,v032
GIZ95,571,737,166,v012
GIZ95,0,737,737,v010
GIZ95,585,737,152,v031
GIZ95,0,737,737,v008
QZCSM,0,247,247,v030
QZCSM,0,252,252,v008
QZCSM,0,254,254,v030
QZCSM,60,240,180,v019
QZCSM,60,240,180,v031
QZCSM,0,144,144,v026
QZCSM,60,252,192,v019
V4PKW,400,634,234,v012
V4PKW,316,492,176,v023
V4PKW,0,283,283,v004
V4PKW,376,634,258,v008
V4PKW,0,634,634,v008
V4PKW,520,634,114,v029
BBQIS,187,417,230,v018
BBQIS,283,568,285,v023
BBQIS,573,688,115,v003
BBQIS,499,698,199,v018
BBQIS,684,928,244,v022
JSD0F,76,357,281,v008
JSD0F,376,530,154,v027
JSD0F,434,662,228,v020
JSD0F,182,348,166,v016
JSD0F,232,340,108,v016
JSD0F,124,388,264,v019
JSD0F,100,206,106,v023
RKGXU,21,220,199,v023
RKGXU,0,120,120,v012
RKGXU,352,561,209,v004
RKGXU,129,307,178,v005
RKGXU,484,608,124,v008
RKGXU,280,424,144,v001
RKGXU,285,420,135,v001
RKGXU,369,608,239,v008
RKGXU,357,549,192,v023
RKGXU,0,139,139,v012
RKGXU,115,441,326,v008
39SXL,158,724,566,v005
39SXL,139,686,547,v005
39SXL,854,981,127,v019
39SXL,760,981,221,v031
39SXL,45,808,763,v008
39SXL,50,696,646,v008
39SXL,74,199,125,v029
39SXL,45,799,754,v008
LXSIG,0,211,211,v031
LXSIG,0,676,676,v008
ARESU,12,134,122,v008
ARESU,465,583,118,v008
ARESU,468,595,127,v016
ARESU,465,616,151,v016
ARESU,460,616,156,v016
ARESU,525,662,137,v012
ARESU,0,744,744,v018
ARESU,580,744,164,v008
ARESU,276,432,156,v008
ARESU,0,424,424,v018
ARESU,432,602,170,v016
ARESU,295,424,129,v031
ARESU,52,223,171,v004
DJMZC,0,536,536,v010
DJMZC,148,340,192,v000
DJMZC,165,362,197,v000
DJMZC,292,536,244,v008
DJMZC,309,536,227,v014
DJMZC,283,415,132,v023
DJMZC,84,194,110,v021
CJELP,0,734,734,v018
CJELP,0,734,734,v018
CJELP,43,734,691,v019
F5TL0,410,580,170,v004
F5TL0,0,100,100,v012
F5TL0,544,708,164,v016
F5TL0,180,326,146,v022
F5TL0,410,525,115,v023
F5TL0,211,326,115,v001
F5TL0,631,751,120,v008
6Y0XA,0,706,706,v032
6Y0XA,595,706,111,v019
6Y0XA,0,706,706,v018
6Y0XA,424,616,192,v029
4ZWLA,132,427,295,v016
4ZWLA,398,556,158,v020
4ZWLA,132,379,247,v026
NSDFA,0,843,843,v008
NSDFA,0,843,843,v014
NSDFA,0,696,696,v008
NSDFA,494,700,206,v016
NSDFA,616,843,227,v013
NSDFA,28,376,348,v023
NL7BY,0,211,211,v008
NL7BY,115,244,129,v022
NL7BY,64,201,137,v001
NL7BY,0,60,60,v012
NL7BY,0,158,158,v031
NL7BY,218,325,107,v012
NL7BY,74,232,158,v016
NL7BY,0,232,232,v008
NL7BY,0,235,235,v018
NL7BY,129,325,196,v016
NL7BY,148,325,177,v008
NL7BY,0,230,230,v008
NL7BY,144,325,181,v023
TSQBQ,0,697,697,v008
TSQBQ,501,697,196,v019
TSQBQ,67,420,353,v007
5UUEP,0,765,765,v018
5UUEP,0,249,249,v015
5UUEP,48,765,717,v032
5UUEP,0,765,765,v018
QQG8X,597,761,164,v008
QQG8X,57,244,187,v018
QQG8X,0,144,144,v000
QQG8X,597,761,164,v013
QQG8X,369,761,392,v023
QQG8X,415,761,346,v014
QQG8X,172,300,128,v022
K2LY1,331,482,151,v029
K2LY1,396,559,163,v012
K2LY1,139,345,206,v000
K2LY1,237,374,137,v022
K2LY1,0,324,324,v010
3YC35,19,417,398,v026
3YC35,321,626,305,v004
3YC35,350,633,283,v008
3YC35,350,484,134,v023
3YC35,657,784,127,v016
3YC35,2,830,828,v026
3YC35,688,830,142,v007
3YC35,0,105,105,v023
3YC35,0,780,780,v008
3YC35,355,638,283,v008
C1A2T,256,487,231,v008
C1A2T,91,249,158,v001
C1A2T,0,189,189,v012
C1A2T,0,72,72,v029
Z9THH,422,631,209,v008
Z9THH,535,681,146,v025
Z9THH,0,472,472,v008
Z9THH,0,472,472,v030
Z9THH,403,552,149,v023
AM13K,91,349,258,v012
AM13K,0,349,349,v008
AM13K,0,208,208,v007
AM13K,110,328,218,v019
TVBLW,0,780,780,v008
TVBLW,0,120,120,v023
TVBLW,264,456,192,v005
TVBLW,696,780,84,v016
TVBLW,412,532,120,v016
91T4S,376,508,132,v016
91T4S,304,439,135,v001
91T4S,0,379,379,v008
91T4S,0,408,408,v031
91T4S,429,559,130,v022
91T4S,302,520,218,v016
MW2KW,0,728,728,v031
MW2KW,0,728,728,v008
MW2KW,93,728,635,v019
MW2KW,0,728,728,v005
MW2KW,0,609,609,v014
MW2KW,0,612,612,v032
E6389,0,336,336,v008
E6389,336,680,344,v008
E6389,264,384,120,v016
E6389,0,168,168,v029
E6389,163,355,192,v001
E6389,235,439,204,v016
E6389,302,494,192,v023
J5ZZQ,295,396,101,v027
J5ZZQ,576,720,144,v012
IXJKT,456,617,161,v023
IXJKT,465,617,152,v023
IXJKT,0,422,422,v003
IXJKT,520,617,97,v017
IXJKT,432,604,172,v008
H7Y0J,0,735,735,v008
H7Y0J,448,735,287,v031
H7Y0J,338,547,209,v000
H7Y0J,0,504,504,v010
G41CL,148,336,188,v001
G41CL,328,731,403,v009
G41CL,72,256,184,v029
G41CL,328,731,403,v009
G41CL,400,731,331,v031
G41CL,252,388,136,v016
G41CL,120,249,129,v014
G41CL,252,388,136,v016
G41CL,84,388,304,v008
G41CL,321,731,410,v019
CTCO8,0,715,715,v014
CTCO8,420,566,146,v025
CTCO8,667,715,48,v031
CTCO8,667,715,48,v025
CTCO8,432,552,120,v025
CTCO8,544,648,104,v025
CTCO8,0,715,715,v018
CTCO8,74,535,461,v008
CTCO8,76,535,459,v008
CTCO8,537,640,103,v008
DSRSB,0,544,544,v016
DSRSB,0,731,731,v031
DSRSB,0,540,540,v003
DSRSB,0,120,120,v008
DSRSB,0,731,731,v008
YINV4,14,252,238,v016
YINV4,48,204,156,v008
YINV4,127,360,233,v032
YINV4,0,336,336,v008
YINV4,0,336,336,v025
YINV4,0,379,379,v014
YINV4,0,336,336,v023
YINV4,0,105,105,v025
YINV4,79,196,117,v025
YINV4,112,256,144,v025
UBYBQ,0,213,213,v008
UBYBQ,57,216,159,v016
UBYBQ,132,686,554,v005
UBYBQ,0,736,736,v008
UBYBQ,0,103,103,v016
UBYBQ,535,698,163,v029
UBYBQ,0,736,736,v008
UBYBQ,336,482,146,v023
UBYBQ,0,93,93,v008
DJ7DG,280,432,152,v022
DJ7DG,0,350,350,v018
8BG1T,175,1092,917,v018
8BG1T,182,1048,866,v004
8BG1T,372,715,343,v009
8BG1T,170,415,245,v018
8BG1T,388,588,200,v009
8BG1T,110,266,156,v018
8BG1T,885,1041,156,v022
8BG1T,914,1092,178,v008
A4VK8,122,237,115,v016
A4VK8,141,256,115,v023
A4VK8,343,433,90,v005
A4VK8,295,400,105,v008
A4VK8,343,433,90,v005
A4VK8,0,213,213,v008
A4VK8,0,148,148,v024
A4VK8,271,400,129,v016
A4VK8,0,357,357,v008
A4VK8,156,367,211,v004
A4VK8,285,433,148,v023
A4VK8,0,433,433,v018
A4VK8,216,384,168,v016
A4VK8,0,124,124,v019
A4VK8,0,433,433,v021
A4VK8,300,433,133,v023
8NGDR,0,477,477,v010
8NGDR,376,626,250,v018
8NGDR,417,1034,617,v021
8NGDR,278,482,204,v000
8NGDR,700,832,132,v018
8NGDR,511,631,120,v022
8NGDR,376,549,173,v023
8NGDR,768,1034,266,v031
8NGDR,422,1034,612,v008
RJN35,0,821,821,v026
RJN35,0,139,139,v023
RJN35,189,818,629,v025
EQO9N,0,482,482,v008
EQO9N,72,743,671,v028
EQO9N,0,204,204,v016
EQO9N,482,672,190,v023
EQO9N,516,638,122,v008
EQO9N,252,412,160,v029
WSLMS,297,559,262,v028
WSLMS,129,364,235,v004
WSLMS,110,532,422,v008
WSLMS,393,597,204,v016
WSLMS,153,619,466,v008
WSLMS,146,276,130,v029
WUL5P,0,144,144,v012
WUL5P,14,204,190,v029
WUL5P,504,777,273,v010
WUL5P,240,367,127,v018
I30LP,0,777,777,v018
I30LP,0,165,165,v009
I30LP,0,165,165,v009
I30LP,0,777,777,v031
I30LP,0,777,777,v018
RUOOY,292,691,399,v014
RUOOY,55,355,300,v016
RUOOY,314,475,161,v013
RUOOY,0,731,731,v008
0UFI4,14,340,326,v031
0UFI4,967,1128,161,v022
0UFI4,307,511,204,v018
0UFI4,307,1128,821,v018
0UFI4,312,1128,816,v003
0UFI4,357,799,442,v008
0UFI4,391,1128,737,v003
ED0VL,0,937,937,v008
ED0VL,88,240,152,v012
ED0VL,168,559,391,v016
ED0VL,0,91,91,v023
ED0VL,784,937,153,v001
ED0VL,110,520,410,v026
ED0VL,158,348,190,v023
ED0VL,36,835,799,v029
SX07Q,398,576,178,v023
SX07Q,1034,1159,125,v016
SX07Q,115,379,264,v023
SX07Q,549,1159,610,v008
SX07Q,525,760,235,v023
SX07Q,86,616,530,v008
SX07Q,132,580,448,v012
38ZFZ,518,590,72,v001
38ZFZ,0,590,590,v008
38ZFZ,0,88,88,v012
38ZFZ,0,590,590,v031
38ZFZ,0,590,590,v018
38ZFZ,0,590,590,v008
AAW5D,0,514,514,v018
AAW5D,201,480,279,v008
AAW5D,228,465,237,v031
AAW5D,376,484,108,v016
AAW5D,204,480,276,v008
AAW5D,0,64,64,v023
AAW5D,218,472,254,v014
AAW5D,0,514,514,v018
AAW5D,110,316,206,v023
AAW5D,0,240,240,v032
AAW5D,0,208,208,v026
AAW5D,0,168,168,v032
AAW5D,0,96,96,v008
AAW5D,0,98,98,v016
GXEJB,0,722,722,v010
GXEJB,0,722,722,v008
GXEJB,0,722,722,v014
GXEJB,0,722,722,v021
VK0OU,199,350,151,v005
VK0OU,0,72,72,v029
VK0OU,0,446,446,v008
VK0OU,453,578,125,v023
PABBK,50,240,190,v023
PABBK,417,711,294,v005
PABBK,136,711,575,v018
PABBK,168,434,266,v008
PABBK,122,292,170,v018
PABBK,415,711,296,v023
PABBK,160,504,344,v005
XKPLB,24,489,465,v008
XKPLB,122,494,372,v016
XKPLB,434,549,115,v017
XKPLB,7,124,117,v012
XKPLB,36,156,120,v029
MYGJA,136,278,142,v012
MYGJA,127,283,156,v007
MYGJA,218,360,142,v016
MYGJA,139,283,144,v012
MYGJA,28,348,320,v008
MYGJA,206,422,216,v026
MYGJA,206,429,223,v016
MYGJA,283,439,156,v001
MYGJA,273,439,166,v026
MYGJA,31,345,314,v008
MYGJA,276,432,156,v001
MYGJA,28,343,315,v016
FU5AP,484,816,332,v003
FU5AP,0,511,511,v003
QC4R2,213,525,312,v025
QC4R2,398,715,317,v009
QC4R2,0,795,795,v008
QC4R2,290,446,156,v016
QC4R2,0,446,446,v008
SFIWO,0,708,708,v010
SFIWO,576,708,132,v003
SFIWO,0,708,708,v021
SFIWO,549,686,137,v018
SFIWO,0,708,708,v008
SFIWO,540,708,168,v018
DYYLD,84,364,280,v001
DYYLD,0,465,465,v007
DYYLD,482,711,229,v001
DYYLD,0,458,458,v012
DYYLD,472,711,239,v031
DYYLD,475,711,236,v012
ZUHRU,0,732,732,v008
ZUHRU,398,748,350,v008
ZUHRU,405,528,123,v029
ZUHRU,0,122,122,v026
ZUHRU,144,276,132,v026
IA7X9,0,607,607,v008
IA7X9,271,506,235,v012
IA7X9,261,578,317,v031
IA7X9,184,468,284,v003
IA7X9,0,96,96,v007
IA7X9,12,132,120,v029
IA7X9,379,607,228,v014
QTOJX,648,834,186,v008
QTOJX,52,360,308,v009
QTOJX,636,760,124,v023
QTOJX,0,602,602,v031
QTOJX,540,669,129,v022
QTOJX,0,626,626,v018
C1QDS,199,448,249,v008
C1QDS,0,103,103,v008
C1QDS,201,316,115,v009
C1QDS,0,290,290,v015
C1QDS,0,735,735,v008
F1OMV,21,192,171,v004
F1OMV,196,364,168,v027
F1OMV,232,412,180,v001
F1OMV,14,151,137,v029
F1OMV,242,405,163,v001
F1OMV,259,384,125,v007
F1OMV,0,381,381,v008
F1OMV,103,259,156,v016
L0RDL,0,741,741,v030
01KML,434,643,209,v023
01KML,528,809,281,v031
01KML,0,530,530,v008
01KML,57,513,456,v009
01KML,492,809,317,v008
01KML,0,549,549,v026
T8V10,487,780,293,v008
T8V10,292,609,317,v004
T8V10,244,453,209,v023
T8V10,537,712,175,v023
T8V10,307,583,276,v008
T8V10,96,345,249,v028
3HOJR,388,626,238,v008
3HOJR,300,492,192,v022
3HOJR,583,809,226,v023
3HOJR,0,112,112,v012
3HOJR,300,655,355,v023
08XNM,45,477,432,v031
08XNM,444,657,213,v004
08XNM,604,777,173,v004
MHTRY,81,204,123,v008
MHTRY,57,204,147,v023
MHTRY,86,204,118,v014
MHTRY,36,180,144,v026
MHTRY,62,175,113,v023
MHTRY,7,204,197,v008
MHTRY,0,117,117,v012
MHTRY,0,204,204,v019
MHTRY,14,146,132,v029
YYKZ9,0,820,820,v008
YYKZ9,0,825,825,v018
YYKZ9,0,667,667,v003
7POUA,0,472,472,v008
7POUA,0,460,460,v031
7POUA,364,745,381,v008
7POUA,357,745,388,v031
7POUA,0,745,745,v021
7POUA,0,745,745,v010
7POUA,518,745,227,v006
7POUA,0,745,745,v018
7POUA,304,460,156,v016
2XLVN,136,672,536,v008
2XLVN,160,348,188,v012
2XLVN,516,691,175,v016
2XLVN,136,888,752,v008
2RU6J,0,587,587,v008
2RU6J,9,587,578,v024
2RU6J,0,587,587,v008
2RU6J,400,587,187,v010
QZP8N,508,696,188,v031
QZP8N,228,696,468,v008
QZP8N,7,288,281,v031
QZP8N,487,696,209,v008
QZP8N,0,108,108,v029
QZP8N,67,256,189,v019
QZP8N,477,604,127,v023
QZP8N,74,247,173,v019
QZP8N,216,388,172,v023
NRYS3,14,422,408,v006
NRYS3,561,783,222,v014
NRYS3,585,783,198,v032
NRYS3,585,783,198,v018
NRYS3,410,612,202,v029
NRYS3,547,693,146,v018
NRYS3,26,384,358,v031
NRYS3,590,783,193,v018
X1KKZ,319,974,655,v031
X1KKZ,0,328,328,v008
X1KKZ,208,364,156,v025
X1KKZ,0,424,424,v017
X1KKZ,319,451,132,v012
NBMZ0,98,767,669,v008
NBMZ0,139,259,120,v008
NBMZ0,0,182,182,v018
NBMZ0,67,206,139,v022
7P0JX,703,817,114,v001
7P0JX,98,264,166,v027
7P0JX,230,494,264,v008
7P0JX,568,712,144,v005
7P0JX,645,780,135,v016
7P0JX,220,741,521,v008
7P0JX,638,792,154,v016
7P0JX,288,640,352,v015
7P0JX,247,768,521,v008
XIG01,33,254,221,v005
XIG01,0,129,129,v008
XIG01,33,254,221,v005
XIG01,0,703,703,v008
7HQLV,0,336,336,v004
7HQLV,424,823,399,v008
7HQLV,396,662,266,v023
7HQLV,0,336,336,v008
7HQLV,676,823,147,v016
7DODT,376,631,255,v012
7DODT,410,720,310,v008
7DODT,384,738,354,v008
1ERM9,0,160,160,v030
1ERM9,254,456,202,v001
1ERM9,223,417,194,v012
1ERM9,240,444,204,v023
1ERM9,388,614,226,v013
1ERM9,333,484,151,v023
1ERM9,343,711,368,v008
9VKVA,2,249,247,v012
9VKVA,592,763,171,v008
9VKVA,532,698,166,v023
9VKVA,604,736,132,v022
106AY,237,508,271,v008
106AY,26,218,192,v027
106AY,698,817,119,v005
106AY,470,782,312,v004
106AY,261,494,233,v016
106AY,684,817,133,v008
106AY,429,566,137,v018
106AY,465,817,352,v018
106AY,724,817,93,v016
106AY,247,496,249,v026
106AY,360,484,124,v016
106AY,424,612,188,v023
106AY,0,187,187,v029
106AY,667,817,150,v023
106AY,463,753,290,v008
106AY,691,817,126,v008
106AY,568,787,219,v016
106AY,220,386,166,v028
106AY,696,817,121,v012
3EIRZ,4,244,240,v005
3EIRZ,0,631,631,v008
3EIRZ,4,244,240,v005
3EIRZ,88,271,183,v026
3EIRZ,0,175,175,v029
3EIRZ,348,489,141,v026
3EIRZ,110,228,118,v016
OBO40,0,411,411,v008
OBO40,0,411,411,v014
OBO40,72,216,144,v020
J8KPE,189,453,264,v023
J8KPE,290,429,139,v001
J8KPE,376,953,577,v002
ESM8H,362,499,137,v025
ESM8H,403,528,125,v025
ESM8H,362,499,137,v025
ESM8H,175,672,497,v009
ESM8H,232,660,428,v019
ESM8H,189,492,303,v008
ESM8H,396,492,96,v025
ESM8H,175,499,324,v008
RO9RP,120,362,242,v015
RO9RP,273,434,161,v001
RO9RP,199,619,420,v008
RO9RP,492,650,158,v016
RO9RP,492,650,158,v016
RO9RP,0,160,160,v012
RO9RP,590,701,111,v026
V1TET,0,683,683,v018
V1TET,0,683,683,v008
V1TET,0,612,612,v008
V1TET,532,645,113,v008
V1TET,0,103,103,v019
V1TET,506,676,170,v025
V1TET,508,683,175,v025
V1TET,508,683,175,v025
H8XPL,33,142,109,v023
0WV3L,492,777,285,v012
0WV3L,0,520,520,v002
0WV3L,612,864,252,v016
0WV3L,561,864,303,v023
0WV3L,655,849,194,v001
CWUDQ,672,732,60,v012
CWUDQ,141,278,137,v001
CWUDQ,288,465,177,v028
CWUDQ,372,578,206,v028
CWUDQ,348,552,204,v008
CWUDQ,400,552,152,v016
CWUDQ,379,552,173,v025
CWUDQ,14,242,228,v029
RGY38,223,600,377,v008
RGY38,542,684,142,v012
RGY38,0,172,172,v031
RGY38,504,616,112,v016
RGY38,583,722,139,v029
BSFVT,0,129,129,v001
BSFVT,283,807,524,v008
BSFVT,40,156,116,v016
BSFVT,0,153,153,v018
BSFVT,98,244,146,v023
BSFVT,0,807,807,v018
BSFVT,273,403,130,v023
BSFVT,84,807,723,v031
BSFVT,0,807,807,v032
BSFVT,153,807,654,v032
BSFVT,194,331,137,v012
BSFVT,283,807,524,v008
A52N5,331,745,414,v032
A52N5,314,494,180,v012
A52N5,228,326,98,v010
A52N5,314,745,431,v018
A52N5,26,218,192,v000
A52N5,88,292,204,v016
A52N5,283,427,144,v023
A52N5,0,194,194,v021
A52N5,314,745,431,v008
A52N5,86,357,271,v025
A52N5,297,745,448,v023
A52N5,297,745,448,v008
EL3N9,727,866,139,v001
EL3N9,528,844,316,v016
EL3N9,463,624,161,v012
EL3N9,60,225,165,v018
EL3N9,48,477,429,v008
EL3N9,64,208,144,v018
EL3N9,549,794,245,v016
T5MLJ,0,804,804,v008
T5MLJ,0,804,804,v031
T5MLJ,590,804,214,v009
S7PLQ,494,768,274,v018
S7PLQ,343,463,120,v001
S7PLQ,247,432,185,v012
S7PLQ,456,648,192,v018
S7PLQ,487,768,281,v019
YXP9P,0,153,153,v020
YXP9P,76,189,113,v023
YXP9P,0,809,809,v018
YXP9P,117,809,692,v030
9HTQ1,0,460,460,v008
9HTQ1,0,492,492,v020
9HTQ1,453,744,291,v026
9HTQ1,417,547,130,v022
9HTQ1,0,316,316,v018
9HTQ1,336,532,196,v016
1KOZ4,487,789,302,v019
1KOZ4,36,494,458,v003
0F0WE,156,333,177,v001
0F0WE,489,803,314,v032
0F0WE,31,249,218,v017
0F0WE,393,715,322,v018
0F0WE,472,741,269,v008
0F0WE,465,621,156,v012
0F0WE,429,590,161,v023
0F0WE,67,208,141,v007
0F0WE,304,513,209,v023
0F0WE,518,803,285,v031
S2XJW,247,494,247,v004
S2XJW,74,276,202,v018
S2XJW,0,146,146,v022
S2XJW,144,343,199,v005
S2XJW,127,316,189,v018
S2XJW,208,386,178,v023
S2XJW,446,566,120,v016
S2XJW,172,780,608,v018
S2XJW,9,117,108,v023
S2XJW,0,816,816,v008
S2XJW,115,235,120,v012
S2XJW,208,391,183,v008
NMC3H,153,278,125,v019
NMC3H,0,199,199,v028
NMC3H,280,427,147,v008
NMC3H,340,446,106,v013
NMC3H,0,345,345,v031
NMC3H,187,352,165,v019
NMC3H,112,223,111,v016
1P97N,0,743,743,v008
1P97N,12,743,731,v012
1P97N,7,127,120,v023
1P97N,0,743,743,v023
1P97N,86,743,657,v031
UZMMO,501,871,370,v018
UZMMO,501,758,257,v012
UZMMO,412,871,459,v008
UZMMO,540,871,331,v031
UZMMO,12,374,362,v026
UZMMO,417,602,185,v023
BRJ0H,696,844,148,v007
BRJ0H,607,844,237,v008
BRJ0H,614,844,230,v008
BRJ0H,64,220,156,v023
BRJ0H,0,120,120,v029
BRJ0H,57,844,787,v023
BRJ0H,120,516,396,v016
G9I7C,0,451,451,v010
G9I7C,230,405,175,v000
G9I7C,290,494,204,v022
G9I7C,379,770,391,v003
G9I7C,333,770,437,v008
G9I7C,321,468,147,v023
G9I7C,278,422,144,v018
G9I7C,206,468,262,v000
XB2NM,386,575,189,v018
XB2NM,352,511,159,v018
XB2NM,12,134,122,v029
XB2NM,0,64,64,v012
1L7XE,19,213,194,v023
1L7XE,50,254,204,v008
1L7XE,108,242,134,v001
1L7XE,45,254,209,v019
1L7XE,4,117,113,v012
UZDEE,0,180,180,v012
UZDEE,187,314,127,v016
UZDEE,0,151,151,v019
UZDEE,48,580,532,v023
UZDEE,182,566,384,v016
HIO3X,830,1156,326,v030
HIO3X,60,228,168,v018
HIO3X,624,758,134,v022
HIO3X,1104,1276,172,v030
HIO3X,1041,1176,135,v031
HIO3X,1111,1280,169,v023
HIO3X,708,861,153,v023
WCKTP,0,769,769,v026
WCKTP,9,216,207,v026
WCKTP,160,405,245,v018
WCKTP,72,228,156,v016
FYJJT,492,645,153,v008
FYJJT,544,705,161,v012
FYJJT,0,120,120,v022
FYJJT,496,813,317,v018
UMXKN,292,535,243,v016
UMXKN,0,237,237,v031
UMXKN,420,542,122,v025
UMXKN,420,542,122,v025
UMXKN,312,496,184,v026
UMXKN,216,408,192,v023
UMXKN,338,487,149,v026
UMXKN,98,756,658,v008
UMXKN,36,369,333,v012
UMXKN,364,496,132,v001
BNH5C,0,624,624,v018
BNH5C,0,624,624,v005
BNH5C,523,700,177,v022
BNH5C,0,691,691,v008
VOAAZ,568,796,228,v016
VOAAZ,729,902,173,v008
VOAAZ,657,796,139,v023
VOAAZ,645,818,173,v012
VOAAZ,640,808,168,v023
VOAAZ,652,967,315,v003
VOAAZ,931,1176,245,v008
VOAAZ,907,1187,280,v014
CO3LU,0,804,804,v005
CO3LU,0,804,804,v008
CO3LU,631,808,177,v016
CO3LU,756,889,133,v027
CO3LU,0,741,741,v005
CO3LU,777,889,112,v027
CO3LU,676,794,118,v016
CO3LU,0,782,782,v008
ES7QT,0,585,585,v008
ES7QT,14,585,571,v031
ES7QT,0,561,561,v008
ES7QT,0,737,737,v018
3FX0M,100,186,86,v012
3FX0M,96,186,90,v016
RCA3E,0,477,477,v008
RCA3E,561,718,157,v030
YM5CV,0,568,568,v008
YM5CV,369,508,139,v022
YM5CV,453,571,118,v016
YM5CV,0,480,480,v014
1L220,782,2656,1874,v014
1L220,1761,3096,1335,v005
1L220,2136,2347,211,v023
1L220,1713,1888,175,v008
1L220,2136,2443,307,v008
1L220,441,3096,2655,v008
1L220,1044,1351,307,v029
PKNT2,0,537,537,v008
PKNT2,391,537,146,v016
PKNT2,0,934,934,v018
PKNT2,460,934,474,v031
PKNT2,0,108,108,v018
PKNT2,396,571,175,v016
PKNT2,0,160,160,v008
PKNT2,74,463,389,v014
DQFF2,170,328,158,v012
DQFF2,110,463,353,v008
DQFF2,388,739,351,v016
5XKVP,96,216,120,v025
5XKVP,194,313,119,v025
5XKVP,74,313,239,v026
5XKVP,36,182,146,v022
5XKVP,0,151,151,v018
5XKVP,136,276,140,v025
5XKVP,180,313,133,v023
5XKVP,62,213,151,v023
5XKVP,122,288,166,v023
5XKVP,62,213,151,v025
SVEWD,0,144,144,v032
SVEWD,412,564,152,v008
SVEWD,340,511,171,v022
SVEWD,0,189,189,v018
SVEWD,7,312,305,v032
SVEWD,470,619,149,v020
SVEWD,422,571,149,v023
SVEWD,528,687,159,v029
SVEWD,0,420,420,v018
ZK05Q,148,360,212,v023
ZK05Q,295,412,117,v012
ZK05Q,297,706,409,v031
ZK05Q,40,153,113,v029
E546V,0,533,533,v027
WVTVK,0,569,569,v008
WVTVK,0,569,569,v010
09KVK,0,654,654,v026
09KVK,0,654,654,v026
EZ7X3,0,333,333,v008
EZ7X3,184,328,144,v016
TX122,410,863,453,v004
TX122,412,863,451,v008
TX122,60,276,216,v000
TX122,0,182,182,v010
TX122,60,276,216,v000
O8BH6,314,731,417,v010
O8BH6,0,487,487,v018
O8BH6,0,731,731,v008
O8BH6,124,307,183,v009
H51V5,259,523,264,v008
H51V5,398,564,166,v016
H51V5,398,564,166,v016
H51V5,153,360,207,v009
H51V5,396,554,158,v016
H51V5,266,432,166,v023
H51V5,36,204,168,v023
H51V5,0,516,516,v008
2E8GU,0,172,172,v008
2E8GU,43,208,165,v026
2E8GU,57,192,135,v016
2E8GU,136,537,401,v028
2E8GU,465,538,73,v028
2E8GU,436,538,102,v008
VQN81,0,751,751,v008
VQN81,206,352,146,v020
E184J,64,746,682,v008
E184J,0,746,746,v008
E184J,0,746,746,v024
E184J,0,746,746,v008
3AHLN,160,312,152,v006
3AHLN,268,544,276,v004
3AHLN,264,372,108,v016
3AHLN,98,336,238,v022
00NN7,504,722,218,v001
00NN7,0,232,232,v008
00NN7,84,242,158,v016
00NN7,336,585,249,v014
00NN7,319,633,314,v018
00NN7,0,153,153,v029
00NN7,158,309,151,v001
00NN7,357,573,216,v032
00NN7,256,453,197,v018
WDY1G,0,648,648,v008
WDY1G,0,336,336,v030
WDY1G,0,648,648,v031
WDY1G,0,648,648,v030
QYE21,525,721,196,v001
QYE21,0,578,578,v006
QYE21,432,602,170,v022
HX22J,9,540,531,v026
HX22J,420,607,187,v031
IUBYO,0,144,144,v008
IUBYO,43,144,101,v008
IUBYO,45,144,99,v016
IUBYO,48,144,96,v023
IUBYO,48,144,96,v025
IUBYO,0,144,144,v008
IUBYO,0,144,144,v018
GGAN0,441,547,106,v016
GGAN0,441,547,106,v016
GGAN0,184,316,132,v020
GGAN0,367,547,180,v016
GGAN0,379,547,168,v008
MMTED,0,376,376,v010
MMTED,304,531,227,v031
MMTED,175,345,170,v020
LPT4A,0,749,749,v008
LPT4A,0,749,749,v018
LPT4A,0,132,132,v023
LPT4A,0,749,749,v031
LPT4A,0,749,749,v018
SFHHR,516,672,156,v016
SFHHR,204,600,396,v004
SFHHR,0,751,751,v018
SFHHR,0,751,751,v031
SFHHR,218,674,456,v023
SFHHR,249,664,415,v008
SFHHR,0,751,751,v014
SFHHR,525,674,149,v016
TNEEH,595,683,88,v029
TNEEH,0,338,338,v006
TNEEH,499,683,184,v008
TNEEH,499,612,113,v023
TNEEH,391,487,96,v022
TNEEH,0,360,360,v006
TNEEH,0,458,458,v018
ADK5J,112,458,346,v008
ADK5J,364,499,135,v016
ADK5J,129,422,293,v019
ADK5J,352,494,142,v016
ADK5J,170,417,247,v013
ADK5J,110,434,324,v014
QNVMD,259,626,367,v016
QNVMD,177,855,678,v008
QNVMD,204,855,651,v023
QNVMD,208,855,647,v008
F0ZPW,0,944,944,v008
F0ZPW,542,794,252,v004
F0ZPW,484,780,296,v008
F0ZPW,595,804,209,v016
F0ZPW,465,722,257,v023
F0ZPW,64,628,564,v005
F0ZPW,0,944,944,v018
F0ZPW,0,944,944,v008
F0ZPW,0,944,944,v008
F0ZPW,0,292,292,v023
F0ZPW,684,944,260,v030
F0ZPW,614,727,113,v016
F0ZPW,9,648,639,v008
F0ZPW,561,751,190,v023
F0ZPW,470,619,149,v016
F0ZPW,561,736,175,v008
6B7HM,0,693,693,v018
6B7HM,609,747,138,v022
6B7HM,576,747,171,v024
6B7HM,0,552,552,v012
6B7HM,597,720,123,v019
6B7HM,489,597,108,v023
A2Z46,204,511,307,v001
A2Z46,0,518,518,v010
A2Z46,0,300,300,v000
A2Z46,398,708,310,v022
A2Z46,597,811,214,v016
A2Z46,650,799,149,v025
A2Z46,609,748,139,v016
A2Z46,0,746,746,v008
A2Z46,463,640,177,v023
A2Z46,698,811,113,v016
M7Y6V,40,764,724,v008
M7Y6V,127,758,631,v031
M7Y6V,501,764,263,v005
M7Y6V,0,105,105,v022
M7Y6V,31,170,139,v023
M7Y6V,0,91,91,v018
M7Y6V,36,764,728,v008
M7Y6V,105,228,123,v023
M7Y6V,81,208,127,v012
M7Y6V,74,764,690,v008
M7Y6V,48,163,115,v023
V5XKZ,0,759,759,v008
V5XKZ,0,759,759,v008
V5XKZ,0,759,759,v024
TSYR3,321,492,171,v001
TSYR3,0,266,266,v012
TSYR3,21,427,406,v026
TSYR3,386,642,256,v008
TSYR3,388,578,190,v023
TSYR3,384,642,258,v026
TSYR3,405,642,237,v026
6JGXL,391,535,144,v022
6JGXL,0,496,496,v018
6JGXL,0,501,501,v032
6JGXL,312,501,189,v005
6JGXL,0,496,496,v018
6JGXL,228,508,280,v008
7R4YS,52,242,190,v016
7R4YS,144,662,518,v017
7R4YS,0,204,204,v019
7R4YS,60,748,688,v008
7R4YS,144,268,124,v023
7R4YS,84,220,136,v012
7R4YS,194,336,142,v029
SY1JE,204,412,208,v012
SY1JE,206,405,199,v007
SY1JE,52,259,207,v004
SY1JE,52,261,209,v008
SY1JE,50,268,218,v016
SY1JE,252,412,160,v029
SY1JE,122,249,127,v016
GMMVC,312,429,117,v001
GMMVC,0,384,384,v008
GMMVC,254,393,139,v001
GMMVC,280,420,140,v016
GMMVC,0,376,376,v031
GMMVC,0,429,429,v021
GMMVC,304,422,118,v022
GMMVC,268,417,149,v016
GMMVC,319,429,110,v017
GMMVC,0,151,151,v016
GMMVC,357,429,72,v029
GMMVC,355,429,74,v012
GMMVC,0,429,429,v008
GMMVC,0,429,429,v018
P4FXX,628,823,195,v027
P4FXX,136,352,216,v016
P4FXX,136,379,243,v005
P4FXX,0,828,828,v008
P4FXX,0,578,578,v026
P4FXX,108,247,139,v008
P4FXX,81,206,125,v023
P4FXX,528,655,127,v029
P4FXX,72,206,134,v023
P4FXX,88,254,166,v008
P4FXX,0,177,177,v026
P4FXX,108,232,124,v005
VU7P7,148,417,269,v008
VU7P7,201,417,216,v018
VU7P7,249,388,139,v018
VU7P7,129,417,288,v008
VU7P7,115,314,199,v023
VU7P7,67,199,132,v019
VU7P7,38,156,118,v029
3Z1YC,367,691,324,v008
3Z1YC,355,700,345,v008
3Z1YC,0,747,747,v008
3Z1YC,355,657,302,v017
3Z1YC,0,747,747,v026
3Z1YC,420,549,129,v023
OPJG1,0,420,420,v008
OPJG1,0,420,420,v014
OPJG1,302,434,132,v016
OPJG1,372,735,363,v003
E0ZBC,194,688,494,v015
E0ZBC,883,1012,129,v022
E0ZBC,0,974,974,v018
E0ZBC,0,979,979,v018
E0ZBC,818,1070,252,v008
E0ZBC,0,823,823,v008
E0ZBC,753,914,161,v023
UQPO0,936,1183,247,v018
UQPO0,158,777,619,v026
UQPO0,1032,1195,163,v018
UQPO0,182,820,638,v026
JTXUA,393,712,319,v031
JTXUA,379,604,225,v012
JTXUA,662,888,226,v018
JTXUA,127,319,192,v001
JTXUA,806,1300,494,v006
JTXUA,784,902,118,v022
JTXUA,48,304,256,v007
JTXUA,684,813,129,v018
JTXUA,40,211,171,v012
785X2,576,952,376,v005
785X2,940,1302,362,v001
785X2,31,204,173,v018
785X2,576,842,266,v008
785X2,76,1264,1188,v018
785X2,492,736,244,v000
785X2,1149,1298,149,v022
785X2,1051,1245,194,v001
785X2,76,1272,1196,v018
TF0KM,249,535,286,v019
TF0KM,0,60,60,v018
TF0KM,0,743,743,v018
TF0KM,324,631,307,v028
TF0KM,60,249,189,v028
TF0KM,0,710,710,v018
TF0KM,0,537,537,v031
TF0KM,580,720,140,v016
TF0KM,669,743,74,v022
GTK8W,612,770,158,v008
GTK8W,559,736,177,v023
GTK8W,0,624,624,v008
GTK8W,0,520,520,v031
GTK8W,444,624,180,v022
GTK8W,739,878,139,v023
GTK8W,782,893,111,v018
GTK8W,741,893,152,v016
GTK8W,451,602,151,v001
GTK8W,751,873,122,v012
GTK8W,777,893,116,v018
GTK8W,564,700,136,v031
GTK8W,0,686,686,v008
GTK8W,643,784,141,v005
J3SQC,0,646,646,v008
J3SQC,0,646,646,v008
J3SQC,0,646,646,v014
J3SQC,172,309,137,v020
J3SQC,0,69,69,v019
5Q3QB,170,295,125,v001
5Q3QB,120,261,141,v012
5Q3QB,122,223,101,v007
5Q3QB,0,855,855,v008
5Q3QB,105,278,173,v012
5Q3QB,237,408,171,v012
5Q3QB,328,489,161,v012
S1XW9,0,76,76,v029
S1XW9,124,669,545,v032
S1XW9,568,705,137,v022
S1XW9,621,802,181,v007
S1XW9,79,676,597,v018
S1XW9,52,208,156,v018
S1XW9,621,802,181,v001
S1XW9,544,700,156,v001
S1XW9,0,112,112,v023
S1XW9,103,211,108,v012
FKFU3,0,67,67,v031
FKFU3,0,72,72,v008
FKFU3,0,112,112,v019
L8FFR,516,746,230,v023
L8FFR,542,698,156,v022
L8FFR,516,746,230,v023
L8FFR,0,612,612,v026
L8FFR,542,751,209,v008
L8FFR,588,751,163,v023
L8FFR,640,751,111,v023
99UA6,1200,1426,226,v001
99UA6,1250,1423,173,v027
99UA6,31,424,393,v008
99UA6,537,760,223,v016
99UA6,223,412,189,v016
99UA6,144,312,168,v023
99UA6,1243,1426,183,v029
99UA6,0,1216,1216,v030
2P2ZC,0,487,487,v006
2P2ZC,592,676,84,v027
2P2ZC,506,667,161,v027
3U1SS,403,735,332,v008
3U1SS,0,352,352,v006
3U1SS,0,352,352,v010
3U1SS,261,484,223,v022
3U1SS,338,470,132,v026
3U1SS,415,600,185,v023
3U1SS,0,360,360,v031
5DYQR,52,295,243,v012
5DYQR,103,235,132,v012
5DYQR,230,386,156,v018
5DYQR,0,175,175,v022
5DYQR,175,321,146,v001
5DYQR,74,225,151,v007
06II2,0,472,472,v008
06II2,60,453,393,v021
06II2,24,537,513,v018
06II2,0,129,129,v018
06II2,420,556,136,v022
81YUE,254,564,310,v010
81YUE,501,712,211,v028
81YUE,631,738,107,v028
81YUE,398,616,218,v031
81YUE,513,734,221,v016
BPWJI,566,701,135,v001
BPWJI,0,405,405,v002
BPWJI,384,701,317,v012
J0VXY,357,727,370,v026
J0VXY,4,372,368,v026
J0VXY,297,566,269,v008
J0VXY,158,496,338,v016
J0VXY,266,748,482,v002
0W4F6,223,732,509,v018
0W4F6,350,520,170,v012
0W4F6,204,340,136,v018
0W4F6,223,732,509,v018
0W4F6,508,732,224,v014
0W4F6,398,732,334,v031
IKOAX,628,719,91,v016
IKOAX,477,719,242,v008
IKOAX,602,719,117,v016
IKOAX,480,662,182,v022
IKOAX,487,688,201,v013
D87LI,374,729,355,v008
D87LI,393,729,336,v014
D87LI,357,470,113,v001
D87LI,0,453,453,v014
D87LI,0,729,729,v032
D87LI,374,496,122,v023
D87LI,0,729,729,v018
D87LI,0,729,729,v018
C1AEV,259,714,455,v031
C1AEV,0,714,714,v008
C1AEV,0,714,714,v031
CP3Q6,393,678,285,v002
CP3Q6,129,292,163,v000
CP3Q6,0,678,678,v008
CP3Q6,360,561,201,v008
CP3Q6,0,678,678,v008
52GJU,72,264,192,v031
52GJU,192,465,273,v020
AYXFY,57,324,267,v004
AYXFY,52,336,284,v008
AYXFY,172,321,149,v016
AYXFY,0,557,557,v024
AYXFY,158,328,170,v016
AYXFY,379,530,151,v005
3YGOV,158,304,146,v004
3YGOV,247,499,252,v021
3YGOV,12,141,129,v017
3YGOV,21,508,487,v029
CP07P,0,175,175,v006
CP07P,40,283,243,v019
CP07P,0,743,743,v008
CP07P,0,743,743,v008
CP07P,40,357,317,v009
M8NEU,362,691,329,v008
M8NEU,564,696,132,v001
M8NEU,0,175,175,v017
M8NEU,98,451,353,v026
M8NEU,340,528,188,v023
M8NEU,0,120,120,v012
M8NEU,91,484,393,v023
M8NEU,158,484,326,v026
M8NEU,156,292,136,v025
M8NEU,156,480,324,v008
M8NEU,16,139,123,v007
M8NEU,98,232,134,v023
M8NEU,331,451,120,v016
4JH6O,0,256,256,v008
4JH6O,532,749,217,v031
4JH6O,0,141,141,v018
4JH6O,0,136,136,v017
4JH6O,50,749,699,v021
4JH6O,60,749,689,v002
4JH6O,0,749,749,v018
4JH6O,0,67,67,v029
F207R,816,976,160,v016
F207R,259,832,573,v008
F207R,108,345,237,v012
F207R,626,960,334,v004
F207R,328,487,159,v012
F207R,386,976,590,v031
F207R,136,307,171,v023
AK9IB,0,597,597,v032
AK9IB,506,696,190,v028
AK9IB,583,724,141,v012
AK9IB,588,753,165,v016
AK9IB,657,824,167,v001
AK9IB,0,117,117,v018
AK9IB,14,621,607,v032
6MH42,158,417,259,v008
6MH42,304,525,221,v009
6MH42,199,343,144,v004
6MH42,316,525,209,v021
6MH42,350,460,110,v020
6MH42,264,393,129,v016
EPKTX,120,396,276,v008
EPKTX,386,542,156,v031
EPKTX,153,542,389,v018
EPKTX,0,542,542,v005
EPKTX,127,244,117,v018
EPKTX,0,542,542,v008
EPKTX,160,542,382,v021
G1A2O,451,712,261,v024
G1A2O,93,232,139,v005
G1A2O,93,261,168,v008
G1A2O,9,175,166,v018
VWAEL,177,688,511,v014
VWAEL,592,732,140,v023
VWAEL,573,722,149,v016
VWAEL,597,870,273,v008
VWAEL,148,288,140,v029
VWAEL,182,679,497,v008
MILRI,480,674,194,v025
MILRI,264,480,216,v018
MILRI,50,230,180,v012
MILRI,655,687,32,v008
PHIIX,468,607,139,v031
PHIIX,24,280,256,v016
PHIIX,297,405,108,v029
PHIIX,76,199,123,v008
PHIIX,100,208,108,v025
PHIIX,91,223,132,v016
PHIIX,0,115,115,v029
PHIIX,240,350,110,v029
PHIIX,408,523,115,v029
PHIIX,0,268,268,v008
6CMWO,170,525,355,v016
6CMWO,424,732,308,v023
6CMWO,0,163,163,v028
6CMWO,477,667,190,v009
6CMWO,429,700,271,v008
JW2HC,72,196,124,v016
JW2HC,0,731,731,v032
JW2HC,0,731,731,v008
JW2HC,16,731,715,v005
JW2HC,72,196,124,v016
JW2HC,0,187,187,v008
JW2HC,24,144,120,v005
JW2HC,0,120,120,v017
JW2HC,0,187,187,v008
JW2HC,0,731,731,v031
JW2HC,0,115,115,v029
6XGUE,436,1030,594,v031
6XGUE,105,259,154,v005
6XGUE,91,259,168,v008
6XGUE,81,259,178,v005
6XGUE,81,213,132,v008
6XGUE,0,429,429,v008
6XGUE,384,537,153,v012
6XGUE,0,1030,1030,v018
6XGUE,751,892,141,v016
ZZN85,266,660,394,v008
ZZN85,261,583,322,v023
ZZN85,28,235,207,v008
ZZN85,136,331,195,v001
ZZN85,91,232,141,v016
ZZN85,72,247,175,v016
KSDFR,0,453,453,v031
KSDFR,554,743,189,v004
KSDFR,0,489,489,v003
KSDFR,468,645,177,v015
KSDFR,405,743,338,v023
W0624,554,702,148,v012
W0624,316,597,281,v008
W0624,7,400,393,v016
W0624,2,405,403,v016
W0624,297,427,130,v023
W0624,0,417,417,v026
W0624,328,590,262,v008
W0624,556,702,146,v001
W0624,72,405,333,v016
W0624,314,458,144,v023
W0624,100,328,228,v023
LP47Z,0,201,201,v010
LP47Z,304,506,202,v023
LP47Z,192,364,172,v022
LP47Z,482,612,130,v029
LP47Z,379,602,223,v008
6VM42,235,403,168,v023
6VM42,69,340,271,v008
6VM42,72,343,271,v016
6VM42,74,340,266,v016
6VM42,84,312,228,v016
W5GEK,672,745,73,v027
W5GEK,0,122,122,v029
537I0,38,285,247,v016
537I0,175,427,252,v001
537I0,74,338,264,v023
537I0,45,242,197,v008
537I0,343,512,169,v008
330ZE,312,678,366,v002
330ZE,0,295,295,v016
330ZE,12,309,297,v016
330ZE,0,88,88,v023
330ZE,0,88,88,v023
330ZE,7,235,228,v026
330ZE,0,278,278,v008
7BT7L,0,709,709,v005
7BT7L,0,709,709,v018
7BT7L,0,709,709,v005
7BT7L,0,709,709,v018
OOCOF,513,650,137,v001
OOCOF,499,624,125,v022
OOCOF,148,280,132,v012
OOCOF,566,714,148,v030
OOCOF,216,648,432,v023
OOCOF,0,714,714,v002
OOCOF,216,648,432,v026
78N0Z,381,530,149,v023
78N0Z,0,734,734,v018
78N0Z,506,734,228,v005
78N0Z,0,734,734,v008
78N0Z,415,734,319,v008
78N0Z,0,482,482,v032
0BWYH,2,175,173,v016
0BWYH,2,175,173,v016
0BWYH,120,314,194,v020
0BWYH,2,172,170,v008
0BWYH,57,170,113,v016
CZ0MP,0,624,624,v008
CZ0MP,0,602,602,v008
CZ0MP,57,528,471,v004
TLPMD,352,525,173,v012
TLPMD,374,621,247,v023
TLPMD,38,405,367,v002
TLPMD,518,729,211,v016
TLPMD,513,729,216,v016
K1ADF,0,750,750,v026
K1ADF,0,750,750,v008
K1ADF,0,750,750,v008
K1ADF,0,750,750,v030
I5U4Q,266,499,233,v016
I5U4Q,276,470,194,v018
BVHIE,460,592,132,v014
BVHIE,0,439,439,v008
BVHIE,0,280,280,v019
BVHIE,398,564,166,v016
BVHIE,153,465,312,v009
BVHIE,141,333,192,v006
BVHIE,0,472,472,v031
BVHIE,453,578,125,v023
BVHIE,448,604,156,v008
BVHIE,194,333,139,v019
AGZ28,0,206,206,v001
AGZ28,182,835,653,v018
AGZ28,199,835,636,v031
AGZ28,194,835,641,v012
AGZ28,218,835,617,v031
0USFX,0,100,100,v012
0USFX,343,468,125,v001
0USFX,324,506,182,v023
0USFX,57,410,353,v016
0USFX,324,480,156,v001
0USFX,0,393,393,v008
0USFX,0,108,108,v012
0USFX,312,420,108,v016
0USFX,57,379,322,v026
BIL5H,244,504,260,v008
BIL5H,297,453,156,v029
BIL5H,0,511,511,v018
YMIKV,259,739,480,v008
YMIKV,319,544,225,v006
YMIKV,340,513,173,v031
ALXUC,117,374,257,v005
ALXUC,84,374,290,v008
ALXUC,67,187,120,v023
ALXUC,108,374,266,v005
ALXUC,0,172,172,v023
ALXUC,72,374,302,v008
7GPSY,127,705,578,v005
7GPSY,256,837,581,v005
7GPSY,580,784,204,v020
7GPSY,122,662,540,v023
7GPSY,28,153,125,v029
0YTSJ,708,835,127,v016
0YTSJ,691,813,122,v016
0YTSJ,784,891,107,v005
0YTSJ,736,871,135,v023
0YTSJ,784,891,107,v005
0YTSJ,544,818,274,v008
0YTSJ,544,688,144,v023
0YTSJ,732,891,159,v008
0YTSJ,544,818,274,v004
0YTSJ,0,891,891,v018
0YTSJ,717,891,174,v023
0YTSJ,696,891,195,v008
0YTSJ,645,818,173,v016
0YTSJ,549,792,243,v008
0YTSJ,0,891,891,v018
0YTSJ,556,813,257,v023
0YTSJ,0,494,494,v014
X3EZR,0,211,211,v008
X3EZR,64,211,147,v008
X3EZR,28,153,125,v023
X3EZR,0,211,211,v018
WSZSL,307,549,242,v012
WSZSL,0,170,170,v018
WSZSL,0,172,172,v018
WSZSL,50,170,120,v022
WSZSL,0,552,552,v031
8ZHLV,472,738,266,v018
8ZHLV,508,700,192,v004
8ZHLV,0,276,276,v008
8ZHLV,4,451,447,v008
8ZHLV,482,738,256,v008
8ZHLV,170,288,118,v016
8ZHLV,0,69,69,v014
8ZHLV,432,738,306,v018
8ZHLV,316,451,135,v016
8ZHLV,184,393,209,v015
8ZHLV,0,110,110,v023
7WG7A,554,743,189,v012
7WG7A,0,552,552,v004
7WG7A,504,624,120,v027
7WG7A,0,552,552,v008
7WG7A,590,743,153,v007
CZPU9,0,124,124,v016
CZPU9,578,851,273,v004
CZPU9,326,712,386,v012
CZPU9,144,328,184,v028
CZPU9,446,597,151,v005
CZPU9,415,592,177,v008
CZPU9,492,664,172,v005
CZPU9,612,729,117,v001
CZPU9,0,278,278,v016
CZPU9,36,146,110,v026
CZPU9,0,98,98,v023
CZPU9,292,614,322,v031
CZPU9,0,81,81,v008
CZPU9,0,96,96,v008
CZPU9,55,201,146,v001
CZPU9,2,141,139,v012
4WYQ5,0,859,859,v008
4WYQ5,760,859,99,v025
4WYQ5,784,859,75,v001
4WYQ5,746,859,113,v012
4WYQ5,0,722,722,v008
4WYQ5,0,657,657,v005
4WYQ5,12,242,230,v012
4WYQ5,141,259,118,v023
B0LK0,480,638,158,v023
B0LK0,0,340,340,v016
B0LK0,600,1024,424,v003
B0LK0,249,444,195,v028
B0LK0,600,1024,424,v016
B0LK0,0,355,355,v016
HR6MF,0,441,441,v026
HR6MF,38,196,158,v008
HR6MF,9,624,615,v026
HR6MF,0,91,91,v017
HR6MF,108,235,127,v009
HR6MF,228,376,148,v026
HR6MF,0,84,84,v029
HR6MF,278,662,384,v026
02GMI,292,681,389,v018
02GMI,0,367,367,v031
02GMI,304,725,421,v008
02GMI,300,725,425,v032
Q2U7O,165,374,209,v008
Q2U7O,52,196,144,v023
Q2U7O,93,297,204,v023
Q2U7O,84,388,304,v008
F0N38,0,742,742,v008
F0N38,552,742,190,v024
F0N38,453,742,289,v008
F0N38,422,742,320,v023
F0N38,0,504,504,v026
0RSFD,26,444,418,v008
0RSFD,36,278,242,v012
0RSFD,177,504,327,v016
0RSFD,220,458,238,v025
0RSFD,220,458,238,v016
0RSFD,98,458,360,v023
0RSFD,21,655,634,v008
3OUXT,115,1161,1046,v018
3OUXT,547,717,170,v001
3OUXT,319,506,187,v012
3OUXT,43,223,180,v018
3OUXT,1065,1192,127,v022
3OUXT,439,566,127,v008
3OUXT,422,535,113,v023
3OUXT,669,1161,492,v032
3OUXT,103,1173,1070,v018
3OUXT,451,559,108,v016
3OUXT,674,1149,475,v032
ZHF60,304,458,154,v012
ZHF60,1036,1293,257,v030
ZHF60,184,400,216,v016
ZHF60,33,1262,1229,v030
ZHF60,7,304,297,v008
ZHF60,813,1502,689,v030
ZHF60,24,400,376,v026
IJZI1,0,201,201,v029
IJZI1,50,256,206,v012
IJZI1,170,367,197,v023
IJZI1,187,386,199,v020
IJZI1,319,403,84,v001
IJZI1,91,206,115,v031
5XEOB,196,328,132,v008
5XEOB,16,247,231,v026
5XEOB,156,412,256,v001
5XEOB,463,614,151,v019
5XEOB,158,398,240,v009
ENJ7V,799,956,157,v016
ENJ7V,405,837,432,v028
ENJ7V,0,956,956,v014
ENJ7V,0,956,956,v008
CCN3E,0,417,417,v008
CCN3E,86,328,242,v031
CCN3E,247,400,153,v012
CCN3E,314,456,142,v029
GFX2M,0,713,713,v005
GFX2M,0,713,713,v008
GFX2M,0,713,713,v005
GFX2M,0,713,713,v008
EBMIO,232,732,500,v014
EBMIO,0,120,120,v016
EBMIO,232,760,528,v018
EBMIO,45,192,147,v029
EBMIO,0,91,91,v008
EBMIO,225,328,103,v018
EBMIO,232,760,528,v032
EBMIO,232,760,528,v031
K3IGM,0,146,146,v008
K3IGM,0,136,136,v016
K3IGM,494,909,415,v003
K3IGM,837,942,105,v020
K3IGM,122,518,396,v003
K3IGM,55,189,134,v023
K3IGM,460,924,464,v023
7TNNG,571,831,260,v008
7TNNG,0,831,831,v014
7TNNG,0,831,831,v008
GIC0G,0,756,756,v008
GIC0G,357,720,363,v008
GIC0G,0,729,729,v005
GIC0G,352,691,339,v013
GIC0G,621,759,138,v012
GIC0G,667,759,92,v029
JC1DV,120,393,273,v016
JC1DV,0,415,415,v016
JC1DV,0,117,117,v029
JC1DV,170,386,216,v026
JC1DV,0,271,271,v008
JC1DV,196,319,123,v008
JC1DV,0,271,271,v008
JC1DV,196,319,123,v008
JC1DV,196,300,104,v023
EW3VV,88,223,135,v018
EW3VV,175,391,216,v004
EW3VV,60,189,129,v018
EW3VV,45,172,127,v022
EW3VV,0,1091,1091,v008
HOIKF,0,520,520,v031
HOIKF,0,504,504,v008
HOIKF,0,540,540,v010
HOIKF,422,739,317,v018
HOIKF,424,739,315,v018
HOIKF,403,739,336,v014
HOIKF,0,283,283,v019
HOIKF,235,343,108,v009
RJFT8,1060,1108,48,v008
RJFT8,976,1089,113,v029
RJFT8,844,1089,245,v022
RJFT8,0,933,933,v018
MW2TQ,24,216,192,v001
MW2TQ,189,364,175,v009
MW2TQ,151,316,165,v016
MW2TQ,0,304,304,v008
MW2TQ,237,396,159,v001
MW2TQ,153,393,240,v016
MW2TQ,153,393,240,v016
MW2TQ,0,321,321,v008
ZAIHG,0,537,537,v008
ZAIHG,0,434,434,v023
ZAIHG,345,743,398,v031
ZAIHG,201,453,252,v016
ZAIHG,0,456,456,v016
IXY95,408,528,120,v001
IXY95,312,432,120,v012
IXY95,24,240,216,v031
IXY95,338,546,208,v023
IXY95,141,288,147,v016
IXY95,381,546,165,v008
IXY95,0,60,60,v018
IXY95,268,396,128,v029
IXY95,0,74,74,v022
IXY95,26,278,252,v008
UCD2M,0,607,607,v008
UCD2M,0,607,607,v005
UCD2M,33,607,574,v003
UCD2M,0,446,446,v028
038WZ,115,314,199,v001
038WZ,88,276,188,v012
038WZ,0,180,180,v017
99WON,127,283,156,v018
99WON,264,415,151,v023
99WON,0,206,206,v017
99WON,127,271,144,v018
99WON,288,420,132,v022
99WON,228,362,134,v016
J1YJ6,86,319,233,v012
J1YJ6,91,379,288,v031
J1YJ6,24,838,814,v008
J1YJ6,288,838,550,v014
J1YJ6,256,408,152,v018
J1YJ6,304,838,534,v018
YH0BX,55,660,605,v016
YH0BX,64,643,579,v026
YH0BX,64,643,579,v026
YH0BX,530,643,113,v016
YH0BX,7,648,641,v008
L1Z8A,681,1238,557,v008
L1Z8A,573,712,139,v022
L1Z8A,9,559,550,v018
L1Z8A,681,1214,533,v031
00T4B,261,485,224,v003
00T4B,0,268,268,v026
KKCB9,0,587,587,v005
KKCB9,0,587,587,v008
KKCB9,0,587,587,v005
KKCB9,254,587,333,v009
KKCB9,0,587,587,v008
KKCB9,0,587,587,v021
KKCB9,240,587,347,v019
X73XF,472,681,209,v016
X73XF,0,733,733,v008
X73XF,0,733,733,v026
X73XF,468,703,235,v023
9LONJ,196,360,164,v018
9LONJ,211,336,125,v018
9LONJ,124,254,130,v016
9LONJ,0,175,175,v015
H7LQM,31,825,794,v026
H7LQM,165,580,415,v026
H7LQM,33,242,209,v016
H7LQM,180,552,372,v026
H7LQM,777,825,48,v008
H7LQM,777,825,48,v023
H7LQM,777,825,48,v016
EUMRR,487,628,141,v004
EUMRR,712,830,118,v016
EUMRR,0,309,309,v030
EUMRR,355,504,149,v018
EUMRR,640,830,190,v026
EUMRR,225,439,214,v030
EUMRR,674,830,156,v023
EUMRR,669,830,161,v008
EUMRR,429,830,401,v008
EUMRR,429,830,401,v008
EUMRR,429,566,137,v023
Y5P4Q,57,1238,1181,v026
Y5P4Q,2,1238,1236,v022
Y5P4Q,76,1156,1080,v030
144JW,0,88,88,v020
144JW,0,683,683,v018
144JW,0,683,683,v008
JUF24,124,520,396,v016
JUF24,0,891,891,v002
JUF24,441,645,204,v023
YZWQH,0,733,733,v008
YZWQH,0,733,733,v008
YZWQH,0,733,733,v014
YZWQH,0,733,733,v018
W495O,312,480,168,v002
W495O,403,744,341,v002
BFVX0,273,611,338,v005
BFVX0,220,357,137,v018
BFVX0,273,611,338,v005
BFVX0,0,307,307,v031
BFVX0,242,360,118,v018
BFVX0,297,410,113,v008
BFVX0,261,379,118,v018
KJ428,0,86,86,v001
KJ428,0,762,762,v008
KJ428,2,696,694,v030
SGAGB,0,276,276,v008
SGAGB,592,724,132,v008
SGAGB,328,465,137,v023
SGAGB,554,717,163,v023
SGAGB,0,338,338,v021
SGAGB,278,412,134,v022
SGAGB,314,597,283,v003
SGAGB,0,391,391,v018
SGAGB,288,693,405,v016
SGAGB,242,360,118,v016
W6GTP,0,756,756,v008
W6GTP,0,756,756,v008
W6GTP,0,132,132,v014
W6GTP,141,283,142,v014
07RDG,266,384,118,v008
07RDG,40,180,140,v016
07RDG,96,345,249,v026
07RDG,91,458,367,v026
GA4DZ,24,180,156,v000
GA4DZ,0,796,796,v010
GA4DZ,0,796,796,v010
1TAMK,79,266,187,v008
1TAMK,76,218,142,v012
1TAMK,112,247,135,v001
1TAMK,67,192,125,v017
1TAMK,86,266,180,v023
1TAMK,93,252,159,v001
1TAMK,84,230,146,v012
ZDZFF,0,184,184,v008
ZDZFF,0,184,184,v016
ZDZFF,0,187,187,v016
ZDZFF,16,122,106,v025
ZDZFF,60,165,105,v026
CI7PQ,180,352,172,v004
CI7PQ,268,732,464,v005
CI7PQ,292,734,442,v005
CI7PQ,0,804,804,v002
CI7PQ,132,710,578,v008
5CT0V,0,240,240,v008
5CT0V,0,235,235,v014
5CT0V,0,767,767,v018
5CT0V,194,338,144,v008
GIIMN,508,703,195,v008
GIIMN,218,542,324,v008
GIIMN,235,556,321,v005
GIIMN,0,604,604,v008
GIIMN,0,86,86,v012
GIIMN,0,621,621,v031
GIIMN,525,638,113,v023
GIIMN,201,314,113,v023
GIIMN,0,74,74,v006
PN7CX,429,607,178,v026
PN7CX,432,607,175,v026
PN7CX,19,158,139,v023
PN7CX,309,492,183,v016
PN7CX,0,400,400,v010
PN7CX,408,607,199,v008
PN7CX,0,381,381,v005
PN7CX,264,504,240,v022
PN7CX,0,379,379,v008
PN7CX,278,496,218,v003
PN7CX,0,513,513,v018
PN7CX,0,374,374,v005
IJNBL,405,717,312,v016
IJNBL,480,734,254,v030
IJNBL,7,374,367,v002
IJNBL,840,985,145,v001
IJNBL,789,969,180,v029
IJNBL,835,985,150,v012
IJNBL,405,516,111,v023
IJNBL,420,698,278,v008
6YTAJ,0,93,93,v016
6YTAJ,662,747,85,v001
6YTAJ,74,747,673,v031
6YTAJ,86,496,410,v005
6YTAJ,16,747,731,v008
6YTAJ,33,189,156,v012
6YTAJ,540,747,207,v005
6YTAJ,0,747,747,v008
6YTAJ,633,747,114,v016
6YTAJ,0,747,747,v018
6YTAJ,662,747,85,v008
1PB6T,0,91,91,v016
1PB6T,225,520,295,v008
1PB6T,228,623,395,v032
1PB6T,26,218,192,v012
1PB6T,201,415,214,v023
LR4XI,453,636,183,v020
LR4XI,0,465,465,v004
LR4XI,105,639,534,v008
LR4XI,0,103,103,v018
LR4XI,0,639,639,v018
LR4XI,117,639,522,v014
3D0WV,415,729,314,v007
3D0WV,424,729,305,v009
DQ6U7,0,696,696,v008
DQ6U7,146,696,550,v009
DQ6U7,139,696,557,v031
DQ6U7,146,696,550,v009
DQ6U7,0,696,696,v010
DQ6U7,129,696,567,v031
DQ6U7,129,696,567,v009
DQ6U7,120,696,576,v019
Y5PF5,228,764,536,v014
Y5PF5,100,764,664,v008
5ADJT,504,829,325,v031
F8A4G,43,232,189,v012
F8A4G,326,468,142,v008
F8A4G,170,396,226,v023
F8A4G,48,247,199,v007
F8A4G,175,585,410,v016
F8A4G,168,420,252,v026
1W2NR,52,715,663,v021
1W2NR,38,177,139,v029
1W2NR,528,698,170,v030
1W2NR,0,691,691,v008
1W2NR,237,396,159,v020
4CAHN,477,588,111,v001
4CAHN,417,556,139,v012
4CAHN,453,573,120,v023
4CAHN,444,595,151,v001
4CAHN,417,561,144,v012
4CAHN,0,683,683,v002
4CAHN,424,585,161,v023
151DU,168,360,192,v023
151DU,216,568,352,v019
151DU,204,762,558,v008
OJLFZ,9,194,185,v018
OJLFZ,0,124,124,v018
OJLFZ,331,508,177,v008
OJLFZ,331,448,117,v016
OJLFZ,225,460,235,v004
OJLFZ,211,348,137,v023
OJLFZ,448,669,221,v023
OJLFZ,364,775,411,v008
OJLFZ,633,775,142,v016
OJLFZ,436,621,185,v012
OJLFZ,319,463,144,v016
OJLFZ,496,794,298,v008
OJLFZ,655,804,149,v022
OJLFZ,655,799,144,v016
OJLFZ,453,667,214,v023
ZFZEN,285,748,463,v008
ZFZEN,0,79,79,v010
ZFZEN,866,1060,194,v029
ZFZEN,0,117,117,v000
ZFZEN,573,972,399,v003