9GA3H,0,743,743,v004
9GA3H,458,609,151,v020
9GA3H,0,743,743,v008
3CAPI,88,252,164,v025
3CAPI,698,786,88,v025
3CAPI,33,165,132,v025
3CAPI,153,295,142,v025
3CAPI,0,307,307,v016
3CAPI,0,312,312,v008
3CAPI,338,786,448,v016
3CAPI,352,786,434,v008
3CAPI,348,786,438,v026
N14BK,0,624,624,v008
N14BK,840,1010,170,v012
N14BK,943,1080,137,v016
N14BK,0,674,674,v026
N14BK,914,1039,125,v008
N14BK,772,914,142,v008
N14BK,926,1089,163,v016
N14BK,784,948,164,v023
9MOH2,136,398,262,v012
9MOH2,384,709,325,v008
9MOH2,0,220,220,v029
OB1XO,472,753,281,v003
OB1XO,0,482,482,v003
OB1XO,0,789,789,v018
OB1XO,799,888,89,v029
OB1XO,0,136,136,v008
OB1XO,4,172,168,v023
OB1XO,770,888,118,v007
OB1XO,693,811,118,v022
OB1XO,405,532,127,v025
9N44Y,288,419,131,v001
9N44Y,0,124,124,v012
9N44Y,100,388,288,v023
R1B8I,379,772,393,v008
R1B8I,0,439,439,v006
R1B8I,268,434,166,v007
R1B8I,374,772,398,v031
YPIKO,736,856,120,v008
YPIKO,0,674,674,v031
YPIKO,72,218,146,v005
YPIKO,710,852,142,v031
YPIKO,710,856,146,v018
YPIKO,328,655,327,v015
YPIKO,192,806,614,v008
NHXI3,182,759,577,v008
NHXI3,220,360,140,v022
NHXI3,580,700,120,v027
NHXI3,96,261,165,v012
NHXI3,518,662,144,v029
NHXI3,0,324,324,v018
NHXI3,0,336,336,v018
NHXI3,108,321,213,v023
VX39P,0,122,122,v029
VX39P,607,818,211,v001
VX39P,818,1131,313,v030
NY8P3,427,736,309,v008
NY8P3,0,508,508,v026
NY8P3,415,530,115,v023
NY8P3,446,736,290,v014
RYK18,0,120,120,v018
RYK18,676,759,83,v027
RYK18,0,127,127,v018
RYK18,393,724,331,v028
RYK18,336,470,134,v022
RYK18,612,732,120,v025
7FLXE,0,330,330,v008
7FLXE,0,259,259,v032
7FLXE,0,330,330,v018
7FLXE,237,330,93,v025
DP1TV,0,180,180,v008
DP1TV,84,182,98,v016
DP1TV,84,182,98,v016
DP1TV,124,220,96,v020
DP1TV,0,170,170,v026
DP1TV,124,220,96,v009
DP1TV,69,182,113,v016
DP1TV,0,180,180,v008
DP1TV,160,220,60,v019
RSFII,607,855,248,v026
RSFII,216,453,237,v001
RSFII,691,855,164,v026
RSFII,422,561,139,v007
6I0IH,0,698,698,v024
6I0IH,0,698,698,v008
6I0IH,0,698,698,v018
6I0IH,0,698,698,v018
618HP,0,84,84,v027
618HP,364,508,144,v022
618HP,480,612,132,v029
NEE6E,0,475,475,v010
NEE6E,600,682,82,v018
NEE6E,0,151,151,v009
NEE6E,0,136,136,v019
NEE6E,0,682,682,v031
NEE6E,357,682,325,v000
NEE6E,0,682,682,v019
HI81L,0,163,163,v008
HI81L,67,228,161,v012
HI81L,148,288,140,v008
HI81L,67,228,161,v008
HI81L,0,158,158,v018
HI81L,230,432,202,v009
HI81L,230,432,202,v019
HI81L,0,851,851,v008
HI81L,0,851,851,v021
HI81L,0,851,851,v010
7Z2KR,2,634,632,v018
7Z2KR,0,117,117,v018
7Z2KR,0,634,634,v008
7Z2KR,9,634,625,v018
D8OSC,31,177,146,v008
D8OSC,141,266,125,v025
D8OSC,170,429,259,v009
D8OSC,0,100,100,v029
D8OSC,88,220,132,v026
D8OSC,0,115,115,v007
D8OSC,14,261,247,v023
D8OSC,146,668,522,v019
D8OSC,129,261,132,v016
FC2TJ,340,928,588,v008
FC2TJ,189,933,744,v026
FC2TJ,24,151,127,v029
FC2TJ,96,1003,907,v023
DZNYK,103,350,247,v008
DZNYK,285,518,233,v012
DZNYK,16,223,207,v023
DZNYK,0,98,98,v012
DZNYK,427,674,247,v009
DZNYK,52,259,207,v022
DZNYK,220,367,147,v016
DZNYK,211,372,161,v016
DZNYK,170,316,146,v001
DZNYK,16,223,207,v018
DZNYK,420,674,254,v019
DZNYK,0,124,124,v018
20NI0,628,772,144,v016
20NI0,278,482,204,v023
20NI0,0,292,292,v026
20NI0,321,756,435,v008
20NI0,446,650,204,v016
20NI0,446,645,199,v008
20NI0,638,758,120,v016
20NI0,446,645,199,v023
OELNE,112,376,264,v031
OELNE,0,196,196,v008
OELNE,96,204,108,v016
OELNE,0,196,196,v031
OELNE,300,424,124,v029
I6NJ6,0,225,225,v010
I6NJ6,324,535,211,v003
I6NJ6,223,364,141,v022
I6NJ6,0,192,192,v021
I6NJ6,112,321,209,v000
I6NJ6,112,321,209,v000
I6NJ6,98,252,154,v025
I6NJ6,328,470,142,v023
I6NJ6,117,252,135,v021
I6NJ6,21,148,127,v023
HMLJX,0,410,410,v014
HMLJX,0,295,295,v010
HMLJX,285,446,161,v022
HMLJX,372,513,141,v018
HMLJX,408,795,387,v018
HMLJX,388,795,407,v018
HMLJX,715,795,80,v032
HMLJX,528,655,127,v016
HMLJX,559,795,236,v032
HMLJX,511,676,165,v023
HMLJX,511,795,284,v008
9MOQ7,477,772,295,v008
9MOQ7,0,199,199,v020
9MOQ7,292,439,147,v022
9MOQ7,0,391,391,v018
9MOQ7,333,484,151,v003
RXIAX,79,343,264,v008
RXIAX,213,355,142,v016
RXIAX,134,273,139,v016
RXIAX,307,564,257,v020
RXIAX,249,633,384,v001
UZIQS,544,714,170,v016
UZIQS,321,508,187,v023
UZIQS,412,674,262,v026
UZIQS,549,714,165,v016
UZIQS,336,660,324,v008
7VZ5M,52,199,147,v018
7VZ5M,218,556,338,v031
7VZ5M,103,597,494,v018
7VZ5M,79,192,113,v018
7VZ5M,472,592,120,v022
7VZ5M,0,667,667,v008
7VZ5M,120,273,153,v004
ZXN6A,91,300,209,v004
ZXN6A,0,732,732,v005
ZXN6A,0,732,732,v008
ZXN6A,0,732,732,v005
ZXN6A,0,732,732,v018
ZXN6A,103,237,134,v016
ZXN6A,50,180,130,v023
ZXN6A,242,381,139,v016
ZXN6A,117,223,106,v008
ZXN6A,0,112,112,v018
ZXN6A,571,700,129,v016
ZXN6A,168,520,352,v008
4U52R,328,703,375,v008
4U52R,0,124,124,v016
4U52R,343,540,197,v018
4U52R,0,110,110,v016
4U52R,124,244,120,v008
4U52R,403,703,300,v018
4U52R,204,360,156,v016
4U52R,33,511,478,v026
13MWT,369,547,178,v027
13MWT,74,285,211,v016
13MWT,67,273,206,v023
13MWT,62,271,209,v028
13MWT,297,741,444,v018
13MWT,297,741,444,v018
WM8QQ,340,818,478,v008
WM8QQ,602,758,156,v012
WM8QQ,26,206,180,v016
WM8QQ,283,436,153,v020
WM8QQ,568,717,149,v023
WM8QQ,33,331,298,v016
WM8QQ,220,374,154,v018
WM8QQ,0,297,297,v023
WM8QQ,57,232,175,v012
WM8QQ,0,165,165,v008
WM8QQ,259,681,422,v020
WM8QQ,115,285,170,v016
WM8QQ,208,818,610,v018
AIYFU,0,441,441,v031
AIYFU,362,566,204,v008
AIYFU,86,410,324,v020
AIYFU,300,451,151,v022
AIYFU,0,261,261,v016
AIYFU,0,266,266,v008
AIYFU,0,273,273,v016
AIYFU,374,600,226,v005
AIYFU,0,441,441,v031
OK2TU,804,1008,204,v012
OK2TU,280,540,260,v026
OK2TU,904,1104,200,v001
OK2TU,508,1180,672,v008
OK2TU,24,456,432,v026
OK2TU,340,552,212,v016
OK2TU,220,408,188,v008
OK2TU,376,832,456,v023
OK2TU,268,444,176,v016
OK2TU,984,1200,216,v007
T8XGN,283,429,146,v012
T8XGN,362,722,360,v008
T8XGN,182,307,125,v022
T8XGN,564,722,158,v019
5NK4L,614,763,149,v012
5NK4L,655,807,152,v026
5NK4L,0,807,807,v016
5NK4L,0,806,806,v026
5NK4L,242,384,142,v020
5NK4L,194,398,204,v008
5NK4L,528,807,279,v023
SRHJV,0,396,396,v018
SRHJV,576,775,199,v005
SRHJV,72,427,355,v022
SRHJV,408,552,144,v012
SRHJV,480,775,295,v008
SRHJV,648,775,127,v019
SRHJV,0,110,110,v031
SRHJV,451,590,139,v029
NZY1U,0,674,674,v008
NZY1U,0,566,566,v024
NZY1U,477,672,195,v004
NZY1U,0,674,674,v008
ZYLTE,45,307,262,v008
ZYLTE,148,307,159,v031
ZYLTE,0,160,160,v023
9XFJX,0,400,400,v008
9XFJX,0,527,527,v008
9XFJX,225,400,175,v016
9W63D,0,811,811,v008
9W63D,0,811,811,v008
9W63D,0,811,811,v018
9W63D,0,811,811,v008
9YNN1,0,458,458,v016
9YNN1,0,444,444,v026
9YNN1,477,707,230,v006
9YNN1,484,707,223,v031
9YNN1,0,607,607,v008
9YNN1,0,158,158,v026
9YNN1,103,249,146,v006
9YNN1,64,249,185,v031
U5CDS,122,261,139,v018
U5CDS,0,318,318,v031
U5CDS,122,261,139,v018
ENC45,0,319,319,v005
ENC45,211,638,427,v004
ENC45,0,336,336,v005
ENC45,0,638,638,v008
ENC45,0,638,638,v008
EJPO8,74,720,646,v005
EJPO8,60,720,660,v008
EJPO8,50,220,170,v023
EJPO8,0,720,720,v008
EJPO8,304,528,224,v016
EJPO8,50,720,670,v005
EJPO8,96,720,624,v008
P5JRJ,0,588,588,v008
P5JRJ,0,588,588,v031
P5JRJ,528,588,60,v010
P5JRJ,0,463,463,v008
P5JRJ,0,458,458,v018
P5JRJ,0,489,489,v021
O8DER,0,439,439,v024
O8DER,400,542,142,v022
O8DER,0,494,494,v018
O8DER,535,737,202,v026
O8DER,96,427,331,v019
O8DER,0,480,480,v008
O8DER,122,309,187,v009
O8DER,520,686,166,v016
O8DER,523,681,158,v008
O8DER,412,585,173,v023
O8DER,590,737,147,v001
O8DER,393,504,111,v016
O8DER,446,686,240,v016
0LNLR,237,547,310,v010
0LNLR,45,333,288,v018
0LNLR,19,141,122,v018
0LNLR,518,712,194,v022
DPBID,0,723,723,v018
DPBID,0,723,723,v032
DPBID,0,316,316,v004
DPBID,0,723,723,v008
DPBID,288,405,117,v006
DPBID,0,723,723,v008
DPBID,0,723,723,v008
6N7G6,0,105,105,v016
6N7G6,4,175,171,v018
6N7G6,434,824,390,v021
6N7G6,4,175,171,v018
6N7G6,0,112,112,v016
6N7G6,0,112,112,v016
6N7G6,278,824,546,v008
6N7G6,2,824,822,v018
6N7G6,0,180,180,v008
6N7G6,338,782,444,v023
6N7G6,0,213,213,v023
MX0CO,0,163,163,v004
MX0CO,21,129,108,v008
MX0CO,0,124,124,v023
MX0CO,223,355,132,v016
250SN,321,480,159,v001
250SN,36,148,112,v012
250SN,156,360,204,v003
250SN,278,412,134,v017
250SN,50,160,110,v029
250SN,124,240,116,v008
250SN,96,252,156,v016
250SN,96,252,156,v023
250SN,14,136,122,v007
250SN,0,86,86,v008
250SN,0,103,103,v016
250SN,0,81,81,v023
PW9P0,151,318,167,v031
PW9P0,0,156,156,v028
PW9P0,60,247,187,v028
PW9P0,115,220,105,v016
PW9P0,64,216,152,v008
8NS1G,367,612,245,v015
8NS1G,98,748,650,v008
8NS1G,592,744,152,v005
8NS1G,592,744,152,v005
8NS1G,360,636,276,v016
8NS1G,580,736,156,v023
8NS1G,580,748,168,v008
8NS1G,338,602,264,v008
6JKD6,211,393,182,v012
6JKD6,271,420,149,v023
6JKD6,115,268,153,v016
6JKD6,571,724,153,v001
6JKD6,52,232,180,v008
8PRDP,72,338,266,v014
8PRDP,312,504,192,v016
8PRDP,40,710,670,v008
8PRDP,448,592,144,v023
8PRDP,482,688,206,v004
8PRDP,537,684,147,v016
8PRDP,256,386,130,v023
8PRDP,304,460,156,v023
8PRDP,379,489,110,v023
VCV6A,4,103,99,v005
VCV6A,72,182,110,v008
VCV6A,283,415,132,v016
VCV6A,405,506,101,v005
VCV6A,360,751,391,v032
VCV6A,290,508,218,v012
VCV6A,124,352,228,v023
VCV6A,225,336,111,v023
VCV6A,350,549,199,v008
VCV6A,64,189,125,v012
VCV6A,112,235,123,v023
VCV6A,146,249,103,v016
VCV6A,127,254,127,v008
VCV6A,0,156,156,v023
VCV6A,7,156,149,v016
ONA0S,218,429,211,v007
ONA0S,624,765,141,v018
ONA0S,434,571,137,v022
ONA0S,228,468,240,v012
6TJVS,57,216,159,v005
6TJVS,52,228,176,v005
6TJVS,220,364,144,v016
6TJVS,283,432,149,v004
6TJVS,0,777,777,v008
6TJVS,393,777,384,v020
6TJVS,0,777,777,v018
6TJVS,230,420,190,v008
6TJVS,0,777,777,v008
6TJVS,0,302,302,v008
6TJVS,0,204,204,v024
6TJVS,331,446,115,v023
6TJVS,295,415,120,v023
6TJVS,0,777,777,v018
6TJVS,0,285,285,v008
94LXD,585,830,245,v008
94LXD,67,408,341,v026
94LXD,556,830,274,v008
94LXD,585,830,245,v008
94LXD,292,434,142,v022
94LXD,556,691,135,v023
94LXD,556,696,140,v023
94LXD,756,830,74,v012
EOAR1,283,439,156,v001
EOAR1,175,343,168,v012
EOAR1,472,808,336,v026
EOAR1,76,362,286,v008
EOAR1,230,398,168,v016
EOAR1,60,208,148,v023
EOAR1,28,189,161,v031
EOAR1,247,408,161,v016
EOAR1,0,93,93,v029
3MIWR,62,506,444,v008
3MIWR,69,506,437,v026
3MIWR,199,312,113,v020
3MIWR,52,513,461,v026
T2S96,0,136,136,v030
T2S96,0,60,60,v008
SFH7G,38,211,173,v016
SFH7G,62,230,168,v018
SFH7G,792,960,168,v022
SFH7G,52,926,874,v018
SFH7G,110,945,835,v018
SFH7G,24,206,182,v016
SFH7G,33,192,159,v016
IGOQK,170,307,137,v018
IGOQK,132,784,652,v008
IGOQK,0,127,127,v001
IGOQK,0,146,146,v029
IGOQK,117,264,147,v023
IGOQK,168,319,151,v018
IGOQK,528,784,256,v014
IGOQK,0,122,122,v007
IGOQK,194,784,590,v018
TWZA4,237,439,202,v008
TWZA4,535,659,124,v024
TWZA4,12,160,148,v012
TWZA4,7,659,652,v023
TWZA4,28,659,631,v031
TWZA4,7,659,652,v008
TWZA4,0,100,100,v023
M1GW9,9,559,550,v016
M1GW9,91,237,146,v012
M1GW9,112,237,125,v029
M1GW9,28,340,312,v008
M1GW9,4,124,120,v023
M1GW9,528,660,132,v001
M1GW9,324,564,240,v025
M1GW9,525,655,130,v007
OL2JP,0,338,338,v006
OL2JP,0,338,338,v006
OL2JP,559,679,120,v008
OL2JP,528,706,178,v023
OL2JP,552,706,154,v008
A3AV0,540,683,143,v012
A3AV0,578,683,105,v007
A3AV0,372,614,242,v022
A3AV0,0,554,554,v018
Z6HSZ,465,636,171,v001
Z6HSZ,295,511,216,v005
Z6HSZ,2,446,444,v004
Z6HSZ,2,496,494,v005
Z6HSZ,0,638,638,v008
Z6HSZ,540,657,117,v029
Z6HSZ,465,614,149,v007
8PL34,76,228,152,v001
8PL34,220,340,120,v018
8PL34,573,802,229,v025
8PL34,436,705,269,v012
8PL34,316,508,192,v022
8PL34,232,489,257,v018
8PL34,216,496,280,v028
8PL34,264,770,506,v008
EI0F6,549,787,238,v001
EI0F6,57,386,329,v012
EI0F6,470,803,333,v008
EI0F6,0,803,803,v008
BLBJY,0,360,360,v008
BLBJY,0,369,369,v008
BLBJY,67,235,168,v009
BLBJY,0,312,312,v005
BLBJY,261,763,502,v004
AKEDL,0,730,730,v008
AKEDL,0,730,730,v008
AKEDL,19,225,206,v031
8VDZ7,12,314,302,v023
8VDZ7,4,439,435,v008
8VDZ7,434,798,364,v008
8VDZ7,386,621,235,v023
8VDZ7,362,679,317,v018
8VDZ7,338,650,312,v018
8VDZ7,554,798,244,v022
9WGMG,184,352,168,v023
9WGMG,302,523,221,v004
NU4XA,163,324,161,v012
NU4XA,67,196,129,v019
NU4XA,405,549,144,v018
NU4XA,638,739,101,v031
NU4XA,139,340,201,v007
NU4XA,21,580,559,v009
NU4XA,254,379,125,v016
NU4XA,0,372,372,v008
NU4XA,69,211,142,v029
NU4XA,33,187,154,v022
FAZXS,477,655,178,v008
FAZXS,472,648,176,v031
FAZXS,2,237,235,v026
FAZXS,148,309,161,v016
FAZXS,129,259,130,v023
WYCRK,0,333,333,v031
WYCRK,199,667,468,v004
WYCRK,592,714,122,v023
WYCRK,441,714,273,v030
WYCRK,208,427,219,v004
WYCRK,134,302,168,v008
WYCRK,441,714,273,v026
WYCRK,384,714,330,v008
QEG5O,0,180,180,v000
QEG5O,134,266,132,v020
QEG5O,489,652,163,v026
QEG5O,0,69,69,v010
QEG5O,0,386,386,v000
08EPO,0,447,447,v008
08EPO,232,376,144,v005
08EPO,0,447,447,v008
08EPO,242,379,137,v005
08EPO,0,447,447,v008
83D9H,0,643,643,v008
83D9H,556,676,120,v025
83D9H,396,544,148,v012
83D9H,0,403,403,v023
83D9H,271,513,242,v008
83D9H,504,650,146,v016
83D9H,319,463,144,v026
83D9H,386,540,154,v001
83D9H,0,451,451,v026
IQSWM,0,648,648,v008
IQSWM,528,661,133,v012
IQSWM,559,661,102,v001
IQSWM,0,661,661,v008
IQSWM,511,616,105,v029
IQSWM,530,636,106,v007
Y0CSN,0,472,472,v031
Y0CSN,396,758,362,v032
Y0CSN,0,472,472,v012
KL68V,216,693,477,v003
KL68V,0,292,292,v003
KL68V,583,751,168,v022
HBQ33,345,733,388,v005
HBQ33,0,213,213,v020
HBQ33,381,506,125,v016
HBQ33,0,733,733,v018
HBQ33,0,733,733,v031
HBQ33,0,733,733,v018
HBQ33,132,733,601,v008
R5CWJ,0,72,72,v031
R5CWJ,134,414,280,v008
R5CWJ,45,230,185,v009
R5CWJ,331,414,83,v003
R5CWJ,0,259,259,v019
R5CWJ,117,414,297,v026
PWJ3J,0,333,333,v010
PWJ3J,81,319,238,v020
PWJ3J,508,698,190,v016
PWJ3J,441,650,209,v008
PWJ3J,220,501,281,v000
PWJ3J,472,631,159,v022
PWJ3J,513,838,325,v016
PWJ3J,0,316,316,v010
PWJ3J,489,838,349,v016
PWJ3J,429,655,226,v016
TUVM8,0,747,747,v031
TUVM8,0,268,268,v009
TUVM8,0,747,747,v018
TUVM8,0,747,747,v018
TUVM8,393,595,202,v019
TW6NZ,513,696,183,v008
TW6NZ,465,600,135,v023
TW6NZ,552,667,115,v012
TW6NZ,616,787,171,v015
TW6NZ,0,304,304,v018
TW6NZ,38,297,259,v028
TW6NZ,225,343,118,v022
TW6NZ,513,657,144,v019
TW6NZ,208,340,132,v016
TW6NZ,0,297,297,v023
TW6NZ,460,787,327,v008
TW6NZ,314,422,108,v029
TW6NZ,458,645,187,v023
TW6NZ,196,309,113,v025
EO6OI,338,679,341,v008
EO6OI,463,688,225,v030
EO6OI,811,1086,275,v008
EO6OI,93,244,151,v026
EO6OI,343,667,324,v026
EO6OI,794,1082,288,v026
EO6OI,794,1082,288,v026
EO6OI,604,808,204,v023
EO6OI,98,254,156,v016
EO6OI,93,244,151,v008
EO6OI,609,739,130,v008
EO6OI,136,292,156,v025
EO6OI,81,211,130,v023
EO6OI,326,451,125,v023
EO6OI,446,662,216,v030
EO6OI,326,667,341,v008
EO6OI,561,688,127,v016
EO6OI,571,696,125,v016
EO6OI,806,933,127,v023
EO6OI,81,244,163,v026
EO6OI,974,1086,112,v016
WIOOY,60,249,189,v025
WIOOY,69,218,149,v016
WIOOY,297,648,351,v002
WIOOY,0,108,108,v029
WIOOY,194,321,127,v029
WIOOY,328,468,140,v008
WIOOY,0,204,204,v008
WIOOY,98,213,115,v016
L7HA6,148,273,125,v016
L7HA6,206,744,538,v008
L7HA6,648,789,141,v016
L7HA6,240,736,496,v024
L7HA6,360,640,280,v004
L7HA6,710,1032,322,v028
L7HA6,0,201,201,v023
NALYS,364,614,250,v008
NALYS,422,674,252,v016
NALYS,592,742,150,v023
NALYS,69,292,223,v016
NALYS,271,504,233,v019
NALYS,273,429,156,v001
NALYS,0,170,170,v012
NALYS,338,556,218,v023
NALYS,93,386,293,v008
NALYS,127,427,300,v023
NALYS,86,273,187,v026
NALYS,422,583,161,v029
RF4OI,9,144,135,v004
RF4OI,280,422,142,v030
RF4OI,0,343,343,v023
RF4OI,266,417,151,v026
RF4OI,180,369,189,v016
RF4OI,0,333,333,v008
RF4OI,7,160,153,v005
54VBR,0,691,691,v018
54VBR,312,448,136,v004
54VBR,208,561,353,v018
54VBR,0,691,691,v018
54VBR,391,571,180,v018
54VBR,285,446,161,v008
54VBR,0,172,172,v005
54VBR,0,175,175,v005
54VBR,0,691,691,v008
54VBR,184,540,356,v022
54VBR,211,362,151,v029
54VBR,0,252,252,v010
8BCI8,686,861,175,v023
8BCI8,518,705,187,v012
8BCI8,604,1010,406,v019
8BCI8,672,840,168,v001
8BCI8,0,254,254,v002
8BCI8,674,842,168,v001
8BCI8,504,696,192,v012
DEJ35,14,213,199,v000
DEJ35,436,648,212,v023
DEJ35,460,616,156,v008
DEJ35,249,544,295,v003
DEJ35,0,156,156,v010
DEJ35,124,345,221,v003
DEJ35,460,609,149,v023
DEJ35,468,609,141,v023
DEJ35,88,564,476,v018
DEJ35,506,648,142,v016
DEJ35,144,564,420,v018
DEJ35,441,648,207,v026
DEJ35,446,612,166,v008
DEJ35,163,528,365,v016
DEJ35,475,648,173,v022
DEJ35,165,520,355,v023
DEJ35,602,648,46,v023
DEJ35,602,648,46,v023
DEJ35,602,648,46,v018
DEJ35,602,648,46,v016
Q37OS,225,453,228,v008
Q37OS,0,684,684,v008
Q37OS,343,451,108,v029
Q37OS,0,696,696,v008
HCSPE,369,528,159,v001
HCSPE,0,124,124,v012
HCSPE,189,333,144,v008
HCSPE,554,734,180,v016
HCSPE,0,81,81,v007
HCSPE,132,268,136,v027
HCSPE,0,96,96,v029
H69BE,0,549,549,v031
H69BE,0,738,738,v018
H69BE,420,667,247,v001
H69BE,0,738,738,v018
HN362,388,564,176,v016
HN362,388,571,183,v018
HN362,388,578,190,v016
HN362,535,710,175,v031
HN362,33,160,127,v018
HN362,40,564,524,v018
HN362,470,626,156,v012
HN362,69,456,387,v023
HN362,460,585,125,v022
HN362,0,475,475,v008
HN362,432,710,278,v032
HN362,115,247,132,v012
HN362,26,566,540,v018
HN362,352,477,125,v016
ARCUY,451,943,492,v008
ARCUY,40,175,135,v018
ARCUY,374,837,463,v020
ARCUY,900,1027,127,v022
ARCUY,62,1012,950,v018
ARCUY,864,996,132,v016
B7DNX,153,719,566,v018
B7DNX,156,525,369,v005
B7DNX,148,465,317,v008
B7DNX,456,703,247,v004
B7DNX,148,511,363,v005
B7DNX,405,537,132,v016
B7DNX,0,187,187,v000
B7DNX,124,530,406,v008
B7DNX,134,496,362,v008
B7DNX,74,719,645,v018
B7DNX,134,496,362,v023
B7DNX,420,525,105,v016
B7DNX,0,148,148,v010
B7DNX,105,249,144,v023
1Q5ST,0,132,132,v021
1Q5ST,57,187,130,v016
1Q5ST,0,110,110,v029
1Q5ST,74,187,113,v008
1Q5ST,55,187,132,v023
1Q5ST,0,79,79,v020
RUK08,88,201,113,v008
RUK08,0,156,156,v026
RUK08,0,172,172,v022
RUK08,0,163,163,v026
RUK08,72,201,129,v014
RUK08,91,201,110,v018
MLLVP,98,252,154,v004
MLLVP,256,381,125,v020
MLLVP,0,487,487,v008
MLLVP,0,120,120,v029
76R37,0,703,703,v008
76R37,0,722,722,v022
76R37,499,619,120,v030
76R37,43,232,189,v026
4FS34,16,151,135,v018
4FS34,43,492,449,v018
4FS34,415,549,134,v023
4FS34,417,614,197,v008
Z9B4Y,261,398,137,v016
Z9B4Y,0,405,405,v008
Z9B4Y,585,753,168,v026
Z9B4Y,321,753,432,v008
Z9B4Y,427,650,223,v032
Z9B4Y,348,465,117,v023
Z9B4Y,16,192,176,v008
Z9B4Y,302,444,142,v023
Z9B4Y,374,638,264,v031
5AEB8,0,745,745,v021
5AEB8,105,745,640,v032
5AEB8,0,264,264,v018
5AEB8,0,745,745,v008
5AEB8,0,745,745,v008
88CD5,0,535,535,v002
88CD5,0,535,535,v031
88CD5,0,535,535,v008
88CD5,0,117,117,v005
SP1QS,0,297,297,v018
SP1QS,182,319,137,v022
SP1QS,295,501,206,v015
SP1QS,201,525,324,v016
SP1QS,501,612,111,v008
SP1QS,4,278,274,v018
43UGG,36,309,273,v008
43UGG,0,136,136,v023
43UGG,98,283,185,v005
43UGG,72,417,345,v005
43UGG,271,436,165,v016
43UGG,328,475,147,v022
43UGG,1041,1274,233,v003
43UGG,28,328,300,v008
43UGG,0,444,444,v018
43UGG,213,328,115,v016
YBO6N,62,196,134,v023
YBO6N,643,759,116,v027
YBO6N,532,672,140,v001
YBO6N,0,759,759,v031
YBO6N,108,249,141,v004
YBO6N,172,297,125,v016
YBO6N,364,499,135,v027
YBO6N,480,609,129,v012
M7KH7,453,688,235,v016
M7KH7,453,688,235,v016
M7KH7,64,614,550,v030
M7KH7,50,859,809,v008
M7KH7,528,672,144,v016
M7KH7,79,578,499,v008
M7KH7,26,559,533,v030
M7KH7,26,559,533,v030
09QI0,0,764,764,v008
09QI0,28,764,736,v028
09QI0,0,764,764,v023
09QI0,0,764,764,v014
09QI0,120,764,644,v016
8G9A9,206,506,300,v004
8G9A9,343,528,185,v016
8G9A9,105,340,235,v016
8G9A9,86,352,266,v008
8G9A9,81,348,267,v008
8G9A9,124,319,195,v018
8G9A9,240,506,266,v008
8G9A9,244,405,161,v023
8G9A9,208,666,458,v018
8G9A9,124,285,161,v016
8G9A9,146,321,175,v016
8G9A9,525,666,141,v022
8G9A9,456,628,172,v031
8G9A9,45,187,142,v023
8G9A9,427,544,117,v012
8G9A9,242,501,259,v005
8G9A9,530,662,132,v001
U1B27,93,338,245,v008
U1B27,122,264,142,v001
U1B27,98,729,631,v028
U1B27,621,729,108,v023
U1B27,21,165,144,v029
UCDL4,2,148,146,v012
UCDL4,220,631,411,v016
UCDL4,220,595,375,v031
UCDL4,96,216,120,v001
UCDL4,240,576,336,v008
UCDL4,216,336,120,v023
UCDL4,504,624,120,v016
UCDL4,216,336,120,v013
UCDL4,0,127,127,v029
F8E8C,302,626,324,v004
F8E8C,0,199,199,v031
F8E8C,177,331,154,v020
F8E8C,542,650,108,v016
F8E8C,271,386,115,v023
F8E8C,643,763,120,v022
F8E8C,0,739,739,v018
F8E8C,271,405,134,v008
F8E8C,636,777,141,v017
F8E8C,0,285,285,v021
GHJ8Z,513,662,149,v008
GHJ8Z,62,489,427,v002
GHJ8Z,523,657,134,v012
GHJ8Z,249,520,271,v016
6YH19,429,810,381,v031
6YH19,240,810,570,v014
6YH19,36,158,122,v000
6YH19,76,242,166,v022
6YH19,0,184,184,v018
6YH19,410,573,163,v004
6YH19,482,597,115,v016
6YH19,247,810,563,v032
NDH24,0,874,874,v008
NDH24,0,874,874,v008
NDH24,136,874,738,v009
NDH24,0,874,874,v014
1R9XW,0,810,810,v021
1R9XW,204,810,606,v031
1R9XW,194,384,190,v001
1R9XW,69,247,178,v012
1R9XW,0,160,160,v012
1R9XW,0,810,810,v008
1R9XW,28,230,202,v001
1R9XW,33,230,197,v001
1R9XW,0,141,141,v012
UVPSZ,194,807,613,v018
UVPSZ,456,807,351,v026
UVPSZ,88,295,207,v001
UVPSZ,348,807,459,v016
UVPSZ,348,807,459,v023
UVPSZ,300,458,158,v018
UVPSZ,355,807,452,v025
UVPSZ,360,807,447,v016
UVPSZ,360,807,447,v023
UVPSZ,360,807,447,v026
UVPSZ,0,132,132,v029
HZCXV,0,487,487,v009
HZCXV,26,614,588,v032
HZCXV,0,748,748,v019
RF00I,441,1027,586,v024
RF00I,636,1039,403,v005
RF00I,62,1221,1159,v008
RF00I,405,1039,634,v018
RF00I,919,1087,168,v018
RF00I,1113,1272,159,v012
RF00I,943,1099,156,v016
RF00I,38,194,156,v023
RF00I,1310,1478,168,v001
RF00I,967,2272,1305,v030
RF00I,576,1000,424,v008
RF00I,919,1051,132,v022
RF00I,1027,2066,1039,v023
RF00I,367,1039,672,v008
2QYZA,0,268,268,v012
2QYZA,0,667,667,v023
2QYZA,525,715,190,v005
2QYZA,199,309,110,v016
Q42EE,0,244,244,v023
Q42EE,0,313,313,v010
Q42EE,60,242,182,v005
Q42EE,0,313,313,v021
CXO6P,362,554,192,v008
CXO6P,0,564,564,v008
CXO6P,360,554,194,v008
CXO6P,343,568,225,v023
CXO6P,136,384,248,v020
CXO6P,343,568,225,v023
CXO6P,0,105,105,v021
CXO6P,129,571,442,v021
CXO6P,362,556,194,v008
Q07CU,727,818,91,v027
Q07CU,74,758,684,v003
Q07CU,0,100,100,v023
Q07CU,698,818,120,v029
NU09Z,384,520,136,v001
NU09Z,38,523,485,v026
NU09Z,319,427,108,v026
4O32W,0,208,208,v004
4O32W,0,729,729,v008
4O32W,0,729,729,v008
3S70A,350,590,240,v016
3S70A,345,590,245,v016
3S70A,103,333,230,v000
3S70A,230,621,391,v032
4BZI6,223,720,497,v008
4BZI6,360,720,360,v030
4BZI6,0,139,139,v012
4BZI6,208,720,512,v008
4BZI6,0,720,720,v018
73J9F,177,567,390,v030
73J9F,0,567,567,v005
73J9F,0,567,567,v005
73J9F,0,567,567,v008
73J9F,184,567,383,v030
UTAGQ,0,289,289,v018
UTAGQ,153,276,123,v023
UTAGQ,0,141,141,v005
UTAGQ,0,144,144,v021
UTAGQ,165,289,124,v031
UTAGQ,67,192,125,v005
UTAGQ,194,289,95,v012
UTAGQ,184,289,105,v008
UTAGQ,168,271,103,v008
44Y6S,876,1004,128,v016
44Y6S,309,967,658,v014
44Y6S,849,991,142,v016
44Y6S,223,364,141,v023
44Y6S,223,996,773,v008
44Y6S,218,350,132,v023
DEZJ5,199,432,233,v008
DEZJ5,340,480,140,v001
DEZJ5,254,496,242,v008
DEZJ5,206,355,149,v023
DEZJ5,100,235,135,v012
DEZJ5,240,590,350,v023
DEZJ5,0,67,67,v012
DEZJ5,0,288,288,v023
DEZJ5,240,384,144,v009
DEZJ5,432,590,158,v007
DEZJ5,336,465,129,v001
3CKXF,21,141,120,v016
3CKXF,60,175,115,v012
3CKXF,21,129,108,v025
3CKXF,57,175,118,v029
Y25DQ,201,412,211,v012
Y25DQ,146,388,242,v007
Y25DQ,336,530,194,v029
Y25DQ,556,698,142,v014
R9382,321,487,166,v001
R9382,489,664,175,v005
R9382,218,525,307,v023
R9382,0,288,288,v002
R9382,400,638,238,v019
R9382,316,506,190,v001
R9382,211,477,266,v012
R9382,360,660,300,v008
R9382,0,664,664,v002
R9382,547,664,117,v005
R9382,314,664,350,v008
R9382,280,664,384,v023
R9382,228,664,436,v016
LRQXG,0,715,715,v008
LRQXG,0,720,720,v008
LRQXG,43,314,271,v016
LRQXG,232,652,420,v020
LRQXG,549,738,189,v016
LRQXG,0,268,268,v025
LRQXG,235,357,122,v023
57NFY,648,825,177,v001
57NFY,242,386,144,v012
57NFY,33,278,245,v008
57NFY,50,223,173,v031
57NFY,69,206,137,v020
ZOLVU,278,516,238,v008
ZOLVU,160,348,188,v023
ZOLVU,117,657,540,v018
ZOLVU,429,669,240,v020
ZOLVU,122,244,122,v018
ZOLVU,554,674,120,v022
ZOLVU,0,67,67,v016
ZOLVU,199,355,156,v016
ZOLVU,192,338,146,v016
ZOLVU,129,655,526,v018
ZOLVU,252,496,244,v015
GM4UP,0,640,640,v008
GM4UP,0,640,640,v014
GM4UP,372,696,324,v020
GM4UP,645,784,139,v012
ZP53M,84,369,285,v025
ZP53M,228,542,314,v026
ZP53M,62,328,266,v025
ZP53M,314,686,372,v016
ZP53M,129,465,336,v016
ZP53M,124,328,204,v008
ZP53M,108,228,120,v023
ZP53M,468,609,141,v022
ZP53M,165,321,156,v016
ZP53M,386,547,161,v018
ZP53M,261,738,477,v026
ZP53M,0,738,738,v030
A0ZW3,415,779,364,v008
A0ZW3,501,628,127,v012
A0ZW3,216,379,163,v000
A0ZW3,0,309,309,v010
A0ZW3,415,779,364,v018
PHWKM,278,434,156,v016
PHWKM,278,436,158,v016
PHWKM,244,372,128,v029
PHWKM,194,300,106,v001
PHWKM,160,288,128,v012
PHWKM,0,424,424,v008
UU2LH,271,583,312,v008
UU2LH,0,331,331,v031
UU2LH,230,393,163,v018
UU2LH,0,304,304,v006
UU2LH,261,583,322,v018
UU2LH,206,436,230,v016
UU2LH,266,583,317,v008
6FUDS,232,408,176,v012
6FUDS,424,781,357,v005
6FUDS,374,520,146,v018
6FUDS,412,781,369,v018
6FUDS,412,781,369,v008
320VL,0,336,336,v031
320VL,256,746,490,v031
320VL,302,746,444,v022
320VL,0,633,633,v019
320VL,0,640,640,v018
320VL,523,746,223,v016
320VL,0,640,640,v009
VX7P0,288,408,120,v016
VX7P0,0,360,360,v021
VX7P0,0,731,731,v018
VX7P0,0,731,731,v031
VX7P0,0,731,731,v008
A3MOW,384,518,134,v031
A3MOW,396,513,117,v016
A3MOW,0,472,472,v005
A3MOW,506,643,137,v031
A3MOW,0,405,405,v005
A3MOW,513,688,175,v029
A3MOW,434,597,163,v022
A3MOW,0,525,525,v018
A3MOW,388,525,137,v016
A3MOW,0,525,525,v008
A3MOW,0,523,523,v008
G5819,0,398,398,v020
G5819,0,745,745,v010
G5819,0,745,745,v031
2VNXF,2,201,199,v004
2VNXF,326,532,206,v016
2VNXF,355,475,120,v008
2VNXF,0,538,538,v018
2VNXF,0,506,506,v008
2VNXF,0,538,538,v018
2VNXF,348,487,139,v016
2VNXF,331,499,168,v023
2VNXF,403,520,117,v016
2VNXF,0,117,117,v023
BVX8X,300,537,237,v008
BVX8X,254,465,211,v023
BVX8X,120,324,204,v012
BVX8X,45,381,336,v008
BVX8X,487,640,153,v012
BVX8X,417,542,125,v005
BVX8X,410,537,127,v005
UN1PD,609,738,129,v016
UN1PD,0,396,396,v002
UN1PD,357,672,315,v030
UN1PD,348,460,112,v023
UN1PD,0,398,398,v008
34BYN,271,602,331,v008
34BYN,520,693,173,v023
34BYN,597,722,125,v029
34BYN,348,530,182,v019
34BYN,81,348,267,v026
CXKFB,105,324,219,v026
CXKFB,290,458,168,v020
CXKFB,129,338,209,v026
CXKFB,396,499,103,v019
7QWL3,441,776,335,v031
7QWL3,362,489,127,v001
7QWL3,0,487,487,v008
7QWL3,0,482,482,v031
RKIC6,0,153,153,v008
RKIC6,0,93,93,v023
RKIC6,9,811,802,v023
RKIC6,0,148,148,v017
RKIC6,0,153,153,v023
RKIC6,0,148,148,v008
RKIC6,88,794,706,v026
77KWE,249,379,130,v025
77KWE,0,379,379,v008
77KWE,247,398,151,v016
D1D55,530,877,347,v018
D1D55,324,487,163,v020
D1D55,477,636,159,v018
D1D55,768,877,109,v022
D1D55,0,196,196,v023
D1D55,67,206,139,v016
D1D55,14,408,394,v016
D1D55,9,211,202,v008
D1D55,31,338,307,v016
DZ1VH,141,506,365,v008
DZ1VH,31,506,475,v008
DZ1VH,0,120,120,v023
0R0DJ,0,180,180,v008
0R0DJ,105,228,123,v012
0R0DJ,148,628,480,v031
0R0DJ,280,628,348,v019
0R0DJ,108,628,520,v014
0R0DJ,156,408,252,v009
X084M,45,528,483,v006
X084M,271,523,252,v027
X084M,600,765,165,v029
X084M,566,715,149,v012
X084M,566,732,166,v007
JQW5G,585,719,134,v016
JQW5G,103,516,413,v016
JQW5G,103,516,413,v008
JQW5G,103,516,413,v026
JQW5G,0,148,148,v010
JQW5G,499,667,168,v023
JQW5G,242,364,122,v021
L8Y8D,523,717,194,v023
L8Y8D,1147,1314,167,v001
L8Y8D,0,698,698,v002
L8Y8D,1048,1314,266,v004
L8Y8D,799,1118,319,v015
L8Y8D,734,876,142,v012
L8Y8D,667,804,137,v023
L8Y8D,708,816,108,v001
L8Y8D,667,804,137,v012
MU6UQ,403,559,156,v012
MU6UQ,0,105,105,v000
MU6UQ,9,156,147,v022
MU6UQ,540,726,186,v023
MU6UQ,499,726,227,v001
MU6UQ,0,168,168,v000
MU6UQ,0,175,175,v009
MU6UQ,0,148,148,v010
MU6UQ,504,726,222,v023
MU6UQ,0,726,726,v008
MU6UQ,184,312,128,v029
MU6UQ,0,112,112,v019
ZSZS4,532,984,452,v032
ZSZS4,506,628,122,v018
ZSZS4,273,403,130,v021
ZSZS4,883,1015,132,v022
ZSZS4,355,492,137,v023
ZSZS4,470,588,118,v016
ZSZS4,134,352,218,v008
ZSZS4,139,261,122,v023
ZSZS4,283,439,156,v018
ZSZS4,374,597,223,v008
ZSZS4,324,638,314,v023
ZSZS4,324,638,314,v016
ZSZS4,542,969,427,v032
FZBK6,276,484,208,v031
FZBK6,266,484,218,v016
FZBK6,196,484,288,v010
FZBK6,300,484,184,v021
FZBK6,0,124,124,v029
6VF2L,184,379,195,v029
6VF2L,530,763,233,v026
6VF2L,583,780,197,v016
6VF2L,343,566,223,v004
6VF2L,592,775,183,v016
6VF2L,554,741,187,v023
6VF2L,549,770,221,v008
6VF2L,463,604,141,v016
JF36Q,0,187,187,v001
JF36Q,0,144,144,v031
JF36Q,609,711,102,v001
5HOAV,350,482,132,v016
5HOAV,511,629,118,v016
5HOAV,91,629,538,v008
5HOAV,348,470,122,v016
5HOAV,84,460,376,v008
5HOAV,86,629,543,v008
5HOAV,350,465,115,v016
5HOAV,516,629,113,v016
EWO2A,208,544,336,v030
EWO2A,208,544,336,v030
EWO2A,0,751,751,v031
9D37U,537,735,198,v008
9D37U,540,735,195,v014
9D37U,0,537,537,v008
9D37U,132,547,415,v026
9D37U,120,566,446,v018
EG1MY,136,350,214,v008
EG1MY,122,400,278,v023
EG1MY,81,259,178,v031
EG1MY,124,384,260,v023
EG1MY,136,755,619,v026
EG1MY,518,686,168,v016
EG1MY,124,720,596,v026
EG1MY,410,566,156,v022
K90LN,43,568,525,v008
K90LN,69,223,154,v012
K90LN,28,264,236,v023
K90LN,0,677,677,v002
K90LN,0,677,677,v023
K90LN,0,677,677,v008
K90LN,0,677,677,v016
K90LN,0,677,677,v016
CO8ZB,0,168,168,v028
CO8ZB,182,327,145,v017
CO8ZB,110,319,209,v019
CO8ZB,88,327,239,v008
CO8ZB,175,326,151,v009
TI9JB,472,619,147,v001
TI9JB,523,664,141,v023
TI9JB,0,242,242,v008
TI9JB,518,991,473,v008
TI9JB,523,993,470,v026
TI9JB,403,549,146,v016
TI9JB,0,525,525,v026
TI9JB,0,991,991,v023
KENG1,703,899,196,v015
KENG1,64,218,154,v018
KENG1,324,453,129,v022
KENG1,127,290,163,v003
KENG1,559,899,340,v008
KENG1,96,899,803,v019
KENG1,60,192,132,v016
KENG1,0,146,146,v023
KENG1,564,664,100,v023
KENG1,96,424,328,v018
1T8RK,62,189,127,v008
1T8RK,88,276,188,v012
1T8RK,175,446,271,v016
1T8RK,43,170,127,v023
1T8RK,172,295,123,v023
1T8RK,0,98,98,v031
1T8RK,64,199,135,v016
1T8RK,410,759,349,v030
1T8RK,256,759,503,v008
1T8RK,0,98,98,v006
5J91T,0,408,408,v031
5J91T,0,120,120,v012
5J91T,100,307,207,v020
5J91T,0,180,180,v008
5J91T,384,482,98,v029
FZIW9,0,189,189,v008
FZIW9,285,480,195,v012
FZIW9,643,786,143,v008
FZIW9,0,72,72,v023
FZIW9,388,786,398,v005
FZIW9,112,763,651,v019
FZIW9,108,786,678,v005
7BAUC,0,168,168,v031
7BAUC,96,172,76,v004
7BAUC,0,172,172,v008
7BAUC,0,172,172,v008
K8ZIK,0,115,115,v012
K8ZIK,530,705,175,v002
K8ZIK,386,542,156,v001
K8ZIK,175,364,189,v015
K8ZIK,261,415,154,v008
K8ZIK,117,264,147,v023
ORW6Y,0,590,590,v008
ORW6Y,422,724,302,v008
ORW6Y,523,724,201,v020
ORW6Y,448,619,171,v016
ORW6Y,393,724,331,v008
ORW6Y,228,403,175,v029
ORW6Y,451,595,144,v016
M23X2,88,384,296,v008
M23X2,112,264,152,v012
M23X2,254,393,139,v016
M23X2,278,427,149,v001
M23X2,230,357,127,v012
M23X2,45,177,132,v017
M23X2,408,529,121,v019
M23X2,88,235,147,v023
M23X2,40,160,120,v029
XO97L,146,571,425,v018
XO97L,26,578,552,v008
XO97L,482,604,122,v022
XO97L,127,249,122,v018
XO97L,4,228,224,v023
XO97L,4,228,224,v026
XO97L,374,496,122,v031
XHB9U,0,338,338,v008
XHB9U,0,367,367,v031
XHB9U,268,841,573,v008
XHB9U,268,841,573,v003
XHB9U,148,360,212,v016
XHB9U,343,830,487,v016
RXRAS,0,340,340,v008
RXRAS,0,343,343,v026
RXRAS,266,732,466,v031
RXRAS,669,759,90,v023
RXRAS,12,199,187,v016
RXRAS,676,759,83,v008
CN480,117,180,63,v018
CN480,0,129,129,v031
CN480,84,180,96,v018
XS7RN,672,761,89,v016
XS7RN,252,761,509,v018
XS7RN,225,372,147,v018
XS7RN,513,645,132,v025
XS7RN,160,417,257,v016
XS7RN,295,468,173,v012
XS7RN,660,761,101,v022
XS7RN,326,736,410,v023
XS7RN,405,580,175,v025
XS7RN,302,436,134,v025
XS7RN,722,761,39,v023
4ZN66,636,788,152,v008
4ZN66,648,788,140,v014
4ZN66,424,756,332,v008
4ZN66,218,422,204,v016
4ZN66,218,422,204,v023
4ZN66,465,732,267,v023
4ZN66,0,513,513,v026
4ZN66,242,398,156,v008
4ZN66,597,741,144,v016
4ZN66,636,788,152,v023
UETKQ,434,554,120,v012
UETKQ,74,201,127,v008
UETKQ,285,463,178,v025
UETKQ,0,127,127,v022
UETKQ,561,676,115,v009
UETKQ,405,537,132,v001
UETKQ,0,115,115,v012
UETKQ,4,242,238,v016
UETKQ,324,537,213,v012
UETKQ,0,441,441,v008
UETKQ,0,170,170,v008
UETKQ,81,208,127,v023
UETKQ,19,252,233,v016
UETKQ,350,516,166,v001
UETKQ,74,223,149,v023
UETKQ,316,441,125,v007
UETKQ,372,496,124,v016
UETKQ,372,494,122,v025
UETKQ,312,616,304,v012
BVBZF,324,657,333,v005
BVBZF,285,621,336,v008
BVBZF,340,657,317,v031
EYQ6U,1886,2383,497,v031
EYQ6U,782,1034,252,v015
EYQ6U,1807,2436,629,v008
EYQ6U,1963,2162,199,v005
EYQ6U,184,398,214,v018
EYQ6U,16,177,161,v022
EYQ6U,108,2539,2431,v008
7MI5Z,0,683,683,v008
7MI5Z,0,683,683,v024
7MI5Z,429,683,254,v008
J99Z8,0,619,619,v008
J99Z8,124,705,581,v005
J99Z8,9,220,211,v019
J99Z8,0,705,705,v016
J99Z8,96,705,609,v016
J99Z8,0,705,705,v014
80E3X,0,165,165,v010
80E3X,288,729,441,v008
80E3X,403,535,132,v023
80E3X,456,729,273,v005
80E3X,148,729,581,v018
80E3X,211,338,127,v027
80E3X,288,552,264,v012
80E3X,0,259,259,v000
80E3X,386,729,343,v031
80E3X,21,187,166,v000
80E3X,288,729,441,v008
UYFET,492,600,108,v027
UYFET,540,755,215,v029
UYFET,45,352,307,v026
I4K7B,321,453,132,v016
I4K7B,336,456,120,v016
I4K7B,504,731,227,v026
I4K7B,314,731,417,v025
I4K7B,314,731,417,v016
I4K7B,0,731,731,v019
I4K7B,7,252,245,v008
I4K7B,156,487,331,v008
I4K7B,156,489,333,v023
I4K7B,0,456,456,v023
M5YLS,204,669,465,v014
M5YLS,568,705,137,v027
M5YLS,343,532,189,v019
M5YLS,117,237,120,v027
M5YLS,168,684,516,v008
RF39W,0,127,127,v016
RF39W,163,360,197,v016
RF39W,206,362,156,v016
RF39W,21,537,516,v026
8E5AD,0,535,535,v008
8E5AD,511,767,256,v005
8E5AD,501,767,266,v005
8E5AD,432,626,194,v023
8E5AD,472,616,144,v023
8E5AD,508,767,259,v008
8E5AD,504,767,263,v008
TKOYQ,496,626,130,v016
TKOYQ,177,300,123,v014
TKOYQ,290,408,118,v025
TKOYQ,0,122,122,v023
TKOYQ,381,657,276,v016
TKOYQ,225,439,214,v025
TKOYQ,31,752,721,v008
TKOYQ,0,408,408,v008
TKOYQ,0,69,69,v023
TKOYQ,0,398,398,v008
TKOYQ,381,511,130,v026
I5LAC,0,943,943,v008
I5LAC,0,168,168,v008
I5LAC,50,184,134,v016
I5LAC,0,91,91,v029
I5LAC,105,964,859,v026
I5LAC,55,172,117,v016
H3241,0,1022,1022,v008
H3241,0,1022,1022,v018
H3241,0,1022,1022,v032
AYMCZ,105,324,219,v016
AYMCZ,432,708,276,v008
AYMCZ,448,604,156,v012
AYMCZ,427,708,281,v014
AYMCZ,91,396,305,v030
AYMCZ,31,153,122,v029
A54DW,0,115,115,v004
A54DW,7,266,259,v032
A54DW,564,751,187,v018
A54DW,458,626,168,v019
A54DW,0,506,506,v008
A54DW,0,153,153,v008
A54DW,196,559,363,v008
FZ0LU,60,244,184,v029
FZ0LU,396,528,132,v023
FZ0LU,151,513,362,v008
FZ0LU,151,513,362,v008
FZ0LU,151,513,362,v025
FZ0LU,134,542,408,v016
FZ0LU,55,566,511,v022
QN1WE,0,374,374,v007
QN1WE,180,348,168,v020
QN1WE,379,723,344,v031
RKCKK,122,242,120,v025
RKCKK,0,723,723,v022
RKCKK,292,453,161,v031
RKCKK,360,723,363,v008
RKCKK,374,705,331,v016
RKCKK,60,242,182,v023
RKCKK,0,723,723,v002
RKCKK,0,535,535,v008
8MY8P,160,367,207,v016
8MY8P,14,170,156,v023
8MY8P,412,735,323,v008
8MY8P,477,640,163,v004
8MY8P,187,412,225,v002
8MY8P,19,187,168,v023
7K163,0,144,144,v008
HFYNW,0,461,461,v018
HFYNW,0,216,216,v005
HFYNW,348,456,108,v020
HFYNW,0,461,461,v018
VAIVN,84,292,208,v001
VAIVN,0,252,252,v031
VAIVN,259,595,336,v021
VAIVN,465,741,276,v028
VAIVN,0,944,944,v010
VAIVN,163,345,182,v016
VAIVN,0,336,336,v008
VAIVN,240,878,638,v016
VAIVN,244,396,152,v023
6SY23,561,648,87,v001
6SY23,103,254,151,v012
6SY23,201,648,447,v016
6SY23,175,648,473,v023
6SY23,408,648,240,v026
6SY23,376,648,272,v016
6SY23,292,648,356,v008
ZOK5T,16,156,140,v016
ZOK5T,16,156,140,v016
ZOK5T,0,115,115,v017
9SNMR,0,524,524,v008
9SNMR,93,225,132,v023
9SNMR,132,523,391,v014
9SNMR,427,524,97,v016
9SNMR,0,74,74,v029
9SNMR,100,524,424,v008
D7LMI,172,544,372,v008
D7LMI,422,564,142,v016
D7LMI,81,530,449,v008
D7LMI,549,630,81,v016
D7LMI,472,630,158,v008
D7LMI,0,630,630,v016
D7LMI,36,160,124,v023
D7LMI,340,630,290,v023
5S2ZU,612,763,151,v018
5S2ZU,0,444,444,v002
5S2ZU,405,525,120,v029
KFOX4,196,336,140,v005
KFOX4,132,290,158,v008
KFOX4,501,674,173,v016
KFOX4,331,456,125,v025
KFOX4,614,744,130,v023
KFOX4,19,427,408,v008
KFOX4,336,456,120,v025
F6A4W,201,314,113,v028
F6A4W,57,225,168,v004
F6A4W,0,141,141,v018
F6A4W,48,607,559,v018
F6A4W,170,379,209,v025
F6A4W,103,314,211,v004
F6A4W,192,362,170,v023
F6A4W,0,616,616,v008
F6A4W,523,672,149,v016
F6A4W,0,619,619,v008
XVNJC,14,1087,1073,v010
XVNJC,568,986,418,v012
XVNJC,84,1219,1135,v018
XVNJC,607,1104,497,v031
XVNJC,568,789,221,v008
XVNJC,45,292,247,v008
XVNJC,110,1118,1008,v021
UA2PO,96,254,158,v012
UA2PO,403,779,376,v003
UA2PO,72,208,136,v023
UA2PO,115,489,374,v008
7Z69Y,501,712,211,v008
7Z69Y,861,991,130,v018
7Z69Y,0,434,434,v016
7Z69Y,0,496,496,v026
7Z69Y,868,1020,152,v018
7Z69Y,924,1359,435,v003
7Z69Y,712,991,279,v023
7Z69Y,0,964,964,v026
7Z69Y,508,652,144,v012
7Z69Y,475,631,156,v023
7Z69Y,576,741,165,v029
7Z69Y,564,708,144,v016
7Z69Y,0,148,148,v026
7Z69Y,189,441,252,v016
RHCFX,76,216,140,v004
RHCFX,0,799,799,v010
RHCFX,0,160,160,v008
RHCFX,0,799,799,v008
RHCFX,348,489,141,v000
RHCFX,554,686,132,v021
RHCFX,0,208,208,v031
E9FY2,0,144,144,v005
E9FY2,0,132,132,v005
E9FY2,614,727,113,v019
E9FY2,362,739,377,v014
E9FY2,230,446,216,v028
E9FY2,0,739,739,v018
E9FY2,33,172,139,v016
E9FY2,84,470,386,v016
E9FY2,12,177,165,v016
E9FY2,0,180,180,v008
E9FY2,0,91,91,v023
E9FY2,0,158,158,v008
E9FY2,309,446,137,v008
E9FY2,36,172,136,v016
E9FY2,350,739,389,v032
E9FY2,0,739,739,v018
E9FY2,0,84,84,v023
6Y709,0,739,739,v018
6Y709,0,739,739,v008
6Y709,144,364,220,v031
99XHN,0,657,657,v008
99XHN,0,657,657,v008
99XHN,0,657,657,v002
99XHN,604,657,53,v016
14VCB,0,148,148,v004
14VCB,0,750,750,v018
14VCB,0,750,750,v008
14VCB,0,750,750,v008
IK4Q8,52,386,334,v008
IK4Q8,79,192,113,v023
IK4Q8,374,741,367,v025
IK4Q8,45,741,696,v018
IK4Q8,14,136,122,v018
IK4Q8,38,189,151,v016
IK4Q8,297,415,118,v008
IK4Q8,338,506,168,v001
IK4Q8,427,571,144,v012
CZPFO,626,878,252,v001
CZPFO,4,165,161,v012
CZPFO,777,950,173,v008
CZPFO,84,708,624,v006
CZPFO,52,194,142,v018
CZPFO,621,852,231,v001
CZPFO,9,163,154,v012
IDW61,0,772,772,v008
IDW61,0,772,772,v008
IDW61,0,372,372,v031
IDW61,7,175,168,v012
BQXVG,148,391,243,v014
BQXVG,153,398,245,v022
BQXVG,31,146,115,v016
BQXVG,0,93,93,v029
BQXVG,316,433,117,v017
BQXVG,33,146,113,v016
BQXVG,0,139,139,v008
DKTVI,81,340,259,v008
DKTVI,168,326,158,v025
DKTVI,374,679,305,v029
DKTVI,616,734,118,v016
DKTVI,410,638,228,v016
DKTVI,624,734,110,v008
DKTVI,388,525,137,v016
DKTVI,432,580,148,v008
DKTVI,532,708,176,v008
DKTVI,0,348,348,v026
DKTVI,388,525,137,v016
BT1WN,415,826,411,v026
BT1WN,136,444,308,v016
BT1WN,432,826,394,v008
BT1WN,0,826,826,v018
BT1WN,134,271,137,v023
BT1WN,9,122,113,v016
BT1WN,609,724,115,v016
ENA3F,208,650,442,v003
ENA3F,0,650,650,v008
JU74I,235,463,228,v009
JU74I,0,441,441,v031
JU74I,0,479,479,v004
JU74I,331,479,148,v008
JU74I,232,448,216,v009
JU74I,0,479,479,v008
JU74I,0,479,479,v008
JU74I,0,400,400,v031
WMR4G,343,475,132,v008
WMR4G,338,451,113,v023
WMR4G,240,410,170,v016
WMR4G,513,753,240,v016
WMR4G,84,386,302,v008
WMR4G,79,386,307,v023
WMR4G,513,797,284,v005
K5DIB,0,391,391,v021
K5DIB,0,316,316,v019
K5DIB,292,441,149,v027
K5DIB,0,225,225,v009
K5DIB,290,456,166,v022
K5DIB,0,324,324,v018
K5DIB,0,247,247,v031
K5DIB,0,309,309,v030
K5DIB,0,297,297,v008
9C4JX,0,225,225,v008
9C4JX,43,213,170,v016
9C4JX,264,544,280,v004
9C4JX,134,285,151,v023
9C4JX,100,829,729,v016
9C4JX,180,829,649,v008
9C4JX,43,600,557,v031
QHARF,0,271,271,v008
QHARF,0,768,768,v030
RZNSM,295,604,309,v008
RZNSM,288,604,316,v026
RZNSM,288,604,316,v026
RZNSM,256,456,200,v016
RZNSM,237,415,178,v023
RZNSM,0,328,328,v031
RZNSM,0,340,340,v004
RZNSM,0,340,340,v008
SBW7O,0,300,300,v031
SBW7O,364,752,388,v008
SBW7O,640,752,112,v023
SBW7O,650,752,102,v012
OYNBC,0,326,326,v017
OYNBC,360,480,120,v012
OYNBC,434,544,110,v001
OYNBC,364,482,118,v012
OYNBC,417,532,115,v001
KKP3R,144,292,148,v012
KKP3R,333,744,411,v026
KKP3R,336,756,420,v016
KKP3R,201,736,535,v026
FSHB7,722,798,76,v016
FSHB7,0,798,798,v031
FSHB7,0,798,798,v021
FSHB7,0,798,798,v018
FSHB7,0,326,326,v012
FSHB7,0,798,798,v008
FSHB7,28,160,132,v012
HSSOZ,0,710,710,v002
HSSOZ,535,813,278,v016
WBATR,590,780,190,v008
WBATR,590,780,190,v005
WBATR,28,333,305,v012
WBATR,0,153,153,v004
WBATR,652,801,149,v028
WBATR,619,722,103,v023
WBATR,626,756,130,v016
WBATR,679,801,122,v023
WBATR,0,129,129,v008
WBATR,81,744,663,v023
WBATR,12,132,120,v016
WBATR,40,751,711,v016
WBATR,12,129,117,v016
2MURI,192,331,139,v016
2MURI,0,312,312,v008
2MURI,0,312,312,v014
2MURI,273,410,137,v029
7ZUE1,0,444,444,v018
7ZUE1,499,684,185,v026
7ZUE1,355,489,134,v022
XWY6P,0,232,232,v012
XWY6P,88,576,488,v008
XWY6P,237,516,279,v023
XWY6P,14,196,182,v029
XWY6P,0,141,141,v007
XWY6P,132,410,278,v024
XWY6P,146,345,199,v009
XWY6P,256,781,525,v008
XWY6P,307,427,120,v016
2JR26,451,892,441,v016
2JR26,705,912,207,v004
2JR26,638,806,168,v004
2JR26,120,468,348,v003
2JR26,0,184,184,v022
2JR26,583,746,163,v023
UG0TA,535,733,198,v008
UG0TA,0,124,124,v012
UG0TA,544,733,189,v020
UG0TA,391,547,156,v001
UG0TA,0,136,136,v029
SMPEB,0,69,69,v001
SMPEB,0,124,124,v008
SMPEB,0,100,100,v023
SMPEB,7,124,117,v008
SMPEB,314,633,319,v026
SMPEB,472,650,178,v023
TXAG9,55,475,420,v028
TXAG9,254,422,168,v031
TXAG9,338,638,300,v023
TXAG9,410,542,132,v016
TXAG9,400,561,161,v028
TXAG9,597,694,97,v008
TXAG9,597,694,97,v016
TXAG9,597,694,97,v008
CC610,571,795,224,v008
CC610,86,362,276,v015
CC610,525,667,142,v018
CC610,600,795,195,v020
CC610,576,795,219,v018
CC610,0,544,544,v030
CC610,571,795,224,v023
UL7YC,0,731,731,v018
UL7YC,182,731,549,v008
UL7YC,2,731,729,v008
UL7YC,64,731,667,v005
UL7YC,2,307,305,v016
UL7YC,614,731,117,v004
UL7YC,321,472,151,v016
UL7YC,547,681,134,v023
UL7YC,292,731,439,v008
UL7YC,36,172,136,v008
UL7YC,0,139,139,v023
UL7YC,285,417,132,v023
UL7YC,0,62,62,v018
UL7YC,160,352,192,v029
EOKJ0,0,187,187,v008
EOKJ0,196,400,204,v025
EOKJ0,189,463,274,v030
EOKJ0,117,271,154,v007
EOKJ0,216,456,240,v016
EOKJ0,220,456,236,v023
EOKJ0,0,271,271,v019
1PALI,223,400,177,v012
1PALI,163,324,161,v031
1PALI,0,259,259,v029
1PALI,187,400,213,v001
MICBC,0,805,805,v008
MICBC,0,805,805,v031
MICBC,0,805,805,v018
61TMQ,432,813,381,v005
61TMQ,432,813,381,v005
61TMQ,391,813,422,v008
AEUVY,0,520,520,v008
AEUVY,448,726,278,v008
AEUVY,439,726,287,v026
AEUVY,0,542,542,v009
AEUVY,446,726,280,v026
AEUVY,393,549,156,v016
AEUVY,0,513,513,v014
KFC28,700,815,115,v001
KFC28,16,741,725,v028
KFC28,648,768,120,v022
KFC28,0,112,112,v018
KFC28,16,741,725,v023
KFC28,9,748,739,v018
KFC28,4,748,744,v032
KFC28,26,744,718,v003
YVH4J,36,468,432,v008
YVH4J,360,506,146,v009
YVH4J,0,535,535,v031
YVH4J,792,916,124,v012
YVH4J,360,506,146,v009
YVH4J,384,547,163,v019
YVH4J,0,1121,1121,v010
YVH4J,883,1101,218,v023
YVH4J,775,972,197,v008
YVH4J,0,871,871,v031
NYDRK,254,381,127,v025
NYDRK,0,230,230,v025
NYDRK,19,148,129,v023
NYDRK,261,420,159,v008
NYDRK,170,671,501,v019
NYDRK,21,208,187,v008
OD38J,0,630,630,v026
OD38J,0,630,630,v018
OD38J,0,489,489,v024
HJM37,0,348,348,v008
HJM37,144,348,204,v020
CG9ZL,117,773,656,v031
CG9ZL,117,773,656,v018
CG9ZL,218,364,146,v018
CG9ZL,384,547,163,v019
CG9ZL,84,244,160,v029
69F8P,290,424,134,v008
69F8P,328,460,132,v025
69F8P,0,216,216,v008
69F8P,0,216,216,v021
69F8P,175,300,125,v025
69F8P,273,386,113,v025
69F8P,434,552,118,v025
69F8P,160,290,130,v023
69F8P,328,444,116,v023
69F8P,472,592,120,v023
4HMTY,93,331,238,v008
4HMTY,0,762,762,v014
UUPEV,0,232,232,v008
UUPEV,0,244,244,v016
UUPEV,0,110,110,v020
UUPEV,192,735,543,v031
UUPEV,103,240,137,v016
D0SCK,556,780,224,v008
D0SCK,489,722,233,v023
D0SCK,0,508,508,v005
D0SCK,624,780,156,v008
D0SCK,626,780,154,v023
D0SCK,0,508,508,v005
D0SCK,458,564,106,v029
D0SCK,0,511,511,v008
B0BDR,88,741,653,v018
B0BDR,0,741,741,v008
B0BDR,4,237,233,v018
B0BDR,0,741,741,v008
B0BDR,319,741,422,v005
B0BDR,148,400,252,v019
B0BDR,434,741,307,v005
55PFS,0,508,508,v008
55PFS,268,412,144,v016
55PFS,0,412,412,v008
JPUUF,0,715,715,v023
JPUUF,0,724,724,v016
JPUUF,0,218,218,v026
JPUUF,36,400,364,v008
0N7OQ,9,453,444,v025
0N7OQ,482,801,319,v028
0N7OQ,705,870,165,v028
0N7OQ,0,182,182,v025
0N7OQ,108,247,139,v025
0N7OQ,674,823,149,v025
0N7OQ,679,823,144,v025
H8BTR,316,717,401,v018
H8BTR,67,381,314,v008
H8BTR,189,338,149,v018
H8BTR,417,571,154,v015
H8BTR,0,91,91,v022
H8BTR,48,223,175,v023
H8BTR,247,381,134,v031
H8BTR,537,717,180,v004
H8BTR,537,664,127,v008
H8BTR,52,192,140,v023
H8BTR,0,717,717,v018
H8BTR,0,717,717,v018
KR0SH,252,384,132,v016
KR0SH,0,733,733,v014
KR0SH,0,733,733,v018
KR0SH,252,384,132,v016
KR0SH,252,388,136,v012
KR0SH,0,733,733,v018
KR0SH,196,348,152,v029
KR0SH,242,388,146,v016
KR0SH,0,733,733,v031
8DL54,360,535,175,v012
8DL54,16,571,555,v008
8DL54,391,547,156,v016
8DL54,487,667,180,v001
8DL54,0,232,232,v023
8DL54,0,530,530,v008
8DL54,410,552,142,v016
6VUIO,247,379,132,v016
6VUIO,122,285,163,v023
6VUIO,0,722,722,v008
6VUIO,0,722,722,v031
6VUIO,0,722,722,v018
6VUIO,132,350,218,v004
6VUIO,0,722,722,v014
6VUIO,158,372,214,v008
LZEWE,266,614,348,v026
LZEWE,0,297,297,v016
LZEWE,0,69,69,v026
LZEWE,552,672,120,v006
LZEWE,288,600,312,v026
LZEWE,552,769,217,v031
X6D8E,468,626,158,v012
X6D8E,624,747,123,v008
X6D8E,340,477,137,v001
X6D8E,561,732,171,v015
X6D8E,0,472,472,v026
X6D8E,508,645,137,v023
VAKF0,93,703,610,v008
VAKF0,93,321,228,v023
VAKF0,247,703,456,v009
VAKF0,93,703,610,v008
VAKF0,237,350,113,v008
VAKF0,254,628,374,v019
VAKF0,81,223,142,v029
V62NW,487,621,134,v001
V62NW,249,568,319,v012
V62NW,57,168,111,v023
V62NW,69,312,243,v031
V62NW,448,616,168,v020
V62NW,48,595,547,v008
V62NW,657,735,78,v025
V62NW,0,76,76,v029
E2EXR,386,542,156,v004
E2EXR,0,736,736,v024
E2EXR,0,736,736,v031
E2EXR,0,139,139,v009
E2EXR,0,736,736,v018
E2EXR,0,350,350,v019
D87UN,0,698,698,v008
D87UN,0,698,698,v031
D87UN,0,698,698,v010
D87UN,36,273,237,v004
D87UN,38,511,473,v008
PHH6B,0,338,338,v005
PHH6B,602,725,123,v016
PHH6B,499,700,201,v015
PHH6B,357,537,180,v015
PHH6B,0,725,725,v023
PHH6B,0,725,725,v008
PHH6B,45,216,171,v005
PHH6B,0,216,216,v008
PHH6B,364,708,344,v008
PHH6B,355,468,113,v023
PHH6B,50,182,132,v023
PHH6B,597,712,115,v016
PHH6B,583,725,142,v016
PHH6B,88,208,120,v008
PHH6B,460,607,147,v016
D9EDE,52,266,214,v016
D9EDE,0,177,177,v008
D9EDE,312,808,496,v002
D9EDE,69,254,185,v012
D9EDE,16,290,274,v023
QWZV5,0,709,709,v008
QWZV5,0,709,709,v026
QWZV5,79,709,630,v002
QWZV5,0,709,709,v010
QWZV5,0,709,709,v032
QWZV5,0,709,709,v026
QWZV5,0,709,709,v008
DS22L,0,453,453,v026
DS22L,456,631,175,v004
DS22L,0,417,417,v025
DS22L,0,427,427,v025
DS22L,540,693,153,v022
DS22L,703,887,184,v016
DS22L,0,631,631,v018
DS22L,0,439,439,v032
DS22L,384,532,148,v023
DS22L,388,866,478,v008
F6Z7U,136,300,164,v001
F6Z7U,96,218,122,v016
F6Z7U,40,168,128,v005
F6Z7U,0,405,405,v008
F6Z7U,74,204,130,v023
F6Z7U,0,67,67,v016
F6Z7U,108,218,110,v005
S1F6M,21,743,722,v008
S1F6M,343,616,273,v007
9RKTE,0,631,631,v024
9RKTE,64,199,135,v007
9RKTE,0,631,631,v019
9RKTE,362,631,269,v008
9RKTE,129,453,324,v028
9RKTE,432,604,172,v012
9RKTE,0,631,631,v008
9RKTE,220,631,411,v012
Q3UAN,0,742,742,v008
Q3UAN,0,360,360,v030
Q3UAN,508,742,234,v015
Q3UAN,290,585,295,v002
Q3UAN,0,742,742,v030
Q3UAN,0,742,742,v030
WQ57B,177,570,393,v008
WQ57B,429,570,141,v026
WQ57B,412,570,158,v026
WQ57B,374,530,156,v023
WQ57B,391,570,179,v008
CSLEP,741,981,240,v032
CSLEP,55,244,189,v000
CSLEP,93,532,439,v003
CSLEP,0,372,372,v010
CSLEP,124,504,380,v016
CSLEP,163,494,331,v008
CSLEP,158,316,158,v023
CSLEP,0,146,146,v010
CSLEP,0,136,136,v021
CIBGY,0,225,225,v030
CIBGY,580,715,135,v012
CIBGY,576,700,124,v029
CIBGY,631,726,95,v001
CIBGY,300,549,249,v030
G4853,0,715,715,v008
G4853,465,715,250,v012
G4853,76,319,243,v020
COPFE,0,830,830,v021
COPFE,739,846,107,v000
COPFE,0,846,846,v010
GQGAE,458,616,158,v031
GQGAE,0,151,151,v012
GQGAE,12,199,187,v012
GQGAE,396,740,344,v008
GQGAE,172,319,147,v001
GQGAE,648,740,92,v005
GQGAE,340,609,269,v012
GQGAE,592,696,104,v001
WW4MY,208,374,166,v018
WW4MY,504,736,232,v008
WW4MY,360,662,302,v023
WW4MY,180,552,372,v012
WW4MY,379,525,146,v004
WW4MY,379,525,146,v016
WW4MY,48,225,177,v005
WW4MY,0,158,158,v008
WW4MY,444,580,136,v001
WW4MY,0,153,153,v023
WW4MY,0,158,158,v008
LN3WU,24,569,545,v024
LN3WU,48,213,165,v009
LN3WU,40,350,310,v008
LN3WU,292,556,264,v018
LN3WU,199,422,223,v028
LN3WU,12,172,160,v012
LN3WU,48,192,144,v029
25QPB,376,508,132,v007
25QPB,0,439,439,v003
25QPB,434,664,230,v019
25QPB,408,600,192,v012
25QPB,408,600,192,v012
25QPB,0,148,148,v016
BV6VV,0,542,542,v026
BV6VV,528,720,192,v008
BV6VV,549,720,171,v008
BV6VV,81,412,331,v026
N1EDG,0,714,714,v004
N1EDG,0,714,714,v008
N1EDG,621,714,93,v016
N1EDG,0,714,714,v008
N1EDG,0,714,714,v018
N1EDG,0,714,714,v031
N1EDG,645,714,69,v016
YDLBN,338,804,466,v008
YDLBN,84,412,328,v019
YDLBN,96,439,343,v031
YDLBN,345,804,459,v004
YDLBN,0,804,804,v018
YDLBN,357,554,197,v009
YDLBN,0,804,804,v014
BKC9E,36,734,698,v008
BKC9E,0,734,734,v008
BKC9E,0,734,734,v024
BKC9E,492,734,242,v019
ZL61Y,19,165,146,v016
ZL61Y,0,271,271,v008
ZL61Y,0,283,283,v023
ZL61Y,0,283,283,v016
G93PL,67,345,278,v016
G93PL,0,350,350,v008
G93PL,108,352,244,v016
G93PL,26,406,380,v031
AC9NI,520,669,149,v029
AC9NI,204,321,117,v022
AC9NI,43,304,261,v018
AC9NI,0,307,307,v031
AC9NI,216,400,184,v019
AC9NI,24,240,216,v009
0OQVD,0,133,133,v008
0OQVD,0,62,62,v004
0OQVD,0,133,133,v024
WESPT,100,273,173,v031
WESPT,91,576,485,v008
WESPT,415,576,161,v001
WESPT,177,338,161,v012
WESPT,172,297,125,v007
WESPT,84,415,331,v023
4BGWL,4,115,111,v008
4BGWL,14,139,125,v012
4BGWL,79,152,73,v019
4BGWL,0,152,152,v018
4BGWL,57,152,95,v023
4BGWL,2,108,106,v023
4BGWL,86,152,66,v009
OLEWM,523,722,199,v008
OLEWM,554,720,166,v029
OLEWM,0,232,232,v005
OLEWM,398,672,274,v023
OLEWM,0,163,163,v023
OLEWM,0,722,722,v018
OLEWM,655,722,67,v004
OLEWM,554,698,144,v008
OLEWM,0,722,722,v018
HFTEO,45,283,238,v026
HFTEO,0,513,513,v010
HFTEO,146,304,158,v016
HFTEO,0,184,184,v023
HFTEO,0,297,297,v008
HFTEO,165,295,130,v025
HFTEO,0,276,276,v025
HFTEO,458,580,122,v026
HFTEO,432,745,313,v018
HFTEO,492,745,253,v030
1LSEQ,232,654,422,v030
1LSEQ,324,446,122,v020
1LSEQ,0,148,148,v008
1LSEQ,60,228,168,v030
1LSEQ,160,276,116,v016
0JP8Q,0,674,674,v018
0JP8Q,69,674,605,v008
0JP8Q,0,674,674,v005
0JP8Q,0,674,674,v018
0JP8Q,0,496,496,v023
0JP8Q,400,674,274,v006
SBT2X,225,616,391,v008
SBT2X,496,640,144,v016
SBT2X,189,350,161,v023
SBT2X,24,168,144,v001
SBT2X,633,797,164,v012
SBT2X,600,797,197,v008
SBT2X,588,797,209,v023
SBT2X,170,652,482,v021
SBT2X,0,163,163,v029
SBT2X,0,163,163,v007
14TJT,0,691,691,v005
14TJT,0,691,691,v008
14TJT,60,218,158,v005
14TJT,0,691,691,v008
14TJT,0,691,691,v031
14TJT,0,691,691,v008
8ECJ1,0,328,328,v031
8ECJ1,0,759,759,v008
8ECJ1,266,513,247,v004
8ECJ1,0,759,759,v008
8ECJ1,561,759,198,v019
S16FI,0,704,704,v008
S16FI,93,700,607,v026
S16FI,48,578,530,v026
S16FI,0,72,72,v029
NHD1J,96,340,244,v031
NHD1J,244,496,252,v028
NHD1J,196,660,464,v018
NHD1J,352,513,161,v012
NHD1J,170,456,286,v018
NHD1J,0,398,398,v028
NHD1J,0,715,715,v031
NHD1J,285,448,163,v016
NHD1J,350,585,235,v023
NHD1J,415,715,300,v031
NHD1J,139,302,163,v029
NHD1J,170,396,226,v008
NHD1J,168,434,266,v008
NHD1J,446,609,163,v023
NHD1J,336,446,110,v016
NHD1J,345,715,370,v018
NHD1J,316,441,125,v016
NHD1J,40,715,675,v008
NHD1J,316,441,125,v016
8VWV2,350,1370,1020,v030
8VWV2,0,566,566,v005
8VWV2,180,367,187,v022
8VWV2,136,297,161,v023
8VWV2,38,175,137,v018
8VWV2,165,297,132,v023
8VWV2,0,175,175,v018
8VWV2,122,261,139,v008
8VWV2,1260,1399,139,v016
SF6NU,100,472,372,v008
SF6NU,264,472,208,v023
SF6NU,0,160,160,v012
SF6NU,0,86,86,v017
SF6NU,76,472,396,v008
SF6NU,12,204,192,v023
XTRH7,134,273,139,v029
XTRH7,139,423,284,v008
XTRH7,177,362,185,v023
XTRH7,177,362,185,v008
XTRH7,172,423,251,v017
4713W,96,232,136,v029
4713W,237,499,262,v020
4713W,79,204,125,v012
SMMK4,0,759,759,v008
SMMK4,300,468,168,v004
SMMK4,252,388,136,v023
SMMK4,345,759,414,v019
1HP1X,427,712,285,v008
1HP1X,549,768,219,v016
1HP1X,398,566,168,v023
1HP1X,508,672,164,v025
VVTJJ,81,208,127,v016
VVTJJ,81,206,125,v016
VVTJJ,211,717,506,v018
VVTJJ,153,316,163,v018
VVTJJ,146,331,185,v018
VVTJJ,0,206,206,v029
VVTJJ,324,717,393,v014
VVTJJ,74,230,156,v016
99596,350,729,379,v000
99596,842,1017,175,v022
99596,676,948,272,v003
99596,362,633,271,v000
99596,664,782,118,v023
7NW4V,549,752,203,v004
7NW4V,475,645,170,v018
7NW4V,475,645,170,v018
7NW4V,700,752,52,v031
7NW4V,427,752,325,v023
7NW4V,314,492,178,v023
92AO4,19,228,209,v008
92AO4,0,228,228,v017
92AO4,0,110,110,v029
I3N3J,0,472,472,v026
I3N3J,388,643,255,v008
I3N3J,391,652,261,v031
I3N3J,362,532,170,v022
I3N3J,420,597,177,v012
I3N3J,31,508,477,v025
I3N3J,7,134,127,v023
I3N3J,52,187,135,v023
I3N3J,38,146,108,v016
I3N3J,122,240,118,v016
I3N3J,21,472,451,v026
I3N3J,403,556,153,v023
QBQR3,232,552,320,v031
QBQR3,192,326,134,v022
QBQR3,0,280,280,v018
QBQR3,285,504,219,v012
IWCXM,12,349,337,v008
IWCXM,12,184,172,v017
IWCXM,0,134,134,v029
IX64X,0,762,762,v031
IX64X,0,762,762,v026
IX64X,0,762,762,v008
IX64X,0,326,326,v026
IX64X,283,496,213,v026
IX64X,0,326,326,v030
IX64X,283,496,213,v030
VOTA7,0,312,312,v008
VOTA7,0,435,435,v018
VOTA7,235,408,173,v017
VOTA7,0,225,225,v013
VOTA7,0,350,350,v014
VOTA7,0,435,435,v018
VOTA7,216,343,127,v023
H94MQ,0,103,103,v012
H94MQ,201,781,580,v015
H94MQ,0,781,781,v008
EPP0O,0,759,759,v008
EPP0O,0,759,759,v008
EPP0O,0,177,177,v009
EPP0O,0,290,290,v016
EPP0O,0,537,537,v023
EPP0O,0,547,547,v005
H3XC1,0,683,683,v008
H3XC1,40,369,329,v008
H3XC1,0,127,127,v012
H3XC1,0,683,683,v017
H3XC1,19,549,530,v016
0VQES,0,737,737,v008
0VQES,223,737,514,v008
0VQES,640,737,97,v016
0VQES,182,715,533,v023
0VQES,69,196,127,v008
0VQES,614,737,123,v016
BLIFO,0,172,172,v008
BLIFO,57,259,202,v026
BLIFO,40,336,296,v030
BLIFO,24,218,194,v012
BLIFO,297,616,319,v026
BLIFO,9,180,171,v017
BLIFO,24,730,706,v029
BLIFO,50,165,115,v029
AWGMW,374,568,194,v017
AWGMW,192,343,151,v023
AWGMW,0,117,117,v010
AWGMW,364,477,113,v022
AWGMW,331,436,105,v016
AWGMW,148,302,154,v003
AWGMW,247,405,158,v004
AWGMW,196,436,240,v023
AWGMW,340,446,106,v016
AWGMW,379,566,187,v029
AWGMW,204,441,237,v008
B7IAK,0,384,384,v008
B7IAK,0,396,396,v014
F3RM9,86,504,418,v030
F3RM9,86,504,418,v030
F3RM9,0,535,535,v008
F3RM9,412,525,113,v019
F3RM9,0,96,96,v018
F3RM9,0,115,115,v031
F3RM9,396,518,122,v008
F3RM9,422,535,113,v023
F3RM9,21,148,127,v023
F3RM9,100,223,123,v019
J84TZ,388,478,90,v029
J84TZ,278,478,200,v008
J84TZ,0,156,156,v000
J84TZ,0,108,108,v010
J84TZ,0,124,124,v021
J84TZ,127,369,242,v009
J84TZ,292,441,149,v022
J84TZ,283,478,195,v023
IEXTB,345,780,435,v003
IEXTB,81,312,231,v009
IEXTB,96,348,252,v012
IEXTB,153,331,178,v009
IEXTB,276,549,273,v031
IEXTB,508,780,272,v023
IEXTB,100,336,236,v019
IEXTB,314,535,221,v008
IEXTB,290,405,115,v022
W4U3V,276,446,170,v004
W4U3V,57,492,435,v008
W4U3V,192,482,290,v016
W4U3V,453,801,348,v005
W4U3V,448,806,358,v005
W4U3V,0,832,832,v008
W4U3V,0,225,225,v023
W4U3V,249,844,595,v016
W4U3V,19,828,809,v008
W4U3V,429,753,324,v023
W4U3V,427,780,353,v016
CWBHH,48,477,429,v028
CWBHH,81,242,161,v016
CWBHH,0,194,194,v031
CWBHH,794,836,42,v008
CWBHH,794,836,42,v016
BRLC0,285,468,183,v023
BRLC0,31,683,652,v003
BRLC0,324,460,136,v005
BRLC0,0,81,81,v005
BRLC0,0,96,96,v008
BRLC0,268,475,207,v008
BRLC0,0,683,683,v010
VE5DN,300,688,388,v008
VE5DN,480,700,220,v016
VE5DN,468,686,218,v012
VE5DN,676,783,107,v020
VE5DN,33,283,250,v000
VE5DN,465,744,279,v016
VE5DN,331,537,206,v023
VE5DN,0,254,254,v010
XRR22,254,849,595,v006
XRR22,165,777,612,v022
XRR22,849,1123,274,v016
XRR22,878,1188,310,v008
XRR22,290,660,370,v026
XRR22,885,1123,238,v023
1QT62,4,1092,1088,v018
1QT62,559,708,149,v009
1QT62,31,1137,1106,v031
1QT62,220,400,180,v009
1QT62,0,112,112,v018
UKLQ1,165,309,144,v027
UKLQ1,324,791,467,v018
UKLQ1,38,451,413,v008
UKLQ1,26,328,302,v023
UKLQ1,331,463,132,v016
UKLQ1,12,444,432,v016
UKLQ1,319,506,187,v018
QG338,379,561,182,v005
QG338,609,746,137,v005
QG338,117,345,228,v031
QG338,0,129,129,v012
QG338,268,847,579,v008
QG338,324,446,122,v023
QG338,676,847,171,v023
QG338,2,153,151,v029
QG338,307,458,151,v023
QG338,312,573,261,v008
O2OUX,187,304,117,v008
O2OUX,242,360,118,v026
O2OUX,0,405,405,v014
O2OUX,324,429,105,v001
O2OUX,0,735,735,v018
O2OUX,117,309,192,v026
O2OUX,0,735,735,v032
O2OUX,0,735,735,v018
J06RS,67,386,319,v029
J06RS,206,798,592,v008
J06RS,64,216,152,v009
J06RS,0,264,264,v019
J06RS,199,434,235,v023
RBAO1,48,876,828,v004
RBAO1,0,876,876,v008
RBAO1,0,876,876,v021
AD28I,52,240,188,v026
AD28I,314,832,518,v021
AD28I,355,480,125,v023
AD28I,0,427,427,v008
AD28I,213,434,221,v023
AD28I,144,302,158,v026
AD28I,372,535,163,v008
AD28I,741,832,91,v016
XZM6Y,0,384,384,v008
XZM6Y,280,388,108,v016
XZM6Y,300,419,119,v017
XZM6Y,0,391,391,v008
XZM6Y,216,331,115,v001
XZM6Y,266,386,120,v016
XZM6Y,0,386,386,v023
PRVP0,124,542,418,v023
PRVP0,259,410,151,v029
PRVP0,132,542,410,v008
DD57W,247,542,295,v014
DD57W,0,969,969,v018
NGMVI,211,580,369,v025
NGMVI,0,708,708,v028
NGMVI,516,703,187,v020
NGMVI,405,561,156,v023
NGMVI,398,708,310,v008
NGMVI,184,410,226,v028
NGMVI,0,288,288,v016
ZWVNF,0,132,132,v008
ZWVNF,36,218,182,v012
ZWVNF,213,408,195,v008
ZWVNF,122,333,211,v023
ZWVNF,0,759,759,v018
ZWVNF,201,759,558,v014
ZWVNF,0,144,144,v023
ZWVNF,220,340,120,v025
4Z3PQ,180,336,156,v001
4Z3PQ,314,746,432,v018
4Z3PQ,45,170,125,v017
4Z3PQ,300,424,124,v018
4Z3PQ,355,746,391,v013
4Z3PQ,340,746,406,v008
4Z3PQ,355,746,391,v014
4Z3PQ,616,746,130,v031
4Z3PQ,336,746,410,v018
4Z3PQ,0,177,177,v029
94ICP,369,525,156,v012
94ICP,0,172,172,v002
94ICP,117,364,247,v030
VFS9P,120,453,333,v008
VFS9P,62,244,182,v023
VFS9P,79,244,165,v004
VFS9P,331,645,314,v016
VFS9P,127,561,434,v018
VFS9P,0,460,460,v018
VFS9P,141,453,312,v008
VFS9P,396,729,333,v031
VFS9P,0,448,448,v018
4SF59,7,579,572,v008
4SF59,57,172,115,v019
4SF59,24,579,555,v008
4SF59,24,579,555,v023
GRYTY,0,588,588,v008
GRYTY,0,600,600,v024
GRYTY,465,679,214,v004
GRYTY,643,754,111,v022
GRYTY,388,754,366,v008
GRYTY,0,496,496,v016
GRYTY,0,686,686,v018
GRYTY,396,754,358,v023
KOHWO,583,737,154,v001
KOHWO,0,737,737,v008
KOHWO,340,532,192,v004
TFM98,36,218,182,v004
TFM98,0,264,264,v008
TFM98,9,206,197,v005
TFM98,7,264,257,v008
FV9AL,242,713,471,v008
FV9AL,0,144,144,v012
FV9AL,266,713,447,v026
K48CQ,0,1406,1406,v008
K48CQ,506,883,377,v020
K48CQ,14,1276,1262,v008
K48CQ,0,168,168,v029
K48CQ,1180,1334,154,v001
K48CQ,1154,1375,221,v001
K48CQ,1279,1404,125,v027
K48CQ,36,624,588,v004
K48CQ,794,981,187,v004
M2O8G,0,357,357,v008
M2O8G,232,355,123,v027
B2EZB,676,776,100,v004
B2EZB,664,776,112,v008
B2EZB,0,590,590,v008
B2EZB,0,520,520,v026
4C4LC,0,757,757,v008
4C4LC,0,757,757,v005
4C4LC,0,757,757,v008
4C4LC,655,757,102,v027
4C4LC,0,657,657,v009
4C4LC,0,717,717,v005
4C4LC,0,60,60,v019
4C4LC,0,67,67,v016
4C4LC,175,292,117,v016
4C4LC,417,544,127,v016
4C4LC,0,67,67,v016
4C4LC,175,292,117,v016
4C4LC,417,544,127,v016
XQITP,9,405,396,v008
XQITP,242,384,142,v003
XQITP,688,771,83,v022
XQITP,0,727,727,v028
EJL2F,76,201,125,v027
EJL2F,393,735,342,v008
EJL2F,0,158,158,v029
EJL2F,376,669,293,v019
EJL2F,386,735,349,v008
EJL2F,384,523,139,v023
EJL2F,0,139,139,v012
EJL2F,352,735,383,v031
TFVSF,0,613,613,v008
TFVSF,0,504,504,v026
TFVSF,432,613,181,v007
TFVSF,0,504,504,v026
37SE6,14,283,269,v004
37SE6,211,607,396,v023
37SE6,0,628,628,v018
37SE6,0,79,79,v018
37SE6,0,624,624,v018
37SE6,859,905,46,v016
37SE6,859,905,46,v032
37SE6,859,905,46,v032
37SE6,859,905,46,v015
DINAV,0,288,288,v015
DINAV,0,259,259,v008
DINAV,0,352,352,v018
DINAV,292,703,411,v010
DINAV,208,326,118,v016
DINAV,237,350,113,v016
C0WLP,0,760,760,v016
C0WLP,0,760,760,v026
C0WLP,0,470,470,v008
C0WLP,393,746,353,v008
C0WLP,0,760,760,v026
WHGAQ,122,338,216,v008
WHGAQ,218,352,134,v016
WHGAQ,0,711,711,v008
WHGAQ,0,711,711,v026
WHGAQ,276,400,124,v029
WHGAQ,115,249,134,v023
WHGAQ,0,208,208,v026
S8Q1Z,384,778,394,v008
S8Q1Z,271,778,507,v008
S8Q1Z,0,778,778,v008
S8Q1Z,0,343,343,v026
S8Q1Z,372,778,406,v008
S8Q1Z,259,778,519,v008
S8Q1Z,367,499,132,v023
S8Q1Z,0,340,340,v026
FGP46,0,372,372,v008
FGP46,343,968,625,v008
FGP46,0,362,362,v008
NO9MI,45,199,154,v007
NO9MI,120,626,506,v008
NO9MI,427,600,173,v012
NO9MI,516,626,110,v029
NO9MI,108,283,175,v023
0ZSFI,196,408,212,v012
0ZSFI,204,321,117,v007
0ZSFI,132,264,132,v008
0ZSFI,127,264,137,v008
0ZSFI,482,696,214,v016
0ZSFI,7,732,725,v008
0ZSFI,0,732,732,v016
VYI5L,0,731,731,v008
VYI5L,0,249,249,v016
VYI5L,175,731,556,v026
VYI5L,62,731,669,v026
VYI5L,0,731,731,v014
VYI5L,208,381,173,v008
WPZQ7,0,602,602,v008
WPZQ7,0,60,60,v008
WPZQ7,240,480,240,v028
WPZQ7,324,446,122,v025
MC50M,64,220,156,v016
MC50M,120,343,223,v008
MC50M,240,343,103,v020
MC50M,2,343,341,v023
MC50M,0,343,343,v026
MC50M,0,343,343,v016
MC50M,9,180,171,v008
MC50M,120,266,146,v023
WX7AG,132,256,124,v016
WX7AG,175,295,120,v027
WX7AG,264,672,408,v008
WX7AG,576,720,144,v016
WX7AG,0,261,261,v008
WX7AG,561,720,159,v023
WX7AG,0,225,225,v004
WX7AG,276,614,338,v014
WX7AG,304,595,291,v013
I7U0W,240,730,490,v008
I7U0W,532,730,198,v024
I7U0W,108,280,172,v020
I7U0W,0,730,730,v008
MTEOU,0,1296,1296,v018
MTEOU,163,1334,1171,v005
MTEOU,1178,1348,170,v022
MTEOU,0,1356,1356,v008
MTEOU,0,1394,1394,v008
MTEOU,1192,1503,311,v016
A5XR5,271,439,168,v028
A5XR5,0,788,788,v031
A5XR5,345,788,443,v008
A5XR5,362,788,426,v005
A5XR5,0,788,788,v018
A5XR5,0,360,360,v014
A5XR5,0,788,788,v018
A5XR5,331,465,134,v023
G82VI,415,528,113,v001
G82VI,369,508,139,v012
G82VI,134,321,187,v012
G82VI,292,429,137,v025
G82VI,36,168,132,v001
G82VI,2,146,144,v029
G82VI,312,828,516,v008
G82VI,156,408,252,v023
G82VI,156,408,252,v023
G82VI,0,100,100,v012
G82VI,0,412,412,v008
I7MEA,146,268,122,v012
I7MEA,0,139,139,v002
I7MEA,0,613,613,v002
I7MEA,117,230,113,v023
I7MEA,52,175,123,v012
I7MEA,120,240,120,v001
NKOJ8,182,607,425,v007
NKOJ8,144,429,285,v029
NKOJ8,158,333,175,v012
NKOJ8,201,535,334,v009
NKOJ8,379,615,236,v014
NKOJ8,324,523,199,v023
NKOJ8,448,615,167,v016
NKOJ8,189,540,351,v019
NKOJ8,384,592,208,v008
NEQHK,0,727,727,v008
EK66A,120,732,612,v008
7VSIV,0,271,271,v022
7VSIV,314,448,134,v029
7VSIV,0,256,256,v026
F1GWF,0,158,158,v023
F1GWF,0,88,88,v012
F1GWF,127,242,115,v012
F1GWF,69,189,120,v001
F1GWF,69,308,239,v023
F1GWF,0,308,308,v008
HCM5Y,350,469,119,v008
HCM5Y,86,216,130,v031
HCM5Y,0,184,184,v005
HCM5Y,252,400,148,v022
HCM5Y,302,441,139,v012
HCM5Y,0,201,201,v018
HCM5Y,0,295,295,v008
HCM5Y,244,360,116,v021
HCM5Y,340,469,129,v029
HV2NI,0,391,391,v031
HV2NI,0,429,429,v008
HV2NI,0,571,571,v008
K5OQO,0,192,192,v016
K5OQO,124,280,156,v001
K5OQO,0,129,129,v016
K5OQO,0,129,129,v008
K5OQO,350,667,317,v031
EB4V9,0,355,355,v019
EB4V9,0,507,507,v018
6KXR1,33,274,241,v028
6KXR1,0,249,249,v009
6KXR1,158,274,116,v008
6KXR1,0,274,274,v019
RKGG5,0,254,254,v008
RKGG5,144,256,112,v025
RKGG5,168,489,321,v008
RKGG5,184,489,305,v021
RKGG5,168,276,108,v023
RKGG5,302,489,187,v010
RKGG5,117,268,151,v025
RKGG5,0,393,393,v018
MO0SA,158,698,540,v008
MO0SA,146,309,163,v001
MO0SA,0,184,184,v008
MO0SA,0,218,218,v016
MO0SA,244,417,173,v023
MO0SA,506,693,187,v008
MO0SA,336,477,141,v021
MO0SA,196,698,502,v010
MO0SA,204,698,494,v016
MO0SA,0,204,204,v018
MO0SA,199,379,180,v016
SXAAN,256,374,118,v025
SXAAN,40,156,116,v029
A21M5,420,549,129,v023
A21M5,0,196,196,v008
A21M5,120,376,256,v001
A21M5,0,105,105,v012
A21M5,441,714,273,v008
A21M5,69,211,142,v001
A21M5,14,175,161,v012
A21M5,112,475,363,v008
A21M5,0,714,714,v008
A21M5,532,714,182,v029
9RVZL,0,751,751,v008
9RVZL,153,686,533,v016
9RVZL,141,302,161,v023
9RVZL,283,408,125,v025
9RVZL,609,751,142,v026
87EQI,0,594,594,v008
87EQI,216,321,105,v018
87EQI,256,594,338,v018
87EQI,357,578,221,v026
CVPQR,0,735,735,v008
CVPQR,0,216,216,v012
CVPQR,0,235,235,v023
CVPQR,117,735,618,v014
CVPQR,412,735,323,v018
CVPQR,396,735,339,v018
CVPQR,458,735,277,v018
QKP9V,338,532,194,v012
QKP9V,24,204,180,v009
QKP9V,367,544,177,v012
CIL5L,0,780,780,v008
CIL5L,127,780,653,v026
CIL5L,0,780,780,v014
CIL5L,156,290,134,v016
CIL5L,45,780,735,v026
CIL5L,0,780,780,v022
CIL5L,139,307,168,v016
CIL5L,139,307,168,v023
7LJ4G,86,664,578,v006
7LJ4G,597,811,214,v019
7LJ4G,115,295,180,v018
7LJ4G,679,812,133,v022
7LJ4G,0,674,674,v008
7LJ4G,98,756,658,v018
M7DIB,278,384,106,v023
M7DIB,0,105,105,v031
M7DIB,50,175,125,v023
M7DIB,86,240,154,v005
M7DIB,108,252,144,v016
M7DIB,28,256,228,v016
M7DIB,38,244,206,v008
M7DIB,36,244,208,v008
M7DIB,290,424,134,v023
M7DIB,304,456,152,v016
M7DIB,295,446,151,v008
6AHBW,348,715,367,v030
6AHBW,0,180,180,v005
6AHBW,0,158,158,v005
6AHBW,0,398,398,v018
6AHBW,91,348,257,v004
6AHBW,324,436,112,v022
6AHBW,0,412,412,v018
6AHBW,0,100,100,v023
6AHBW,0,170,170,v008
6AHBW,52,172,120,v016
6AHBW,0,187,187,v008
6AHBW,0,199,199,v023
6AHBW,31,177,146,v016
6AHD0,0,388,388,v008
6AHD0,532,696,164,v023
6AHD0,264,417,153,v020
6AHD0,484,674,190,v008
6AHD0,36,297,261,v005
6AHD0,372,566,194,v022
6AHD0,7,204,197,v018
6AHD0,0,316,316,v016
6AHD0,0,424,424,v008
6AHD0,0,723,723,v018
C69Y1,264,400,136,v001
C69Y1,919,1003,84,v004
C69Y1,544,686,142,v015
C69Y1,957,1003,46,v018
C69Y1,168,295,127,v023
C69Y1,72,268,196,v012
C69Y1,0,1003,1003,v018
E7DKD,7,204,197,v012
E7DKD,542,720,178,v009
E7DKD,511,631,120,v025
E7DKD,374,564,190,v023
E7DKD,0,568,568,v008
JCUT2,0,348,348,v026
JCUT2,398,595,197,v022
JCUT2,0,146,146,v016
JCUT2,4,196,192,v016
JCUT2,0,127,127,v023
JCUT2,52,343,291,v026
7ZK3Y,0,424,424,v031
7ZK3Y,333,727,394,v031
LDBGB,45,247,202,v028
ISTQI,0,177,177,v026
ISTQI,139,302,163,v008
ISTQI,374,735,361,v021
ISTQI,348,735,387,v018
ISTQI,271,458,187,v018
ISTQI,340,735,395,v008
ISTQI,410,735,325,v010
ISTQI,470,595,125,v019
ISTQI,415,735,320,v031
ISTQI,220,735,515,v016
ISTQI,72,276,204,v023
A30ZM,0,736,736,v008
A30ZM,674,736,62,v014
A30ZM,0,736,736,v009
A30ZM,0,736,736,v008
A30ZM,0,103,103,v012
NLU6W,4,348,344,v008
NLU6W,381,741,360,v031
NLU6W,223,415,192,v022
NLU6W,201,338,137,v016
NLU6W,0,393,393,v018
NLU6W,62,211,149,v023
NLU6W,148,326,178,v019
XPQ0D,194,532,338,v008
XPQ0D,266,496,230,v017
XPQ0D,192,532,340,v014
V24A5,518,730,212,v029
V24A5,0,580,580,v008
V24A5,436,571,135,v016
V24A5,0,578,578,v005
V24A5,456,614,158,v016
V24A5,0,607,607,v008
1WFWL,0,761,761,v008
1WFWL,16,761,745,v014
1WFWL,0,761,761,v018
1WFWL,0,761,761,v018
L8T4O,9,345,336,v008
L8T4O,0,151,151,v023
L8T4O,218,338,120,v007
L8T4O,0,223,223,v019
L8T4O,254,345,91,v012
X8KIS,110,717,607,v026
X8KIS,0,163,163,v029
X8KIS,112,717,605,v023
4FTT5,439,2030,1591,v008
4FTT5,393,2047,1654,v008
4FTT5,820,1389,569,v020
IA2O6,307,501,194,v008
IA2O6,0,328,328,v008
IA2O6,0,703,703,v008
IA2O6,0,703,703,v026
VGPYM,79,643,564,v008
VGPYM,314,597,283,v019
VGPYM,235,470,235,v015
8V9IX,0,213,213,v008
8V9IX,93,208,115,v016
8V9IX,612,849,237,v016
8V9IX,796,950,154,v001
8V9IX,393,688,295,v008
8V9IX,0,780,780,v008
8V9IX,616,897,281,v023
8V9IX,0,621,621,v030
8V9IX,748,921,173,v012
8V9IX,88,746,658,v030
8V9IX,763,888,125,v016
8V9IX,626,756,130,v025
539EH,0,194,194,v008
539EH,64,242,178,v012
539EH,129,396,267,v023
539EH,201,444,243,v008
539EH,158,436,278,v016
539EH,187,468,281,v023
539EH,0,807,807,v018
539EH,252,412,160,v023
539EH,242,807,565,v008
YVOVB,0,108,108,v012
YVOVB,218,427,209,v019
YVOVB,38,480,442,v005
YVOVB,16,656,640,v008
YVOVB,7,656,649,v023
YVOVB,0,129,129,v023
YVOVB,86,244,158,v023
YVOVB,292,448,156,v023
X6B0P,120,369,249,v018
X6B0P,420,655,235,v016
X6B0P,247,544,297,v028
X6B0P,307,731,424,v008
X6B0P,127,348,221,v008
X6B0P,124,355,231,v025
X6B0P,331,731,400,v021
X6B0P,295,523,228,v016
X6B0P,302,731,429,v008
X6B0P,343,731,388,v018
9MXDX,153,285,132,v008
9MXDX,204,456,252,v005
9MXDX,441,667,226,v019
9MXDX,0,722,722,v018
9MXDX,136,290,154,v016
9MXDX,57,261,204,v004
9MXDX,434,664,230,v009
9MXDX,0,722,722,v018
9MXDX,0,722,722,v031
9MXDX,153,355,202,v005
BZ189,2,307,305,v030
BZ189,607,733,126,v023
BZ189,326,612,286,v028
BZ189,252,415,163,v023
BZ189,619,733,114,v008
FLEU2,0,735,735,v026
91H2P,48,104,56,v027
91H2P,0,104,104,v019
91H2P,0,62,62,v008
91H2P,0,104,104,v009
91H2P,2,104,102,v029
N8R3F,93,220,127,v025
N8R3F,100,211,111,v025
N8R3F,100,211,111,v025
TC749,722,895,173,v022
TC749,64,765,701,v018
TC749,770,895,125,v026
TC749,708,844,136,v023
TC749,708,895,187,v008
0JJIY,91,326,235,v015
0JJIY,333,520,187,v008
0JJIY,288,432,144,v023
0JJIY,57,364,307,v008
G1NFB,343,624,281,v030
G1NFB,0,88,88,v020
G1NFB,535,679,144,v001
G1NFB,0,600,600,v026
G1NFB,0,600,600,v026
G1NFB,319,607,288,v030
G1NFB,544,676,132,v001
G1NFB,33,648,615,v026
G1NFB,0,798,798,v008
7HWS7,0,84,84,v010
7HWS7,0,112,112,v012
7HWS7,2,711,709,v014
7HWS7,0,711,711,v018
LDFM5,496,741,245,v001
LDFM5,67,184,117,v012
LDFM5,333,708,375,v008
LDFM5,86,374,288,v026
LDFM5,470,621,151,v023
LDFM5,7,124,117,v029
LDFM5,69,741,672,v023
LDFM5,86,741,655,v026
QDRWK,537,693,156,v008
QDRWK,511,636,125,v023
QDRWK,544,688,144,v019
QDRWK,199,590,391,v026
QDRWK,523,709,186,v016
QDRWK,568,709,141,v016
QDRWK,0,709,709,v022
QDRWK,0,206,206,v029
QDRWK,0,158,158,v012
QDRWK,4,168,164,v001
0OMFD,4,160,156,v012
0OMFD,67,213,146,v003
0OMFD,136,667,531,v003
0OMFD,64,218,154,v016
0OMFD,124,256,132,v023
0OMFD,0,213,213,v023
0OMFD,571,770,199,v016
0OMFD,571,770,199,v025
642HE,0,1024,1024,v008
642HE,28,1024,996,v005
642HE,0,1024,1024,v018
642HE,746,919,173,v019
642HE,0,1024,1024,v018
642HE,0,1024,1024,v008
642HE,0,1024,1024,v018
1375X,0,206,206,v008
1375X,504,672,168,v008
1375X,208,685,477,v026
1375X,537,674,137,v016
1375X,127,283,156,v016
1375X,127,283,156,v025
1375X,201,312,111,v023
1375X,0,192,192,v020
1375X,201,685,484,v026
1375X,201,685,484,v026
1375X,240,547,307,v019
LRPBA,0,475,475,v008
LRPBA,184,319,135,v004
LRPBA,0,230,230,v017
LRPBA,4,475,471,v008
LRPBA,136,283,147,v014
O138M,148,304,156,v020
O138M,331,604,273,v004
O138M,285,648,363,v008
O138M,285,424,139,v023
F0OW8,182,326,144,v008
F0OW8,340,518,178,v005
F0OW8,153,576,423,v023
MSQA1,1200,1281,81,v005
MSQA1,271,451,180,v012
MSQA1,1156,1281,125,v018
MSQA1,681,861,180,v020
MSQA1,1099,1276,177,v018
MSQA1,1180,1281,101,v005
MSQA1,919,1281,362,v008
MSQA1,861,1041,180,v023
MSQA1,432,715,283,v008
MSQA1,412,700,288,v023
MSQA1,412,700,288,v023
MSQA1,0,132,132,v029
MSQA1,412,700,288,v008
YNJ86,0,475,475,v008
YNJ86,343,458,115,v001
YNJ86,0,108,108,v012
YNJ86,0,446,446,v019
YNJ86,396,734,338,v004
YNJ86,633,739,106,v016
YNJ86,633,739,106,v023
YNJ86,0,492,492,v019
YNJ86,0,424,424,v031
YNJ86,0,739,739,v018
YNJ86,465,626,161,v008
0UZ0Y,0,139,139,v020
0UZ0Y,50,211,161,v009
0UZ0Y,76,242,166,v023
0UZ0Y,88,273,185,v004
0UZ0Y,74,273,199,v008
0UZ0Y,76,273,197,v008
9A5MP,0,786,786,v008
9A5MP,636,786,150,v001
9A5MP,223,614,391,v005
9A5MP,220,535,315,v023
9A5MP,0,367,367,v026
9A5MP,252,393,141,v012
9A5MP,0,362,362,v026
9A5MP,295,429,134,v016
5LPJL,0,748,748,v032
5LPJL,0,364,364,v030
5LPJL,348,501,153,v016
5LPJL,0,748,748,v012
5LPJL,0,748,748,v018
5LPJL,0,422,422,v008
5LPJL,0,364,364,v006
5LPJL,0,748,748,v031
5LPJL,0,748,748,v018
5LPJL,400,684,284,v026
EO3G8,400,590,190,v005
EO3G8,36,297,261,v012
EO3G8,115,333,218,v020
EO3G8,420,686,266,v008
EO3G8,295,484,189,v016
EO3G8,249,384,135,v023
EO3G8,451,655,204,v016
EO3G8,24,324,300,v031
EO3G8,0,81,81,v029
EO3G8,499,655,156,v004
EO3G8,420,554,134,v023
9INKU,285,723,438,v013
9INKU,285,723,438,v008
9INKU,96,376,280,v017
9INKU,259,384,125,v029
9INKU,0,175,175,v014
1T2W4,0,388,388,v021
1T2W4,511,658,147,v016
1T2W4,312,487,175,v022
1T2W4,540,658,118,v025
1T2W4,494,650,156,v023
1T2W4,511,658,147,v023
1T2W4,362,658,296,v026
1T2W4,501,658,157,v025
1T2W4,0,408,408,v008
JKR9A,381,717,336,v006
JKR9A,240,446,206,v027
JKR9A,45,717,672,v008
JKR9A,88,321,233,v023
OHBYF,432,595,163,v001
OHBYF,501,715,214,v008
OHBYF,362,614,252,v008
OHBYF,544,828,284,v023
OHBYF,129,652,523,v016
OHBYF,129,288,159,v023
OHBYF,180,556,376,v026
Z7UOT,343,508,165,v016
Z7UOT,331,516,185,v022
Z7UOT,578,732,154,v023
Z7UOT,578,732,154,v008
Z7UOT,0,518,518,v018
Z7UOT,0,508,508,v008
Z7UOT,468,732,264,v026
Z7UOT,96,304,208,v008
Z7UOT,0,494,494,v018
8FH96,189,423,234,v001
8FH96,237,423,186,v009
8FH96,235,423,188,v019
8FH96,206,348,142,v012
8FH96,0,264,264,v002
8FH96,206,348,142,v012
59KH0,45,280,235,v003
59KH0,177,369,192,v028
59KH0,0,136,136,v031
59KH0,307,595,288,v014
59KH0,643,808,165,v019
59KH0,184,367,183,v023
59KH0,290,817,527,v018
59KH0,290,817,527,v031
59KH0,290,817,527,v018
59KH0,295,817,522,v032
59KH0,556,817,261,v009
59KH0,0,93,93,v006
9HI9D,21,182,161,v016
9HI9D,115,367,252,v012
9HI9D,573,729,156,v005
9HI9D,0,192,192,v008
3GA59,62,492,430,v002
3GA59,424,552,128,v017
3GA59,410,547,137,v008
3GA59,405,520,115,v023
3GA59,453,552,99,v029
LKQQO,326,764,438,v031
LKQQO,0,184,184,v008
LKQQO,48,268,220,v016
LKQQO,158,379,221,v018
LKQQO,0,144,144,v022
LKQQO,0,196,196,v016
LKQQO,192,764,572,v012
LKQQO,0,165,165,v008
LKQQO,321,764,443,v005
LKQQO,0,165,165,v008
QGIP7,36,132,96,v004
QGIP7,57,160,103,v019
QGIP7,45,153,108,v018
QGIP7,244,343,99,v019
QGIP7,403,504,101,v018
QGIP7,144,336,192,v006
QGIP7,9,549,540,v008
QGIP7,50,482,432,v031
90L0S,33,736,703,v026
90L0S,96,283,187,v019
90L0S,33,736,703,v026
90L0S,0,736,736,v008
90L0S,309,736,427,v008
90L0S,338,578,240,v001
BOH8J,331,1120,789,v026
BOH8J,585,741,156,v031
BOH8J,991,1129,138,v016
BOH8J,912,1070,158,v023
BOH8J,657,794,137,v012
BOH8J,996,1129,133,v001
BOH8J,708,1075,367,v030
AXS82,328,460,132,v001
AXS82,434,691,257,v008
AXS82,81,396,315,v009
AXS82,602,719,117,v012
AXS82,0,480,480,v008
EAVWL,160,316,156,v016
EAVWL,232,563,331,v012
EAVWL,0,563,563,v018
EAVWL,216,563,347,v031
EAVWL,0,563,563,v008
VSLQT,100,926,826,v005
VSLQT,76,276,200,v023
VSLQT,0,926,926,v010
VSLQT,0,216,216,v000
VSLQT,199,856,657,v008
VSLQT,0,302,302,v021
VSLQT,0,201,201,v000
VSLQT,240,926,686,v005
VSLQT,115,842,727,v008
VSLQT,0,141,141,v021
VSLQT,91,280,189,v023
P3WQV,696,1039,343,v031
P3WQV,2,180,178,v018
P3WQV,93,684,591,v010
P3WQV,708,1060,352,v018
P3WQV,237,748,511,v021
P3WQV,588,760,172,v022
GAO6V,304,703,399,v002
GAO6V,132,283,151,v000
HH0VG,237,1624,1387,v031
HH0VG,321,1724,1403,v006
HH0VG,108,367,259,v031
HH0VG,98,297,199,v023
7XVS7,657,782,125,v004
7XVS7,88,208,120,v016
7XVS7,357,470,113,v016
7XVS7,393,940,547,v031
7XVS7,511,940,429,v008
7XVS7,0,940,940,v008
7XVS7,0,940,940,v018
7XVS7,487,808,321,v004
7XVS7,84,223,139,v023
7XVS7,0,940,940,v021
7XVS7,122,453,331,v015
7XVS7,0,940,940,v018
7XVS7,398,940,542,v014
7XVS7,393,885,492,v032
7XVS7,93,940,847,v008
EVHAZ,0,345,345,v022
EVHAZ,0,345,345,v006
EVHAZ,0,825,825,v008
EVHAZ,0,825,825,v031
EQ1G5,0,551,551,v018
EQ1G5,0,158,158,v008
EQ1G5,48,551,503,v021
EQ1G5,0,551,551,v018
Z1VB4,52,352,300,v012
Z1VB4,165,352,187,v023
Z1VB4,324,460,136,v008
Z1VB4,268,415,147,v001
Z1VB4,331,465,134,v008
Z1VB4,324,472,148,v023
Z1VB4,612,1065,453,v002
Z1VB4,60,189,129,v012
Z1VB4,105,374,269,v016
NE37I,417,634,217,v008
NE37I,386,532,146,v023
NE37I,0,420,420,v002
NE37I,0,420,420,v016
NE37I,0,396,396,v008
CRH69,501,583,82,v025
CRH69,0,561,561,v026
CRH69,436,583,147,v012
CRH69,470,583,113,v025
CRH69,33,573,540,v026
CRH69,0,441,441,v023
CRH69,424,583,159,v007
CRH69,0,583,583,v008
AVH53,302,613,311,v008
AVH53,19,408,389,v008
AVH53,336,613,277,v019
AVH53,321,613,292,v006
AVH53,48,362,314,v026
U6GKR,158,446,288,v004
U6GKR,0,589,589,v008
809QT,96,552,456,v008
809QT,72,192,120,v023
809QT,216,552,336,v017
809QT,120,283,163,v031
7JZGN,177,738,561,v010
7JZGN,0,268,268,v018
7JZGN,141,314,173,v001
7JZGN,0,738,738,v008
7JZGN,0,139,139,v012
7JZGN,0,333,333,v032
7JZGN,0,738,738,v008
0M1PW,0,467,467,v011
0M1PW,0,467,467,v002
0M1PW,45,408,363,v019
0M1PW,0,467,467,v032
DZV6Z,302,769,467,v005
DZV6Z,314,769,455,v005
DZV6Z,314,769,455,v014
DZV6Z,0,769,769,v008
DZV6Z,0,252,252,v029
CUB69,115,522,407,v014
CUB69,0,522,522,v018
CUB69,0,184,184,v005
CUB69,0,522,522,v018
CUB69,0,225,225,v008
CUB69,0,522,522,v018
CUB69,0,522,522,v032
BI86J,110,468,358,v002
BI86J,0,650,650,v008
BI86J,144,340,196,v005
BI86J,24,636,612,v005
BI86J,0,636,636,v016
BI86J,324,750,426,v020
BI86J,7,676,669,v008
BI86J,444,696,252,v016
BI86J,384,549,165,v012
BI86J,537,708,171,v016
6H4D1,0,247,247,v018
6H4D1,0,242,242,v018
6H4D1,218,681,463,v028
6H4D1,1063,1209,146,v022
MPUJ7,278,396,118,v008
MPUJ7,0,168,168,v008
MPUJ7,314,731,417,v014
MPUJ7,57,398,341,v008
MPUJ7,511,731,220,v023
MPUJ7,0,731,731,v018
YXN50,448,604,156,v016
YXN50,444,604,160,v016
YXN50,0,583,583,v008
YXN50,559,922,363,v008
YXN50,16,472,456,v004
YXN50,444,604,160,v016
YXN50,0,148,148,v023
YXN50,393,578,185,v016
YXN50,528,715,187,v023
99GC2,0,112,112,v018
99GC2,0,91,91,v008
99GC2,0,112,112,v014
99GC2,43,112,69,v020
AIOTI,96,225,129,v001
AIOTI,122,247,125,v016
AIOTI,0,240,240,v031
AIOTI,206,463,257,v008
AIOTI,434,612,178,v023
AIOTI,192,463,271,v026
AIOTI,540,691,151,v029
AIOTI,427,573,146,v026
ZCO4U,458,669,211,v018
ZCO4U,489,681,192,v018
ZCO4U,0,451,451,v018
ZCO4U,0,350,350,v019
ZCO4U,381,518,137,v016
ZCO4U,292,456,164,v022
MRKTD,213,429,216,v008
MRKTD,400,516,116,v016
MRKTD,228,453,225,v020
MRKTD,175,345,170,v023
MRKTD,283,518,235,v030
MRKTD,350,520,170,v025
MRKTD,384,506,122,v016
MRKTD,448,585,137,v029
5MYL4,0,732,732,v018
5MYL4,0,732,732,v005
5MYL4,0,732,732,v008
5MYL4,0,732,732,v031
5MYL4,0,732,732,v008
ENQ1G,0,170,170,v008
ENQ1G,415,640,225,v019
ENQ1G,0,141,141,v009
ENQ1G,648,933,285,v030
X95FK,429,616,187,v016
X95FK,412,616,204,v016
X95FK,0,671,671,v008
IWK2Y,132,259,127,v026
IWK2Y,9,213,204,v031
IWK2Y,132,264,132,v023
IWK2Y,146,323,177,v017
STB0G,472,897,425,v008
STB0G,796,921,125,v016
STB0G,792,949,157,v023
STB0G,487,907,420,v026
STB0G,472,583,111,v023
STB0G,74,393,319,v030
STB0G,292,504,212,v026
STB0G,472,907,435,v026
UJMNV,0,766,766,v008
UJMNV,0,146,146,v020
UIPXF,343,504,161,v026
UIPXF,0,753,753,v008
UIPXF,487,624,137,v012
UIPXF,0,410,410,v004
UIPXF,460,710,250,v029
UIPXF,540,753,213,v001
UIPXF,314,753,439,v023
UIPXF,487,698,211,v007
U1LFT,345,480,135,v016
U1LFT,384,556,172,v016
U1LFT,0,463,463,v028
U1LFT,362,525,163,v026
U1LFT,400,525,125,v023
JW313,0,656,656,v008
JW313,0,656,656,v023
JW313,0,656,656,v031
JW313,0,656,656,v008
JW313,0,656,656,v030
JW313,0,656,656,v008
IO5UK,55,523,468,v002
IO5UK,168,477,309,v008
IO5UK,182,489,307,v023
IO5UK,256,434,178,v015
CS8O0,0,182,182,v023
CS8O0,223,696,473,v026
CS8O0,664,708,44,v026
CS8O0,664,708,44,v016
CS8O0,664,708,44,v001
CS8O0,664,708,44,v016
CS8O0,0,211,211,v008
CS8O0,232,350,118,v023
CS8O0,652,708,56,v016
CS8O0,0,62,62,v029
A6JLX,40,182,142,v016
A6JLX,0,127,127,v017
A6JLX,110,244,134,v012
A6JLX,211,403,192,v008
A6JLX,182,304,122,v023
A6JLX,168,309,141,v023
A6JLX,48,180,132,v016
A6JLX,112,242,130,v012
A6JLX,0,182,182,v008
A6JLX,112,247,135,v012
L5ZAB,0,278,278,v008
L5ZAB,120,252,132,v022
L5ZAB,9,165,156,v020
L5ZAB,0,218,218,v018
HB9LP,535,715,180,v008
HB9LP,0,564,564,v002
HB9LP,537,655,118,v012
HB9LP,573,715,142,v023
HB9LP,600,715,115,v008
XDRZ7,290,448,158,v029
XDRZ7,192,355,163,v031
XDRZ7,0,170,170,v020
6KIA4,0,532,532,v026
6KIA4,420,567,147,v030
6KIA4,480,567,87,v016
6KIA4,0,98,98,v023
8IBNY,540,818,278,v008
8IBNY,698,1024,326,v005
8IBNY,230,412,182,v015
8IBNY,31,206,175,v016
8IBNY,292,444,152,v016
8IBNY,468,631,163,v016
8IBNY,24,158,134,v023
8IBNY,79,211,132,v023
8IBNY,182,352,170,v023
8IBNY,765,972,207,v004
U104F,0,552,552,v031
U104F,504,708,204,v009
U104F,0,708,708,v014
1UXVA,278,400,122,v008
1UXVA,360,542,182,v004
1UXVA,199,400,201,v005
1UXVA,511,652,141,v023
1UXVA,674,736,62,v029
1UXVA,326,597,271,v008
1UXVA,26,621,595,v018
J4RPL,396,540,144,v016
J4RPL,0,115,115,v023
J4RPL,0,110,110,v023
J4RPL,499,643,144,v023
J4RPL,583,737,154,v025
J4RPL,0,737,737,v018
5VDT6,48,223,175,v004
5VDT6,439,554,115,v025
5VDT6,504,734,230,v016
5VDT6,36,765,729,v008
5VDT6,199,348,149,v026
5VDT6,446,751,305,v025
7L5W3,0,460,460,v018
7L5W3,494,744,250,v008
7L5W3,372,741,369,v022
7L5W3,633,744,111,v018
7L5W3,480,600,120,v023
5YN7H,0,153,153,v021
5YN7H,72,266,194,v031
5YN7H,0,168,168,v018
5YN7H,86,204,118,v025
5YN7H,0,172,172,v018
5YN7H,144,266,122,v012
5YN7H,38,175,137,v022
F8M2Y,261,393,132,v012
F8M2Y,372,477,105,v012
F8M2Y,340,484,144,v031
F8M2Y,175,297,122,v025
F8M2Y,319,626,307,v008
F8M2Y,518,633,115,v025
F8M2Y,0,276,276,v028
F8M2Y,170,295,125,v016
F8M2Y,643,704,61,v001
4U20P,0,682,682,v020
4U20P,0,682,682,v008
4U20P,0,682,682,v019
4U20P,0,682,682,v009
4U20P,0,682,682,v008
ZSREG,16,187,171,v012
ZSREG,67,194,127,v016
ZSREG,0,144,144,v008
VA7IT,348,528,180,v025
VA7IT,0,417,417,v010
VA7IT,350,463,113,v025
VA7IT,480,669,189,v026
VA7IT,288,398,110,v000
VA7IT,621,739,118,v016
VA7IT,480,648,168,v023
VA7IT,0,364,364,v021
VA7IT,278,499,221,v022
8JMY5,33,393,360,v008
8JMY5,31,153,122,v023
8JMY5,72,393,321,v020
8JMY5,28,393,365,v008
MDUG6,28,914,886,v002
K1M15,345,693,348,v014
K1M15,244,360,116,v002
K1M15,631,734,103,v019
K1M15,93,367,274,v002
K1M15,120,403,283,v016
K1M15,292,734,442,v008
K1M15,633,749,116,v023
LQEB5,271,532,261,v008
LQEB5,266,472,206,v023
LQEB5,156,283,127,v016
LQEB5,156,283,127,v025
LQEB5,36,230,194,v028
I79Q6,9,194,185,v016
I79Q6,28,194,166,v012
I79Q6,340,590,250,v004
I79Q6,316,511,195,v015
I79Q6,218,451,233,v023
I79Q6,520,638,118,v016
I79Q6,254,638,384,v008
I79Q6,163,324,161,v023
I79Q6,170,640,470,v008
KJK56,0,721,721,v008
KJK56,348,721,373,v007
KJK56,0,350,350,v018
KJK56,208,721,513,v024
KJK56,360,721,361,v009
KJK56,115,333,218,v028
KJK56,345,721,376,v019
KJK56,16,304,288,v004
KJK56,247,364,117,v022
KJK56,578,721,143,v012
KJK56,0,333,333,v008
YA379,103,616,513,v031
YA379,16,616,600,v008
YA379,204,552,348,v020
YA379,64,208,144,v004
4RBVB,424,640,216,v012
4RBVB,381,860,479,v018
4RBVB,364,556,192,v018
4RBVB,55,199,144,v012
4RBVB,357,535,178,v023
4RBVB,364,860,496,v008
4RBVB,278,417,139,v001
4RBVB,420,860,440,v031
4RBVB,43,204,161,v012
4RBVB,271,422,151,v001
4RBVB,72,379,307,v016
73XDD,0,151,151,v018
73XDD,81,326,245,v029
73XDD,388,547,159,v028
73XDD,180,595,415,v018
73XDD,0,662,662,v008
73XDD,0,333,333,v008
73XDD,220,326,106,v016
PROQY,0,665,665,v030
PROQY,0,665,665,v008
PROQY,0,72,72,v017
PROQY,0,665,665,v030
RBNLA,609,768,159,v027
RBNLA,0,645,645,v008
RBNLA,43,684,641,v014
RBNLA,518,684,166,v001
RBNLA,321,472,151,v016
RBNLA,530,652,122,v007
RBNLA,321,472,151,v016
EW6K9,0,218,218,v004
EW6K9,110,290,180,v008
EW6K9,0,899,899,v018
EW6K9,213,372,159,v016
EW6K9,326,465,139,v025
EW6K9,820,899,79,v019
EW6K9,578,717,139,v025
EW6K9,590,715,125,v025
IQIBE,530,701,171,v019
IQIBE,530,701,171,v031
IQIBE,0,352,352,v031
IQIBE,285,701,416,v009
OHZG5,153,271,118,v016
OHZG5,0,144,144,v004
OHZG5,0,746,746,v021
OHZG5,175,336,161,v009
OHZG5,0,746,746,v018
OHZG5,0,746,746,v008
OHZG5,0,746,746,v018
I7HPL,0,732,732,v005
I7HPL,0,732,732,v018
I7HPL,0,732,732,v018
I7HPL,196,530,334,v008
YBVVZ,691,811,120,v023
YBVVZ,0,297,297,v026
YBVVZ,364,554,190,v016
YBVVZ,592,844,252,v016
YBVVZ,235,804,569,v030
YBVVZ,703,844,141,v026
YBVVZ,571,844,273,v016
YBVVZ,403,844,441,v016
50N4E,537,613,76,v027
50N4E,0,501,501,v030
50N4E,384,613,229,v023
50N4E,0,613,613,v008
ZKGKR,357,687,330,v008
ZKGKR,228,381,153,v001
ZKGKR,492,687,195,v023
ZKGKR,0,271,271,v016
ZKGKR,352,679,327,v016
ZKGKR,153,273,120,v016
ZKGKR,0,192,192,v028
ZKGKR,360,684,324,v026
ZKGKR,208,415,207,v031
GFFJM,609,753,144,v027
GFFJM,595,753,158,v007
GFFJM,0,636,636,v005
GFFJM,580,753,173,v001
GFFJM,0,477,477,v003
GFFJM,559,748,189,v029
GFFJM,376,530,154,v022
GFFJM,444,751,307,v022
GFFJM,0,753,753,v008
XKH7W,194,326,132,v004
XKH7W,290,415,125,v005
XKH7W,0,798,798,v018
XKH7W,0,798,798,v008
XKH7W,0,132,132,v018
FY9UT,309,395,86,v021
FY9UT,0,395,395,v010
FY9UT,16,376,360,v031
FY9UT,14,369,355,v008
KU4UP,268,736,468,v015
KU4UP,48,192,144,v023
KU4UP,88,240,152,v008
E40Y8,285,936,651,v008
E40Y8,331,1307,976,v005
E40Y8,278,427,149,v023
E40Y8,271,408,137,v012
E40Y8,801,1034,233,v016
E40Y8,1036,1307,271,v008
E40Y8,285,1000,715,v023
E40Y8,31,1307,1276,v023
E40Y8,364,1307,943,v008
PVCFQ,0,912,912,v008
PVCFQ,69,912,843,v024
PVCFQ,0,912,912,v008
PVCFQ,535,768,233,v020
PVCFQ,0,912,912,v008
EMYSA,40,204,164,v012
EMYSA,120,295,175,v023
EMYSA,28,199,171,v022
EMYSA,112,619,507,v012
EMYSA,55,208,153,v001
EMYSA,139,619,480,v008
EMYSA,273,564,291,v008
EMYSA,261,369,108,v023
PVAJ8,700,905,205,v001
PVAJ8,180,429,249,v008
PVAJ8,79,232,153,v016
PVAJ8,0,441,441,v026
PVAJ8,136,297,161,v023
PVAJ8,96,230,134,v016
PVAJ8,640,801,161,v025
PVAJ8,0,905,905,v022
PVAJ8,350,496,146,v020
PVAJ8,170,420,250,v026
PVAJ8,7,175,168,v026
PVAJ8,84,216,132,v016
PVAJ8,700,900,200,v001
PVAJ8,0,792,792,v026
PVAJ8,432,905,473,v023
IJ3QB,244,460,216,v008
IJ3QB,213,432,219,v023
IJ3QB,484,580,96,v022
IJ3QB,0,124,124,v018
IJ3QB,388,554,166,v016
IJ3QB,208,530,322,v016
IJ3QB,0,168,168,v018
IJ3QB,194,528,334,v008
IJ3QB,52,295,243,v008
IJ3QB,199,525,326,v016
Z5FNI,439,626,187,v001
Z5FNI,362,544,182,v012
Z5FNI,300,456,156,v027
Z5FNI,199,446,247,v029
0I1S5,100,326,226,v025
0I1S5,122,554,432,v008
0I1S5,314,540,226,v016
0I1S5,100,532,432,v008
0I1S5,408,595,187,v016
0I1S5,398,540,142,v019
0I1S5,28,362,334,v026
0I1S5,48,460,412,v023
OWENO,0,170,170,v031
OWENO,0,173,173,v008
OWENO,0,146,146,v019
OWENO,110,173,63,v029
OWENO,0,144,144,v031
OWENO,0,173,173,v008
OWENO,0,153,153,v019
JOYAJ,160,364,204,v012
JOYAJ,158,364,206,v012
JOYAJ,292,429,137,v022
JOYAJ,321,465,144,v001
JOYAJ,0,211,211,v002
JOYAJ,211,338,127,v018
JOYAJ,218,432,214,v008
6JACT,156,480,324,v004
6JACT,0,256,256,v008
6JACT,0,530,530,v008
6JACT,0,115,115,v023
WM336,168,340,172,v023
WM336,228,357,129,v016
WM336,379,660,281,v019
WM336,189,348,159,v016
WM336,117,273,156,v012
WM336,386,616,230,v026
WM336,127,326,199,v008
WM336,429,640,211,v016
WM336,331,475,144,v016
WM336,184,343,159,v008
WM336,69,213,144,v023
WM336,372,657,285,v009
WM336,396,602,206,v008
WM336,393,612,219,v023
WM336,343,465,122,v025
G3WBE,926,1048,122,v016
G3WBE,799,1022,223,v004
G3WBE,552,691,139,v023
G3WBE,931,1034,103,v016
G3WBE,760,873,113,v023
G3WBE,0,1071,1071,v008
G3WBE,0,112,112,v018
G3WBE,91,386,295,v031
G3WBE,43,1065,1022,v018
G3WBE,112,873,761,v014
G81JB,756,955,199,v026
G81JB,297,772,475,v008
G81JB,727,1012,285,v023
G81JB,88,271,183,v002
G81JB,446,736,290,v026
G81JB,290,542,252,v023
ATI0Z,0,235,235,v018
ATI0Z,216,410,194,v027
ATI0Z,352,778,426,v026
ATI0Z,134,273,139,v022
ATI0Z,336,778,442,v008
ATI0Z,336,456,120,v023
ZI3BR,177,535,358,v008
ZI3BR,343,472,129,v023
ZI3BR,396,520,124,v026
ZI3BR,295,424,129,v008
9BHU1,2,446,444,v016
9BHU1,38,391,353,v023
9BHU1,0,480,480,v016
1B9C8,0,653,653,v008
1B9C8,0,653,653,v008
1B9C8,0,139,139,v018
1B9C8,528,652,124,v022
1B9C8,0,609,609,v031
1B9C8,0,653,653,v029
9F691,345,489,144,v023
9F691,607,741,134,v009
9F691,0,348,348,v018
9F691,360,741,381,v014
9F691,0,348,348,v018
IK8PA,0,256,256,v026
IK8PA,153,384,231,v016
IK8PA,295,523,228,v023
IK8PA,343,609,266,v008
IK8PA,228,518,290,v020
IK8PA,508,747,239,v016
IK8PA,537,664,127,v026
IK8PA,0,747,747,v008
V9JJL,297,393,96,v020
V9JJL,40,386,346,v026
V9JJL,72,206,134,v008
V9JJL,0,88,88,v012
V9JJL,0,100,100,v029
V9JJL,19,211,192,v026
8I352,0,103,103,v029
8I352,403,693,290,v018
8I352,0,386,386,v008
8I352,357,693,336,v018
8I352,98,338,240,v026
8I352,391,693,302,v008
8I352,381,693,312,v026
8I352,0,328,328,v024
XU2BY,0,789,789,v008
XU2BY,0,789,789,v008
XU2BY,0,789,789,v008
R4BTI,0,132,132,v029
R4BTI,734,942,208,v008
R4BTI,40,360,320,v020
R4BTI,420,835,415,v028
R4BTI,777,942,165,v016
R4BTI,777,942,165,v016
V4BBC,0,177,177,v014
V4BBC,88,249,161,v023
V4BBC,156,280,124,v008
55AH5,362,523,161,v010
55AH5,0,127,127,v012
55AH5,122,288,166,v005
55AH5,132,446,314,v018
55AH5,132,355,223,v008
55AH5,96,218,122,v018
55AH5,362,600,238,v010
55AH5,0,122,122,v029
A4N6Z,326,720,394,v018
A4N6Z,0,391,391,v010
A4N6Z,297,451,154,v022
A4N6Z,340,492,152,v018
A4N6Z,0,720,720,v031
5UFCJ,578,706,128,v004
5UFCJ,0,706,706,v008
5UFCJ,100,384,284,v015
5UFCJ,537,706,169,v031
5UFCJ,484,706,222,v005
L58KN,324,731,407,v012
L58KN,204,326,122,v025
L58KN,324,731,407,v012
L58KN,0,321,321,v008
L58KN,196,326,130,v016
L58KN,0,326,326,v026
AH1N1,0,151,151,v018
AH1N1,492,628,136,v022
AH1N1,28,590,562,v018
AH1N1,264,556,292,v016
AH1N1,0,588,588,v016
AH1N1,4,264,260,v016
6KJGX,14,182,168,v008
6KJGX,148,307,159,v016
6KJGX,148,307,159,v025
6KJGX,280,727,447,v002
6KJGX,0,117,117,v023
6KJGX,170,302,132,v025
OSUXM,280,629,349,v008
OSUXM,295,629,334,v014
OSUXM,0,393,393,v019
OSUXM,0,388,388,v031
OSUXM,36,391,355,v019
95HQC,0,719,719,v008
95HQC,55,271,216,v028
95HQC,228,619,391,v012
95HQC,0,719,719,v014
95HQC,184,719,535,v013
FGBXJ,0,120,120,v010
FGBXJ,441,652,211,v012
FGBXJ,367,720,353,v031
FGBXJ,0,720,720,v018
FGBXJ,410,720,310,v008
FGBXJ,417,592,175,v023
FGBXJ,0,720,720,v009
FGBXJ,384,645,261,v019
FGBXJ,643,720,77,v001
FGBXJ,0,679,679,v019
OO139,4,614,610,v031
OO139,0,230,230,v008
OO139,0,232,232,v014
OO139,0,621,621,v006
OO139,537,681,144,v023
R4V8W,0,312,312,v016
R4V8W,264,552,288,v026
QN4MZ,0,692,692,v008
QN4MZ,0,244,244,v020
QN4MZ,0,692,692,v026
WYZ5D,12,499,487,v008
WYZ5D,19,520,501,v017
WYZ5D,4,506,502,v008
WYZ5D,268,367,99,v008
WYZ5D,14,122,108,v029
M5UQR,0,778,778,v031
M5UQR,297,472,175,v016
M5UQR,415,778,363,v019
M5UQR,0,386,386,v008
M5UQR,0,778,778,v006
M5UQR,0,778,778,v018
M5UQR,0,778,778,v008
M5UQR,314,429,115,v025
M5UQR,0,410,410,v014
2F7AQ,0,345,345,v014
2F7AQ,283,737,454,v002
654PD,182,331,149,v016
654PD,0,316,316,v008
654PD,280,420,140,v012
654PD,206,321,115,v016
654PD,0,316,316,v008
BART9,0,240,240,v008
BART9,381,532,151,v016
BART9,0,788,788,v022
BART9,98,244,146,v016
BART9,350,470,120,v016
BART9,309,429,120,v023
BART9,117,528,411,v019
BART9,62,184,122,v012
BART9,326,453,127,v012
VPB1Z,444,847,403,v008
VPB1Z,0,847,847,v018
VPB1Z,384,523,139,v016
VPB1Z,0,580,580,v008
VPB1Z,494,636,142,v012
937EW,0,762,762,v026
937EW,0,216,216,v016
937EW,600,762,162,v026
937EW,333,580,247,v031
937EW,0,237,237,v008
937EW,187,429,242,v008
937EW,542,753,211,v026
937EW,0,120,120,v023
937EW,160,338,178,v023
MNC10,0,316,316,v008
MNC10,182,336,154,v025
MNC10,280,420,140,v023
MNC10,285,475,190,v008
MNC10,249,507,258,v023
U5B14,0,72,72,v018
U5B14,0,72,72,v022
U5B14,48,168,120,v012
U5B14,672,721,49,v001
KF42S,0,465,465,v008
KF42S,0,465,465,v021
KF42S,254,398,144,v022
JOUM7,84,775,691,v008
JOUM7,103,746,643,v014
JOUM7,86,751,665,v018
JOUM7,290,549,259,v023
JOUM7,638,758,120,v022
JOUM7,460,722,262,v005
J53NS,422,687,265,v023
J53NS,264,391,127,v022
J53NS,0,288,288,v008
J53NS,0,81,81,v018
J53NS,148,343,195,v016
J53NS,0,153,153,v023
6VJI0,0,733,733,v008
6VJI0,0,733,733,v014
6VJI0,0,733,733,v008
6VJI0,684,733,49,v019
6VJI0,684,733,49,v018
6VJI0,684,733,49,v031
6VJI0,684,733,49,v008
0X49F,0,568,568,v016
0X49F,549,1030,481,v003
0X49F,33,991,958,v029
0X49F,424,556,132,v023
0X49F,0,552,552,v008
KUOT7,0,712,712,v008
KUOT7,326,712,386,v031
KUOT7,0,585,585,v008
KUOT7,0,295,295,v030
KUOT7,163,295,132,v019
KUOT7,0,712,712,v008
I5MCA,19,141,122,v008
I5MCA,45,175,130,v029
I5MCA,172,412,240,v030
I5MCA,127,259,132,v016
I5MCA,127,259,132,v016
JP7V4,199,374,175,v023
JP7V4,417,573,156,v030
JP7V4,0,292,292,v030
JP7V4,283,573,290,v008
JP7V4,309,573,264,v019
JP7V4,276,424,148,v023
IKJB4,348,566,218,v016
IKJB4,348,566,218,v016
IKJB4,556,704,148,v020
IKJB4,350,518,168,v008
KS5VD,336,566,230,v031
KS5VD,0,424,424,v002
KS5VD,544,647,103,v029
I562C,364,844,480,v008
I562C,520,811,291,v008
I562C,336,844,508,v018
I562C,312,458,146,v018
I562C,364,844,480,v008
I562C,0,364,364,v007
I562C,331,844,513,v018
I562C,501,643,142,v023
I562C,348,477,129,v023
I562C,364,616,252,v005
I562C,206,352,146,v001
I562C,547,794,247,v004
I562C,14,136,122,v012
REH2U,0,856,856,v010
REH2U,592,1012,420,v008
REH2U,328,576,248,v020
REH2U,871,1044,173,v022
REH2U,0,1017,1017,v008
REH2U,0,914,914,v021
REH2U,0,319,319,v021
REH2U,254,993,739,v023
REH2U,631,1044,413,v016
DYVUY,566,672,106,v027
DYVUY,36,602,566,v031
DYVUY,595,726,131,v001
DYVUY,16,643,627,v012
DYVUY,136,726,590,v008
DYVUY,21,170,149,v012
DYVUY,580,726,146,v007
DYVUY,513,621,108,v001
DYVUY,0,84,84,v029
52CKM,0,276,276,v010
52CKM,249,588,339,v031
52CKM,597,758,161,v012
52CKM,688,812,124,v008
OSIKP,525,669,144,v023
OSIKP,0,740,740,v031
OSIKP,532,662,130,v005
OSIKP,532,655,123,v005
OSIKP,0,740,740,v008
QEFJF,0,225,225,v005
QEFJF,0,273,273,v008
QEFJF,194,738,544,v026
QEFJF,0,225,225,v008
QEFJF,403,520,117,v016
QEFJF,403,738,335,v016
QEFJF,199,355,156,v023
Z1EEF,0,759,759,v008
Z1EEF,0,759,759,v008
Z1EEF,0,759,759,v008
Z1EEF,0,206,206,v005
Z1EEF,0,759,759,v018
UVP3F,98,312,214,v012
UVP3F,360,580,220,v016
UVP3F,189,319,130,v001
M5W51,0,412,412,v018
M5W51,319,645,326,v000
M5W51,571,686,115,v022
M5W51,590,729,139,v023
M5W51,552,729,177,v023
M5W51,0,648,648,v018
M5W51,672,729,57,v016
M5W51,583,729,146,v008
NEO0V,110,465,355,v026
NEO0V,326,643,317,v020
NEO0V,16,640,624,v008
I164P,398,585,187,v029
I164P,336,516,180,v012
I164P,338,494,156,v007
I164P,208,499,291,v008
I164P,182,309,127,v023
I164P,182,309,127,v023
GPR89,1276,1416,140,v022
GPR89,0,280,280,v026
GPR89,456,1075,619,v023
GPR89,652,998,346,v032
GPR89,0,472,472,v018
GPR89,1022,1274,252,v023
GPR89,43,1336,1293,v008
GPR89,1226,1365,139,v016
STDCJ,0,297,297,v031
STDCJ,213,362,149,v012
STDCJ,297,441,144,v023
STDCJ,0,309,309,v031
B8IYJ,211,362,151,v025
B8IYJ,0,297,297,v002
B8IYJ,324,445,121,v005
3RSJV,290,805,515,v018
3RSJV,266,805,539,v008
3RSJV,220,386,166,v018
3RSJV,184,326,142,v009
3RSJV,362,540,178,v004
3RSJV,285,805,520,v031
3RSJV,201,328,127,v025
0NN7I,12,208,196,v016
0NN7I,158,631,473,v016
0NN7I,4,196,192,v026
0NN7I,0,196,196,v026
0NN7I,45,194,149,v025
0NN7I,681,748,67,v019
YQ6Z6,0,129,129,v029
YQ6Z6,132,391,259,v023
YQ6Z6,403,547,144,v001
YQ6Z6,84,247,163,v012
YQ6Z6,168,547,379,v008
KRLT7,247,547,300,v008
KRLT7,247,547,300,v023
KRLT7,112,300,188,v025
KRLT7,156,288,132,v025
KRLT7,254,547,293,v013
KRLT7,86,290,204,v008
ING5Z,0,295,295,v032
ING5Z,0,648,648,v018
ING5Z,684,828,144,v016
ING5Z,679,828,149,v023
ING5Z,0,751,751,v032
ING5Z,0,760,760,v018
Z0IE9,33,417,384,v006
Z0IE9,355,499,144,v022
Z0IE9,292,444,152,v027
X7R9N,117,304,187,v004
X7R9N,0,736,736,v031
X7R9N,0,736,736,v018
X7R9N,0,736,736,v008
X7R9N,0,736,736,v008
X7R9N,0,736,736,v031
GQKIU,252,361,109,v008
GQKIU,235,361,126,v023
MPBRL,24,220,196,v008
MPBRL,583,788,205,v030
MPBRL,0,134,134,v005
MPBRL,0,540,540,v014
MPBRL,684,788,104,v026
MPBRL,405,576,171,v022
MPBRL,0,532,532,v018
MPBRL,0,540,540,v018
MPBRL,607,780,173,v023
MPBRL,0,153,153,v008
MPBRL,7,134,127,v023
MPBRL,688,788,100,v030
MPBRL,530,693,163,v029
6LNYW,458,624,166,v025
6LNYW,0,840,840,v008
6LNYW,0,844,844,v026
6LNYW,540,681,141,v020
6LNYW,487,614,127,v025
KK8N9,0,201,201,v004
KK8N9,0,230,230,v008
KK8N9,141,293,152,v008
KK8N9,136,264,128,v023
KK8N9,187,293,106,v009
KK8N9,60,184,124,v016
KK8N9,213,293,80,v019
KK8N9,139,293,154,v014
QEV60,64,204,140,v016
QEV60,0,110,110,v023
QEV60,177,433,256,v031
QEV60,0,199,199,v008
QEV60,0,433,433,v018
X7GVM,0,759,759,v008
X7GVM,316,643,327,v023
X7GVM,554,759,205,v005
X7GVM,0,759,759,v014
G537E,40,566,526,v002
G537E,31,405,374,v005
G537E,573,940,367,v016
G537E,64,376,312,v008
G537E,667,878,211,v026
G537E,667,878,211,v016
G537E,319,542,223,v020
G537E,667,878,211,v016
3H09L,312,585,273,v012
3H09L,0,244,244,v009
3H09L,0,693,693,v022
3H09L,69,360,291,v008
3H09L,0,432,432,v019
3H09L,0,345,345,v018
02XLP,441,743,302,v005
02XLP,326,482,156,v023
02XLP,0,422,422,v002
02XLP,386,743,357,v005
02XLP,345,743,398,v008
AWBEC,0,436,436,v008
AWBEC,0,436,436,v031
AWBEC,0,436,436,v008
XULW2,0,289,289,v008
XULW2,0,110,110,v008
XULW2,0,86,86,v026
XULW2,72,288,216,v015
XULW2,0,122,122,v016
XULW2,67,289,222,v008
DPBI3,415,708,293,v008
DPBI3,499,708,209,v023
DPBI3,288,448,160,v009
DPBI3,309,465,156,v019
AQ69X,0,127,127,v008
AQ69X,2,304,302,v003
AQ69X,0,91,91,v023
AQ69X,0,686,686,v003
AQ69X,590,726,136,v022
AQ69X,0,726,726,v018
AQ69X,0,98,98,v023
119W9,360,603,243,v002
119W9,100,232,132,v001
JSTSD,288,534,246,v008
JSTSD,297,432,135,v023
JSTSD,40,326,286,v009
AXKNP,0,410,410,v014
AXKNP,0,194,194,v019
AXKNP,0,696,696,v008
WZP3R,484,723,239,v008
WZP3R,43,211,168,v018
WZP3R,122,723,601,v018
WZP3R,146,513,367,v003
WZP3R,139,506,367,v026
WZP3R,439,588,149,v023
WZP3R,494,723,229,v016
A2DDA,0,352,352,v008
A2DDA,0,134,134,v008
A2DDA,304,429,125,v008
A2DDA,117,259,142,v005
A2DDA,492,703,211,v023
WQQ4Q,259,576,317,v001
WQQ4Q,225,369,144,v012
WQQ4Q,403,662,259,v008
WQQ4Q,196,537,341,v012
WQQ4Q,388,736,348,v023
WQQ4Q,583,962,379,v011
WQQ4Q,0,283,283,v030
WQQ4Q,81,273,192,v030
WQQ4Q,379,499,120,v023
WQQ4Q,698,880,182,v016
77AL0,0,752,752,v008
77AL0,0,752,752,v008
77AL0,26,664,638,v023
EF2YJ,240,614,374,v002
EF2YJ,573,862,289,v008
EF2YJ,568,717,149,v023
45D5U,0,764,764,v026
45D5U,602,736,134,v016
45D5U,609,739,130,v016
45D5U,0,764,764,v026
X0BEF,0,216,216,v008
X0BEF,96,336,240,v016
X0BEF,204,345,141,v023
X0BEF,439,650,211,v004
X0BEF,124,410,286,v025
X0BEF,12,266,254,v025
X0BEF,0,718,718,v008
X0BEF,0,718,718,v019
X0BEF,110,256,146,v009
L8V10,31,201,170,v008
L8V10,487,682,195,v019
L8V10,441,682,241,v019
L8V10,144,504,360,v003
ILQ2R,9,602,593,v031
ILQ2R,415,559,144,v027
ILQ2R,0,120,120,v029
6R6RS,345,566,221,v003
6R6RS,0,561,561,v010
6R6RS,542,720,178,v022
6R6RS,0,720,720,v008
FQ282,172,364,192,v008
FQ282,417,746,329,v008
FQ282,525,1020,495,v026
FQ282,360,604,244,v023
FQ282,381,1072,691,v026
FQ282,364,568,204,v023
FQ282,160,465,305,v016
FQ282,0,283,283,v026
FQ282,0,208,208,v016
FQ282,12,225,213,v012
9VZOY,172,484,312,v008
9VZOY,424,739,315,v004
9VZOY,96,740,644,v018
9VZOY,0,242,242,v000
9VZOY,172,664,492,v005
9VZOY,350,484,134,v005
9VZOY,0,151,151,v000
9VZOY,266,422,156,v012
9VZOY,352,480,128,v016
9VZOY,297,468,171,v023
STAZI,43,576,533,v001
STAZI,139,398,259,v007
STAZI,403,777,374,v026
STAZI,153,660,507,v008
STAZI,453,873,420,v026
STAZI,441,873,432,v008
STAZI,309,472,163,v016
STAZI,52,441,389,v031
STAZI,0,410,410,v029
STAZI,451,873,422,v002
TZ548,177,307,130,v029
TZ548,225,456,231,v023
TZ548,213,456,243,v008
KY28J,328,506,178,v031
KY28J,201,364,163,v005
KY28J,0,374,374,v005
KY28J,0,709,709,v018
KY28J,0,379,379,v008
KY28J,0,709,709,v018
KY28J,285,709,424,v014
8TSH9,254,504,250,v026
8TSH9,0,737,737,v030
8TSH9,81,672,591,v020
8TSH9,268,393,125,v026
9OMY1,0,458,458,v018
9OMY1,528,672,144,v018
9OMY1,28,151,123,v012
9OMY1,528,672,144,v018
9OMY1,0,468,468,v018
9OMY1,487,738,251,v031
9OMY1,364,499,135,v022
JLGLU,0,141,141,v012
JLGLU,0,153,153,v007
JLGLU,439,721,282,v008
JLGLU,369,549,180,v023
JLGLU,456,679,223,v001
42K3H,0,85,85,v001
42K3H,0,85,85,v012
42K3H,0,85,85,v001
UR6CU,199,357,158,v005
UR6CU,309,446,137,v023
UR6CU,0,304,304,v002
UH0BN,26,782,756,v028
UH0BN,386,568,182,v025
XRVQL,0,427,427,v008
XRVQL,0,432,432,v008
XRVQL,319,451,132,v025
XRVQL,67,204,137,v023
XRVQL,112,280,168,v005
XRVQL,297,460,163,v025
7DU77,271,511,240,v004
7DU77,244,480,236,v018
7DU77,199,350,151,v023
7DU77,0,232,232,v007
7DU77,667,757,90,v022
7DU77,0,139,139,v001
7DU77,240,757,517,v008
7DU77,376,757,381,v018
7DU77,0,120,120,v029
F24GU,26,340,314,v031
F24GU,364,749,385,v031
F24GU,259,448,189,v010
F24GU,273,749,476,v031
IZ2XX,201,393,192,v016
IZ2XX,14,398,384,v008
IZ2XX,302,665,363,v009
IZ2XX,69,254,185,v001
IZ2XX,304,665,361,v019
IZ2XX,218,340,122,v016
IZ2XX,0,127,127,v029
CUZND,300,417,117,v027
CUZND,268,408,140,v019
CUZND,712,880,168,v009
CUZND,0,890,890,v008
CUZND,405,578,173,v012
CUZND,487,631,144,v001
CUZND,0,484,484,v014
CUZND,398,511,113,v007
CUZND,432,588,156,v029
CUZND,0,84,84,v013
CUZND,288,417,129,v013
CUZND,732,832,100,v031
GO761,343,434,91,v027
GO761,84,232,148,v023
GO761,72,288,216,v016
Z2MY2,64,494,430,v008
Z2MY2,38,144,106,v018
Z2MY2,28,633,605,v014
Z2MY2,28,144,116,v018
Z2MY2,60,520,460,v013
Z2MY2,487,633,146,v025
Z2MY2,549,633,84,v022
Z2MY2,420,583,163,v008
97NNW,0,340,340,v002
97NNW,427,731,304,v016
97NNW,314,506,192,v023
0ZC7L,196,427,231,v008
0ZC7L,554,906,352,v014
0ZC7L,314,487,173,v022
0ZC7L,396,626,230,v018
0ZC7L,0,302,302,v026
0ZC7L,242,456,214,v019
0ZC7L,564,906,342,v008
KONWE,103,494,391,v016
KONWE,208,448,240,v008
KONWE,194,566,372,v021
KONWE,240,657,417,v018
KONWE,103,492,389,v018
KONWE,189,604,415,v022
KONWE,422,540,118,v025
NOP6W,616,759,143,v008
XNO6M,403,520,117,v027
XNO6M,0,615,615,v008
XNO6M,0,615,615,v008
XNO6M,355,573,218,v029
B5VY1,64,266,202,v016
B5VY1,0,288,288,v008
B5VY1,232,384,152,v012
B5VY1,4,136,132,v029
B5VY1,297,484,187,v008
B5VY1,369,484,115,v016
B5VY1,297,484,187,v016
B5VY1,0,228,228,v008
B5VY1,230,515,285,v023
B5VY1,146,295,149,v016
M2KU5,772,928,156,v031
M2KU5,96,770,674,v008
M2KU5,0,930,930,v018
BMF6X,0,148,148,v012
BMF6X,158,360,202,v004
BMF6X,64,240,176,v023
BMF6X,0,307,307,v001
BMF6X,91,235,144,v008
BMF6X,259,583,324,v025
BMF6X,120,254,134,v008
BMF6X,434,765,331,v022
BMF6X,254,638,384,v025
BMF6X,408,549,141,v016
LI5MN,0,999,999,v018
LI5MN,0,999,999,v018
UMT5R,516,714,198,v016
UMT5R,0,714,714,v002
UMT5R,48,508,460,v008
UMT5R,561,714,153,v016
UMT5R,448,590,142,v012
UMT5R,33,180,147,v008
UMT5R,0,144,144,v023
UMT5R,516,714,198,v016
Q1SV4,0,578,578,v008
Q1SV4,175,733,558,v006
Q1SV4,72,220,148,v023
Q1SV4,36,182,146,v016
Q1SV4,26,182,156,v025
56U6A,448,725,277,v031
56U6A,0,552,552,v026
56U6A,348,725,377,v008
56U6A,14,261,247,v016
56U6A,427,664,237,v018
56U6A,393,725,332,v031
TDNV3,532,806,274,v026
TDNV3,230,396,166,v005
TDNV3,460,806,346,v022
TDNV3,165,422,257,v005
TDNV3,0,576,576,v018
TDNV3,0,547,547,v018
TDNV3,225,415,190,v008
TDNV3,307,420,113,v016
UVP5I,57,441,384,v008
UVP5I,0,492,492,v031
UVP5I,0,146,146,v006
UVP5I,0,752,752,v008
UVP5I,0,752,752,v008
Y2YO6,0,716,716,v006
Y2YO6,0,716,716,v016
Y2YO6,26,716,690,v026
Y2YO6,12,716,704,v026
Y2YO6,0,716,716,v001
Y2YO6,0,716,716,v016
GLS7U,0,749,749,v018
GLS7U,0,609,609,v008
GLS7U,379,724,345,v012
GLS7U,487,749,262,v008
GLS7U,0,749,749,v018
GLS7U,0,614,614,v005
GLS7U,0,434,434,v031
E0AEN,278,528,250,v016
E0AEN,0,124,124,v012
E0AEN,148,1017,869,v016
E0AEN,0,112,112,v012
E0AEN,81,292,211,v016
E0AEN,948,1088,140,v001
E0AEN,88,288,200,v026
E0AEN,948,1088,140,v001
E0AEN,974,1088,114,v007
7EEF0,60,436,376,v031
7EEF0,0,569,569,v002
7EEF0,64,302,238,v019
1DNAX,9,165,156,v012
1DNAX,235,439,204,v023
1DNAX,165,288,123,v027
1DNAX,316,501,185,v020
1DNAX,12,194,182,v012
1DNAX,12,146,134,v007
MI4SN,0,648,648,v010
MI4SN,192,648,456,v000
MI4SN,792,1085,293,v028
MI4SN,624,792,168,v022
MI4SN,792,1085,293,v023
MI4SN,712,1085,373,v031
MI4SN,0,796,796,v018
S1LY3,631,881,250,v031
S1LY3,362,881,519,v018
S1LY3,0,727,727,v008
S1LY3,0,727,727,v008
S1LY3,415,681,266,v008
S1LY3,626,736,110,v016
S1LY3,57,679,622,v032
S1LY3,0,69,69,v023
S1LY3,0,686,686,v031
BM5B8,273,571,298,v012
BM5B8,276,528,252,v007
BM5B8,434,720,286,v028
BM5B8,319,528,209,v012
S1PWD,0,475,475,v008
S1PWD,0,76,76,v023
S1PWD,496,633,137,v004
S1PWD,12,199,187,v030
S1PWD,0,91,91,v016
S1PWD,350,484,134,v016
S1PWD,0,84,84,v031
S1PWD,0,463,463,v008
S1PWD,0,108,108,v013
S1PWD,0,93,93,v016
S1PWD,408,717,309,v008
S1PWD,396,520,124,v023
S1PWD,0,717,717,v018
S1PWD,0,456,456,v008
S1PWD,360,482,122,v016
AOQ7C,7,146,139,v007
AOQ7C,0,144,144,v001
AOQ7C,302,439,137,v012
AOQ7C,180,417,237,v017
AOQ7C,0,88,88,v029
7RBKP,115,736,621,v008
7RBKP,108,736,628,v016
7RBKP,110,736,626,v016
7RBKP,240,736,496,v019
7RBKP,0,180,180,v012
7RBKP,664,736,72,v016
7RBKP,0,196,196,v016
7RBKP,132,736,604,v026
7RBKP,518,662,144,v001
7RBKP,295,554,259,v016
7RBKP,141,340,199,v026
1XFP6,218,362,144,v008
1XFP6,72,388,316,v016
1XFP6,540,712,172,v018
1XFP6,657,731,74,v010
1XFP6,0,528,528,v029
GKSL2,588,923,335,v008
GKSL2,220,422,202,v004
GKSL2,381,513,132,v016
GKSL2,0,112,112,v018
GKSL2,381,513,132,v016
GKSL2,585,923,338,v024
GKSL2,0,518,518,v008
GKSL2,146,316,170,v005
GKSL2,345,537,192,v022
GKSL2,0,444,444,v018
GKSL2,580,801,221,v031
AQ5M6,235,436,201,v008
AQ5M6,160,405,245,v019
AQ5M6,0,184,184,v027
AQ5M6,379,707,328,v003
AQ5M6,273,446,173,v025
AQ5M6,163,398,235,v031
AQ5M6,115,228,113,v027
AQ5M6,175,391,216,v019
AQ5M6,355,535,180,v003
AQ5M6,304,434,130,v025
AQ5M6,295,427,132,v025
AQ5M6,4,139,135,v023
AQ5M6,16,158,142,v029
FPFFN,72,230,158,v008
FPFFN,328,438,110,v027
FPFFN,376,438,62,v029
FPFFN,120,364,244,v014
OE751,120,657,537,v012
OE751,288,561,273,v024
OE751,168,590,422,v012
OE751,271,655,384,v023
OE751,482,797,315,v008
OE751,0,797,797,v008
OE751,506,797,291,v001
OE751,470,797,327,v008
OE751,525,797,272,v001
OE751,0,67,67,v007
OE751,441,571,130,v023
1HGEX,403,585,182,v012
1HGEX,384,720,336,v031
1HGEX,0,720,720,v018
1HGEX,0,720,720,v018
1HGEX,0,720,720,v032
1HGEX,643,720,77,v001
1HGEX,362,720,358,v008
1HGEX,362,506,144,v023
NT2HT,420,559,139,v001
NT2HT,100,300,200,v012
NT2HT,0,156,156,v023
NT2HT,434,571,137,v022
NT2HT,43,616,573,v008
NT2HT,525,624,99,v016
NT2HT,160,530,370,v031
NT2HT,0,559,559,v018
NT2HT,518,636,118,v016
SUKBV,0,115,115,v008
SUKBV,0,127,127,v016
SUKBV,0,408,408,v018
SUKBV,0,408,408,v008
SUKBV,0,408,408,v016
SUKBV,0,408,408,v018
SUKBV,0,110,110,v023
SUKBV,81,273,192,v023
SUKBV,0,408,408,v021
SUKBV,0,165,165,v008
SUKBV,0,189,189,v026
SUKBV,199,348,149,v026
U03TA,0,321,321,v008
U03TA,170,364,194,v016
U03TA,170,364,194,v016
Z1A0Q,530,1027,497,v008
Z1A0Q,144,460,316,v020
Z1A0Q,446,604,158,v023
Z1A0Q,360,547,187,v022
Z1A0Q,0,146,146,v018
F8TWE,0,588,588,v008
F8TWE,604,763,159,v025
F8TWE,511,705,194,v008
F8TWE,609,768,159,v016
F8TWE,0,91,91,v012
OFNQV,561,741,180,v025
OFNQV,0,812,812,v031
OFNQV,597,746,149,v001
OFNQV,0,722,722,v008
OFNQV,544,775,231,v025
OFNQV,4,674,670,v031
OFNQV,561,734,173,v016
OFNQV,0,812,812,v018
HGZ0V,52,443,391,v008
HGZ0V,48,443,395,v008
HGZ0V,28,297,269,v023
HGZ0V,196,443,247,v020
HGZ0V,40,163,123,v023
HGZ0V,69,443,374,v008
HGZ0V,79,326,247,v023
5V8OI,74,247,173,v001
5V8OI,7,177,170,v012
5V8OI,0,98,98,v022
MC6J7,470,794,324,v008
MC6J7,0,148,148,v012
MC6J7,511,794,283,v019
MC6J7,204,412,208,v016
MC6J7,463,782,319,v023
MC6J7,93,348,255,v028
MC6J7,0,146,146,v012
MC6J7,276,424,148,v025
MC6J7,568,794,226,v001
MC6J7,206,408,202,v008
MC6J7,192,412,220,v023
MC6J7,552,794,242,v001
A0T30,19,273,254,v008
A0T30,182,364,182,v023
A0T30,288,518,230,v002
A0T30,232,580,348,v016
A0T30,331,580,249,v016
A0T30,139,324,185,v023
A0T30,160,324,164,v016
A0T30,475,583,108,v025
EDXBD,223,309,86,v007
EDXBD,0,232,232,v018
EDXBD,0,242,242,v032
EDXBD,146,268,122,v022
EDXBD,0,249,249,v018
EDXBD,220,309,89,v012
01KM1,417,688,271,v023
01KM1,0,762,762,v018
01KM1,0,247,247,v016
01KM1,364,631,267,v005
01KM1,585,762,177,v004
01KM1,0,762,762,v018
01KM1,0,762,762,v021
01KM1,172,691,519,v032
KZSA9,468,710,242,v001
KZSA9,228,424,196,v012
KZSA9,180,376,196,v018
KZSA9,559,714,155,v022
KZSA9,316,501,185,v008
KZSA9,362,506,144,v016
KZSA9,235,456,221,v023
KZSA9,566,714,148,v023
KZSA9,199,633,434,v018
V115C,422,570,148,v016
V115C,412,570,158,v016
V115C,350,570,220,v008
V115C,211,494,283,v008
V115C,33,364,331,v028
V115C,31,424,393,v023
V115C,436,552,116,v025
N5U8Z,0,62,62,v031
N5U8Z,576,897,321,v022
N5U8Z,0,580,580,v003
N5U8Z,504,897,393,v031
N5U8Z,0,571,571,v016
6J8NE,74,532,458,v023
6J8NE,0,180,180,v007
6J8NE,98,424,326,v008
6J8NE,0,127,127,v001
AI4NP,24,184,160,v012
AI4NP,168,377,209,v028
AI4NP,0,377,377,v018
AI4NP,86,273,187,v023
AI4NP,134,259,125,v001
AI4NP,285,377,92,v016
5LETG,398,564,166,v027
5LETG,0,702,702,v008
5LETG,374,607,233,v019
5LETG,345,607,262,v009
5LETG,0,702,702,v008
5LETG,0,702,702,v008
V1JIC,386,647,261,v010
V1JIC,268,393,125,v016
V1JIC,223,379,156,v023
V1JIC,0,453,453,v018
V1JIC,350,647,297,v021
V1JIC,146,314,168,v016
V1JIC,0,232,232,v028
V1JIC,0,273,273,v025
88ZZV,158,367,209,v008
88ZZV,0,278,278,v004
88ZZV,158,580,422,v028
F650A,264,518,254,v008
F650A,247,439,192,v023
F650A,0,622,622,v008
F650A,268,477,209,v016
F650A,268,480,212,v025
F650A,0,355,355,v026
F650A,0,362,362,v026
ZATTZ,0,208,208,v008
ZATTZ,40,220,180,v016
ZATTZ,460,804,344,v002
ZATTZ,326,532,206,v012
JKZUM,28,168,140,v001
JKZUM,0,122,122,v012
JKZUM,254,571,317,v008
JKZUM,254,487,233,v023
JKZUM,7,144,137,v029
JKZUM,48,180,132,v007
WT2C0,518,740,222,v005
WT2C0,0,740,740,v031
WT2C0,0,740,740,v018
WT2C0,518,740,222,v005
WT2C0,684,740,56,v008
WT2C0,672,740,68,v008
WT2C0,0,740,740,v008
WT2C0,672,740,68,v023
19MUM,100,312,212,v008
19MUM,127,276,149,v031
19MUM,667,743,76,v001
19MUM,120,264,144,v019
19MUM,216,552,336,v004
19MUM,576,743,167,v012
19MUM,0,168,168,v030
19MUM,578,743,165,v029
5FHH2,0,596,596,v026
5FHH2,0,81,81,v016
5FHH2,0,81,81,v016
5FHH2,0,596,596,v026
5FHH2,511,596,85,v025
5FHH2,0,596,596,v018
JG7BS,0,736,736,v008
JG7BS,283,405,122,v016
JG7BS,0,736,736,v008
JG7BS,74,276,202,v015
JG7BS,352,489,137,v004
JG7BS,453,619,166,v004
PIRMO,9,184,175,v016
PIRMO,256,410,154,v023
PIRMO,31,213,182,v016
PIRMO,84,206,122,v023
PIRMO,297,480,183,v012
PIRMO,108,268,160,v004
PIRMO,196,348,152,v016
PIRMO,55,379,324,v026
IBYHY,0,467,467,v008
IBYHY,0,467,467,v008
IBYHY,0,467,467,v021
IBYHY,0,467,467,v023
2GQDN,170,369,199,v012
2GQDN,379,728,349,v016
2GQDN,508,728,220,v005
2GQDN,86,496,410,v008
2GQDN,508,728,220,v005
2GQDN,98,216,118,v012
2GQDN,381,619,238,v018
2GQDN,0,499,499,v022
2GQDN,0,189,189,v029
2GQDN,79,520,441,v023
2GQDN,487,728,241,v010
2GQDN,0,160,160,v012
J4QIT,57,192,135,v009
J4QIT,0,196,196,v008
J4QIT,0,96,96,v012
J4QIT,62,196,134,v019
J4QIT,64,196,132,v019
R87CC,417,645,228,v007
R87CC,0,144,144,v021
R87CC,14,132,118,v022
R87CC,0,67,67,v018
R87CC,374,532,158,v001
R87CC,206,360,154,v012
R87CC,0,525,525,v008
R87CC,264,508,244,v029
0IFCL,0,122,122,v001
0IFCL,775,933,158,v012
0IFCL,45,854,809,v026
0IFCL,0,98,98,v007
ABXKN,280,463,183,v008
ABXKN,242,396,154,v023
ABXKN,72,194,122,v008
ABXKN,129,319,190,v003
6703W,254,412,158,v016
6703W,348,1028,680,v023
6703W,168,336,168,v004
6703W,0,1028,1028,v018
6703W,352,1028,676,v008
WGM7C,230,470,240,v015
WGM7C,535,647,112,v002
WGM7C,136,261,125,v016
WGM7C,136,261,125,v016
WGM7C,182,288,106,v023
WGM7C,136,249,113,v016
B3RHF,0,588,588,v010
B3RHF,292,588,296,v008
B3RHF,364,504,140,v005
B3RHF,0,374,374,v021
W25MK,492,609,117,v001
W25MK,0,588,588,v008
W25MK,0,592,592,v031
9D2T4,0,199,199,v008
9D2T4,100,230,130,v025
7XLMZ,0,691,691,v008
7XLMZ,0,691,691,v025
7XLMZ,0,691,691,v020
7XLMZ,0,139,139,v025
7XLMZ,74,206,132,v025
7XLMZ,184,312,128,v025
7XLMZ,0,691,691,v018
7XLMZ,0,691,691,v008
7XLMZ,0,691,691,v005
7XLMZ,0,691,691,v008
QIYU4,45,573,528,v027
QIYU4,0,602,602,v012
QIYU4,172,511,339,v001
QIYU4,480,623,143,v001
QIYU4,24,528,504,v022
QIYU4,24,528,504,v023
QIYU4,96,216,120,v012
QIYU4,506,623,117,v001
QIYU4,38,153,115,v027
QIYU4,0,79,79,v007
QIYU4,0,117,117,v012
PWTN2,0,735,735,v006
PWTN2,338,496,158,v017
PWTN2,350,482,132,v029
428VQ,0,778,778,v008
428VQ,0,778,778,v008
428VQ,0,129,129,v031
428VQ,91,204,113,v001
428VQ,0,192,192,v012
428VQ,7,168,161,v029
GSQX3,26,619,593,v023
GSQX3,216,350,134,v020
GSQX3,16,619,603,v008
7R8ZU,336,499,163,v001
7R8ZU,0,475,475,v008
7R8ZU,0,472,472,v014
7R8ZU,405,544,139,v022
7R8ZU,530,777,247,v002
7R8ZU,0,513,513,v018
7R8ZU,465,592,127,v029
7R8ZU,0,410,410,v031
PURYC,0,810,810,v008
PURYC,0,60,60,v012
PURYC,28,810,782,v008
PURYC,192,810,618,v023
PURYC,28,810,782,v023
PURYC,117,810,693,v008
PURYC,0,136,136,v012
NR9L2,393,568,175,v012
NR9L2,439,667,228,v016
NR9L2,0,482,482,v002
NR9L2,0,743,743,v008
NR9L2,0,743,743,v023
NR9L2,367,556,189,v001
KTKWL,273,499,226,v012
KTKWL,465,619,154,v012
KTKWL,254,745,491,v008
KTKWL,98,364,266,v023
6NBQ6,424,774,350,v026
6NBQ6,0,439,439,v031
6NBQ6,0,774,774,v008
6NBQ6,451,774,323,v016
8SAEO,28,228,200,v028
8SAEO,446,662,216,v003
8SAEO,0,112,112,v031
LGCTV,408,779,371,v026
LGCTV,247,444,197,v001
LGCTV,0,499,499,v008
LGCTV,0,405,405,v014
LGCTV,336,492,156,v022
LGCTV,0,460,460,v018
LGCTV,312,504,192,v016
LGCTV,0,384,384,v031
LGCTV,432,779,347,v008
L0CK7,667,752,85,v018
L0CK7,319,492,173,v004
L0CK7,278,400,122,v023
L0CK7,624,752,128,v018
L0CK7,285,626,341,v008
45Z2A,141,224,83,v016
45Z2A,0,86,86,v010
45Z2A,26,224,198,v018
45Z2A,40,175,135,v008
45Z2A,76,199,123,v012
45Z2A,0,98,98,v000
45Z2A,132,224,92,v025
NCDE3,0,636,636,v008
NCDE3,124,283,159,v019
NCDE3,355,492,137,v030
NCDE3,0,256,256,v005
NCDE3,312,516,204,v026
NCDE3,0,256,256,v005
NCDE3,0,636,636,v008
KDK62,50,750,700,v008
KDK62,45,223,178,v023
KDK62,424,686,262,v026
KDK62,0,103,103,v012
KDK62,158,314,156,v016
KDK62,84,259,175,v023
KDK62,240,501,261,v030
HA1XJ,24,182,158,v004
HA1XJ,0,127,127,v008
HA1XJ,0,81,81,v031
HA1XJ,115,307,192,v009
HA1XJ,187,312,125,v019
8C8FI,72,192,120,v008
8C8FI,499,684,185,v012
8C8FI,139,256,117,v022
8C8FI,427,684,257,v031
I1CUU,436,684,248,v008
I1CUU,436,712,276,v026
I1CUU,45,427,382,v016
I1CUU,631,723,92,v009
I1CUU,631,723,92,v019
I1CUU,0,427,427,v026
I1CUU,0,60,60,v023
I1CUU,110,218,108,v023
I1CUU,0,175,175,v008
I1CUU,115,285,170,v008
QPX3S,0,100,100,v031
QPX3S,153,273,120,v016
QPX3S,67,301,234,v002
QPX3S,156,301,145,v005
QPX3S,160,301,141,v008
5G9SV,146,330,184,v016
5G9SV,0,160,160,v004
5G9SV,211,330,119,v008
5G9SV,141,271,130,v022
5G9SV,0,283,283,v008
5G9SV,0,242,242,v018
5G9SV,199,330,131,v016
5G9SV,139,288,149,v023
5G9SV,0,288,288,v008
5G9SV,38,220,182,v023
5G9SV,204,304,100,v023
5G9SV,211,330,119,v031
5G9SV,52,225,173,v016
5G9SV,0,148,148,v008
5G9SV,144,300,156,v016
71QKB,0,708,708,v014
71QKB,0,86,86,v005
71QKB,0,708,708,v008
71QKB,0,86,86,v005
XZ0KV,0,966,966,v018
XZ0KV,0,966,966,v031
XZ0KV,0,966,966,v018
XZ0KV,0,966,966,v005
XZ0KV,175,357,182,v012
XZ0KV,0,966,966,v008
XZ0KV,0,261,261,v023
XZ0KV,247,381,134,v023
XZ0KV,285,583,298,v014
XZ0KV,0,830,830,v018
XZ0KV,285,583,298,v032
1LZ53,40,312,272,v018
1LZ53,460,753,293,v001
1LZ53,177,352,175,v022
1LZ53,441,710,269,v012
B4MNI,115,285,170,v015
B4MNI,571,844,273,v005
B4MNI,7,146,139,v018
B4MNI,60,206,146,v018
B4MNI,201,379,178,v004
B4MNI,434,607,173,v020
B4MNI,808,1046,238,v021
B4MNI,520,660,140,v008
B4MNI,808,1056,248,v021
B4MNI,972,1083,111,v022
B4MNI,115,439,324,v008
B4MNI,266,400,134,v016
B4MNI,120,396,276,v023
9NES7,393,564,171,v016
9NES7,352,530,178,v019
PS29P,0,302,302,v008
PS29P,199,328,129,v025
PS29P,204,328,124,v025
PS29P,0,213,213,v017
PS29P,115,290,175,v020
PS29P,225,333,108,v016
RW587,0,348,348,v026
RW587,290,631,341,v009
RW587,228,689,461,v019
8MIK9,0,103,103,v008
8MIK9,396,737,341,v005
RBC8N,1068,1329,261,v016
RBC8N,0,1448,1448,v014
RBC8N,0,1448,1448,v005
RBC8N,0,1448,1448,v018
RBC8N,9,206,197,v023
RBC8N,9,679,670,v008
RBC8N,393,604,211,v023
RBC8N,60,184,124,v016
BR8B3,477,739,262,v008
BR8B3,0,739,739,v010
BR8B3,480,739,259,v005
BR8B3,295,506,211,v019
BR8B3,477,739,262,v005
BR8B3,0,739,739,v008
BR8B3,458,590,132,v023
BR8B3,0,136,136,v008
BR8B3,45,158,113,v016
IBJMY,0,726,726,v008
IBJMY,0,726,726,v015
IBJMY,0,153,153,v029
IBJMY,0,726,726,v008
113YU,472,645,173,v001
113YU,36,165,129,v012
113YU,69,314,245,v016
113YU,492,633,141,v001
0XB7U,254,362,108,v008
0XB7U,343,460,117,v025
0XB7U,0,333,333,v008
0XB7U,518,730,212,v030
0XB7U,240,463,223,v023
0XB7U,211,321,110,v001
0XB7U,0,302,302,v031
0XB7U,259,420,161,v020
0XB7U,302,405,103,v023
J27HW,628,743,115,v008
J27HW,0,743,743,v018
J27HW,0,703,703,v008
J27HW,475,698,223,v009
J27HW,640,743,103,v005
J27HW,0,743,743,v018
J27HW,597,720,123,v016
J27HW,0,693,693,v014
WPR8G,43,146,103,v008
WPR8G,50,482,432,v014
WPR8G,456,645,189,v003
WPR8G,432,552,120,v016
WPR8G,417,645,228,v026
E89O3,36,297,261,v029
E89O3,196,396,200,v003
E89O3,316,530,214,v008
E89O3,345,530,185,v003
E89O3,631,731,100,v001
UCT5X,108,264,156,v016
UCT5X,208,369,161,v029
UCT5X,0,228,228,v010
UCT5X,67,232,165,v022
UCT5X,12,206,194,v000
UCT5X,134,264,130,v026
O52BL,400,744,344,v023
O52BL,403,766,363,v026
O52BL,0,484,484,v003
O52BL,324,535,211,v016
O52BL,0,484,484,v016
O52BL,439,705,266,v016
O52BL,523,688,165,v012
WZY7C,14,136,122,v016
WZY7C,0,108,108,v008
WZY7C,12,136,124,v025
WZY7C,0,105,105,v017
WZY7C,16,129,113,v016
LWINQ,235,427,192,v018
LWINQ,158,439,281,v018
LWINQ,0,655,655,v008
LWINQ,31,292,261,v016
LWINQ,295,494,199,v023
LWINQ,0,160,160,v028
LWINQ,314,709,395,v008
ELATN,0,727,727,v008
ELATN,0,705,705,v031
ELATN,0,727,727,v008
ELATN,38,211,173,v020
ELATN,0,727,727,v008
KFGXC,372,732,360,v006
KFGXC,259,424,165,v016
KFGXC,0,355,355,v008
KFGXC,0,453,453,v008
KFGXC,357,752,395,v031
KFGXC,0,420,420,v016
VD0H8,516,722,206,v008
VD0H8,518,722,204,v023
VD0H8,31,636,605,v023
VD0H8,31,650,619,v023
VD0H8,0,614,614,v026
VD0H8,43,211,168,v023
VD0H8,0,722,722,v026
VD0H8,487,619,132,v025
5KOTU,297,619,322,v003
5KOTU,26,199,173,v012
5KOTU,187,453,266,v023
5KOTU,352,475,123,v001
5KOTU,357,494,137,v001
5KOTU,43,168,125,v012
0QA8P,175,674,499,v028
0QA8P,1051,1209,158,v022
0QA8P,876,1041,165,v018
0QA8P,0,235,235,v028
0QA8P,820,1034,214,v026
0QA8P,914,1046,132,v016
0QA8P,26,228,202,v016
0QA8P,367,1147,780,v008
0QA8P,1020,1159,139,v016
L8120,0,684,684,v008
L8120,352,528,176,v007
L8120,434,626,192,v004
L8120,72,271,199,v008
L8120,544,684,140,v012
L8120,88,684,596,v008
L8120,0,684,684,v016
L8120,0,463,463,v001
L8120,636,684,48,v029
L8120,636,684,48,v012
L8120,636,684,48,v001
L8120,636,684,48,v019
B7LO8,69,232,163,v016
B7LO8,52,437,385,v003
B7LO8,0,141,141,v023
B7LO8,348,437,89,v023
B7LO8,352,437,85,v008
DRPO3,271,751,480,v008
DRPO3,628,751,123,v007
DRPO3,16,168,152,v004
DRPO3,216,328,112,v016
DRPO3,703,751,48,v012
DRPO3,328,621,293,v012
DRPO3,259,381,122,v023
DRPO3,189,333,144,v016
2TBSE,96,458,362,v008
2TBSE,100,225,125,v023
2TBSE,201,439,238,v019
2TBSE,129,256,127,v031
2TBSE,139,240,101,v001
2TBSE,43,151,108,v022
2BFZG,218,731,513,v008
2BFZG,244,731,487,v008
2BFZG,0,731,731,v008
2BFZG,0,731,731,v008
2BFZG,417,731,314,v003
2BFZG,100,731,631,v008
IKZN3,84,806,722,v018
IKZN3,62,180,118,v018
IKZN3,715,819,104,v022
IKZN3,199,324,125,v016
IKZN3,240,801,561,v018
IKZN3,79,290,211,v008
IKZN3,194,324,130,v016
IKZN3,86,285,199,v015
JI3ZF,0,321,321,v008
JI3ZF,249,600,351,v026
JI3ZF,127,343,216,v008
JI3ZF,136,355,219,v023
JI3ZF,369,624,255,v016
JI3ZF,0,446,446,v026
JI3ZF,350,542,192,v023
JI3ZF,0,446,446,v026
JI3ZF,328,625,297,v023
JI3ZF,470,625,155,v007
JI3ZF,518,625,107,v029
JI3ZF,501,625,124,v012
MMGTX,24,264,240,v008
MMGTX,24,132,108,v023
MMGTX,0,168,168,v008
MMGTX,0,120,120,v023
MMGTX,172,847,675,v003
MMGTX,52,168,116,v016
3HF45,81,237,156,v023
3HF45,72,288,216,v016
3HF45,72,288,216,v008
3HF45,240,664,424,v017
GHARQ,456,614,158,v008
GHARQ,650,732,82,v008
GHARQ,237,544,307,v005
GHARQ,237,571,334,v005
GHARQ,0,732,732,v008
7Y4K6,463,597,134,v012
7Y4K6,292,436,144,v001
LC1NU,568,920,352,v008
LC1NU,0,456,456,v005
LC1NU,448,585,137,v027
LC1NU,0,475,475,v005
LC1NU,338,504,166,v022
LC1NU,0,429,429,v010
LC1NU,549,920,371,v026
LC1NU,530,920,390,v023
LC1NU,0,67,67,v008
LC1NU,26,319,293,v008
LC1NU,237,424,187,v016
LC1NU,0,108,108,v023
HE8TC,40,276,236,v008
HE8TC,0,735,735,v006
HE8TC,0,312,312,v026
HE8TC,499,735,236,v008
HE8TC,0,312,312,v026
FHPRK,0,717,717,v018
FHPRK,547,717,170,v004
FHPRK,0,280,280,v031
FHPRK,0,79,79,v031
FHPRK,0,573,573,v008
FHPRK,0,571,571,v031
FHPRK,2,556,554,v008
FHPRK,252,520,268,v032
FHPRK,2,223,221,v012
DOL47,468,609,141,v001
DOL47,348,494,146,v012
DOL47,0,652,652,v008
DOL47,460,602,142,v001
IU5TH,158,340,182,v001
IU5TH,240,422,182,v023
IU5TH,0,441,441,v018
IU5TH,264,441,177,v023
IU5TH,295,441,146,v012
IU5TH,324,441,117,v008
IU5TH,0,348,348,v014
IU5TH,292,441,149,v023
IU5TH,0,441,441,v008
ASNER,0,579,579,v008
ASNER,0,579,579,v016
ASNER,0,579,579,v017
ASNER,249,579,330,v020
ASNER,0,579,579,v023
ASNER,0,357,357,v026
ASNER,24,579,555,v008
ASNER,19,350,331,v026
13YII,271,451,180,v001
13YII,0,120,120,v012
13YII,14,376,362,v008
13YII,24,405,381,v016
13YII,273,616,343,v020
13YII,170,276,106,v023
13YII,0,122,122,v008
13YII,180,307,127,v016
13YII,192,333,141,v016
13YII,12,112,100,v012
13YII,48,189,141,v016
13YII,0,100,100,v016
13YII,117,242,125,v023
13YII,175,316,141,v008
13YII,7,343,336,v026
13YII,0,96,96,v023
13YII,0,182,182,v016
13YII,117,252,135,v016
JJGEU,480,747,267,v008
JJGEU,0,429,429,v008
JJGEU,100,422,322,v005
JJGEU,360,624,264,v004
JJGEU,14,391,377,v008
JJGEU,336,717,381,v008
JJGEU,504,720,216,v016
JJGEU,31,384,353,v008
JJGEU,4,396,392,v023
JJGEU,336,477,141,v015
JJGEU,93,357,264,v005
JJGEU,259,384,125,v016
JJGEU,470,747,277,v019
YJV7W,43,288,245,v027
YJV7W,230,398,168,v003
YJV7W,230,588,358,v013
YJV7W,0,652,652,v008
YJV7W,0,74,74,v014
YJV7W,60,204,144,v014
SSH5I,0,316,316,v008
SSH5I,456,715,259,v021
SSH5I,0,715,715,v018
SSH5I,0,319,319,v005
SSH5I,170,384,214,v031
SSH5I,0,715,715,v018
SSH5I,0,122,122,v023
OIZT9,235,379,144,v016
OIZT9,148,331,183,v008
OIZT9,456,624,168,v013
OIZT9,456,667,211,v014
OIZT9,153,273,120,v029
OIZT9,309,724,415,v008
OIZT9,218,388,170,v016
PW16K,626,794,168,v001
PW16K,552,722,170,v012
PW16K,0,530,530,v002
PW16K,693,975,282,v004
5JIGM,146,525,379,v016
5JIGM,422,571,149,v012
5JIGM,470,662,192,v023
5JIGM,110,561,451,v030
5JIGM,516,671,155,v001
5JIGM,52,441,389,v008
5JIGM,67,393,326,v030
5JIGM,352,616,264,v016
5JIGM,170,381,211,v030
5JIGM,432,600,168,v012
7KEON,0,588,588,v008
7KEON,451,608,157,v016
7KEON,453,595,142,v025
7KEON,0,608,608,v008
1WLKW,0,341,341,v008
1WLKW,0,341,341,v031
1WLKW,0,341,341,v005
1WLKW,0,341,341,v005
1WLKW,243,341,98,v020
1WLKW,0,341,341,v008
03EW0,0,62,62,v025
03EW0,0,741,741,v008
E6A0Y,0,168,168,v029
E6A0Y,120,264,144,v016
E6A0Y,19,237,218,v008
E6A0Y,141,321,180,v030
WWVFH,16,636,620,v008
WWVFH,542,662,120,v022
WWVFH,0,638,638,v018
WWVFH,0,576,576,v019
WWVFH,0,576,576,v030
Y3B48,0,350,350,v031
Y3B48,338,626,288,v001
Y3B48,0,307,307,v020
NQPM5,312,480,168,v029
NQPM5,144,398,254,v030
NQPM5,0,398,398,v018
NQPM5,0,242,242,v003
NQPM5,0,244,244,v016
NQPM5,278,400,122,v022
8BNUT,739,853,114,v004
8BNUT,580,741,161,v015
8BNUT,552,674,122,v023
8BNUT,477,853,376,v008
8BNUT,585,784,199,v016
8BNUT,247,415,168,v027
4HZ3B,0,372,372,v018
4HZ3B,372,735,363,v016
4HZ3B,0,735,735,v008
4HZ3B,0,381,381,v018
4HZ3B,372,735,363,v023
4HZ3B,388,735,347,v016
4HZ3B,352,468,116,v012
4HZ3B,316,441,125,v022
Q071E,12,655,643,v008
Q071E,552,665,113,v016
Q071E,81,312,231,v023
Q071E,0,604,604,v018
Q071E,0,665,665,v018
Q071E,141,664,523,v008
Q071E,57,256,199,v012
VQD0Z,38,197,159,v008
VQD0Z,60,192,132,v012
VQD0Z,60,197,137,v031
VQD0Z,2,148,146,v018
VQD0Z,57,197,140,v010
VQD0Z,67,197,130,v018
LC2T0,0,362,362,v008
LC2T0,0,362,362,v031
LC2T0,0,362,362,v014
LC2T0,0,362,362,v018
XSRBI,16,153,137,v023
XSRBI,43,208,165,v023
XSRBI,60,175,115,v022
XSRBI,0,76,76,v018
XSRBI,0,76,76,v018
EOD1J,345,636,291,v008
EOD1J,40,199,159,v016
EOD1J,489,609,120,v016
EOD1J,285,743,458,v003
EOD1J,496,705,209,v018
EOD1J,0,199,199,v008
EOD1J,0,148,148,v004
EOD1J,331,511,180,v023
0YOXV,0,728,728,v008
0YOXV,0,728,728,v004
0YOXV,0,120,120,v004
0YOXV,50,240,190,v019
0YOXV,0,728,728,v014
0YOXV,57,728,671,v009
MNS8T,247,694,447,v030
MNS8T,0,340,340,v002
MNS8T,252,694,442,v030
L5I5D,384,570,186,v007
L5I5D,0,570,570,v021
L5I5D,0,376,376,v009
L5I5D,0,345,345,v019
L5I5D,0,570,570,v008
DANN2,338,655,317,v030
DANN2,28,403,375,v008
DANN2,0,120,120,v029
C1BON,52,646,594,v014
C1BON,9,206,197,v016
C1BON,158,458,300,v028
C1BON,67,646,579,v008
UY08H,0,62,62,v008
UY08H,0,64,64,v016
UY08H,0,96,96,v008
UY08H,0,86,86,v028
UY08H,206,523,317,v016
KUBUA,0,146,146,v016
KUBUA,124,890,766,v014
KUBUA,120,890,770,v032
9RZ97,0,851,851,v018
9RZ97,0,851,851,v008
9RZ97,492,851,359,v004
9RZ97,674,851,177,v016
9RZ97,0,851,851,v008
9RZ97,0,851,851,v031
9RZ97,0,851,851,v032
9RZ97,12,851,839,v032
9RZ97,492,763,271,v008
9RZ97,504,657,153,v023
9RZ97,2,158,156,v012
9RZ97,0,851,851,v018
2Z59F,0,610,610,v018
2Z59F,0,610,610,v032
2Z59F,0,610,610,v018
2Z59F,0,564,564,v031
2Z59F,0,610,610,v032
2Z59F,528,610,82,v022
2Z59F,0,610,610,v018
6MCD9,230,360,130,v001
6MCD9,151,302,151,v012
6MCD9,0,192,192,v028
6MCD9,206,528,322,v002
6MCD9,0,199,199,v023
6MCD9,187,300,113,v023
6MCD9,213,324,111,v016
6MCD9,271,376,105,v008
6G96Q,0,552,552,v002
6G96Q,494,842,348,v023
6G96Q,475,842,367,v028
6G96Q,576,712,136,v025
5YGND,19,165,146,v018
5YGND,0,144,144,v012
5YGND,420,735,315,v018
5YGND,160,316,156,v022
WA7WD,0,756,756,v031
WA7WD,607,756,149,v005
WA7WD,508,756,248,v008
WA7WD,0,482,482,v010
WA7WD,386,756,370,v018
WA7WD,352,501,149,v012
WA7WD,580,756,176,v005
WA7WD,331,756,425,v023
WA7WD,0,756,756,v014
WA7WD,331,756,425,v008
WA7WD,331,501,170,v023
WA7WD,331,756,425,v023
WA7WD,367,588,221,v008
WA7WD,276,456,180,v008
WA7WD,340,470,130,v023
WA7WD,456,604,148,v016
DQ46N,537,688,151,v001
DQ46N,146,640,494,v026
DQ46N,0,160,160,v018
DQ46N,105,230,125,v012
DQ46N,55,182,127,v022
DQ46N,148,276,128,v023
DQ46N,592,746,154,v008
DQ46N,112,688,576,v023
DQ46N,364,645,281,v016
56PK0,566,835,269,v018
56PK0,88,405,317,v008
56PK0,208,1008,800,v008
56PK0,67,640,573,v026
56PK0,744,909,165,v022
56PK0,62,278,216,v012
56PK0,328,856,528,v021
56PK0,523,645,122,v018
56PK0,194,352,158,v023
56PK0,844,1024,180,v016
M1TZR,33,787,754,v008
M1TZR,741,873,132,v008
M1TZR,283,631,348,v005
M1TZR,535,724,189,v016
M1TZR,660,868,208,v023
M1TZR,64,204,140,v008
M1TZR,597,770,173,v022
M1TZR,50,204,154,v018
M1TZR,0,796,796,v008
M1TZR,724,897,173,v008
M1TZR,247,688,441,v005
M1TZR,100,729,629,v018
M1TZR,576,748,172,v016
XWBF1,86,343,257,v024
XWBF1,103,1180,1077,v026
XWBF1,1228,1687,459,v026
XWBF1,1641,1691,50,v023
XWBF1,1641,1691,50,v008
XWBF1,1641,1691,50,v016
OBS75,0,727,727,v008
OBS75,0,727,727,v030
OBS75,0,727,727,v018
YFH0D,0,302,302,v016
YFH0D,48,228,180,v023
YFH0D,0,739,739,v018
YFH0D,0,739,739,v023
YFH0D,0,739,739,v008
YFH0D,316,520,204,v031
YFH0D,314,508,194,v008
YFH0D,0,170,170,v012
T2FSV,568,880,312,v008
T2FSV,57,624,567,v026
9SP9P,0,766,766,v018
9SP9P,136,312,176,v004
9SP9P,21,766,745,v008
9SP9P,2,766,764,v023
9SP9P,9,766,757,v023
9SP9P,14,136,122,v023
9SP9P,0,766,766,v008
9SP9P,21,679,658,v008
PIMO4,295,722,427,v018
PIMO4,0,722,722,v008
PIMO4,43,247,204,v017
PIMO4,268,412,144,v018
PIMO4,674,722,48,v014
PIMO4,674,722,48,v008
1SKLG,463,700,237,v026
1SKLG,576,731,155,v019
1SKLG,0,731,731,v002
1SKLG,463,700,237,v026
1SKLG,0,731,731,v008
SZJ09,0,434,434,v018
SZJ09,91,429,338,v031
SZJ09,448,735,287,v018
SZJ09,367,482,115,v029
SZJ09,151,268,117,v012
SZJ09,62,518,456,v008
EGPAO,0,204,204,v004
EGPAO,64,278,214,v008
EGPAO,0,720,720,v010
EGPAO,348,513,165,v019
EGPAO,0,720,720,v008
M79TJ,33,511,478,v008
M79TJ,117,259,142,v018
M79TJ,19,268,249,v023
M79TJ,156,506,350,v016
M79TJ,547,662,115,v022
M79TJ,151,662,511,v018
PNVRJ,230,688,458,v008
PNVRJ,232,679,447,v021
PNVRJ,211,381,170,v023
PNVRJ,0,165,165,v029
PNVRJ,0,285,285,v020
UB00R,0,403,403,v008
UB00R,528,636,108,v022
UB00R,0,636,636,v008
UB00R,0,372,372,v005
3OAGK,52,196,144,v023
3OAGK,225,631,406,v008
3OAGK,93,213,120,v023
3OAGK,518,702,184,v001
3OAGK,331,508,177,v001
OM5R4,0,249,249,v010
OM5R4,439,601,162,v021
OM5R4,340,504,164,v012
OM5R4,432,601,169,v008
OM5R4,120,264,144,v000
OM5R4,216,360,144,v022
OM5R4,336,456,120,v012
OM5R4,381,601,220,v023
OM5R4,187,345,158,v003
OM5R4,43,228,185,v000
ZRXQ1,333,494,161,v017
ZRXQ1,364,472,108,v029
CEPB8,117,235,118,v016
CEPB8,21,194,173,v026
CEPB8,206,432,226,v026
CEPB8,0,129,129,v023
CEPB8,0,100,100,v023
CEPB8,4,738,734,v026
CEPB8,0,738,738,v030
CEPB8,489,624,135,v019
CEPB8,0,738,738,v016
5MSZP,26,189,163,v005
5MSZP,132,374,242,v018
5MSZP,532,655,123,v016
5MSZP,139,420,281,v019
5MSZP,324,482,158,v005
5MSZP,0,750,750,v026
U8X15,393,516,123,v019
U8X15,244,376,132,v008
U8X15,331,496,165,v020
U8X15,247,484,237,v013
U8X15,60,201,141,v016
U8X15,256,487,231,v014
59X8N,237,597,360,v026
59X8N,408,592,184,v016
59X8N,0,290,290,v008
59X8N,703,895,192,v005
59X8N,220,602,382,v008
59X8N,0,295,295,v016
59X8N,681,808,127,v023
59X8N,0,321,321,v008
59X8N,268,559,291,v026
59X8N,153,307,154,v016
59X8N,216,364,148,v023
59X8N,0,271,271,v008
59X8N,542,684,142,v008
O8PO3,43,240,197,v023
O8PO3,307,434,127,v017
O8PO3,74,412,338,v009
O8PO3,48,156,108,v029
O8PO3,115,223,108,v029
83XF0,43,177,134,v023
83XF0,0,93,93,v012
83XF0,98,228,130,v023
83XF0,0,108,108,v007
83XF0,115,289,174,v016
83XF0,194,289,95,v029
83XF0,60,289,229,v023
83XF0,48,289,241,v008
OUTGB,254,862,608,v003
OUTGB,206,405,199,v018
OUTGB,259,862,603,v018
4J494,619,730,111,v027
4J494,120,730,610,v008
4J494,2,336,334,v023
4J494,225,727,502,v026
4J494,112,722,610,v023
Q1K00,206,369,163,v031
Q1K00,62,199,137,v028
Q1K00,0,136,136,v012
Q1K00,211,355,144,v012
Q1K00,343,740,397,v030
Q1K00,0,124,124,v029
Q1K00,518,740,222,v008
0M9ZO,0,115,115,v028
0M9ZO,252,415,163,v011
0M9ZO,211,528,317,v023
0M9ZO,184,391,207,v008
0M9ZO,0,84,84,v008
0M9ZO,40,740,700,v022
0M9ZO,148,319,171,v012
0M9ZO,0,144,144,v018
0M9ZO,206,336,130,v001
0M9ZO,12,124,112,v016
0M9ZO,100,218,118,v016
0M9ZO,374,506,132,v019
0M9ZO,362,504,142,v016
ANXB8,0,124,124,v005
ANXB8,86,338,252,v004
ANXB8,0,124,124,v005
ANXB8,0,204,204,v008
ANXB8,319,530,211,v029
ANXB8,0,765,765,v008
ANXB8,324,765,441,v007
ANXB8,453,571,118,v012
ANXB8,362,765,403,v001
ANXB8,0,765,765,v008
UDAQU,0,494,494,v008
UDAQU,0,288,288,v020
UDAQU,0,748,748,v018
UDAQU,0,484,484,v008
UDAQU,367,489,122,v016
SLIH4,259,372,113,v029
SLIH4,312,429,117,v001
SLIH4,43,199,156,v004
SLIH4,40,372,332,v008
FNPEY,0,321,321,v008
FNPEY,208,432,224,v016
FNPEY,0,168,168,v017
FNPEY,0,206,206,v021
NLM0B,0,794,794,v021
NLM0B,0,794,794,v018
NLM0B,254,374,120,v001
NLM0B,0,794,794,v008
2NZ5C,381,768,387,v003
2NZ5C,273,552,279,v008
2NZ5C,259,398,139,v016
2NZ5C,266,400,134,v003
2NZ5C,0,348,348,v028
2NZ5C,285,436,151,v023
NWFOF,0,516,516,v018
NWFOF,170,501,331,v031
NWFOF,475,638,163,v029
NWFOF,0,216,216,v019
NWFOF,0,91,91,v018
NWFOF,172,508,336,v007
NWFOF,417,530,113,v012
GQYR9,600,815,215,v004
GQYR9,0,662,662,v008
GQYR9,0,815,815,v018
GQYR9,0,815,815,v018
GQYR9,0,662,662,v014
A1NKP,278,422,144,v005
A1NKP,0,739,739,v008
A1NKP,0,739,739,v023
A1NKP,319,528,209,v023
A1NKP,0,739,739,v004
A1NKP,0,739,739,v021
RHVM2,0,720,720,v008
RHVM2,168,400,232,v031
RHVM2,0,720,720,v018
RHVM2,218,355,137,v018
RHVM2,0,168,168,v014
RHVM2,93,225,132,v022
HWHLG,189,432,243,v031
HWHLG,429,583,154,v017
HWHLG,43,278,235,v026
HWHLG,184,307,123,v012
6KDQO,168,650,482,v018
6KDQO,446,686,240,v016
6KDQO,511,660,149,v022
6KDQO,237,446,209,v004
6KDQO,55,177,122,v023
6KDQO,117,252,135,v018
6KDQO,160,585,425,v018
6KDQO,55,170,115,v023
6KDQO,52,672,620,v008
6KDQO,564,688,124,v016
GVHM9,100,302,202,v023
GVHM9,0,419,419,v008
GVHM9,0,419,419,v031
XBTN7,156,607,451,v018
XBTN7,316,516,200,v004
XBTN7,151,316,165,v018
XBTN7,448,623,175,v022
XBTN7,31,223,192,v025
XBTN7,0,175,175,v016
XBTN7,0,172,172,v025
XBTN7,489,623,134,v031
XBTN7,4,165,161,v008
LPJWM,16,489,473,v023
LPJWM,230,804,574,v009
LPJWM,196,388,192,v019
LPJWM,16,458,442,v008
LPJWM,0,76,76,v016
GWXD9,0,168,168,v015
GWXD9,24,268,244,v023
GWXD9,0,541,541,v018
GWXD9,0,541,541,v031
GWXD9,0,541,541,v018
GWXD9,0,541,541,v018
GWXD9,182,541,359,v032
29JK6,0,309,309,v016
29JK6,312,528,216,v028
29JK6,312,528,216,v023
29JK6,705,829,124,v001
29JK6,424,624,200,v026
29JK6,14,144,130,v029
29JK6,424,624,200,v016
29JK6,578,732,154,v007
29JK6,523,760,237,v023
29JK6,105,314,209,v016
29JK6,549,648,99,v027
29JK6,590,720,130,v001
186EF,0,189,189,v008
186EF,0,401,401,v019
186EF,79,401,322,v028
186EF,67,194,127,v016
186EF,271,384,113,v016
3C8OG,578,720,142,v008
3C8OG,0,112,112,v014
3C8OG,0,96,96,v018
3C8OG,446,700,254,v012
3C8OG,592,720,128,v012
3C8OG,348,552,204,v016
3C8OG,0,720,720,v018
3C8OG,16,134,118,v023
3C8OG,564,720,156,v008
3C8OG,0,105,105,v031
3C8OG,453,564,111,v023
3C8OG,14,343,329,v032
3C8OG,67,398,331,v008
3C8OG,180,312,132,v004
3LFV6,432,628,196,v022
3LFV6,0,525,525,v018
3LFV6,583,712,129,v026
3LFV6,583,712,129,v023
3LFV6,583,712,129,v008
HZ3AM,0,984,984,v002
HZ3AM,0,984,984,v031
HZ3AM,242,604,362,v030
HZ3AM,242,604,362,v030
GCTH8,16,175,159,v004
GCTH8,381,523,142,v018
GCTH8,487,660,173,v022
0JHMW,0,201,201,v004
0JHMW,158,391,233,v008
0JHMW,103,220,117,v016
0JHMW,0,228,228,v016
0JHMW,160,391,231,v023
9M5UE,0,747,747,v008
9M5UE,0,747,747,v014
9M5UE,266,747,481,v004
9M5UE,0,747,747,v018
9M5UE,220,747,527,v008
9M5UE,343,465,122,v016
9M5UE,0,747,747,v018
9M5UE,194,309,115,v016
9M5UE,276,405,129,v023
9M5UE,504,614,110,v016
9M5UE,266,403,137,v008
H5V2Y,79,328,249,v005
H5V2Y,84,333,249,v004
H5V2Y,0,732,732,v005
H5V2Y,0,732,732,v005
H5V2Y,0,732,732,v018
H5V2Y,0,732,732,v018
H5V2Y,192,336,144,v016
WA3CG,129,321,192,v012
WA3CG,273,374,101,v027
WA3CG,232,343,111,v001
5Q6N6,84,357,273,v013
5Q6N6,86,494,408,v008
5Q6N6,57,424,367,v019
5Q6N6,76,518,442,v031
5Q6N6,62,470,408,v019
5Q6N6,62,484,422,v014
R74DE,496,972,476,v021
R74DE,434,583,149,v023
R74DE,0,544,544,v008
R74DE,434,559,125,v025
R74DE,408,549,141,v025
R74DE,0,549,549,v021
R74DE,0,544,544,v008
R74DE,412,544,132,v016
X3ASU,290,429,139,v001
X3ASU,50,357,307,v012
X3ASU,50,225,175,v023
X3ASU,12,141,129,v018
X3ASU,7,141,134,v018
X3ASU,667,785,118,v022
X3ASU,340,748,408,v008
X3ASU,338,477,139,v023
X3ASU,55,782,727,v008
X3ASU,636,756,120,v016
X3ASU,686,785,99,v016
X3ASU,619,736,117,v016
X3ASU,98,768,670,v018
X3ASU,568,676,108,v014
X3ASU,624,748,124,v031
OOE32,16,674,658,v008
OOE32,559,686,127,v016
OOE32,0,72,72,v023
OOE32,559,679,120,v016
OOE32,0,650,650,v018
OOE32,307,451,144,v020
OOE32,547,693,146,v022
OOE32,84,648,564,v012
JL5O0,151,283,132,v016
JL5O0,153,285,132,v016
JL5O0,110,285,175,v019
JL5O0,0,445,445,v008
JL5O0,0,445,445,v008
JL5O0,26,184,158,v029
JL5O0,196,352,156,v005
EAYK6,0,735,735,v008
EAYK6,0,735,735,v014
EAYK6,374,735,361,v009
EAYK6,0,735,735,v018
KELYK,36,316,280,v000
KELYK,237,415,178,v022
KELYK,0,247,247,v010
KELYK,184,517,333,v008
JC9SA,237,496,259,v026
JC9SA,463,1138,675,v012
JC9SA,412,770,358,v012
JC9SA,624,811,187,v023
JC9SA,0,168,168,v001
JC9SA,213,396,183,v001
JC9SA,417,595,178,v008
JC9SA,748,1032,284,v030
JC9SA,504,804,300,v018
JC9SA,230,878,648,v023
JC9SA,230,878,648,v016
Q6WH2,787,847,60,v031
Q6WH2,799,847,48,v016
Q6WH2,0,667,667,v005
Q6WH2,657,847,190,v008
Q6WH2,708,847,139,v012
Q6WH2,0,672,672,v008
SBHID,16,256,240,v012
SBHID,712,885,173,v001
SBHID,160,650,490,v010
SBHID,424,650,226,v008
SBHID,434,650,216,v021
SBHID,0,211,211,v007
SBHID,609,789,180,v012
SBHID,429,631,202,v016
SBHID,739,900,161,v001
SBHID,712,854,142,v023
SBHID,748,926,178,v008
SBHID,72,211,139,v029
SBHID,842,926,84,v004
SBHID,434,556,122,v023
EKPAQ,0,312,312,v020
B7HDN,360,648,288,v005
B7HDN,120,735,615,v008
B7HDN,360,528,168,v009
B7HDN,360,648,288,v005
B7HDN,367,645,278,v019
B7HDN,144,295,151,v008
K801K,0,348,348,v021
K801K,300,544,244,v008
K801K,0,789,789,v010
K801K,146,789,643,v000
K801K,228,789,561,v005
9FGB6,4,216,212,v012
9FGB6,0,540,540,v008
9FGB6,0,578,578,v001
9FGB6,55,540,485,v016
9FGB6,444,578,134,v023
PT0D1,333,568,235,v004
PT0D1,331,568,237,v008
PT0D1,249,408,159,v027
PT0D1,0,345,345,v000
PT0D1,0,112,112,v010
PT0D1,0,103,103,v021
PT0D1,340,458,118,v023
PT0D1,340,568,228,v023
5S587,367,721,354,v008
5S587,0,103,103,v012
5S587,14,321,307,v031
5S587,484,636,152,v019
5S587,338,549,211,v023
C0LZD,0,722,722,v018
C0LZD,412,544,132,v016
C0LZD,0,722,722,v018
C0LZD,0,268,268,v005
IOL8Q,508,288,-220,v023
IOL8Q,501,288,-213,v025
IOL8Q,0,288,288,v026
8HII5,0,733,733,v014
8HII5,244,733,489,v009
8HII5,0,733,733,v018
8HII5,0,733,733,v008
MQZKO,0,842,842,v010
MQZKO,48,840,792,v019
MQZKO,0,878,878,v021
FR063,489,657,168,v023
FR063,225,508,283,v003
FR063,43,321,278,v008
FR063,547,676,129,v016
FR063,69,230,161,v016
FR063,494,633,139,v026
97Y6T,0,151,151,v008
97Y6T,0,177,177,v024
97Y6T,67,537,470,v022
97Y6T,372,759,387,v001
97Y6T,595,736,141,v001
97Y6T,540,759,219,v023
97Y6T,595,712,117,v007
3R95N,292,561,269,v016
3R95N,144,648,504,v030
3R95N,144,648,504,v016
QI3JB,40,1111,1071,v008
QI3JB,33,1435,1402,v018
QI3JB,69,472,403,v009
QI3JB,33,1442,1409,v018
QI3JB,33,1420,1387,v008
QI3JB,0,76,76,v022
QI3JB,40,1449,1409,v031
6AJX0,187,316,129,v001
6AJX0,26,156,130,v012
6AJX0,158,264,106,v027
6AJX0,50,168,118,v016
6AJX0,144,367,223,v008
6AJX0,21,170,149,v012
6AJX0,172,321,149,v001
6AJX0,36,168,132,v029
SBG5F,566,767,201,v018
SBG5F,566,767,201,v018
SBG5F,2,554,552,v008
SBG5F,434,568,134,v016
SBG5F,144,393,249,v015
SBG5F,338,554,216,v008
SBG5F,156,381,225,v016
SBG5F,14,117,103,v023
6LGTT,189,547,358,v008
6LGTT,376,532,156,v001
6LGTT,144,261,117,v012
6LGTT,160,288,128,v023
6LGTT,364,554,190,v007
6LGTT,216,405,189,v019
6LGTT,249,432,183,v001
6LGTT,336,458,122,v027
YEH3H,295,508,213,v004
YEH3H,295,722,427,v008
YEH3H,232,355,123,v015
YEH3H,0,175,175,v019
YEH3H,122,722,600,v031
60XA3,0,718,718,v018
60XA3,0,710,710,v009
60XA3,0,718,718,v003
60XA3,0,718,718,v019
DFG9M,0,276,276,v021
DFG9M,216,312,96,v022
DFG9M,0,288,288,v010
DFG9M,336,718,382,v031
DFG9M,124,314,190,v000
DFG9M,252,369,117,v029
DFG9M,69,314,245,v000
DFG9M,204,331,127,v025
4JQKA,192,360,168,v012
4JQKA,67,288,221,v028
4JQKA,312,720,408,v005
4JQKA,686,782,96,v001
4JQKA,295,775,480,v008
FKAGD,240,759,519,v008
FKAGD,252,759,507,v019
FKAGD,427,604,177,v031
FKAGD,326,544,218,v008
FKAGD,324,552,228,v008
FKAGD,103,223,120,v016
FKAGD,103,242,139,v025
FKAGD,0,151,151,v005
FKAGD,331,504,173,v005
FKAGD,0,759,759,v008
SCHOY,501,638,137,v027
SCHOY,105,336,231,v004
SCHOY,0,175,175,v028
SCHOY,69,194,125,v016
SCHOY,72,189,117,v008
SCHOY,528,652,124,v007
SCHOY,576,708,132,v029
SCHOY,345,477,132,v030
SCHOY,528,664,136,v012
SCHOY,98,391,293,v023
SCHOY,93,400,307,v008
SCHOY,266,528,262,v016
XDP02,67,383,316,v020
XDP02,175,328,153,v000
XDP02,64,345,281,v008
XDP02,0,271,271,v010
1HHP1,0,650,650,v025
1HHP1,0,656,656,v008
1HHP1,2,652,650,v025
1HHP1,0,633,633,v008
1HHP1,0,127,127,v016
1HHP1,48,640,592,v016
1HHP1,0,656,656,v022
5KZLW,228,396,168,v019
5KZLW,0,367,367,v018
5KZLW,230,369,139,v009
5KZLW,0,733,733,v008
Z7O9G,530,722,192,v004
Z7O9G,0,434,434,v008
Z7O9G,0,922,922,v016
Z7O9G,412,890,478,v008
Z7O9G,748,895,147,v016
Z7O9G,501,619,118,v016
Z7O9G,67,532,465,v014
Z7O9G,398,504,106,v023
Z7O9G,103,232,129,v006
Z7O9G,403,573,170,v008
Z7O9G,501,624,123,v016
A18EX,0,523,523,v008
A18EX,0,523,523,v011
A18EX,415,731,316,v009
A18EX,448,731,283,v019
A18EX,0,552,552,v018
A18EX,0,556,556,v008
A18EX,0,518,518,v008
MLKK5,244,386,142,v016
MLKK5,504,596,92,v004
MLKK5,496,596,100,v008
MLKK5,0,429,429,v008
MLKK5,302,441,139,v016
MLKK5,451,596,145,v023
MLKK5,72,501,429,v013
3YY88,288,544,256,v030
3YY88,0,544,544,v008
3YY88,84,592,508,v030
3YY88,0,328,328,v012
3YY88,160,331,171,v026
3YY88,0,331,331,v026
3YY88,235,374,139,v001
HWYTN,0,96,96,v017
HWYTN,0,729,729,v010
YJQO3,544,768,224,v016
YJQO3,590,768,178,v016
YJQO3,0,621,621,v003
YJQO3,559,672,113,v023
YJQO3,674,768,94,v016
YJQO3,576,768,192,v008
883AD,26,302,276,v005
883AD,480,795,315,v016
883AD,460,795,335,v021
883AD,151,285,134,v005
883AD,302,795,493,v008
XQWLY,0,416,416,v008
XQWLY,175,290,115,v016
XQWLY,175,290,115,v016
XQWLY,136,338,202,v016
WF8WM,0,170,170,v019
WF8WM,0,146,146,v008
WF8WM,9,170,161,v003
WF8WM,0,170,170,v019
WF8WM,0,172,172,v009
WF8WM,0,760,760,v031
HVXXQ,0,138,138,v016
HVXXQ,16,136,120,v023
HVXXQ,16,136,120,v023
HVXXQ,0,138,138,v016
HVXXQ,0,138,138,v008
HVXXQ,0,138,138,v019
HVXXQ,0,81,81,v029
PQ0DQ,0,735,735,v008
PQ0DQ,0,735,735,v018
PQ0DQ,0,735,735,v016
PQ0DQ,0,735,735,v018
7FNZZ,350,693,343,v026
7FNZZ,259,715,456,v018
7FNZZ,278,564,286,v026
7FNZZ,489,708,219,v016
7FNZZ,220,381,161,v022
7FNZZ,484,715,231,v016
APTS7,0,743,743,v031
APTS7,0,175,175,v016
APTS7,28,249,221,v030
APTS7,0,290,290,v008
APTS7,204,331,127,v016
APTS7,218,381,163,v019
APTS7,19,230,211,v026
APTS7,103,520,417,v009
APTS7,0,170,170,v023
QXCUP,0,367,367,v008
QXCUP,686,921,235,v016
QXCUP,825,928,103,v001
QXCUP,0,297,297,v013
QXCUP,360,535,175,v016
QXCUP,132,364,232,v014
QXCUP,811,928,117,v001
QXCUP,264,475,211,v016
QXCUP,528,892,364,v026
E8468,276,496,220,v001
E8468,530,735,205,v015
E8468,324,463,139,v007
E8468,2,304,302,v016
E8468,0,309,309,v008
E8468,532,735,203,v008
24SKP,235,532,297,v024
24SKP,0,532,532,v008
24SKP,247,482,235,v008
24SKP,0,532,532,v026
7ZCXJ,508,696,188,v025
7ZCXJ,0,220,220,v010
7ZCXJ,103,357,254,v022
7ZCXJ,376,564,188,v028
7ZCXJ,530,681,151,v025
7ZCXJ,321,453,132,v030
7ZCXJ,0,460,460,v008
7ZCXJ,132,302,170,v018
LKN3Z,612,809,197,v008
LKN3Z,583,809,226,v029
LKN3Z,259,566,307,v008
LKN3Z,271,609,338,v031
LKN3Z,564,751,187,v023
LKN3Z,175,372,197,v004
LKN3Z,499,703,204,v016
LKN3Z,660,809,149,v005
LKN3Z,511,645,134,v016
QBIOX,554,740,186,v008
QBIOX,554,740,186,v023
QBIOX,616,740,124,v017
QBIOX,0,740,740,v008
QBIOX,0,717,717,v031
DJR5H,345,532,187,v025
DJR5H,64,405,341,v026
DJR5H,484,728,244,v018
DJR5H,451,655,204,v018
DJR5H,0,728,728,v031
GQT29,151,338,187,v026
GQT29,0,148,148,v006
GQT29,86,273,187,v032
GQT29,410,621,211,v031
GQT29,364,571,207,v023
GQT29,429,751,322,v008
GQT29,0,458,458,v023
GQT29,424,751,327,v023
P4WRI,139,451,312,v031
P4WRI,12,761,749,v030
P4WRI,612,761,149,v008
320ZB,16,713,697,v019
320ZB,0,72,72,v008
320ZB,0,72,72,v008
320ZB,0,112,112,v025
320ZB,0,100,100,v025
320ZB,0,713,713,v008
7J5AA,124,458,334,v004
7J5AA,213,429,216,v027
7J5AA,220,576,356,v018
7J5AA,343,727,384,v018
7J5AA,67,739,672,v008
K0X80,100,412,312,v031
K0X80,60,580,520,v007
K0X80,74,206,132,v012
K0X80,444,588,144,v029
CK0FH,0,734,734,v008
CK0FH,0,734,734,v018
CK0FH,180,734,554,v019
CK0FH,0,734,734,v031
CK0FH,0,734,734,v018
I7DGO,484,740,256,v005
I7DGO,0,633,633,v030
I7DGO,552,684,132,v023
I7DGO,520,691,171,v015
I7DGO,592,740,148,v004
I7DGO,0,496,496,v030
NYXJ6,249,696,447,v008
NYXJ6,592,865,273,v018
NYXJ6,0,165,165,v029
NYXJ6,33,230,197,v012
NYXJ6,621,865,244,v032
NYXJ6,614,865,251,v018
NYXJ6,297,619,322,v016
NYXJ6,393,516,123,v016
NYXJ6,544,667,123,v025
NYXJ6,609,865,256,v032
NYXJ6,544,667,123,v025
NYXJ6,544,667,123,v016
NYXJ6,487,645,158,v023
NYXJ6,756,865,109,v008
NYXJ6,744,865,121,v016
NYXJ6,302,472,170,v012
4ATDB,136,523,387,v007
4ATDB,319,523,204,v027
4ATDB,187,595,408,v027
4ATDB,0,720,720,v022
4ATDB,158,300,142,v012
4ATDB,172,307,135,v029
A3M94,105,932,827,v006
A3M94,0,225,225,v008
RVWK8,448,576,128,v005
RVWK8,105,333,228,v020
RVWK8,244,417,173,v007
RVWK8,244,417,173,v012
RVWK8,561,753,192,v001
RVWK8,357,753,396,v005
RVWK8,561,710,149,v001
RVWK8,357,753,396,v008
RVWK8,343,463,120,v023
RVWK8,237,417,180,v012
RVWK8,355,544,189,v008
1DL0E,0,751,751,v008
1DL0E,0,751,751,v018
1DL0E,326,751,425,v008
1DL0E,300,751,451,v014
1DL0E,472,751,279,v013
1DL0E,76,400,324,v023
TMATS,0,434,434,v008
TMATS,290,429,139,v016
TMATS,264,743,479,v019
5D351,24,708,684,v018
5D351,86,528,442,v028
5D351,0,120,120,v018
5D351,26,708,682,v018
5D351,115,463,348,v008
5D351,559,705,146,v025
5D351,72,240,168,v023
9ILM6,0,689,689,v008
9ILM6,0,674,674,v008
9ILM6,0,640,640,v005
9ILM6,0,674,674,v008
9ILM6,499,624,125,v016
9ILM6,0,220,220,v012
9ILM6,640,689,49,v023
9ILM6,640,689,49,v016
9ILM6,640,689,49,v004
35W7G,0,283,283,v028
35W7G,338,566,228,v020
35W7G,153,608,455,v028
35W7G,156,292,136,v016
35W7G,74,259,185,v008
XPE7J,0,858,858,v008
XPE7J,0,858,858,v016
XPE7J,0,858,858,v023
XPE7J,0,858,858,v018
XPE7J,0,858,858,v019
XPE7J,0,858,858,v026
XPE7J,0,858,858,v009
ENDIE,91,775,684,v008
ENDIE,9,261,252,v016
ENDIE,0,136,136,v029
ENDIE,0,168,168,v008
ENDIE,7,199,192,v025
ENDIE,7,199,192,v016
ENDIE,141,400,259,v004
ENDIE,91,242,151,v008
ENDIE,288,544,256,v008
9N76L,0,588,588,v008
9N76L,0,556,556,v009
9N76L,412,894,482,v008
9N76L,816,894,78,v016
9N76L,0,556,556,v009
9N76L,568,883,315,v005
9N76L,0,588,588,v031
9N76L,408,894,486,v008
9N76L,0,580,580,v019
JX8SN,146,254,108,v008
JX8SN,182,295,113,v026
JX8SN,0,81,81,v022
JX8SN,0,76,76,v018
JX8SN,163,280,117,v026
JX8SN,180,292,112,v026
JX8SN,141,295,154,v023
N99GA,110,429,319,v008
QRR1S,0,326,326,v031
QRR1S,0,559,559,v018
QRR1S,0,199,199,v006
QRR1S,244,535,291,v028
QRR1S,460,560,100,v022
QRR1S,316,532,216,v016
QRR1S,0,326,326,v008
2GRGY,657,861,204,v001
2GRGY,0,189,189,v012
2GRGY,475,679,204,v015
3UZ88,564,672,108,v027
3UZ88,590,729,139,v001
3UZ88,585,729,144,v029
3UZ88,585,729,144,v007
XF41L,513,739,226,v008
XF41L,379,927,548,v018
XF41L,52,223,171,v012
XF41L,360,482,122,v016
XF41L,410,590,180,v016
XF41L,50,240,190,v012
XF41L,0,427,427,v008
XF41L,0,480,480,v024
XF41L,391,566,175,v028
XF41L,340,465,125,v018
XF41L,0,487,487,v023
XF41L,415,576,161,v025
JQHIC,168,321,153,v012
JQHIC,213,530,317,v008
JQHIC,158,355,197,v012
JQHIC,292,564,272,v023
JQHIC,336,530,194,v016
JQHIC,489,747,258,v019
JQHIC,112,747,635,v022
VNQJ0,348,516,168,v008
VNQJ0,343,511,168,v023
VNQJ0,352,516,164,v016
VNQJ0,352,516,164,v025
VNQJ0,0,755,755,v008
VNQJ0,268,643,375,v026
VNQJ0,348,648,300,v026
VNQJ0,0,755,755,v018
VNQJ0,0,755,755,v026
VNQJ0,0,755,755,v026
EED7D,0,592,592,v024
EED7D,904,1177,273,v025
EED7D,489,981,492,v013
EED7D,885,1177,292,v028
EED7D,0,88,88,v014
EED7D,0,1177,1177,v008
EED7D,254,460,206,v009
D52S5,458,769,311,v018
D52S5,393,566,173,v018
D52S5,148,309,161,v005
D52S5,393,566,173,v018
D52S5,513,769,256,v004
D52S5,604,769,165,v012
D52S5,112,348,236,v016
D52S5,252,609,357,v008
BMVXJ,192,367,175,v001
BMVXJ,91,235,144,v012
BMVXJ,326,441,115,v016
NA5F9,0,357,357,v016
NA5F9,432,564,132,v004
6BUU6,0,220,220,v007
6BUU6,127,283,156,v023
6BUU6,0,76,76,v001
6BUU6,696,742,46,v016
6BUU6,700,742,42,v008
6BUU6,0,297,297,v008
T7N6A,741,861,120,v008
T7N6A,357,861,504,v008
T7N6A,232,465,233,v023
T7N6A,261,861,600,v008
T7N6A,0,259,259,v030
T7N6A,261,861,600,v026
T7N6A,261,861,600,v026
T7N6A,261,861,600,v023
Y7WEK,590,700,110,v001
Y7WEK,0,700,700,v008
Y7WEK,0,700,700,v031
Y7WEK,0,705,705,v018
FTQRE,62,379,317,v016
FTQRE,0,367,367,v008
FTQRE,326,711,385,v008
FTQRE,326,711,385,v026
FTQRE,336,711,375,v026
NSF4N,50,216,166,v012
NSF4N,580,859,279,v002
NSF4N,261,417,156,v001
NSF4N,266,412,146,v008
NSF4N,458,585,127,v016
NSF4N,489,607,118,v023
WXTXF,0,381,381,v018
WXTXF,0,381,381,v032
WXTXF,129,285,156,v020
WXTXF,259,393,134,v022
WXTXF,0,374,374,v018
3NE5P,0,240,240,v002
3NE5P,355,626,271,v013
3NE5P,290,734,444,v008
3NE5P,0,96,96,v008
3NE5P,326,621,295,v014
7XBPE,93,314,221,v008
7XBPE,0,153,153,v012
7XBPE,0,153,153,v012
7XBPE,110,244,134,v001
7XBPE,55,208,153,v023
ZRBO7,288,408,120,v018
ZRBO7,456,552,96,v019
ZRBO7,480,727,247,v009
ZRBO7,206,429,223,v018
ZRBO7,307,727,420,v031
ZRBO7,456,727,271,v009
ZRBO7,50,182,132,v029
VOU8V,0,261,261,v004
VOU8V,530,675,145,v014
VOU8V,0,675,675,v008
Y3QYR,0,410,410,v008
Y3QYR,244,400,156,v025
Y3QYR,244,403,159,v025
Y3QYR,0,340,340,v031
Y3QYR,201,319,118,v001
Y3QYR,0,362,362,v008
Y3QYR,266,374,108,v016
0IJ8T,98,280,182,v006
0IJ8T,374,583,209,v026
0IJ8T,357,749,392,v008
18CTK,158,384,226,v008
18CTK,146,386,240,v023
18CTK,14,187,173,v008
18CTK,19,196,177,v017
18CTK,43,180,137,v008
UPYPG,384,523,139,v017
UPYPG,26,516,490,v016
UPYPG,36,732,696,v031
UPYPG,388,732,344,v017
UPYPG,62,612,550,v008
UPYPG,26,235,209,v008
UPYPG,9,151,142,v023
UPYPG,0,153,153,v023
BGKCD,0,805,805,v018
BGKCD,588,805,217,v008
BGKCD,0,805,805,v018
BGKCD,0,805,805,v032
BGKCD,0,805,805,v032
BGKCD,40,805,765,v008
3L7Y9,513,686,173,v008
3L7Y9,0,333,333,v004
3L7Y9,254,549,295,v020
3L7Y9,0,703,703,v018
DK1F7,0,577,577,v008
DK1F7,264,576,312,v004
DK1F7,477,577,100,v016
0NVG2,0,345,345,v016
0NVG2,372,511,139,v016
0NVG2,412,638,226,v008
0NVG2,542,725,183,v005
0NVG2,0,326,326,v028
0NVG2,0,725,725,v018
0NVG2,400,573,173,v023
0NVG2,244,496,252,v004
0NVG2,422,552,130,v023
0NVG2,482,722,240,v012
0NVG2,477,725,248,v008
GYAR9,463,732,269,v025
GYAR9,681,912,231,v004
GYAR9,0,912,912,v018
GYAR9,448,717,269,v025
GYAR9,0,571,571,v008
GYAR9,0,912,912,v031
GYAR9,612,912,300,v008
GYAR9,480,672,192,v016
WH1S5,201,604,403,v005
WH1S5,194,664,470,v008
WH1S5,554,691,137,v016
WH1S5,201,612,411,v005
WH1S5,180,655,475,v008
WH1S5,163,276,113,v023
25O6O,81,501,420,v016
25O6O,278,552,274,v016
25O6O,45,288,243,v026
25O6O,50,600,550,v026
25O6O,0,379,379,v023
25O6O,0,285,285,v026
25O6O,398,788,390,v008
25O6O,271,441,170,v008
YLRVT,0,754,754,v031
YLRVT,64,516,452,v028
YLRVT,261,386,125,v025
WRW7O,24,168,144,v008
WRW7O,393,525,132,v008
WRW7O,100,501,401,v023
WRW7O,24,168,144,v016
WRW7O,403,525,122,v016
WRW7O,31,160,129,v016
WRW7O,403,513,110,v016
WRW7O,108,496,388,v016
WRW7O,88,506,418,v008
WRW7O,21,151,130,v008
WRW7O,424,610,186,v017
S1LQF,348,542,194,v004
S1LQF,0,463,463,v032
S1LQF,758,891,133,v016
S1LQF,76,350,274,v015
S1LQF,72,422,350,v008
S1LQF,259,891,632,v008
S1LQF,55,168,113,v016
S1LQF,316,891,575,v008
S1LQF,72,182,110,v023
KSAU8,187,333,146,v027
KSAU8,14,393,379,v008
KSAU8,24,208,184,v023
KSAU8,19,208,189,v008
D740L,86,762,676,v008
D740L,31,242,211,v023
D740L,278,513,235,v012
D740L,343,638,295,v016
D740L,50,753,703,v008
D740L,28,153,125,v023
D740L,343,638,295,v023
D740L,0,120,120,v017
D740L,633,756,123,v025
D740L,381,643,262,v025
D85MK,156,771,615,v016
D85MK,33,771,738,v031
D85MK,117,240,123,v022
D85MK,36,771,735,v008
D85MK,84,180,96,v023
D85MK,163,302,139,v023
D85MK,290,424,134,v023
D85MK,91,278,187,v008
D85MK,240,429,189,v008
D85MK,492,619,127,v008
D85MK,117,290,173,v016
D85MK,271,372,101,v016
D85MK,386,494,108,v016
XHGV7,220,945,725,v016
XHGV7,153,945,792,v026
XHGV7,24,240,216,v012
XHGV7,0,945,945,v026
XHGV7,201,945,744,v008
XHGV7,535,945,410,v022
ORAT0,98,288,190,v018
ORAT0,192,386,194,v005
ORAT0,98,218,120,v022
ORAT0,108,302,194,v018
ORAT0,108,302,194,v018
ORAT0,446,652,206,v008
ORAT0,139,283,144,v018
ORAT0,211,494,283,v005
ORAT0,98,249,151,v016
ORAT0,180,520,340,v008
LDL8D,0,518,518,v008
LDL8D,180,518,338,v005
LDL8D,0,228,228,v009
LDL8D,180,518,338,v005
LDL8D,0,518,518,v018
LDL8D,0,518,518,v014
J0SZG,192,345,153,v012
J0SZG,0,232,232,v016
J0SZG,0,201,201,v008
J0SZG,0,187,187,v023
J0SZG,465,727,262,v016
J0SZG,465,727,262,v030
J0SZG,494,688,194,v023
J0SZG,0,223,223,v008
D6161,93,296,203,v008
D6161,103,296,193,v017
D6161,213,296,83,v029
PXU2P,0,729,729,v018
PXU2P,0,729,729,v018
V7PGV,501,624,123,v027
V7PGV,468,602,134,v016
V7PGV,0,571,571,v008
V7PGV,547,624,77,v017
V7PGV,0,559,559,v026
YVFBN,0,707,707,v018
YVFBN,0,707,707,v005
YVFBN,0,707,707,v005
YVFBN,444,707,263,v019
YVFBN,0,707,707,v008
YVFBN,0,707,707,v008
YVFBN,326,707,381,v009
SMVKB,0,751,751,v008
SMVKB,216,446,230,v009
SMVKB,396,566,170,v012
SMVKB,0,86,86,v023
SMVKB,309,547,238,v019
SMVKB,45,388,343,v021
SMVKB,403,547,144,v012
SMVKB,681,751,70,v001
8Z4UY,36,237,201,v030
8Z4UY,45,237,192,v030
AHL6X,0,795,795,v018
AHL6X,328,795,467,v014
AHL6X,0,795,795,v009
AHL6X,0,795,795,v031
AHL6X,249,795,546,v008
AHL6X,266,795,529,v005
AHL6X,0,795,795,v019
AHL6X,0,795,795,v009
AHL6X,249,357,108,v023
AHL6X,376,508,132,v023
OHS4T,98,410,312,v031
OHS4T,388,734,346,v018
OHS4T,9,172,163,v001
OHS4T,0,112,112,v017
OHS4T,16,180,164,v007
OHS4T,0,132,132,v029
OHS4T,348,501,153,v018
SJ6X6,189,307,118,v025
SJ6X6,525,594,69,v008
SJ6X6,40,247,207,v017
SJ6X6,196,568,372,v025
THORO,648,739,91,v026
THORO,0,727,727,v018
THORO,544,696,152,v022
THORO,595,739,144,v008
THORO,621,739,118,v023
RDHNQ,4,120,116,v027
RDHNQ,391,898,507,v008
RDHNQ,117,340,223,v028
RDHNQ,384,898,514,v014
RDHNQ,0,156,156,v029
RDHNQ,559,898,339,v023
KKA4X,0,586,586,v018
IX12S,391,752,361,v008
IX12S,264,400,136,v031
IX12S,321,752,431,v013
IX12S,312,752,440,v014
2SQ8M,0,778,778,v008
2SQ8M,0,110,110,v023
2SQ8M,0,778,778,v018
4NIBA,261,489,228,v008
4NIBA,223,374,151,v023
4NIBA,31,307,276,v028
4NIBA,0,504,504,v016
4NIBA,0,504,504,v008
WJ13E,782,1077,295,v028
WJ13E,0,792,792,v002
WJ13E,770,1015,245,v023
WJ13E,804,974,170,v025
WJ13E,828,1077,249,v025
8175C,4,732,728,v025
8175C,667,796,129,v012
8175C,4,549,545,v008
8175C,163,290,127,v007
8175C,780,866,86,v029
P14L7,141,321,180,v031
P14L7,165,681,516,v028
P14L7,0,170,170,v022
P14L7,0,148,148,v018
P14L7,429,657,228,v023
P14L7,348,739,391,v016
P14L7,348,739,391,v008
P14L7,691,739,48,v016
P14L7,609,705,96,v008
DKR7B,64,747,683,v031
DKR7B,74,747,673,v006
DKR7B,0,93,93,v006
QCAUL,62,187,125,v016
QCAUL,206,460,254,v016
QCAUL,393,552,159,v028
QCAUL,50,170,120,v008
QCAUL,384,499,115,v023
QCAUL,201,453,252,v028
QCAUL,86,240,154,v016
QCAUL,62,247,185,v016
QCAUL,91,247,156,v016
QCAUL,84,218,134,v016
RFMRB,0,252,252,v008
RFMRB,242,410,168,v016
RFMRB,285,417,132,v026
RFMRB,499,633,134,v004
RFMRB,405,520,115,v023
NGXV2,432,755,323,v008
NGXV2,432,552,120,v023
NGXV2,336,456,120,v018
NGXV2,0,408,408,v018
NGXV2,0,448,448,v031
NGXV2,681,755,74,v012
NGXV2,532,755,223,v031
NGXV2,333,475,142,v022
NGXV2,408,583,175,v012
NGXV2,480,636,156,v001
NGXV2,578,715,137,v019
RRFE7,204,482,278,v008
RRFE7,0,170,170,v009
RRFE7,0,309,309,v002
KAKC6,0,884,884,v018
KAKC6,444,884,440,v004
KAKC6,470,884,414,v008
KAKC6,0,884,884,v018
KAKC6,0,441,441,v031
KAKC6,412,530,118,v001
KAKC6,477,604,127,v023
KAKC6,0,884,884,v008
5B8M5,0,738,738,v018
5B8M5,240,480,240,v030
5B8M5,0,738,738,v005
5B8M5,396,556,160,v018
5B8M5,211,369,158,v022
5B8M5,0,738,738,v008
5B8M5,0,738,738,v008
WJNJJ,163,292,129,v031
WJNJJ,21,254,233,v007
OUBUX,96,762,666,v008
OUBUX,48,168,120,v016
OUBUX,0,762,762,v018
OUBUX,0,120,120,v023
OUBUX,74,230,156,v012
OUBUX,31,211,180,v023
OUBUX,0,177,177,v016
OUBUX,276,762,486,v005
OUBUX,211,333,122,v023
OUBUX,204,326,122,v008
OUBUX,664,762,98,v016
NWGVT,28,331,303,v015
NWGVT,254,737,483,v008
NWGVT,0,110,110,v023
NWGVT,571,737,166,v030
NWGVT,0,115,115,v008
NWGVT,194,369,175,v016
NWGVT,256,537,281,v023
NWGVT,0,362,362,v008
3W6CP,124,739,615,v031
3W6CP,0,739,739,v006
3W6CP,343,739,396,v006
3W6CP,117,739,622,v018
3W6CP,535,739,204,v023
JIR5V,247,453,206,v008
JIR5V,91,732,641,v018
JIR5V,60,204,144,v018
JIR5V,436,738,302,v031
JIR5V,0,192,192,v016
JIR5V,631,738,107,v022
JIR5V,343,604,261,v026
L071S,24,593,569,v008
L071S,0,146,146,v016
L071S,62,593,531,v021
L071S,386,566,180,v012
L071S,40,593,553,v010
L071S,16,189,173,v018
E6O95,110,242,132,v016
E6O95,72,244,172,v008
E6O95,127,247,120,v016
JZ46A,0,711,711,v031
JZ46A,0,711,711,v010
JZ46A,175,417,242,v016
JZ46A,182,417,235,v023
IBNKL,283,458,175,v016
IBNKL,84,244,160,v016
IBNKL,81,244,163,v016
IBNKL,163,324,161,v016
IBNKL,0,180,180,v002
IBNKL,151,506,355,v026
IBNKL,360,480,120,v016
IBNKL,98,256,158,v012
IBNKL,340,489,149,v026
IBNKL,98,264,166,v023
IBNKL,319,506,187,v008
IBNKL,319,465,146,v023
IBNKL,158,271,113,v001
IBNKL,475,602,127,v004
5HJ2H,0,122,122,v005
5HJ2H,144,283,139,v008
5HJ2H,0,122,122,v005
5HJ2H,79,753,674,v026
5HJ2H,506,684,178,v016
5HJ2H,0,767,767,v008
H3MG3,300,487,187,v016
H3MG3,12,422,410,v028
H3MG3,607,749,142,v001
H3MG3,340,501,161,v022
H3MG3,312,475,163,v026
5N7EW,0,74,74,v029
5N7EW,0,76,76,v001
5N7EW,60,213,153,v012
5N7EW,372,723,351,v002
L80CV,288,838,550,v008
L80CV,333,838,505,v016
L80CV,374,838,464,v008
L80CV,0,838,838,v008
L80CV,333,748,415,v012
L80CV,626,838,212,v002
L80CV,0,838,838,v021
5ZDNU,0,199,199,v028
5ZDNU,381,560,179,v023
5ZDNU,98,336,238,v016
5ZDNU,393,513,120,v023
U46OX,0,736,736,v026
U46OX,0,736,736,v016
U46OX,0,736,736,v016
RS9D9,600,892,292,v012
RS9D9,26,153,127,v018
RS9D9,127,576,449,v016
RS9D9,576,918,342,v008
RS9D9,655,883,228,v031
RS9D9,21,144,123,v018
RS9D9,31,631,600,v003
RS9D9,0,391,391,v008
RS9D9,772,916,144,v001
8IUTG,9,271,262,v012
JWPS5,314,737,423,v026
JWPS5,0,350,350,v005
JWPS5,0,372,372,v005
JWPS5,343,508,165,v022
JWPS5,0,441,441,v018
JWPS5,0,475,475,v031
JWPS5,0,412,412,v008
JWPS5,316,737,421,v016
JWPS5,0,410,410,v008
JWPS5,256,412,156,v016
JWPS5,316,737,421,v008
O630X,312,859,547,v032
O630X,0,859,859,v008
O630X,698,837,139,v000
O630X,33,424,391,v008
O630X,0,211,211,v018
O630X,300,460,160,v008
O630X,369,854,485,v031
O630X,93,280,187,v018
O630X,184,364,180,v012
11HOM,0,191,191,v008
11HOM,7,191,184,v020
PNM2H,314,981,667,v008
PNM2H,81,360,279,v023
PNM2H,362,981,619,v026
E5518,0,762,762,v008
E5518,55,410,355,v019
E5518,0,762,762,v008
E5518,0,762,762,v022
MSCYV,261,499,238,v000
MSCYV,384,606,222,v019
MSCYV,0,606,606,v018
JFU3J,36,525,489,v008
JFU3J,16,237,221,v023
JFU3J,628,802,174,v010
JFU3J,681,802,121,v016
JFU3J,444,556,112,v016
JFU3J,542,802,260,v030
JFU3J,537,640,103,v027
JFU3J,444,556,112,v016
QLYV5,62,278,216,v008
QLYV5,96,292,196,v013
QLYV5,0,324,324,v014
2MDHE,0,290,290,v008
2MDHE,264,468,204,v008
2MDHE,600,744,144,v004
2MDHE,256,621,365,v005
2MDHE,264,744,480,v018
2MDHE,45,242,197,v029
2MDHE,0,699,699,v008
CU3JE,79,634,555,v008
CU3JE,240,628,388,v016
CU3JE,160,571,411,v023
CU3JE,228,336,108,v016
CU3JE,357,468,111,v016
WMD0E,0,508,508,v008
WMD0E,0,561,561,v014
WMD0E,309,571,262,v016
WMD0E,0,703,703,v018
1X7OW,0,355,355,v018
1X7OW,0,355,355,v010
1X7OW,0,355,355,v008
1X7OW,0,355,355,v031
1X7OW,0,189,189,v020
1X7OW,124,355,231,v005
1X7OW,139,273,134,v008
G8V6N,0,105,105,v031
G8V6N,0,120,120,v005
G8V6N,0,120,120,v028
G8V6N,0,120,120,v016
DVHIB,24,719,695,v008
DVHIB,19,264,245,v012
DVHIB,285,446,161,v008
DVHIB,278,460,182,v023
DVHIB,283,465,182,v025
DVHIB,456,612,156,v008
DVHIB,480,662,182,v016
DVHIB,0,98,98,v029
GR5N6,7,336,329,v008
GR5N6,244,406,162,v025
GR5N6,43,326,283,v031
GR5N6,0,343,343,v018
GR5N6,0,328,328,v018
GR5N6,223,338,115,v001
GR5N6,43,343,300,v012
GR5N6,0,406,406,v023
GR5N6,242,406,164,v022
YG2EP,0,872,872,v008
YG2EP,108,872,764,v010
YG2EP,38,223,185,v018
YG2EP,0,79,79,v029
YG2EP,21,872,851,v018
GC1Q1,0,271,271,v008
GC1Q1,0,122,122,v012
GC1Q1,158,278,120,v016
GC1Q1,199,387,188,v018
GC1Q1,180,376,196,v018
GC1Q1,132,276,144,v016
GC1Q1,0,189,189,v029
BKNO9,12,201,189,v016
BKNO9,12,201,189,v016
BKNO9,12,170,158,v017
BKNO9,290,424,134,v022
BKNO9,14,175,161,v008
BKNO9,14,175,161,v008
BKNO9,81,199,118,v025
BKNO9,120,276,156,v018
BKNO9,153,264,111,v018
BKNO9,74,194,120,v025
M4FW0,292,583,291,v016
M4FW0,0,132,132,v008
M4FW0,48,247,199,v012
M4FW0,511,799,288,v016
M4FW0,0,139,139,v029
0XV4T,482,721,239,v008
0XV4T,144,321,177,v016
0XV4T,261,415,154,v016
0XV4T,115,240,125,v004
0XV4T,57,196,139,v023
0XV4T,225,432,207,v016
0XV4T,235,417,182,v030
0XV4T,388,585,197,v023
0XV4T,0,67,67,v008
0XV4T,0,156,156,v015
0XV4T,240,381,141,v023
0XV4T,235,422,187,v008
0XV4T,271,424,153,v016
ICXAE,247,602,355,v008
ICXAE,424,609,185,v016
ICXAE,0,795,795,v008
ICXAE,194,321,127,v022
ICXAE,0,321,321,v018
ICXAE,0,795,795,v008
O9WFN,192,391,199,v015
O9WFN,0,158,158,v012
O9WFN,0,115,115,v012
O9WFN,278,451,173,v023
O9WFN,283,453,170,v016
CGPBZ,494,860,366,v018
CGPBZ,429,621,192,v018
CGPBZ,739,860,121,v022
CGPBZ,494,736,242,v023
CGPBZ,0,504,504,v026
CGPBZ,631,860,229,v028
CGPBZ,528,703,175,v028
CGPBZ,0,492,492,v026
IA9Z5,88,580,492,v008
IA9Z5,129,405,276,v019
IA9Z5,160,348,188,v012
3D94R,136,369,233,v008
3D94R,19,184,165,v023
3D94R,88,364,276,v005
4DZB6,0,170,170,v008
4DZB6,26,170,144,v016
4DZB6,26,170,144,v016
TCCQL,0,736,736,v014
TCCQL,192,312,120,v005
TCCQL,408,600,192,v004
TCCQL,408,672,264,v008
TCCQL,0,736,736,v018
TCCQL,0,736,736,v008
TCCQL,0,736,736,v031
CZ65V,0,174,174,v008
CZ65V,0,174,174,v008
0OE6M,136,284,148,v003
0OE6M,144,284,140,v016
0OE6M,0,182,182,v028
0OE6M,81,192,111,v025
0OE6M,108,284,176,v023
7TJ14,304,463,159,v001
7TJ14,129,436,307,v023
7TJ14,0,160,160,v012
7TJ14,52,564,512,v008
7TJ14,458,638,180,v005
7TJ14,14,432,418,v016
7TJ14,403,777,374,v008
7TJ14,422,777,355,v023
EKLVV,314,623,309,v003
EKLVV,0,379,379,v008
EKLVV,0,623,623,v023
EKLVV,0,623,623,v016
978PS,0,669,669,v008
978PS,0,669,669,v008
978PS,2,669,667,v031
1THHL,48,376,328,v026
1THHL,336,667,331,v019
1THHL,0,732,732,v018
1THHL,0,122,122,v012
1THHL,72,352,280,v008
G4E4S,345,674,329,v018
G4E4S,112,230,118,v008
G4E4S,417,667,250,v028
G4E4S,578,681,103,v022
G4E4S,396,645,249,v018
G4E4S,811,1380,569,v030
G4E4S,105,266,161,v016
G4E4S,1276,1440,164,v001
G4E4S,396,660,264,v018
LRLNC,0,721,721,v021
LRLNC,0,721,721,v018
LRLNC,0,721,721,v008
LRLNC,0,721,721,v014
LRLNC,664,721,57,v016
LRLNC,0,721,721,v031
UTLK1,307,761,454,v031
UTLK1,295,761,466,v030
UTLK1,0,235,235,v031
UTLK1,295,761,466,v012
WCIBT,0,1455,1455,v027
WCIBT,52,163,111,v025
WCIBT,67,163,96,v025
WCIBT,0,98,98,v029
WCIBT,177,280,103,v001
WCIBT,0,62,62,v012
WCIBT,31,180,149,v016
WCIBT,0,134,134,v008
S1BYH,0,674,674,v008
S1BYH,0,674,674,v017
LB006,0,240,240,v008
LB006,110,249,139,v016
LB006,321,370,49,v023
LB006,321,370,49,v018
LB006,321,370,49,v012
DUAOJ,0,228,228,v027
DUAOJ,165,398,233,v018
DUAOJ,38,328,290,v020
DUAOJ,187,444,257,v005
DUAOJ,295,648,353,v018
BQAUC,153,343,190,v008
BQAUC,50,192,142,v016
BQAUC,55,237,182,v008
BQAUC,242,374,132,v017
BQAUC,165,336,171,v031
G1BSD,0,312,312,v015
G1BSD,0,468,468,v008
G1BSD,244,362,118,v004
G1BSD,0,848,848,v018
G1BSD,333,468,135,v005
G1BSD,273,386,113,v023
N3SBJ,285,748,463,v008
N3SBJ,0,751,751,v008
N3SBJ,0,751,751,v018
N3SBJ,386,528,142,v005
N3SBJ,0,751,751,v018
N3SBJ,386,528,142,v005
N3SBJ,324,751,427,v026
N3SBJ,0,751,751,v008
ICALV,0,750,750,v008
ICALV,98,475,377,v008
ICALV,0,148,148,v005
ICALV,0,750,750,v030
ICALV,0,750,750,v005
ICALV,0,750,750,v024
ICALV,0,750,750,v026
ICALV,0,750,750,v008
ICALV,0,750,750,v023
ICALV,0,750,750,v023
ICALV,0,750,750,v016
ICALV,0,750,750,v016
ICALV,237,472,235,v008
ICALV,0,750,750,v005
ICALV,232,482,250,v016
1HAYV,38,196,158,v004
1HAYV,0,103,103,v005
1HAYV,472,633,161,v004
1HAYV,578,727,149,v005
1HAYV,0,900,900,v008
1HAYV,0,907,907,v018
1HAYV,0,904,904,v018
1HAYV,0,907,907,v008
291LH,0,763,763,v008
291LH,0,763,763,v018
291LH,0,763,763,v019
291LH,0,763,763,v031
291LH,16,160,144,v004
291LH,218,391,173,v004
291LH,456,628,172,v004
V7LTE,314,523,209,v007
V7LTE,19,271,252,v003
V7LTE,309,523,214,v012
V7LTE,0,280,280,v023
V7LTE,0,266,266,v008
COT5L,384,669,285,v005
COT5L,348,705,357,v008
COT5L,508,777,269,v005
COT5L,688,892,204,v004
COT5L,537,993,456,v008
COT5L,508,969,461,v023
COT5L,511,969,458,v016
COT5L,508,969,461,v016
F6PKX,458,774,316,v031
F6PKX,0,408,408,v031
F6PKX,288,451,163,v022
F6PKX,0,280,280,v006
F6PKX,0,388,388,v018
PNIHG,220,341,121,v029
PNIHG,55,261,206,v009
PNIHG,45,254,209,v019
82ZNR,151,302,151,v008
82ZNR,141,309,168,v016
82ZNR,0,254,254,v002
82ZNR,170,314,144,v015
82ZNR,163,268,105,v023
82ZNR,679,728,49,v030
82ZNR,189,728,539,v030
82ZNR,189,728,539,v030
82ZNR,189,728,539,v008
82ZNR,144,266,122,v023
82ZNR,657,728,71,v016
0RQZC,0,777,777,v008
0RQZC,0,777,777,v018
XF28F,0,630,630,v008
XF28F,0,630,630,v026
XF28F,0,630,630,v026
XF28F,0,630,630,v019
F5XQM,52,244,192,v012
SV7U3,0,751,751,v030
SV7U3,0,772,772,v030
ACMHK,360,769,409,v018
ACMHK,0,769,769,v005
ACMHK,528,720,192,v020
ACMHK,0,769,769,v008
ACMHK,0,769,769,v008
ACMHK,321,475,154,v018
ACMHK,384,552,168,v006
ACMHK,722,769,47,v023
ACMHK,722,769,47,v016
83KZR,244,549,305,v001
83KZR,537,655,118,v008
83KZR,470,638,168,v023
83KZR,288,484,196,v007
XY2M3,537,729,192,v018
XY2M3,556,773,217,v008
XY2M3,518,679,161,v023
XY2M3,559,773,214,v031
XY2M3,676,773,97,v029
XY2M3,499,674,175,v018
XY2M3,621,773,152,v017
XY2M3,638,756,118,v022
XY2M3,2,578,576,v031
MR8CK,134,747,613,v016
MR8CK,139,747,608,v026
MR8CK,141,537,396,v026
MR8CK,489,686,197,v008
FQAAB,679,859,180,v001
FQAAB,616,859,243,v008
FQAAB,0,139,139,v029
FQAAB,0,151,151,v017
FQAAB,597,777,180,v023
R3Z2O,0,731,731,v021
R3Z2O,0,731,731,v010
R3Z2O,48,249,201,v014
R3Z2O,31,259,228,v008
MT6C2,0,115,115,v008
MT6C2,16,134,118,v016
MT6C2,67,252,185,v012
MT6C2,0,88,88,v017
MT6C2,240,535,295,v002
MT6C2,0,100,100,v029
DNWCR,0,88,88,v008
DNWCR,0,81,81,v023
DNWCR,0,120,120,v018
DNWCR,0,168,168,v003
DNWCR,33,743,710,v003
DNWCR,0,108,108,v017
DNWCR,16,743,727,v018
DNWCR,0,650,650,v008
29WOY,0,160,160,v008
29WOY,72,733,661,v026
29WOY,33,733,700,v023
29WOY,0,733,733,v018
29WOY,33,733,700,v016
29WOY,26,733,707,v026
29WOY,0,129,129,v012
29WOY,0,168,168,v008
29WOY,21,165,144,v016
HOGVD,0,199,199,v012
HOGVD,324,604,280,v005
HOGVD,0,604,604,v018
NDYOR,448,688,240,v008
NDYOR,561,708,147,v016
NDYOR,422,573,151,v023
NDYOR,57,448,391,v026
NDYOR,566,758,192,v016
NDYOR,45,172,127,v023
NDYOR,463,645,182,v014
NDYOR,0,60,60,v029
NDYOR,103,309,206,v023
NDYOR,16,199,183,v025
NDYOR,110,448,338,v016
NDYOR,16,199,183,v016
RO8N5,468,741,273,v004
RO8N5,463,741,278,v008
RO8N5,103,600,497,v015
RO8N5,0,741,741,v018
RO8N5,0,741,741,v031
RO8N5,482,741,259,v008
RO8N5,420,564,144,v016
RO8N5,475,741,266,v008
KHHIV,0,343,343,v008
KHHIV,0,348,348,v024
KHHIV,115,266,151,v029
KAQNT,136,256,120,v001
KAQNT,0,158,158,v026
KAQNT,163,273,110,v026
KAQNT,0,158,158,v026
KAQNT,0,321,321,v008
S2EXT,324,744,420,v008
S2EXT,64,290,226,v012
S2EXT,636,744,108,v012
S2EXT,96,235,139,v007
S2EXT,321,744,423,v008
S2EXT,175,379,204,v029
GCK0H,0,728,728,v008
PM107,158,400,242,v008
PM107,321,436,115,v008
PM107,571,778,207,v031
PM107,403,544,141,v029
PM107,141,259,118,v023
PM107,328,444,116,v016
41ZY4,343,667,324,v005
41ZY4,304,444,140,v000
41ZY4,345,667,322,v005
41ZY4,0,554,554,v010
USZCJ,24,192,168,v001
USZCJ,0,98,98,v008
USZCJ,0,79,79,v012
USZCJ,0,134,134,v029
T82IE,439,708,269,v008
T82IE,180,528,348,v023
T82IE,0,120,120,v004
T82IE,0,216,216,v016
T82IE,16,273,257,v018
T82IE,470,720,250,v022
T82IE,211,338,127,v012
T82IE,235,417,182,v031
T82IE,0,192,192,v008
T82IE,81,204,123,v016
T82IE,112,276,164,v018
T82IE,684,762,78,v029
T82IE,309,422,113,v001
T82IE,112,280,168,v018
HGSB7,552,753,201,v018
HGSB7,0,165,165,v010
HGSB7,16,244,228,v022
HGSB7,321,484,163,v023
HGSB7,494,669,175,v018
GW2Y8,0,213,213,v014
GW2Y8,192,621,429,v005
GW2Y8,561,775,214,v004
GW2Y8,199,590,391,v005
GW2Y8,148,484,336,v016
GW2Y8,153,465,312,v008
GW2Y8,160,775,615,v023
GW2Y8,549,775,226,v023
GW2Y8,0,775,775,v032
GW2Y8,189,475,286,v023
GW2Y8,0,775,775,v018
GW2Y8,552,775,223,v008
GW2Y8,684,775,91,v016
GW2Y8,338,475,137,v016
K7HQG,14,730,716,v005
K7HQG,0,730,730,v018
K7HQG,0,730,730,v018
K7HQG,0,288,288,v008
K7HQG,0,288,288,v031
K7HQG,192,554,362,v016
K7HQG,0,730,730,v008
WVNBE,508,1023,515,v026
WVNBE,540,988,448,v008
WVNBE,110,564,454,v003
WVNBE,232,559,327,v019
WVNBE,74,201,127,v023
WVNBE,540,662,122,v023
V8H9M,0,747,747,v008
V8H9M,213,403,190,v016
V8H9M,199,403,204,v023
V8H9M,0,276,276,v026
V8H9M,273,396,123,v025
V8H9M,225,396,171,v016
83V0A,290,439,149,v012
83V0A,206,345,139,v023
83V0A,81,280,199,v031
83V0A,0,160,160,v002
83V0A,225,398,173,v018
83V0A,225,398,173,v018
83V0A,0,172,172,v008
83V0A,0,479,479,v019
83V0A,288,479,191,v031
83V0A,242,479,237,v008
MR66M,528,772,244,v023
MR66M,187,350,163,v029
MR66M,540,772,232,v005
MR66M,110,772,662,v008
MR66M,477,626,149,v023
MR66M,492,624,132,v008
MR66M,492,626,134,v016
MR66M,492,626,134,v016
MR66M,535,686,151,v008
AKALB,0,256,256,v010
AKALB,223,762,539,v018
AKALB,345,489,144,v025
AKALB,276,460,184,v016
4SGC9,408,728,320,v012
4SGC9,0,456,456,v014
4SGC9,0,513,513,v008
4SGC9,362,520,158,v016
A10NL,360,486,126,v029
A10NL,283,486,203,v008
A10NL,264,470,206,v023
K9GJF,220,429,209,v001
K9GJF,50,422,372,v008
K9GJF,372,480,108,v031
K9GJF,0,120,120,v029
K9GJF,148,475,327,v016
K9GJF,422,722,300,v001
Y1FKP,496,751,255,v031
Y1FKP,0,499,499,v018
Y1FKP,525,751,226,v009
Y1FKP,398,559,161,v022
Y1FKP,0,499,499,v031
Y1FKP,511,751,240,v019
Y1FKP,0,751,751,v008
Y1FKP,225,372,147,v001
Y1FKP,0,751,751,v008
TS75H,0,326,326,v008
TS75H,194,376,182,v018
TS75H,280,723,443,v018
TS75H,21,146,125,v020
TS75H,326,723,397,v005
TS75H,369,480,111,v005
TS75H,0,326,326,v008
TS75H,340,723,383,v008
TS75H,326,436,110,v023
TS75H,631,723,92,v016
5VUQE,240,360,120,v012
5VUQE,240,456,216,v023
5VUQE,0,743,743,v010
5VUQE,0,743,743,v031
ZCH7N,302,667,365,v008
ZCH7N,564,688,124,v016
ZCH7N,50,372,322,v005
ZCH7N,276,400,124,v016
ZCH7N,52,372,320,v005
ZCH7N,592,727,135,v022
ZCH7N,0,696,696,v018
ZCH7N,352,669,317,v014
ZCH7N,290,429,139,v023
ZCH7N,76,369,293,v008
ZCH7N,43,180,137,v023
ZCH7N,28,158,130,v018
ZCH7N,0,384,384,v016
ZCH7N,45,405,360,v023
ZCH7N,122,391,269,v008
ZCH7N,50,710,660,v018
QRULM,712,850,138,v008
QRULM,559,850,291,v008
QRULM,0,727,727,v030
QRULM,739,850,111,v019
QRULM,684,850,166,v031
QRULM,568,818,250,v023
QRULM,686,820,134,v023
ZYDGF,319,514,195,v008
ZYDGF,316,489,173,v023
ZYDGF,72,319,247,v004
ZYDGF,304,432,128,v001
ZYDGF,280,494,214,v012
ZYDGF,0,369,369,v008
ZYDGF,278,432,154,v012
ZYDGF,304,434,130,v001
CDNV7,441,571,130,v027
CDNV7,52,244,192,v008
CDNV7,0,494,494,v030
CDNV7,0,499,499,v030
CDNV7,0,516,516,v026
L4DUU,0,628,628,v008
L4DUU,482,660,178,v016
L4DUU,441,597,156,v005
L4DUU,0,667,667,v008
L4DUU,518,633,115,v016
L4DUU,0,595,595,v014
L4DUU,0,759,759,v005
L4DUU,597,720,123,v029
B32MT,288,405,117,v012
B32MT,518,721,203,v027
B32MT,319,592,273,v008
B32MT,396,552,156,v001
B32MT,141,398,257,v031
S5NC8,211,400,189,v008
S5NC8,273,400,127,v016
S5NC8,0,295,295,v031
S5NC8,400,592,192,v029
S5NC8,189,386,197,v008
S5NC8,0,741,741,v032
S5NC8,249,415,166,v016
S5NC8,199,367,168,v008
S5NC8,199,367,168,v016
VG0GK,0,280,280,v031
VG0GK,69,505,436,v008
VG0GK,0,105,105,v005
VG0GK,0,505,505,v018
VG0GK,0,505,505,v018
VG0GK,86,505,419,v014
VG0GK,45,168,123,v023
VG0GK,0,129,129,v016
VG0GK,0,129,129,v016
VG0GK,0,86,86,v008
VG0GK,0,96,96,v008
VG0GK,86,505,419,v032
VG0GK,0,117,117,v016
BZWSJ,43,206,163,v004
BZWSJ,252,391,139,v016
BZWSJ,547,753,206,v023
BZWSJ,62,554,492,v008
BZWSJ,561,753,192,v008
BZWSJ,573,753,180,v026
OXC4X,595,847,252,v003
OXC4X,146,309,163,v003
OXC4X,146,516,370,v003
OXC4X,0,187,187,v023
02V54,115,441,326,v008
02V54,201,441,240,v021
02V54,141,441,300,v021
E7FGK,108,739,631,v018
E7FGK,396,554,158,v004
E7FGK,333,552,219,v005
E7FGK,55,398,343,v008
E7FGK,355,583,228,v008
E7FGK,96,225,129,v018
E7FGK,74,679,605,v008
E7FGK,636,739,103,v022
E7FGK,343,540,197,v031
NUW2S,24,878,854,v018
NUW2S,369,597,228,v000
NUW2S,12,189,177,v018
NUW2S,746,907,161,v022
NUW2S,14,908,894,v008
NUW2S,705,908,203,v016
NUW2S,98,871,773,v018
F9RY4,357,496,139,v016
F9RY4,0,381,381,v004
F9RY4,0,735,735,v018
F9RY4,0,484,484,v008
F9RY4,124,271,147,v019
F9RY4,0,735,735,v018
U37WC,549,700,151,v005
U37WC,434,580,146,v020
U37WC,549,700,151,v005
U37WC,28,660,632,v003
U37WC,496,607,111,v016
U37WC,619,727,108,v016
U37WC,554,727,173,v008
U37WC,314,465,151,v028
U37WC,40,276,236,v008
U37WC,84,259,175,v023
U37WC,441,588,147,v008
U37WC,396,619,223,v016
U37WC,376,664,288,v025
BIV8M,0,122,122,v016
BIV8M,184,403,219,v016
BIV8M,172,460,288,v016
BIV8M,0,156,156,v016
BIV8M,0,148,148,v008
BIV8M,120,256,136,v012
BIV8M,146,470,324,v026
B7T3B,189,348,159,v031
B7T3B,120,472,352,v023
B7T3B,292,528,236,v023
B7T3B,223,705,482,v010
B7T3B,489,681,192,v029
B7T3B,237,751,514,v008
B7T3B,237,751,514,v031
M5S4U,120,408,288,v026
M5S4U,456,672,216,v026
M5S4U,120,408,288,v026
M5S4U,633,741,108,v025
M5S4U,633,741,108,v016
M5S4U,460,722,262,v008
M5S4U,468,696,228,v030
TCM46,0,553,553,v008
TCM46,79,518,439,v012
TCM46,91,302,211,v031
TCM46,355,480,125,v016
TCM46,333,453,120,v028
TCM46,456,553,97,v027
O2294,336,456,120,v016
O2294,112,453,341,v028
O2294,398,712,314,v031
O2294,542,743,201,v012
O2294,79,300,221,v029
O2294,74,439,365,v023
O2294,345,463,118,v025
8BBX0,295,463,168,v012
8BBX0,0,614,614,v008
8BBX0,444,602,158,v023
8BBX0,484,614,130,v029
8BBX0,194,350,156,v016
8BBX0,472,612,140,v001
HKY1M,285,494,209,v031
HKY1M,12,357,345,v026
HKY1M,12,357,345,v026
HKY1M,326,463,137,v020
HKY1M,242,364,122,v023
HKY1M,316,489,173,v013
HKY1M,276,494,218,v014
HKY1M,256,544,288,v008
ZKOCS,45,254,209,v023
ZKOCS,36,218,182,v023
ZKOCS,81,264,183,v016
ZKOCS,283,494,211,v005
ZKOCS,129,328,199,v016
ZKOCS,266,664,398,v008
ZKOCS,146,434,288,v018
ZKOCS,182,721,539,v018
ZKOCS,110,292,182,v008
ZKOCS,216,420,204,v018
ZKOCS,194,721,527,v018
75AX5,880,1149,269,v012
75AX5,321,602,281,v016
75AX5,52,295,243,v002
75AX5,772,912,140,v020
75AX5,276,588,312,v002
75AX5,314,537,223,v023
75AX5,1039,1200,161,v001
75AX5,448,837,389,v008
75AX5,448,691,243,v023
75AX5,9,182,173,v017
75AX5,1015,1142,127,v012
75AX5,180,309,129,v008
75AX5,703,861,158,v016
75AX5,168,276,108,v023
75AX5,194,314,120,v016
UPJWV,468,597,129,v027
UPJWV,232,460,228,v002
UPJWV,576,705,129,v017
OX5TB,309,964,655,v014
OX5TB,883,1034,151,v008
OX5TB,0,297,297,v003
OX5TB,0,218,218,v018
OX5TB,895,1034,139,v016
G71VM,645,806,161,v004
G71VM,343,614,271,v026
G71VM,463,626,163,v016
G71VM,535,643,108,v001
G71VM,727,850,123,v019
G71VM,40,316,276,v012
NXUA9,62,232,170,v006
NXUA9,379,624,245,v030
NXUA9,0,302,302,v022
NXUA9,314,456,142,v029
5NF0R,576,756,180,v008
5NF0R,21,165,144,v018
5NF0R,141,312,171,v016
5NF0R,660,770,110,v022
5NF0R,9,168,159,v018
5NF0R,561,765,204,v014
5NF0R,69,292,223,v016
SVQFY,194,535,341,v005
SVQFY,206,597,391,v008
SVQFY,0,225,225,v004
SVQFY,0,696,696,v008
SVQFY,343,597,254,v005
SVQFY,648,791,143,v016
SVQFY,182,662,480,v016
SVQFY,182,662,480,v023
SVQFY,0,657,657,v023
IXL74,0,429,429,v018
IXL74,0,429,429,v005
IXL74,302,463,161,v022
IXL74,81,439,358,v019
IXL74,350,806,456,v002
IXL74,0,405,405,v018
3ZOI4,0,244,244,v008
3ZOI4,127,276,149,v025
3ZOI4,0,592,592,v008
3ZOI4,444,612,168,v016
3ZOI4,444,612,168,v016
3ZOI4,336,456,120,v025
XTHL8,283,763,480,v002
XTHL8,268,434,166,v016
XTHL8,249,429,180,v008
CDIW7,151,326,175,v016
CDIW7,62,206,144,v008
CDIW7,158,324,166,v016
TJKGJ,0,436,436,v008
TJKGJ,564,770,206,v031
TJKGJ,0,355,355,v026
TJKGJ,391,770,379,v008
TJKGJ,451,578,127,v018
TJKGJ,482,770,288,v018
TJKGJ,0,429,429,v030
TJKGJ,266,441,175,v001
TJKGJ,525,770,245,v004
TJKGJ,352,564,212,v023
TJKGJ,225,424,199,v001
TJKGJ,16,518,502,v022
TJKGJ,391,770,379,v008
B17UQ,520,708,188,v016
B17UQ,0,757,757,v018
B17UQ,103,295,192,v016
B17UQ,24,283,259,v031
B17UQ,520,636,116,v023
B17UQ,31,757,726,v018
TPHRR,391,868,477,v002
TPHRR,24,192,168,v019
TPHRR,240,360,120,v022
TPHRR,0,312,312,v018
TPHRR,288,456,168,v026
TPHRR,343,487,144,v016
RJDH2,326,496,170,v016
RJDH2,0,482,482,v032
RJDH2,0,492,492,v008
RJDH2,439,588,149,v023
RJDH2,372,513,141,v022
RJDH2,0,499,499,v018
RJDH2,0,403,403,v018
RJDH2,307,475,168,v016
RJDH2,408,638,230,v025
RJDH2,0,463,463,v008
RJDH2,91,240,149,v012
RJDH2,297,446,149,v001
RJDH2,0,115,115,v018
RJDH2,333,468,135,v016
RJDH2,45,386,341,v031
GQCUX,0,189,189,v008
GQCUX,0,456,456,v009
GQCUX,0,475,475,v010
GQCUX,0,448,448,v021
GQCUX,0,108,108,v023
WEVQH,211,608,397,v025
WEVQH,139,608,469,v008
WEVQH,124,278,154,v012
WEVQH,110,261,151,v023
WEVQH,170,494,324,v023
WEVQH,511,608,97,v016
WEVQH,520,608,88,v025
0WLCJ,43,172,129,v025
0WLCJ,163,374,211,v007
0WLCJ,0,62,62,v016
G2J63,398,547,149,v025
G2J63,328,756,428,v018
G2J63,0,405,405,v031
G2J63,345,544,199,v025
G2J63,410,540,130,v016
G2J63,0,139,139,v006
VVMYX,482,818,336,v005
VVMYX,0,237,237,v008
VVMYX,206,348,142,v023
VVMYX,206,561,355,v016
VVMYX,0,252,252,v015
VVMYX,655,832,177,v005
JCWVV,0,232,232,v016
JCWVV,132,307,175,v008
JCWVV,72,321,249,v018
JCWVV,0,228,228,v008
JCWVV,192,585,393,v030
JCWVV,124,254,130,v016
JCWVV,55,216,161,v018
JCWVV,216,367,151,v022
JCWVV,112,319,207,v018
JCWVV,237,585,348,v026
JCWVV,0,232,232,v008
JCWVV,120,240,120,v016
JCWVV,225,585,360,v030
M3H7V,158,597,439,v028
M3H7V,0,687,687,v031
M3H7V,300,439,139,v023
M3H7V,67,196,129,v025
YIK5I,482,684,202,v012
YIK5I,705,785,80,v018
YIK5I,228,357,129,v022
YIK5I,316,484,168,v016
YIK5I,0,300,300,v031
YIK5I,304,530,226,v026
YIK5I,0,201,201,v031
YIK5I,0,271,271,v032
YIK5I,364,537,173,v016
YIK5I,348,463,115,v016
YIK5I,321,499,178,v026
YIK5I,0,333,333,v018
YIK5I,0,314,314,v018
YIK5I,0,264,264,v032
YIK5I,316,460,144,v008
YIK5I,0,108,108,v012
MQGVS,105,638,533,v008
MQGVS,496,650,154,v016
MQGVS,72,232,160,v023
MQGVS,532,676,144,v025
MQGVS,141,312,171,v026
MQGVS,103,650,547,v026
MQGVS,98,650,552,v026
MQGVS,559,681,122,v020
OFCU3,595,727,132,v016
OFCU3,0,674,674,v008
OFCU3,604,746,142,v023
OFCU3,576,732,156,v022
OFCU3,0,672,672,v031
OFCU3,604,746,142,v008
OFCU3,657,746,89,v016
OFCU3,556,698,142,v016
OFCU3,0,76,76,v012
OFCU3,542,679,137,v001
88Z3M,247,653,406,v031
88Z3M,21,129,108,v029
B5YYS,343,542,199,v001
B5YYS,132,372,240,v028
PYIA3,33,168,135,v012
PYIA3,134,711,577,v031
PYIA3,79,247,168,v023
NBAGZ,0,88,88,v008
NBAGZ,372,499,127,v016
NBAGZ,0,98,98,v023
NBAGZ,84,556,472,v008
NBAGZ,153,446,293,v030
NBAGZ,0,108,108,v025
NBAGZ,72,595,523,v008
NBAGZ,72,595,523,v023
6FYKZ,103,326,223,v016
6FYKZ,79,537,458,v008
6FYKZ,124,295,171,v016
6FYKZ,0,124,124,v016
6FYKZ,345,628,283,v026
6FYKZ,602,727,125,v023
6FYKZ,626,753,127,v001
TU2GE,357,489,132,v023
TU2GE,242,391,149,v023
TU2GE,0,228,228,v024
TU2GE,240,398,158,v023
TU2GE,0,247,247,v008
TU2GE,108,247,139,v016
TU2GE,268,708,440,v026
3WRE7,655,736,81,v029
3WRE7,0,717,717,v032
3WRE7,633,736,103,v022
3WRE7,0,676,676,v018
3WRE7,0,708,708,v031
3WRE7,0,736,736,v008
5XLBY,664,741,77,v016
5XLBY,667,741,74,v016
5XLBY,0,741,741,v008
5XLBY,0,93,93,v029
ZA7ST,9,182,173,v008
ZA7ST,216,400,184,v020
ZA7ST,729,811,82,v012
ZA7ST,664,811,147,v023
ZA7ST,0,758,758,v008
ZA7ST,616,811,195,v012
ZA7ST,676,777,101,v023
ZA7ST,763,811,48,v008
4C31V,0,775,775,v021
4C31V,0,775,775,v010
4C31V,0,775,775,v031
N39RU,0,664,664,v018
N39RU,0,314,314,v005
N39RU,220,604,384,v004
N39RU,477,619,142,v009
N39RU,537,679,142,v022
N39RU,0,175,175,v005
N39RU,192,405,213,v023
N39RU,448,580,132,v016
7H7PN,0,730,730,v018
7H7PN,201,696,495,v008
7H7PN,345,547,202,v016
7H7PN,535,730,195,v026
7H7PN,0,730,730,v018
7H7PN,0,124,124,v012
7H7PN,57,201,144,v023
1Q4P9,427,504,77,v008
1Q4P9,0,504,504,v008
1Q4P9,0,273,273,v020
1Q4P9,247,388,141,v022
1Q4P9,0,369,369,v018
TYYZK,424,633,209,v012
TYYZK,564,994,430,v008
TYYZK,220,364,144,v018
TYYZK,55,247,192,v029
TYYZK,408,972,564,v023
TYYZK,403,962,559,v023
IIJ5I,372,679,307,v002
IIJ5I,314,489,175,v016
IIJ5I,187,475,288,v008
59CDL,520,769,249,v031
59CDL,0,769,769,v005
59CDL,506,769,263,v018
59CDL,0,769,769,v005
59CDL,482,621,139,v018
59CDL,0,769,769,v008
Y91JG,91,273,182,v016
Y91JG,172,398,226,v020
Y91JG,110,271,161,v016
Y91JG,9,261,252,v008
TIJOY,424,643,219,v004
TIJOY,151,350,199,v005
TIJOY,74,285,211,v012
TIJOY,189,324,135,v023
TIJOY,436,763,327,v023
TIJOY,67,520,453,v008
TIJOY,0,520,520,v018
TIJOY,48,525,477,v008
M6XX6,216,767,551,v021
M6XX6,0,767,767,v009
M6XX6,0,767,767,v019
M6XX6,0,767,767,v018
XNR76,0,748,748,v018
XNR76,652,809,157,v022
XNR76,0,809,809,v008
XNR76,0,780,780,v014
2Q2LA,338,475,137,v001
2Q2LA,204,355,151,v012
2Q2LA,7,122,115,v008
2Q2LA,180,468,288,v016
2Q2LA,0,242,242,v016
2Q2LA,0,192,192,v023
R8OTI,0,151,151,v029
R8OTI,48,511,463,v026
R8OTI,422,576,154,v016
DGMDT,340,703,363,v008
DGMDT,528,703,175,v008
DGMDT,499,643,144,v016
DGMDT,93,280,187,v023
DGMDT,566,703,137,v023
DGMDT,547,703,156,v014
DGMDT,81,393,312,v012
DGMDT,182,571,389,v008
DGMDT,139,636,497,v008
DGMDT,636,703,67,v024
8CJML,4,561,557,v026
8CJML,422,704,282,v021
8CJML,2,585,583,v026
8CJML,16,172,156,v023
8CJML,391,547,156,v023
5O31N,50,218,168,v001
5O31N,547,861,314,v028
5O31N,765,975,210,v028
5O31N,794,931,137,v025
5O31N,835,969,134,v023
5O31N,31,302,271,v029
5O31N,770,975,205,v008
5O31N,770,975,205,v016
KRZW8,48,758,710,v008
KRZW8,48,432,384,v014
KRZW8,408,758,350,v008
KRZW8,408,758,350,v014
KRZW8,504,758,254,v009
KRZW8,672,758,86,v019
KRZW8,0,758,758,v018
RK4U5,0,151,151,v012
RK4U5,600,706,106,v025
RK4U5,12,273,261,v008
RK4U5,602,706,104,v025
RK4U5,199,691,492,v031
RK4U5,151,706,555,v008
RK4U5,0,280,280,v026
QFDKV,348,681,333,v008
QFDKV,482,674,192,v019
51ZY5,184,379,195,v009
51ZY5,184,379,195,v009
51ZY5,117,372,255,v008
51ZY5,273,415,142,v017
51ZY5,134,290,156,v013
51ZY5,124,400,276,v014
7GYR4,496,688,192,v004
7GYR4,0,732,732,v018
7GYR4,664,732,68,v016
7GYR4,480,604,124,v023
7GYR4,614,732,118,v008
C3HIN,0,96,96,v019
C3HIN,0,491,491,v018
C3HIN,235,477,242,v023
C3HIN,247,487,240,v008
C3HIN,0,280,280,v028
C3HIN,0,491,491,v018
C3HIN,0,232,232,v019
C3HIN,280,429,149,v004
C3HIN,338,491,153,v016
C3HIN,108,324,216,v016
C3HIN,223,491,268,v008
2TWI2,0,847,847,v008
2TWI2,0,60,60,v029
2TWI2,0,847,847,v008
A2EY4,379,585,206,v021
A2EY4,76,206,130,v001
A2EY4,36,165,129,v012
A2EY4,0,758,758,v008
A2EY4,29,758,729,v008
GV9M4,297,408,111,v004
GV9M4,580,700,120,v023
GV9M4,588,700,112,v019
GV9M4,434,628,194,v019
GV9M4,31,261,230,v012
GV9M4,576,726,150,v008
GV9M4,144,302,158,v029
GV9M4,328,458,130,v016
GV9M4,489,626,137,v031
GV9M4,319,465,146,v023
GV9M4,240,650,410,v008
GV9M4,240,669,429,v008
GV9M4,136,679,543,v016
GV9M4,144,726,582,v031
GV9M4,199,672,473,v023
W7EHF,242,489,247,v016
W7EHF,554,668,114,v001
W7EHF,0,237,237,v012
W7EHF,400,576,176,v016
W7EHF,120,668,548,v018
EDPTO,403,547,144,v031
EDPTO,789,895,106,v005
EDPTO,756,885,129,v008
EDPTO,160,657,497,v008
EDPTO,170,304,134,v026
EDPTO,676,823,147,v005
EDPTO,0,652,652,v008
EDPTO,547,943,396,v008
OZIJ7,844,894,50,v010
OZIJ7,367,571,204,v009
23YS1,698,1032,334,v022
23YS1,249,446,197,v016
23YS1,806,1032,226,v026
23YS1,813,1039,226,v026
9GLQZ,62,738,676,v005
9GLQZ,0,206,206,v008
9GLQZ,0,187,187,v017
9GLQZ,76,738,662,v005
9GLQZ,187,379,192,v022
9GLQZ,12,738,726,v008
9GLQZ,19,738,719,v008
G183W,271,847,576,v018
G183W,374,492,118,v019
G183W,276,410,134,v018
G183W,741,854,113,v022
G183W,326,871,545,v008
G183W,314,871,557,v008
G183W,410,708,298,v004
G183W,16,326,310,v008
G183W,0,336,336,v016
JAOPD,4,283,279,v008
JAOPD,84,218,134,v016
JAOPD,187,600,413,v008
JAOPD,182,290,108,v023
JAOPD,96,220,124,v025
JAOPD,192,576,384,v008
5Q8C7,441,724,283,v014
5Q8C7,549,724,175,v013
5Q8C7,364,496,132,v016
5Q8C7,156,312,156,v023
5Q8C7,676,724,48,v008
5Q8C7,676,724,48,v016
5Q8C7,676,724,48,v008
YMFWC,50,244,194,v016
YMFWC,192,384,192,v026
YMFWC,328,489,161,v016
YMFWC,204,470,266,v016
YMFWC,0,244,244,v026
DZ2J6,0,720,720,v008
DZ2J6,14,720,706,v031
DZ2J6,0,168,168,v008
DZ2J6,0,720,720,v005
DZ2J6,38,235,197,v018
DZ2J6,643,720,77,v022
DZ2J6,0,134,134,v021
DZ2J6,43,708,665,v018
DZ2J6,0,720,720,v008
10INO,67,319,252,v012
10INO,1353,2094,741,v008
10INO,288,540,252,v018
10INO,204,2094,1890,v018
10INO,1060,1502,442,v004
10INO,1490,1994,504,v014
10INO,67,247,180,v029
10INO,1951,2090,139,v016
10INO,590,729,139,v023
10INO,192,309,117,v016
10INO,1468,1598,130,v023
10INO,360,2094,1734,v018
G64VQ,0,91,91,v008
G64VQ,638,723,85,v023
G64VQ,2,609,607,v028
G64VQ,650,723,73,v008
G64VQ,453,723,270,v008
654CH,0,739,739,v008
654CH,0,739,739,v008
654CH,129,343,214,v009
654CH,0,739,739,v022
654CH,0,739,739,v014
654CH,0,739,739,v023
654CH,0,739,739,v008
654CH,0,739,739,v019
Y0CA0,208,352,144,v012
Y0CA0,374,535,161,v002
Y0CA0,412,686,274,v002
Y0CA0,156,297,141,v001
87ZOX,0,711,711,v008
87ZOX,0,711,711,v008
87ZOX,0,168,168,v004
PMVT7,0,703,703,v008
PMVT7,0,703,703,v005
PMVT7,0,703,703,v008
PMVT7,0,703,703,v005
PMVT7,0,703,703,v008
PMVT7,0,703,703,v008
PMVT7,0,703,703,v008
KD3SK,470,636,166,v021
KD3SK,403,561,158,v023
KD3SK,292,436,144,v016
KD3SK,0,405,405,v024
KD3SK,408,695,287,v008
KD3SK,0,460,460,v008
X4DOF,84,326,242,v031
X4DOF,16,388,372,v008
X4DOF,283,408,125,v025
X4DOF,283,408,125,v016
X4DOF,0,132,132,v023
IJPY2,0,729,729,v008
IJPY2,0,729,729,v004
IJPY2,0,405,405,v008
IJPY2,0,729,729,v028
IJPY2,578,717,139,v016
IJPY2,0,729,729,v008
0DDYA,626,890,264,v003
0DDYA,182,655,473,v031
0DDYA,835,957,122,v027
0DDYA,84,237,153,v027
GS711,45,336,291,v031
GS711,0,124,124,v008
GS711,0,139,139,v004
6E7Q4,352,568,216,v016
6E7Q4,0,295,295,v031
6E7Q4,645,750,105,v012
6E7Q4,52,261,209,v014
6E7Q4,165,307,142,v022
6E7Q4,218,535,317,v016
6E7Q4,0,434,434,v008
X9T4M,0,674,674,v008
X9T4M,0,674,674,v008
X9T4M,0,674,674,v017
JTZZW,52,199,147,v008
JTZZW,355,523,168,v016
JTZZW,427,753,326,v031
JTZZW,196,331,135,v012
JTZZW,0,175,175,v023
JTZZW,163,288,125,v018
JTZZW,184,753,569,v018
N3OKQ,228,763,535,v008
N3OKQ,0,573,573,v018
N3OKQ,0,487,487,v014
N3OKQ,326,511,185,v022
N3OKQ,0,427,427,v018
N3OKQ,0,472,472,v031
N3OKQ,189,355,166,v023
N3OKQ,192,326,134,v023
N3OKQ,177,667,490,v008
N3OKQ,0,648,648,v032
NBV2S,0,735,735,v008
NBV2S,0,735,735,v031
NBV2S,40,735,695,v014
72R6A,110,537,427,v030
72R6A,7,158,151,v023
72R6A,26,628,602,v008
72R6A,477,636,159,v016
ZIWZH,38,324,286,v012
ZIWZH,0,129,129,v018
ZIWZH,38,813,775,v018
ZIWZH,0,124,124,v001
F5OZ5,62,566,504,v008
F5OZ5,468,600,132,v025
F5OZ5,264,475,211,v006
F5OZ5,477,624,147,v025
0EJAG,55,297,242,v016
0EJAG,204,631,427,v004
0EJAG,244,631,387,v008
0EJAG,2,276,274,v009
0EJAG,0,254,254,v008
0EJAG,2,230,228,v008
0EJAG,0,141,141,v023
YMT5U,16,434,418,v026
YMT5U,0,487,487,v008
YMT5U,38,511,473,v030
YMT5U,26,501,475,v030
YMT5U,448,672,224,v001
QO7SM,0,355,355,v031
QO7SM,0,460,460,v018
QO7SM,391,756,365,v008
QO7SM,0,460,460,v008
QO7SM,223,369,146,v001
QO7SM,393,568,175,v029
QO7SM,379,573,194,v009
QO7SM,391,621,230,v024
QO7SM,115,278,163,v019
QO7SM,108,278,170,v019
BYDSE,57,336,279,v000
BYDSE,482,735,253,v028
BYDSE,0,523,523,v010
BYDSE,0,391,391,v021
3AE3T,115,468,353,v018
3AE3T,0,326,326,v008
3AE3T,0,76,76,v029
3AE3T,50,170,120,v016
3AE3T,33,705,672,v031
3AE3T,50,170,120,v016
RRDAM,43,336,293,v008
RRDAM,36,304,268,v008
RRDAM,45,204,159,v029
RRDAM,448,576,128,v017
RRDAM,105,350,245,v016
RRDAM,259,444,185,v016
RRDAM,376,552,176,v001
RRDAM,144,333,189,v016
RRDAM,165,436,271,v030
R3O7U,33,472,439,v030
R3O7U,74,609,535,v008
R3O7U,415,578,163,v016
R3O7U,415,578,163,v025
R3O7U,506,624,118,v023
R3O7U,780,915,135,v016
R3O7U,556,825,269,v004
NDBXV,60,475,415,v008
NDBXV,439,1085,646,v008
NDBXV,1024,1085,61,v016
NDBXV,424,568,144,v023
NDBXV,201,475,274,v026
FERH5,624,722,98,v001
FERH5,79,225,146,v012
FERH5,415,532,117,v020
FERH5,146,408,262,v014
FERH5,2,240,238,v008
100U3,0,134,134,v008
100U3,328,504,176,v020
BSF19,48,264,216,v008
BSF19,0,312,312,v031
BSF19,0,434,434,v001
BSF19,0,336,336,v008
O7OD2,511,626,115,v029
O7OD2,192,386,194,v005
O7OD2,192,386,194,v005
O7OD2,105,261,156,v008
O7OD2,12,669,657,v008
O7OD2,69,676,607,v008
YH70K,516,643,127,v016
YH70K,278,403,125,v029
YH70K,36,290,254,v023
YH70K,518,645,127,v016
YH70K,0,292,292,v026
YH70K,261,508,247,v008
YH70K,206,552,346,v008
XET54,367,564,197,v001
XET54,235,376,141,v008
XET54,273,448,175,v016
XET54,223,388,165,v029
XET54,463,636,173,v007
XET54,237,429,192,v025
XET54,307,436,129,v023
OJIRT,158,801,643,v008
OJIRT,79,285,206,v012
OJIRT,79,780,701,v008
OJIRT,662,804,142,v025
OJIRT,187,640,453,v016
OJIRT,331,525,194,v008
1X0M3,372,525,153,v016
1X0M3,136,340,204,v012
1X0M3,180,360,180,v023
1X0M3,0,144,144,v023
VS7DA,304,434,130,v027
VS7DA,57,254,197,v007
VS7DA,516,746,230,v026
VS7DA,734,916,182,v001
VS7DA,48,259,211,v012
VS7DA,242,468,226,v029
VS7DA,758,907,149,v001
VS7DA,96,273,177,v012
NS216,21,333,312,v000
NS216,0,333,333,v010
NS216,21,333,312,v000
WIUQN,163,602,439,v008
WIUQN,170,602,432,v014
WIUQN,117,261,144,v023
WIUQN,0,602,602,v018
WIUQN,69,199,130,v016
WIUQN,0,165,165,v004
WIUQN,0,602,602,v018
WIUQN,69,199,130,v016
S2L5Z,120,271,151,v016
S2L5Z,235,441,206,v023
S2L5Z,225,424,199,v026
S2L5Z,261,434,173,v008
DKEB0,427,568,141,v004
DKEB0,640,784,144,v016
DKEB0,516,693,177,v008
DKEB0,480,650,170,v031
DKEB0,0,326,326,v018
DKEB0,280,420,140,v008
DKEB0,273,420,147,v023
DKEB0,355,475,120,v019
DKEB0,578,715,137,v009
DKEB0,0,573,573,v010
300LS,0,477,477,v017
300LS,396,477,81,v029
W882Y,729,828,99,v024
W882Y,420,672,252,v012
W882Y,626,828,202,v008
W882Y,576,780,204,v023
W882Y,60,828,768,v016
W882Y,0,321,321,v008
W882Y,0,828,828,v022
W882Y,0,828,828,v023
7P5R2,321,492,171,v012
7P5R2,43,386,343,v012
7P5R2,532,775,243,v012
7P5R2,348,585,237,v023
7P5R2,489,786,297,v031
7P5R2,38,398,360,v029
7P5R2,144,362,218,v007
7P5R2,328,460,132,v023
7P5R2,364,786,422,v008
7P5R2,400,786,386,v008
NLXQE,0,741,741,v008
NLXQE,0,741,741,v005
NLXQE,0,741,741,v008
NLXQE,230,741,511,v008
NLXQE,0,741,741,v019
NLXQE,434,669,235,v009
7FAB3,132,746,614,v023
7FAB3,31,196,165,v012
7FAB3,172,746,574,v016
7FAB3,172,746,574,v016
JG7UX,0,266,266,v028
JG7UX,0,456,456,v022
JG7UX,528,663,135,v012
JG7UX,0,88,88,v012
JG7UX,396,561,165,v016
JG7UX,254,516,262,v026
JG7UX,0,84,84,v012
JG7UX,249,388,139,v023
JG7UX,393,523,130,v025
JG7UX,223,439,216,v001
GFVSV,0,948,948,v021
GFVSV,112,948,836,v008
GFVSV,535,816,281,v012
GFVSV,0,120,120,v018
GFVSV,787,948,161,v001
GFVSV,496,674,178,v012
GFVSV,388,616,228,v016
GFVSV,93,441,348,v015
GFVSV,549,897,348,v031
GFVSV,345,508,163,v004
GFVSV,0,129,129,v018
GFVSV,132,285,153,v023
GFVSV,0,242,242,v008
BW03C,218,712,494,v008
BW03C,273,712,439,v031
BW03C,0,712,712,v018
BW03C,208,364,156,v023
BW03C,261,712,451,v031
BW03C,223,712,489,v008
BW03C,230,712,482,v008
IU2XH,0,516,516,v008
IU2XH,408,731,323,v008
IET7H,0,546,546,v008
IET7H,180,412,232,v012
IET7H,180,412,232,v012
IET7H,396,520,124,v001
IET7H,475,546,71,v016
IET7H,475,546,71,v025
IET7H,453,546,93,v025
IET7H,0,93,93,v029
IET7H,50,546,496,v007
7L18C,391,616,225,v008
7L18C,254,484,230,v023
7L18C,285,520,235,v018
7L18C,60,410,350,v008
7L18C,328,561,233,v016
7L18C,26,254,228,v014
7L18C,410,664,254,v014
7L18C,0,453,453,v010
7L18C,0,432,432,v031
7L18C,446,607,161,v022
7L18C,573,736,163,v029
OM66H,0,722,722,v031
OM66H,0,722,722,v018
OM66H,511,684,173,v020
OM66H,0,722,722,v018
VDK6L,0,735,735,v014
VDK6L,28,256,228,v008
VDK6L,21,136,115,v019
VDK6L,136,273,137,v016
WKDPZ,0,633,633,v008
WKDPZ,0,660,660,v018
WKDPZ,0,612,612,v031
WKDPZ,516,636,120,v016
WKDPZ,559,736,177,v022
WKDPZ,496,662,166,v016
I1CS8,554,719,165,v031
I1CS8,511,660,149,v022
I1CS8,0,719,719,v008
I1CS8,0,650,650,v014
I1CS8,0,643,643,v018
2FC4V,0,602,602,v008
2FC4V,0,252,252,v026
2FC4V,213,465,252,v009
2FC4V,441,681,240,v019
2FC4V,0,259,259,v026
2FC4V,660,828,168,v012
2FC4V,180,532,352,v020
YV521,0,247,247,v016
YV521,28,189,161,v032
YV521,288,645,357,v008
YV521,129,544,415,v031
YV521,216,415,199,v018
YV521,494,688,194,v016
YV521,0,573,573,v008
YV521,372,530,158,v001
YV521,0,67,67,v012
YV521,590,720,130,v020
YV521,494,672,178,v016
VN8SW,0,458,458,v014
VN8SW,405,780,375,v003
VN8SW,415,698,283,v026
VN8SW,0,386,386,v031
VN8SW,343,679,336,v026
B69CF,0,170,170,v021
B69CF,336,494,158,v001
B69CF,151,285,134,v022
B69CF,0,244,244,v010
B69CF,14,230,216,v000
KFGEF,513,686,173,v004
KFGEF,64,228,164,v004
KFGEF,0,151,151,v018
KFGEF,0,170,170,v014
KFGEF,110,516,406,v013
KFGEF,64,537,473,v008
KFGEF,50,187,137,v018
KFGEF,676,794,118,v019
KFGEF,403,547,144,v016
KFGEF,0,88,88,v023
KFGEF,55,156,101,v023
KFGEF,763,895,132,v022
KFGEF,0,866,866,v008
KFGEF,439,840,401,v014
KFGEF,439,789,350,v013
KFGEF,744,871,127,v016
G6LYD,225,338,113,v025
G6LYD,225,338,113,v025
G6LYD,309,439,130,v025
G6LYD,0,122,122,v001
G6LYD,187,482,295,v023
47532,417,566,149,v031
47532,0,124,124,v023
47532,7,508,501,v003
47532,420,568,148,v031
47532,568,705,137,v026
GEJPM,698,823,125,v001
GEJPM,292,403,111,v016
GEJPM,132,379,247,v008
GEJPM,396,513,117,v016
GEJPM,26,172,146,v012
GEJPM,552,672,120,v008
GEJPM,458,698,240,v016
GEJPM,76,232,156,v023
GEJPM,321,492,171,v023
GEJPM,108,412,304,v030
GEJPM,21,847,826,v026
GEJPM,108,408,300,v030
O5JIS,345,733,388,v008
O5JIS,201,348,147,v020
O5JIS,304,733,429,v008
O5JIS,561,715,154,v005
O5JIS,242,733,491,v008
O5JIS,242,733,491,v005
H1GWM,194,769,575,v008
H1GWM,163,297,134,v023
H1GWM,621,769,148,v026
H1GWM,328,470,142,v029
H1GWM,456,602,146,v019
H1GWM,0,189,189,v030
H1GWM,667,769,102,v026
3PTQK,439,595,156,v016
3PTQK,187,595,408,v008
3PTQK,314,463,149,v016
F9K8L,0,177,177,v008
F9K8L,69,710,641,v031
F9K8L,50,172,122,v016
F9K8L,160,338,178,v012
F9K8L,7,139,132,v017
F9K8L,40,172,132,v025
K9BLQ,180,338,158,v001
K9BLQ,12,156,144,v012
K9BLQ,0,271,271,v016
K9BLQ,0,653,653,v018
CPG4Y,0,124,124,v008
CPG4Y,28,172,144,v020
82B2V,168,336,168,v016
82B2V,290,734,444,v014
82B2V,290,734,444,v013
82B2V,216,408,192,v023
82B2V,0,734,734,v018
82B2V,0,643,643,v008
82B2V,240,734,494,v008
3CIVD,60,543,483,v008
3CIVD,355,506,151,v005
3CIVD,0,543,543,v021
3CIVD,0,543,543,v008
N5Z8Z,242,391,149,v008
N5Z8Z,220,405,185,v008
N5Z8Z,264,405,141,v023
N5Z8Z,223,558,335,v016
N5Z8Z,160,321,161,v023
N5Z8Z,192,444,252,v008
5GPOJ,225,345,120,v016
5GPOJ,0,312,312,v032
5GPOJ,0,606,606,v018
5GPOJ,0,338,338,v008
5GPOJ,0,328,328,v008
5GPOJ,312,606,294,v031
5GPOJ,204,324,120,v001
5GPOJ,230,352,122,v016
YTBQM,0,662,662,v004
YTBQM,0,652,652,v008
YTBQM,98,648,550,v002
O441U,0,508,508,v008
O441U,45,516,471,v016
O441U,288,645,357,v003
O441U,64,292,228,v016
O441U,271,434,163,v001
O441U,0,110,110,v007
O441U,374,513,139,v016
O441U,324,477,153,v023
O441U,0,158,158,v012
GGER2,242,763,521,v031
GGER2,254,763,509,v014
GGER2,0,794,794,v006
GGER2,199,794,595,v018
T6OAB,537,672,135,v027
T6OAB,504,624,120,v027
T6OAB,218,369,151,v001
T6OAB,0,139,139,v012
T6OAB,2,163,161,v031
INKPE,633,756,123,v016
INKPE,36,206,170,v002
INKPE,132,252,120,v008
INKPE,400,528,128,v016
INKPE,160,302,142,v023
80FWF,120,328,208,v008
80FWF,216,369,153,v016
80FWF,55,297,242,v023
80FWF,160,376,216,v026
80FWF,4,134,130,v027
80FWF,312,434,122,v027
ZJ54N,2,496,494,v008
ZJ54N,400,530,130,v016
ZJ54N,122,237,115,v008
ZJ54N,69,494,425,v005
ZJ54N,448,662,214,v028
ZJ54N,547,684,137,v025
ZJ54N,98,489,391,v023
ZJ54N,405,547,142,v016
ZJ54N,561,672,111,v016
ZJ54N,448,657,209,v008
ZJ54N,52,172,120,v012
D9DSH,0,734,734,v006
D9DSH,0,734,734,v008
D9DSH,0,624,624,v031
D9DSH,0,734,734,v008
24KQ5,0,273,273,v031
24KQ5,259,367,108,v029
PEIV4,319,1428,1109,v001
PEIV4,21,156,135,v023
PEIV4,1408,1543,135,v016
PEIV4,1408,1543,135,v016
PEIV4,28,1536,1508,v008
QSBXK,0,708,708,v008
QSBXK,0,708,708,v024
QSBXK,0,708,708,v008
QSBXK,324,470,146,v007
QSBXK,480,708,228,v007
UO607,33,182,149,v012
UO607,72,283,211,v012
UO607,477,616,139,v001
UO607,0,653,653,v008
UO607,129,427,298,v016
XB4HN,237,613,376,v008
XB4HN,350,613,263,v026
XB4HN,259,465,206,v028
XB4HN,300,613,313,v026
XB4HN,148,319,171,v001
XB4HN,0,278,278,v030
3P38N,552,664,112,v001
3P38N,112,268,156,v019
3P38N,333,441,108,v009
3P38N,0,821,821,v008
3P38N,0,648,648,v031
3P38N,552,696,144,v022
3P38N,0,648,648,v018
3P38N,108,568,460,v019
3P38N,9,187,178,v012
7326A,645,742,97,v018
7326A,518,742,224,v008
7326A,518,742,224,v014
7326A,26,742,716,v018
7326A,456,742,286,v013
7326A,0,722,722,v026
YNRI0,0,381,381,v018
YNRI0,0,376,376,v018
YNRI0,19,386,367,v004
YNRI0,288,472,184,v022
YNRI0,0,480,480,v018
YNRI0,422,518,96,v001
YNRI0,0,348,348,v008
BZ5AU,252,731,479,v019
BZ5AU,98,731,633,v026
BZ5AU,28,384,356,v003
BZ5AU,638,731,93,v019
BZ5AU,0,537,537,v031
BZ5AU,273,444,171,v006
BZ5AU,559,731,172,v009
6JB9M,528,724,196,v005
6JB9M,0,816,816,v008
6JB9M,465,684,219,v008
6JB9M,79,256,177,v014
857LD,369,499,130,v008
857LD,211,415,204,v001
DGPUE,324,525,201,v004
DGPUE,0,74,74,v008
DGPUE,0,752,752,v008
DGPUE,0,752,752,v019
DGPUE,0,752,752,v031
JXA4F,0,730,730,v008
JXA4F,0,730,730,v014
JXA4F,98,730,632,v013
JXA4F,451,730,279,v009
JXA4F,100,266,166,v019
JXA4F,506,657,151,v006
SW64W,153,333,180,v012
SW64W,367,636,269,v014
SW64W,0,345,345,v018
SW64W,0,684,684,v018
SW64W,0,160,160,v026
MY5CQ,0,192,192,v014
MY5CQ,91,259,168,v019
MY5CQ,0,324,324,v018
MY5CQ,0,715,715,v018
MY5CQ,360,755,395,v031
MY5CQ,336,470,134,v012
MY5CQ,372,755,383,v008
MY5CQ,276,417,141,v001
MY5CQ,12,755,743,v032
9Q1N7,463,736,273,v023
9Q1N7,180,420,240,v017
9Q1N7,117,283,166,v022
9Q1N7,302,453,151,v029
9Q1N7,0,280,280,v018
SHTQ9,45,261,216,v008
SHTQ9,264,420,156,v031
SHTQ9,36,276,240,v008
SHTQ9,112,321,209,v016
SHTQ9,0,134,134,v017
SHTQ9,278,490,212,v023
SHTQ9,0,372,372,v025
K1D2G,122,362,240,v026
K1D2G,345,475,130,v008
K1D2G,396,741,345,v030
K1D2G,0,100,100,v029
K1D2G,324,741,417,v026
K1D2G,204,403,199,v025
DQDJW,0,120,120,v008
DQDJW,518,756,238,v008
DQDJW,640,756,116,v032
DQDJW,0,127,127,v016
DQDJW,439,756,317,v023
DQDJW,175,381,206,v018
DQDJW,0,213,213,v016
DQDJW,0,86,86,v008
DQDJW,549,756,207,v031
DQDJW,511,756,245,v008
DQDJW,88,225,137,v018
DQDJW,556,717,161,v012
DQDJW,470,650,180,v023
8YKGP,856,967,111,v016
8YKGP,38,602,564,v002
8YKGP,652,844,192,v016
8YKGP,748,962,214,v026
MWZJY,96,216,120,v023
MWZJY,264,384,120,v001
MWZJY,216,336,120,v012
MWZJY,24,192,168,v017
MWZJY,218,386,168,v007
MWZJY,237,703,466,v029
D09K3,528,705,177,v012
D09K3,0,705,705,v008
D09K3,508,705,197,v029
D09K3,508,705,197,v007
UWRQV,7,733,726,v008
UWRQV,211,360,149,v014
UWRQV,343,535,192,v016
UWRQV,300,528,228,v023
UWRQV,633,733,100,v001
UWRQV,165,300,135,v012
UWRQV,168,300,132,v007
7UGF7,1017,1163,146,v022
7UGF7,324,734,410,v004
7UGF7,91,403,312,v000
7UGF7,336,741,405,v008
7UGF7,667,1154,487,v005
7UGF7,667,1048,381,v023
7UGF7,0,1118,1118,v018
7UGF7,808,950,142,v008
I8LEO,62,237,175,v012
I8LEO,230,492,262,v020
I8LEO,568,689,121,v026
E18UD,357,910,553,v005
E18UD,62,408,346,v015
E18UD,316,513,197,v023
E18UD,338,468,130,v008
E18UD,328,910,582,v031
E18UD,0,910,910,v018
HG00H,628,782,154,v008
HG00H,0,626,626,v003
HG00H,676,839,163,v013
HG00H,573,732,159,v023
OB7UK,420,624,204,v016
OB7UK,0,482,482,v014
OB7UK,336,451,115,v023
OB7UK,0,684,684,v008
X9ULK,403,633,230,v015
X9ULK,585,729,144,v007
X9ULK,388,631,243,v008
X9ULK,535,729,194,v023
X9ULK,115,448,333,v003
X9ULK,0,211,211,v026
X9ULK,681,729,48,v016
X9ULK,681,729,48,v031
X9ULK,681,729,48,v008
7EHQU,376,784,408,v004
7EHQU,211,379,168,v001
7EHQU,12,194,182,v008
7EHQU,288,513,225,v015
7EHQU,146,302,156,v012
7EHQU,0,208,208,v016
7EHQU,0,208,208,v016
7EHQU,204,810,606,v008
7EHQU,0,165,165,v008
7EHQU,204,372,168,v023
7EHQU,204,810,606,v016
VEKTO,0,180,180,v008
VEKTO,21,175,154,v016
VEKTO,0,701,701,v008
VEKTO,0,168,168,v016
VEKTO,96,240,144,v023
VEKTO,136,701,565,v030
VEKTO,112,701,589,v008
L1S6P,372,691,319,v008
L1S6P,343,482,139,v008
L1S6P,103,324,221,v008
L1S6P,242,439,197,v016
L1S6P,0,156,156,v017
L1S6P,372,535,163,v023
L1S6P,67,280,213,v023
L1S6P,153,345,192,v012
L1S6P,48,278,230,v023
L1S6P,163,456,293,v005
L1S6P,242,439,197,v016
GKBX9,216,451,235,v004
GKBX9,0,288,288,v002
GKBX9,0,74,74,v014
GU43L,0,153,153,v008
GU43L,357,504,147,v018
GU43L,228,513,285,v026
GU43L,400,706,306,v018
GU43L,0,158,158,v028
GU43L,0,170,170,v008
1LKPL,0,148,148,v013
1LKPL,0,807,807,v008
1LKPL,0,807,807,v022
1LKPL,160,463,303,v016
1LKPL,12,295,283,v013
1LKPL,0,807,807,v014
1LKPL,33,196,163,v016
1LKPL,278,434,156,v016
1LKPL,278,434,156,v023
ZCZ3X,72,326,254,v008
ZCZ3X,458,732,274,v031
ZCZ3X,24,312,288,v030
SKUOZ,0,220,220,v030
SKUOZ,0,220,220,v019
KNGUT,0,731,731,v008
KNGUT,0,120,120,v012
KNGUT,576,731,155,v005
KNGUT,55,172,117,v008
KNGUT,0,731,731,v018
5GWS2,530,759,229,v031
5GWS2,604,759,155,v006
5GWS2,456,626,170,v001
5GWS2,0,381,381,v008
5GWS2,460,590,130,v016
5GWS2,0,388,388,v031
5GWS2,0,759,759,v018
1WWJZ,616,938,322,v030
1WWJZ,237,405,168,v001
1WWJZ,12,194,182,v012
1WWJZ,196,405,209,v016
1WWJZ,232,376,144,v004
1WWJZ,168,417,249,v023
IBRFM,0,240,240,v018
IBRFM,0,409,409,v008
IBRFM,151,288,137,v022
IBRFM,0,240,240,v018
IBRFM,0,409,409,v031
IBRFM,324,409,85,v007
0G2SC,379,556,177,v016
0G2SC,0,412,412,v009
0G2SC,590,739,149,v019
0G2SC,420,664,244,v016
0G2SC,292,542,250,v008
0G2SC,228,451,223,v029
0G2SC,446,571,125,v012
0G2SC,427,549,122,v016
O283L,0,513,513,v005
O283L,396,652,256,v004
O283L,465,652,187,v016
O283L,0,489,489,v005
O283L,537,720,183,v016
O283L,0,724,724,v018
O283L,129,319,190,v020
O283L,408,602,194,v008
O283L,381,544,163,v023
O283L,0,698,698,v008
O283L,0,724,724,v018
O283L,494,652,158,v016
O283L,328,532,204,v023
O283L,472,612,140,v008
O283L,309,506,197,v023
MYZLT,14,919,905,v008
MYZLT,823,943,120,v008
MYZLT,804,928,124,v023
MYZLT,4,955,951,v008
MYZLT,4,909,905,v014
IC4D5,434,607,173,v028
69GFN,38,297,259,v031
69GFN,98,468,370,v028
69GFN,201,374,173,v028
69GFN,348,727,379,v018
69GFN,151,376,225,v031
69GFN,117,235,118,v016
5Y3VW,0,336,336,v008
5Y3VW,72,223,151,v022
5Y3VW,81,338,257,v026
5Y3VW,192,343,151,v016
5Y3VW,345,472,127,v008
5Y3VW,290,444,154,v012
98KNP,0,345,345,v018
98KNP,0,168,168,v018
98KNP,525,665,140,v022
GADDK,43,452,409,v008
GADDK,67,452,385,v008
GADDK,50,452,402,v008
GADDK,50,452,402,v008
GADDK,50,452,402,v014
8Y4YD,432,742,310,v008
8Y4YD,0,434,434,v029
8Y4YD,477,742,265,v018
8Y4YD,424,742,318,v013
8Y4YD,532,742,210,v019
1YSGI,124,566,442,v016
1YSGI,0,595,595,v008
1YSGI,420,612,192,v016
1YSGI,98,482,384,v023
1YSGI,0,228,228,v029
1YSGI,108,453,345,v016
DA7E9,225,376,151,v023
DA7E9,261,619,358,v031
DA7E9,28,316,288,v002
DA7E9,0,328,328,v008
DA7E9,225,669,444,v023
DA7E9,225,669,444,v008
DA7E9,225,669,444,v012
DA7E9,225,669,444,v001
DA7E9,523,681,158,v016
GOK03,240,420,180,v016
GOK03,703,944,241,v008
GOK03,655,806,151,v023
8BA61,463,732,269,v005
8BA61,50,506,456,v010
8BA61,463,732,269,v005
8BA61,636,768,132,v022
8BA61,40,151,111,v008
8BA61,458,727,269,v023
8BA61,103,511,408,v021
8BA61,0,170,170,v018
8BA61,484,727,243,v008
8BA61,602,727,125,v016
Y6419,206,326,120,v008
Y6419,0,595,595,v016
Y6419,0,595,595,v023
Y6419,544,669,125,v030
MZGMN,0,187,187,v012
MZGMN,0,367,367,v018
MZGMN,307,472,165,v026
MZGMN,132,328,196,v025
MZGMN,453,618,165,v001
MZGMN,302,547,245,v008
MZGMN,206,336,130,v001
MZGMN,432,578,146,v029
MZGMN,141,276,135,v016
3YVPG,528,696,168,v021
3YVPG,288,987,699,v008
3YVPG,432,768,336,v020
3YVPG,0,62,62,v016
3YVPG,768,936,168,v010
3YVPG,465,612,147,v016
3YVPG,732,856,124,v018
3YVPG,614,768,154,v016
3YVPG,732,861,129,v018
3YVPG,204,439,235,v015
3YVPG,158,348,190,v023
3YVPG,564,715,151,v023
3YVPG,0,986,986,v022
3YVPG,578,784,206,v008
3YVPG,681,828,147,v026
3YVPG,376,547,171,v004
3YVPG,638,753,115,v025
JO8M2,0,115,115,v031
JO8M2,0,424,424,v003
JO8M2,0,424,424,v026
JL6MG,614,957,343,v005
JL6MG,585,868,283,v005
JL6MG,386,957,571,v018
JL6MG,223,568,345,v023
JL6MG,362,564,202,v016
JL6MG,357,530,173,v018
JL6MG,396,957,561,v018
JL6MG,919,957,38,v023
JL6MG,919,957,38,v008
JL6MG,919,957,38,v023
JL6MG,919,957,38,v016
JL6MG,919,957,38,v016
JL6MG,0,225,225,v015
JL6MG,213,496,283,v008
JL6MG,242,516,274,v004
JL6MG,580,782,202,v008
JL6MG,9,892,883,v023
JL6MG,0,849,849,v008
JL6MG,0,957,957,v013
JL6MG,0,957,957,v016
NNZON,189,426,237,v020
NNZON,218,426,208,v019
NNZON,0,81,81,v018
NNZON,0,199,199,v018
NNZON,225,426,201,v009
M8NZA,72,757,685,v022
M8NZA,153,756,603,v026
M8NZA,31,194,163,v022
M8NZA,208,757,549,v016
M8NZA,208,757,549,v023
M8NZA,117,249,132,v012
M8NZA,213,588,375,v008
M8NZA,648,757,109,v001
SFK5D,0,403,403,v030
SFK5D,74,352,278,v020
SFK5D,247,360,113,v023
SFK5D,247,403,156,v008
SFK5D,0,403,403,v022
43OGO,0,345,345,v032
43OGO,434,752,318,v016
43OGO,384,752,368,v018
43OGO,0,458,458,v018
CC87Z,180,434,254,v001
CC87Z,100,302,202,v012
CC87Z,326,724,398,v008
CC87Z,158,336,178,v029
CC87Z,194,391,197,v007
CC87Z,422,748,326,v017
CC87Z,326,748,422,v023
LFC6D,324,484,160,v016
LFC6D,0,494,494,v018
LFC6D,645,746,101,v031
LFC6D,456,636,180,v020
LFC6D,376,513,137,v022
LFC6D,484,633,149,v019
LFC6D,532,655,123,v029
LFC6D,686,746,60,v030
LFC6D,0,494,494,v018
LFC6D,391,518,127,v018
TU4IL,0,743,743,v008
TU4IL,0,743,743,v024
RDUOV,223,381,158,v016
RDUOV,722,794,72,v016
RDUOV,352,794,442,v008
RDUOV,554,684,130,v029
RDUOV,662,787,125,v016
RDUOV,364,489,125,v008
RDUOV,326,619,293,v026
RDUOV,326,612,286,v023
RDUOV,0,374,374,v008
3JJ7C,146,268,122,v012
3JJ7C,0,237,237,v026
3JJ7C,160,424,264,v031
3JJ7C,580,761,181,v016
3JJ7C,352,465,113,v001
6SY30,0,134,134,v026
6SY30,220,715,495,v030
6SY30,0,715,715,v008
BKXN4,153,633,480,v003
BKXN4,16,220,204,v014
BKXN4,595,753,158,v023
BKXN4,153,636,483,v003
BKXN4,9,292,283,v018
BKXN4,144,568,424,v023
BKXN4,571,753,182,v008
BKXN4,616,753,137,v025
BKXN4,537,693,156,v022
BKXN4,4,645,641,v018
BKXN4,307,633,326,v016
BKXN4,700,753,53,v012
BKXN4,621,753,132,v008
D3KN2,48,216,168,v023
D3KN2,0,72,72,v017
D3KN2,0,96,96,v020
D3KN2,312,528,216,v003
D3KN2,124,240,116,v012
D3KN2,127,547,420,v031
D3KN2,168,307,139,v029
D3KN2,52,547,495,v008
D3KN2,45,168,123,v023
WJQPA,417,744,327,v016
WJQPA,230,412,182,v012
WJQPA,614,790,176,v001
WJQPA,408,698,290,v016
WJQPA,412,790,378,v026
N9TRF,314,444,130,v016
N9TRF,86,355,269,v028
N9TRF,307,439,132,v016
N9TRF,494,621,127,v022
N9TRF,300,444,144,v008
N9TRF,182,345,163,v016
N9TRF,62,592,530,v018
N9TRF,336,571,235,v006
N9TRF,72,604,532,v018
N9TRF,36,172,136,v018
Z9WWJ,105,579,474,v031
Z9WWJ,0,165,165,v008
Z9WWJ,0,180,180,v017
Z9WWJ,79,177,98,v025
Z9WWJ,79,177,98,v016
JY0I5,108,240,132,v016
JY0I5,67,216,149,v023
JY0I5,244,339,95,v026
JY0I5,139,309,170,v030
JY0I5,252,339,87,v026
JY0I5,127,326,199,v008
JY0I5,0,100,100,v031
S6N22,343,592,249,v008
S6N22,206,340,134,v030
S6N22,148,300,152,v023
S6N22,16,352,336,v026
S6N22,105,259,154,v016
S6N22,391,592,201,v016
ITJIY,0,309,309,v018
ITJIY,319,446,127,v012
ITJIY,0,316,316,v018
ITJIY,0,290,290,v005
ITJIY,213,343,130,v022
ITJIY,0,79,79,v016
ITJIY,0,64,64,v023
OX3BI,182,300,118,v016
OX3BI,196,304,108,v016
OX3BI,72,292,220,v008
OX3BI,112,235,123,v027
7D99X,0,702,702,v005
7D99X,0,702,702,v008
7D99X,0,702,702,v005
7D99X,0,702,702,v008
7D99X,432,702,270,v016
7D99X,0,360,360,v008
7D99X,187,405,218,v016
7D99X,552,702,150,v023
SM1QV,0,746,746,v031
SM1QV,0,746,746,v030
SM1QV,216,336,120,v020
SM1QV,288,393,105,v020
0SBT3,36,151,115,v008
0SBT3,43,151,108,v012
0SBT3,0,151,151,v018
0SBT3,0,151,151,v008
0SBT3,0,151,151,v005
0SBT3,0,122,122,v005
0SBT3,19,127,108,v016
0SBT3,55,151,96,v031
0SBT3,0,86,86,v023
0SBT3,38,144,106,v023
DML20,0,153,153,v028
DML20,134,350,216,v018
DML20,168,664,496,v018
D260T,52,172,120,v025
D260T,14,300,286,v026
D260T,218,376,158,v020
D260T,98,218,120,v016
D260T,0,738,738,v008
D260T,19,300,281,v026
B6487,343,559,216,v015
B6487,60,177,117,v001
B6487,0,103,103,v012
B6487,208,333,125,v016
B6487,0,839,839,v023
B6487,0,839,839,v016
PNA9N,0,638,638,v008
PNA9N,0,664,664,v031
DVPL2,319,499,180,v004
DVPL2,0,79,79,v008
DVPL2,429,564,135,v020
DVPL2,96,252,156,v012
DVPL2,213,333,120,v001
DVPL2,9,144,135,v029
ZY2B1,372,535,163,v016
ZY2B1,398,597,199,v001
ZY2B1,398,592,194,v025
ZY2B1,26,506,480,v026
ZY2B1,129,249,120,v023
ZY2B1,0,223,223,v008
ZY2B1,417,561,144,v007
ZY2B1,360,482,122,v016
ZY2B1,376,494,118,v025
CICFF,177,1105,928,v008
CICFF,168,1105,937,v014
CICFF,134,379,245,v023
CICFF,0,153,153,v029
CICFF,583,1105,522,v013
6C4DV,4,175,171,v016
6C4DV,4,175,171,v016
6C4DV,0,110,110,v017
6C4DV,117,451,334,v008
6C4DV,28,170,142,v023
6C4DV,199,374,175,v013
6C4DV,0,93,93,v029
6C4DV,12,168,156,v026
6C4DV,120,492,372,v014
6C4DV,12,196,184,v023
M8CDW,0,788,788,v024
M8CDW,0,788,788,v018
PNCWY,180,487,307,v008
PNCWY,0,271,271,v003
PNCWY,204,326,122,v022
PNCWY,247,487,240,v023
PNCWY,0,103,103,v023
NP0OB,31,336,305,v031
NP0OB,62,432,370,v008
NP0OB,62,309,247,v019
NP0OB,283,446,163,v020
9OIS0,139,307,168,v007
9OIS0,0,633,633,v008
9OIS0,132,633,501,v016
9OIS0,110,633,523,v016
9OIS0,199,348,149,v029
F4TXY,117,266,149,v008
F4TXY,168,703,535,v005
F4TXY,93,783,690,v008
F4TXY,681,783,102,v016
F4TXY,640,783,143,v016
F4TXY,76,321,245,v023
IGT82,60,309,249,v016
IGT82,0,165,165,v029
IGT82,520,715,195,v017
IGT82,2,187,185,v012
IGT82,31,216,185,v023
IGT82,33,158,125,v012
IGT82,120,715,595,v008
7DZY6,580,717,137,v008
7DZY6,504,747,243,v023
7DZY6,146,398,252,v008
7DZY6,100,256,156,v023
7DZY6,0,194,194,v010
7DZY6,307,448,141,v029
7DZY6,100,405,305,v018
55MRE,0,98,98,v005
55MRE,0,76,76,v025
55MRE,0,88,88,v025
55MRE,0,506,506,v008
55MRE,88,223,135,v008
55MRE,163,336,173,v008
55MRE,88,237,149,v023
55MRE,153,364,211,v023
UKLGU,0,875,875,v008
UKLGU,806,875,69,v019
UKLGU,0,590,590,v021
3C9R2,0,732,732,v018
3C9R2,0,732,732,v031
3C9R2,420,561,141,v019
3C9R2,0,732,732,v018
3C9R2,388,561,173,v009
KGU21,0,765,765,v031
KGU21,0,765,765,v005
KGU21,0,765,765,v008
KGU21,0,765,765,v008
KGU21,292,556,264,v009
KGU21,86,657,571,v005
KGU21,105,259,154,v016
KGU21,652,765,113,v016
KGU21,2,240,238,v008
KGU21,645,765,120,v016
KGU21,0,765,765,v008
9YI82,544,660,116,v016
9YI82,7,523,516,v019
9YI82,295,518,223,v031
9YI82,0,729,729,v019
9YI82,453,626,173,v009
9YI82,453,592,139,v001
9YI82,535,674,139,v016
9YI82,0,648,648,v008
DJG7A,333,739,406,v008
DJG7A,372,708,336,v026
DJG7A,45,285,240,v016
DJG7A,244,727,483,v026
LITXP,0,150,150,v020
LITXP,0,150,150,v008
LITXP,9,144,135,v029
EI1W1,0,147,147,v007
EI1W1,0,147,147,v003
GIC6A,0,184,184,v008
GIC6A,158,406,248,v008
GIC6A,172,314,142,v023
GIC6A,0,64,64,v029
GIC6A,0,268,268,v005
EDBSA,151,714,563,v018
EDBSA,156,714,558,v008
EDBSA,170,714,544,v021
EDBSA,136,324,188,v023
EDBSA,144,333,189,v018
LUZNA,640,752,112,v016
LUZNA,496,752,256,v008
LUZNA,487,703,216,v013
TNG97,302,552,250,v029
TNG97,528,721,193,v004
TNG97,0,721,721,v008
3GY40,177,376,199,v025
3GY40,276,513,237,v018
3GY40,403,592,189,v023
3GY40,228,738,510,v018
3GY40,494,738,244,v009
3GY40,144,264,120,v020
3GY40,360,504,144,v018
3GY40,144,280,136,v029
3GY40,110,307,197,v008
3GY40,26,194,168,v008
JXNEN,290,619,329,v008
JXNEN,266,580,314,v005
JXNEN,244,480,236,v018
JXNEN,0,619,619,v032
JXNEN,249,424,175,v005
JXNEN,372,619,247,v009
JXNEN,372,619,247,v018
JXNEN,288,619,331,v008
JXNEN,0,619,619,v018
JXNEN,513,619,106,v019
JXNEN,240,362,122,v029
3OQ8M,60,266,206,v025
3OQ8M,429,605,176,v019
3OQ8M,417,595,178,v022
3OQ8M,213,568,355,v010
3OQ8M,168,300,132,v018
3OQ8M,314,427,113,v012
3OQ8M,175,314,139,v022
3OQ8M,228,374,146,v010
3OQ8M,0,254,254,v008
3OQ8M,410,530,120,v001
3OQ8M,67,264,197,v025
3OQ8M,312,436,124,v007
WEIS2,60,496,436,v014
WEIS2,528,737,209,v019
WEIS2,338,489,151,v022
WEIS2,542,737,195,v031
WEIS2,376,501,125,v019
WEIS2,0,446,446,v018
WEIS2,0,482,482,v008
WEIS2,360,624,264,v006
EY6P4,0,76,76,v008
EY6P4,0,69,69,v007
EY6P4,0,69,69,v012
EY6P4,12,168,156,v012
EY6P4,115,264,149,v031
EY6P4,187,338,151,v031
3EDV7,62,249,187,v030
3EDV7,127,321,194,v021
3EDV7,7,391,384,v016
3EDV7,184,727,543,v008
TVBN3,129,537,408,v004
TVBN3,693,757,64,v024
TVBN3,45,192,147,v029
TVBN3,50,757,707,v008
TVBN3,489,757,268,v014
TVBN3,470,609,139,v023
TVBN3,496,757,261,v008
TVBN3,72,757,685,v008
W98IU,564,727,163,v018
W98IU,0,321,321,v031
W98IU,0,364,364,v019
W98IU,540,688,148,v018
W98IU,388,513,125,v026
S4EEQ,105,280,175,v028
S4EEQ,168,434,266,v012
S4EEQ,302,559,257,v023
S4EEQ,105,343,238,v012
S4EEQ,14,196,182,v001
S4EEQ,288,434,146,v001
S4EEQ,573,780,207,v012
S4EEQ,633,788,155,v029
S4EEQ,487,788,301,v016
FQDS1,184,453,269,v008
FQDS1,0,220,220,v008
FQDS1,117,240,123,v016
FQDS1,0,206,206,v031
FQDS1,187,470,283,v026
FQDS1,532,669,137,v029
P81OP,144,528,384,v010
P81OP,216,696,480,v008
P81OP,456,624,168,v000
P81OP,552,672,120,v022
P81OP,400,674,274,v000
P81OP,225,549,324,v031
P81OP,708,865,157,v019
EBJN1,0,832,832,v008
EBJN1,52,832,780,v004
EBJN1,0,832,832,v008
EBJN1,496,832,336,v031
EBJN1,0,832,832,v008
LE5F4,103,556,453,v008
LE5F4,297,448,151,v006
LE5F4,0,175,175,v022
LE5F4,64,542,478,v014
LE5F4,0,148,148,v023
IJ01G,122,778,656,v018
IJ01G,21,134,113,v001
IJ01G,38,778,740,v031
IJ01G,0,129,129,v029
IJ01G,0,129,129,v007
IJ01G,72,778,706,v031
IJ01G,151,778,627,v010
IJ01G,0,129,129,v012
7U9EW,472,588,116,v023
7U9EW,367,681,314,v005
7U9EW,127,256,129,v008
7U9EW,468,758,290,v008
7U9EW,290,439,149,v029
NJCDX,0,336,336,v007
NJCDX,0,735,735,v004
NJCDX,537,735,198,v001
NJCDX,98,316,218,v012
NJCDX,312,600,288,v023
NJCDX,309,609,300,v023
NJCDX,0,735,735,v008
NJCDX,0,735,735,v008
0VMUZ,252,400,148,v008
0VMUZ,254,643,389,v031
0VMUZ,0,304,304,v030
0VMUZ,0,302,302,v026
0VMUZ,232,643,411,v023
0VMUZ,0,328,328,v016
FVJ9V,288,729,441,v001
5DRVF,225,448,223,v020
5DRVF,0,340,340,v015
5DRVF,398,660,262,v018
5DRVF,292,516,224,v009
5DRVF,0,393,393,v031
5DRVF,405,660,255,v018
5DRVF,542,674,132,v022
5DRVF,631,751,120,v029
5DRVF,0,345,345,v008
5DRVF,319,506,187,v019
5DRVF,0,513,513,v022
RXED2,0,751,751,v032
RXED2,264,398,134,v020
RXED2,0,751,751,v008
RXED2,0,751,751,v018
RXED2,0,751,751,v031
RXED2,0,751,751,v008
8FP8X,417,698,281,v008
8FP8X,91,314,223,v008
8FP8X,259,460,201,v016
8FP8X,271,463,192,v025
8FP8X,271,470,199,v016
8FP8X,422,588,166,v023
8FP8X,0,408,408,v008
8FP8X,0,374,374,v030
8FP8X,276,408,132,v016
8FP8X,0,372,372,v030
RGE8C,228,564,336,v016
RGE8C,393,693,300,v003
RGE8C,273,410,137,v008
RGE8C,288,412,124,v008
RGE8C,105,235,130,v008
RGE8C,0,213,213,v028
RGE8C,266,410,144,v023
RGE8C,220,520,300,v030
RGE8C,0,718,718,v023
RGE8C,0,718,718,v019
G2UYF,0,399,399,v008
G2UYF,0,98,98,v012
G2UYF,0,399,399,v008
G2UYF,0,399,399,v018
61XR6,530,808,278,v022
61XR6,556,777,221,v006
61XR6,556,775,219,v027
61XR6,117,475,358,v016
61XR6,110,463,353,v023
61XR6,288,427,139,v001
61XR6,81,213,132,v016
61XR6,0,112,112,v012
61XR6,28,172,144,v023
61XR6,532,808,276,v022
61XR6,72,372,300,v008
Q07NE,129,268,139,v008
Q07NE,33,163,130,v018
Q07NE,0,132,132,v014
Q07NE,372,544,172,v012
Q07NE,372,544,172,v012
Q07NE,170,338,168,v008
Q07NE,108,249,141,v023
Q07NE,528,710,182,v029
Q07NE,91,235,144,v023
Q07NE,0,139,139,v018
Q07NE,0,136,136,v018
Q07NE,28,165,137,v022
Q07NE,372,508,136,v007
1ELWC,38,225,187,v001
1ELWC,26,228,202,v001
1ELWC,60,628,568,v008
1ELWC,0,112,112,v012
1ELWC,535,656,121,v017
0D5JP,494,728,234,v031
0D5JP,72,427,355,v004
0D5JP,333,728,395,v008
0D5JP,0,189,189,v017
CA5OI,24,175,151,v012
CA5OI,196,728,532,v026
CA5OI,72,728,656,v008
CA5OI,398,728,330,v030
CA5OI,242,728,486,v031
CA5OI,213,336,123,v008
CA5OI,21,194,173,v029
K7X5G,585,772,187,v001
K7X5G,688,783,95,v022
K7X5G,7,139,132,v018
K7X5G,43,783,740,v018
K7X5G,98,696,598,v014
CHBAS,396,602,206,v001
CHBAS,153,316,163,v025
CHBAS,0,177,177,v028
CHBAS,0,117,117,v022
DXVRB,0,607,607,v008
DXVRB,0,607,607,v008
DXVRB,0,607,607,v008
DXVRB,0,607,607,v021
T6BS9,91,237,146,v012
T6BS9,112,268,156,v025
T6BS9,91,249,158,v001
T6BS9,0,235,235,v008
T6BS9,175,300,125,v001
T6BS9,108,261,153,v012
T6BS9,0,96,96,v029
91YZH,0,765,765,v008
91YZH,98,780,682,v016
91YZH,151,789,638,v016
91YZH,676,797,121,v022
91YZH,134,254,120,v023
91YZH,199,314,115,v023
91YZH,252,381,129,v023
91YZH,62,266,204,v019
91YZH,0,741,741,v008
91YZH,67,204,137,v012
MMFXQ,0,369,369,v008
MMFXQ,26,153,127,v020
MMFXQ,103,225,122,v016
MMFXQ,0,362,362,v016
MMFXQ,0,362,362,v026
XRLG6,0,743,743,v010
WF7TY,86,288,202,v028
WF7TY,261,468,207,v008
WF7TY,86,189,103,v022
WF7TY,259,473,214,v008
WF7TY,208,473,265,v023
PW6CO,0,518,518,v010
PW6CO,429,681,252,v000
PW6CO,489,681,192,v019
GWUM6,26,237,211,v012
GWUM6,96,254,158,v016
GWUM6,218,769,551,v018
GWUM6,199,336,137,v018
GWUM6,676,769,93,v022
GWUM6,48,254,206,v007
GWUM6,0,242,242,v008
GWUM6,52,235,183,v012
YYGJV,69,309,240,v026
YYGJV,67,280,213,v023
YYGJV,0,309,309,v008
YYGJV,0,309,309,v029
YYGJV,122,292,170,v008
YYGJV,0,160,160,v008
IJT65,132,422,290,v008
IJT65,120,266,146,v008
IJT65,122,451,329,v016
IJT65,216,398,182,v020
DECCY,405,781,376,v018
DECCY,158,781,623,v008
DECCY,88,264,176,v012
DECCY,76,259,183,v023
DECCY,451,781,330,v031
DECCY,374,556,182,v018
DECCY,463,781,318,v032
DECCY,93,588,495,v023
I16D7,100,228,128,v016
I16D7,100,230,130,v016
I16D7,134,233,99,v017
I16D7,0,233,233,v031
I16D7,100,223,123,v016
V70F7,0,525,525,v008
V70F7,372,544,172,v007
V70F7,91,290,199,v006
V70F7,429,614,185,v001
V70F7,314,453,139,v012
V70F7,338,764,426,v001
ZSL58,0,744,744,v001
ZSL58,0,434,434,v019
ZSL58,0,316,316,v009
ZSL58,0,434,434,v031
ZSL58,405,729,324,v001
AMLI4,444,633,189,v015
AMLI4,614,735,121,v004
AMLI4,540,698,158,v016
AMLI4,602,735,133,v008
AMLI4,621,735,114,v023
AMLI4,0,434,434,v031
AMLI4,525,691,166,v020
CRNL5,446,721,275,v016
CRNL5,489,721,232,v016
CRNL5,484,721,237,v028
P981O,0,525,525,v031
P981O,511,746,235,v001
P981O,40,614,574,v006
KKX90,328,725,397,v008
KKX90,0,424,424,v008
KKX90,0,424,424,v026
KKX90,398,607,209,v031
KKX90,120,422,302,v026
0OSJY,0,326,326,v008
0OSJY,206,352,146,v016
0OSJY,244,662,418,v007
0OSJY,0,324,324,v018
0OSJY,211,376,165,v017
0OSJY,216,350,134,v022
LVTRJ,727,907,180,v005
LVTRJ,811,1017,206,v004
LVTRJ,0,225,225,v016
LVTRJ,693,871,178,v005
LVTRJ,422,554,132,v016
LVTRJ,100,554,454,v030
LVTRJ,722,1021,299,v008
LVTRJ,571,763,192,v023
LVTRJ,600,1021,421,v008
LVTRJ,580,712,132,v023
IM2WK,38,240,202,v008
IM2WK,112,268,156,v016
IM2WK,247,728,481,v010
IM2WK,108,266,158,v016
IM2WK,105,273,168,v025
013SD,0,136,136,v008
013SD,0,103,103,v016
013SD,139,226,87,v027
013SD,93,208,115,v029
YRX5H,0,686,686,v008
YRX5H,650,890,240,v023
YRX5H,36,158,122,v012
YRX5H,655,840,185,v008
YRX5H,285,477,192,v005
YRX5H,355,520,165,v001
YRX5H,0,103,103,v008
YRX5H,876,925,49,v016
YRX5H,876,925,49,v029
YRX5H,876,925,49,v012
YRX5H,876,925,49,v016
GPSIM,26,326,300,v018
GPSIM,139,525,386,v008
GPSIM,225,640,415,v008
GPSIM,386,763,377,v018
GPSIM,0,345,345,v023
GPSIM,33,345,312,v023
GPSIM,439,708,269,v031
GPSIM,441,715,274,v005
GPSIM,55,184,129,v016
GPSIM,132,252,120,v001
GPSIM,429,715,286,v018
GPSIM,96,225,129,v012
MWC7V,0,576,576,v018
MWC7V,0,112,112,v014
MWC7V,28,187,159,v008
QFDVO,0,683,683,v008
QFDVO,0,683,683,v008
QFDVO,0,683,683,v009
QFDVO,0,683,683,v019
QFDVO,0,683,683,v008
WNW0S,0,283,283,v008
WNW0S,0,280,280,v017
WNW0S,259,405,146,v018
WNW0S,316,760,444,v010
WNW0S,0,760,760,v019
WNW0S,278,393,115,v018
WNW0S,24,760,736,v009
WNW0S,712,760,48,v010
WNW0S,712,760,48,v019
WNW0S,712,760,48,v009
DINJ4,0,719,719,v008
DINJ4,432,719,287,v008
DINJ4,410,552,142,v023
BJXRT,770,842,72,v018
BJXRT,36,842,806,v008
BJXRT,717,842,125,v018
BJXRT,98,225,127,v029
BJXRT,141,271,130,v029
BJXRT,398,583,185,v023
BJXRT,184,309,125,v027
BJXRT,0,170,170,v023
BJXRT,28,388,360,v021
BJXRT,0,216,216,v023
Q2Z3E,0,645,645,v008
Q2Z3E,0,218,218,v026
Q2Z3E,88,652,564,v031
XR54W,0,773,773,v008
XR54W,0,194,194,v023
XR54W,192,439,247,v009
XR54W,211,657,446,v019
DQ0EE,288,408,120,v000
DQ0EE,48,360,312,v021
DQ0EE,0,360,360,v010
DQ0EE,0,144,144,v013
DQ0EE,0,600,600,v008
DQ0EE,297,600,303,v000
DQ0EE,357,600,243,v022
DQ0EE,0,600,600,v014
DQ0EE,0,405,405,v010
E16EO,55,688,633,v026
E16EO,50,662,612,v008
CJHFD,0,141,141,v008
CJHFD,446,698,252,v020
CJHFD,0,779,779,v008
CJHFD,256,779,523,v008
CJHFD,684,779,95,v016
GYB9U,50,749,699,v031
GYB9U,0,749,749,v010
GYB9U,0,749,749,v008
GYB9U,0,134,134,v014
GYB9U,187,604,417,v014
GYB9U,0,156,156,v008
R5L98,381,643,262,v001
R5L98,554,696,142,v012
R5L98,583,720,137,v029
R5L98,38,192,154,v007
R5L98,88,304,216,v026
PE4BQ,165,739,574,v031
PE4BQ,0,151,151,v016
PE4BQ,0,151,151,v016
PE4BQ,0,151,151,v016
0JQ26,0,456,456,v008
0JQ26,60,456,396,v015
0JQ26,0,456,456,v018
U4W3C,57,456,399,v026
U4W3C,0,110,110,v001
U4W3C,415,683,268,v031
U4W3C,273,408,135,v012
U4W3C,408,683,275,v008
U4W3C,0,120,120,v018
U4W3C,16,345,329,v016
U4W3C,398,683,285,v018
U4W3C,0,683,683,v023
U4W3C,24,422,398,v026
U4W3C,429,683,254,v012
U4W3C,0,110,110,v016
U4W3C,33,432,399,v026
Q4TKG,31,244,213,v008
Q4TKG,151,264,113,v016
Q4TKG,0,117,117,v023
Q4TKG,148,256,108,v025
Q4TKG,0,784,784,v018
Q4TKG,182,784,602,v008
ABFGZ,0,457,457,v008
ABFGZ,60,410,350,v009
ABFGZ,0,457,457,v008
ABFGZ,52,398,346,v019
3X6SI,9,292,283,v026
3X6SI,232,384,152,v018
3X6SI,256,369,113,v018
3X6SI,9,304,295,v026
3X6SI,55,302,247,v031
WWHLD,0,658,658,v008
WWHLD,0,658,658,v008
WWHLD,0,658,658,v026
WWHLD,0,658,658,v026
1ECM2,0,187,187,v008
1ECM2,189,331,142,v016
1ECM2,26,165,139,v029
1ECM2,81,211,130,v016
1ECM2,2,285,283,v005
1ECM2,0,326,326,v008
SSUZA,211,477,266,v012
SSUZA,208,496,288,v031
RBCU4,708,890,182,v008
RBCU4,640,890,250,v023
RBCU4,494,652,158,v008
RBCU4,427,585,158,v023
RBCU4,544,667,123,v022
RBCU4,597,866,269,v019
RBCU4,0,552,552,v009
3LM6H,278,547,269,v008
3LM6H,463,672,209,v008
3LM6H,86,324,238,v028
3LM6H,264,487,223,v028
3LM6H,228,429,201,v019
3LM6H,0,487,487,v025
3LM6H,501,708,207,v023
B6ZIW,355,805,450,v008
B6ZIW,343,492,149,v023
B6ZIW,396,556,160,v031
B6ZIW,0,326,326,v023
B6ZIW,0,350,350,v025
B6ZIW,0,362,362,v025
B6ZIW,40,213,173,v008
B6ZIW,81,213,132,v025
7L2RT,76,195,119,v025
7L2RT,0,195,195,v018
7L2RT,74,192,118,v025
YXI7M,72,991,919,v008
YXI7M,28,160,132,v029
U3ANG,9,273,264,v012
U3ANG,616,854,238,v016
U3ANG,607,864,257,v016
U3ANG,187,693,506,v026
U3ANG,0,787,787,v008
U3ANG,607,844,237,v016
493WS,0,268,268,v002
493WS,180,321,141,v012
493WS,372,462,90,v001
493WS,213,462,249,v023
TQXMV,55,163,108,v012
TQXMV,93,268,175,v016
TQXMV,67,189,122,v023
TQXMV,40,369,329,v008
TQXMV,40,369,329,v023
TQXMV,76,199,123,v008
TQXMV,76,194,118,v019
TQXMV,230,352,122,v019
6F5W0,0,456,456,v028
6F5W0,518,645,127,v016
6F5W0,0,72,72,v008
6F5W0,151,434,283,v008
6F5W0,0,247,247,v004
6F5W0,0,699,699,v018
5P6HZ,0,753,753,v008
5P6HZ,0,753,753,v018
5P6HZ,84,753,669,v027
5P6HZ,0,753,753,v014
AOBWQ,16,747,731,v008
AOBWQ,544,727,183,v025
AOBWQ,12,475,463,v023
AOBWQ,24,747,723,v026
GMTL9,458,717,259,v004
GMTL9,117,741,624,v008
GMTL9,103,741,638,v018
GMTL9,240,547,307,v008
GMTL9,340,496,156,v005
GMTL9,393,518,125,v016
GMTL9,259,506,247,v008
GMTL9,273,741,468,v031
GMTL9,103,741,638,v018
GMTL9,240,410,170,v023
GMTL9,393,525,132,v016
GMTL9,340,547,207,v005
GMTL9,271,537,266,v008
J6P6H,228,417,189,v005
J6P6H,412,519,107,v027
J6P6H,228,417,189,v005
J6P6H,343,508,165,v022
J6P6H,290,441,151,v023
J6P6H,283,494,211,v008
J6P6H,0,519,519,v018
LC8T4,372,508,136,v001
LC8T4,237,364,127,v012
LC8T4,0,302,302,v002
VKDLS,0,427,427,v018
VKDLS,0,448,448,v008
VKDLS,302,451,149,v022
VKDLS,0,400,400,v019
VKDLS,0,391,391,v031
CCY5I,0,665,665,v026
CCY5I,0,665,665,v007
CCY5I,0,665,665,v008
TXMF9,0,376,376,v003
37GL4,350,617,267,v031
37GL4,276,617,341,v018
37GL4,309,617,308,v005
37GL4,352,617,265,v006
BB8Q0,0,96,96,v012
BB8Q0,45,180,135,v012
BB8Q0,309,619,310,v005
BB8Q0,0,689,689,v018
BB8Q0,0,689,689,v018
BB8Q0,0,120,120,v016
BB8Q0,319,689,370,v031
BB8Q0,24,139,115,v012
BB8Q0,0,127,127,v008
BB8Q0,0,86,86,v023
BB8Q0,0,93,93,v023
BB8Q0,0,100,100,v023
BB8Q0,0,319,319,v008
5U92L,96,288,192,v028
5U92L,240,480,240,v008
5U92L,172,304,132,v025
5U92L,369,518,149,v016
ZX1R7,302,482,180,v008
ZX1R7,225,482,257,v008
ZX1R7,0,621,621,v008
ZX1R7,225,482,257,v023
ZX1R7,0,621,621,v018
ZX1R7,302,480,178,v023
M6LFI,168,288,120,v016
M6LFI,132,264,132,v023
M6LFI,96,228,132,v012
M6LFI,24,192,168,v028
M6LFI,168,321,153,v016
M6LFI,199,302,103,v023
M6LFI,88,204,116,v016
SP89Y,50,451,401,v031
SP89Y,19,146,127,v029
LKHKF,0,742,742,v031
LKHKF,400,693,293,v019
LKHKF,393,700,307,v009
LKHKF,0,742,742,v008
LKHKF,0,742,742,v018
ZG1EM,561,749,188,v004
ZG1EM,0,360,360,v003
ZG1EM,484,657,173,v018
ZG1EM,0,86,86,v023
ZG1EM,434,580,146,v025
ZG1EM,499,640,141,v018
ZG1EM,592,749,157,v008
ZG1EM,321,530,209,v028
ZG1EM,441,595,154,v003
ZG1EM,432,561,129,v016
ELBLK,0,722,722,v008
ELBLK,0,463,463,v014
ELBLK,496,722,226,v005
ELBLK,422,722,300,v008
ELBLK,189,648,459,v019
ELBLK,482,722,240,v005
ELBLK,388,506,118,v023
ELBLK,379,722,343,v008
ELBLK,175,417,242,v009
ELBLK,381,722,341,v023
NDK49,295,762,467,v031
NDK49,124,535,411,v017
2FH2V,0,328,328,v016
2FH2V,93,220,127,v020
2FH2V,153,329,176,v016
2FH2V,0,74,74,v007
2FH2V,0,88,88,v029
C8BKE,321,432,111,v012
C8BKE,292,408,116,v018
C8BKE,74,237,163,v029
C8BKE,264,396,132,v016
C8BKE,86,307,221,v008
C8BKE,235,379,144,v016
C8BKE,158,295,137,v028
C8BKE,292,424,132,v018
C8BKE,256,789,533,v008
C8BKE,494,696,202,v004
1TGKL,235,446,211,v021
1TGKL,0,326,326,v031
1TGKL,350,636,286,v004
1TGKL,0,283,283,v018
0RPJX,0,803,803,v031
0RPJX,0,803,803,v018
0RPJX,256,803,547,v003
0RPJX,256,441,185,v016
U1BQ0,326,686,360,v016
U1BQ0,0,283,283,v008
U1BQ0,115,357,242,v023
U1BQ0,506,714,208,v018
U1BQ0,259,441,182,v008
U1BQ0,259,391,132,v023
U1BQ0,0,343,343,v016
U1BQ0,480,714,234,v026
U1BQ0,266,482,216,v023
U1BQ0,261,451,190,v008
U1BQ0,340,472,132,v016
U1BQ0,0,93,93,v025
U1BQ0,405,523,118,v018
U1BQ0,295,650,355,v025
U1BQ0,295,465,170,v026
U1BQ0,283,463,180,v025
U1BQ0,280,463,183,v025
JIWY2,168,451,283,v004
JIWY2,396,672,276,v031
JIWY2,0,292,292,v005
JIWY2,0,672,672,v018
JIWY2,0,290,290,v008
IVP8Q,434,736,302,v016
IVP8Q,391,717,326,v016
IVP8Q,0,736,736,v010
IVP8Q,0,736,736,v031
IVP8Q,0,736,736,v018
IVP8Q,242,736,494,v008
3L3LC,55,199,144,v001
3L3LC,0,163,163,v012
3L3LC,88,372,284,v019
3L3LC,103,453,350,v028
3L3LC,12,124,112,v029
3L3LC,0,117,117,v007
3L3LC,403,544,141,v016
3L3LC,283,544,261,v016
IYU90,36,276,240,v008
IYU90,153,292,139,v016
IYU90,2,177,175,v017
IYU90,105,254,149,v001
IYU90,96,220,124,v012
IYU90,84,228,144,v029
IYU90,127,276,149,v025
IYU90,72,194,122,v007
IYU90,62,271,209,v023
IYU90,0,734,734,v018
S1J2Q,105,268,163,v023
S1J2Q,120,717,597,v008
S1J2Q,4,180,176,v017
S1J2Q,259,499,240,v012
S1J2Q,0,232,232,v026
S1J2Q,535,681,146,v001
S1J2Q,0,712,712,v026
S1J2Q,0,115,115,v008
S1J2Q,684,751,67,v023
S1J2Q,43,172,129,v029
S1J2Q,0,112,112,v023
S1J2Q,669,751,82,v016
K56PA,124,256,132,v016
K56PA,381,520,139,v018
K56PA,374,537,163,v018
K56PA,242,470,228,v003
K56PA,182,369,187,v008
K56PA,28,276,248,v008
NBE4C,36,266,230,v008
NBE4C,436,640,204,v031
NBE4C,662,756,94,v001
NBE4C,156,429,273,v014
NBE4C,444,756,312,v008
NBE4C,444,756,312,v005
NBE4C,108,256,148,v029
NBE4C,223,381,158,v007
NBE4C,348,532,184,v016
DB52Q,434,747,313,v008
DB52Q,384,518,134,v023
DB52Q,564,686,122,v022
DB52Q,583,747,164,v004
DB52Q,408,590,182,v015
DB52Q,280,388,108,v001
DB52Q,369,747,378,v008
DB52Q,0,120,120,v012
DB52Q,369,672,303,v023
DB52Q,571,734,163,v016
OWS57,506,738,232,v031
OWS57,268,506,238,v012
OWS57,506,664,158,v020
OWS57,52,206,154,v022
DERF4,24,540,516,v003
DERF4,14,412,398,v008
DERF4,14,412,398,v023
DERF4,645,792,147,v014
DERF4,348,626,278,v016
NHUCA,0,636,636,v008
NHUCA,14,177,163,v015
NHUCA,0,636,636,v008
1S6FD,0,657,657,v008
1S6FD,0,657,657,v008
1S6FD,304,511,207,v018
1S6FD,415,657,242,v018
7HLTQ,206,408,202,v004
7HLTQ,69,268,199,v015
7HLTQ,420,835,415,v030
7HLTQ,297,460,163,v016
7HLTQ,52,470,418,v008
7HLTQ,36,168,132,v023
Y7MSY,0,492,492,v008
Y7MSY,0,415,415,v021
Y7MSY,379,496,117,v025
Y7MSY,386,545,159,v025
Y7MSY,211,336,125,v019
Y7MSY,360,484,124,v016
0DY8C,0,216,216,v031
0DY8C,144,504,360,v014
0DY8C,432,690,258,v031
0DY8C,0,690,690,v018
DWBS3,0,698,698,v031
DWBS3,554,674,120,v023
DWBS3,0,738,738,v018
DWBS3,0,91,91,v005
DWBS3,232,738,506,v016
DWBS3,0,674,674,v008
DWBS3,0,738,738,v012
DWBS3,0,738,738,v032
DWBS3,0,738,738,v018
UIERL,343,470,127,v008
UIERL,374,597,223,v005
UIERL,170,405,235,v031
UIERL,324,460,136,v023
UIERL,21,244,223,v017
UIERL,369,607,238,v008
UIERL,153,412,259,v014
8ZO48,396,561,165,v018
8ZO48,112,271,159,v025
8ZO48,232,417,185,v022
8ZO48,0,400,400,v010
8ZO48,276,630,354,v008
8ZO48,124,319,195,v000
8ZO48,374,494,120,v018
8ZO48,247,391,144,v023
8ZO48,103,218,115,v000
OJIEC,136,292,156,v023
OJIEC,9,225,216,v002
ENQUT,825,965,140,v016
ENQUT,643,921,278,v028
ENQUT,883,965,82,v025
ENQUT,120,268,148,v030
ENQUT,816,940,124,v029
WEIJ6,172,360,188,v025
WEIJ6,381,528,147,v001
WEIJ6,211,348,137,v025
WEIJ6,144,316,172,v008
WEIJ6,103,242,139,v023
WEIJ6,338,468,130,v007
WEIJ6,489,631,142,v012
WEIJ6,340,470,130,v029
KQT19,295,747,452,v008
KQT19,184,362,178,v008
KQT19,132,747,615,v008
KQT19,0,747,747,v026
KQT19,124,747,623,v024
KQT19,0,747,747,v018
H8F1C,0,112,112,v019
H8F1C,117,264,147,v016
H8F1C,36,187,151,v019
H8F1C,175,432,257,v028
H8F1C,0,223,223,v008
H8F1C,16,146,130,v031
H8F1C,307,660,353,v016
KZODG,367,549,182,v001
KZODG,403,753,350,v014
KZODG,0,753,753,v018
KZODG,0,532,532,v031
KZODG,384,753,369,v008
Q1JBR,384,764,380,v020
Q1JBR,0,463,463,v008
3DO95,0,381,381,v010
3DO95,326,770,444,v018
3DO95,326,552,226,v016
3DO95,648,770,122,v008
3DO95,475,674,199,v023
3DO95,672,770,98,v031
3DO95,506,770,264,v023
3DO95,256,770,514,v000
3ND23,33,223,190,v016
3ND23,216,733,517,v018
3ND23,148,307,159,v018
3ND23,194,333,139,v018
3ND23,33,228,195,v008
3ND23,7,261,254,v016
3ND23,340,733,393,v031
3ND23,0,194,194,v023
3ND23,278,484,206,v023
3ND23,384,733,349,v021
3ND23,237,477,240,v016
3ND23,0,252,252,v026
WCCY7,0,722,722,v008
WCCY7,204,393,189,v026
WCCY7,0,722,722,v018
WCCY7,43,271,228,v003
WCCY7,103,722,619,v021